Z, 100, 0.9986979765356863, 115.434880653, 120.474915766, 1, 2020
N, -100, 0.9829825535652074, 15.0907352747, 12.4940485197, 1, 2020
E, 100, 0.9990715051257512, 58.927080781, 61.9088961549, 1, 2020
Z, 48, 0.9986024546019072, 54.6947802297, 58.7191459295, 4, 2020
N, -100, 0.9724455005501209, 7.73824275077, 5.99052077534, 4, 2020
E, 100, 0.9986904567935948, 32.9617471238, 32.9799145258, 4, 2020
Z, -43, 0.9996428537836756, 120.435647832, 124.032572264, 7, 2020
N, -100, 0.985694732564397, 12.4813345077, 9.32429708782, 7, 2020
E, 100, 0.9958998615637399, 64.229698138, 59.4849768253, 7, 2020
Z, 42, 0.9997512967220182, 183.843685224, 190.027699805, 10, 2020
N, -100, 0.9885226272249289, 17.0134017939, 14.5498244975, 10, 2020
E, 100, 0.993694541004483, 87.0607590167, 89.3574950027, 10, 2020
Z, 100, 0.9994304879912183, 183.4708016, 191.133049206, 13, 2020
N, -100, 0.9910255510721986, 20.021447011, 17.8808899083, 13, 2020
E, 100, 0.9965352928727264, 84.3347392703, 87.158267182, 13, 2020
Z, 100, 0.9971990388741602, 100.695267969, 105.834085007, 16, 2020
N, -100, 0.9939989203682622, 16.6979789789, 14.6061613289, 16, 2020
E, 100, 0.9982196949024199, 53.1587089183, 58.272471209, 16, 2020
Z, 0, 0.9993517934565083, 95.8029396227, 98.5371457293, 19, 2020
N, -100, 0.9728389649643353, 7.26542201014, 6.44132724948, 19, 2020
E, 100, 0.9975753563840998, 45.8162426352, 44.2260822474, 19, 2020
Z, 0, 0.9998765505864552, 159.163139392, 163.371181719, 22, 2020
N, -100, 0.993895280205596, 13.5881651628, 10.8638396812, 22, 2020
E, 100, 0.9926111220744953, 75.7641049777, 76.6171324239, 22, 2020
Z, 100, 0.9996142614325935, 168.116916785, 174.586614498, 25, 2020
N, -100, 0.9898344174892703, 16.3974047136, 14.3077183187, 25, 2020
E, 100, 0.9970081776710167, 78.4480729007, 80.3883515825, 25, 2020
Z, 100, 0.9987446204627678, 125.690956973, 132.212365445, 28, 2020
N, -100, 0.992969413809096, 15.2401906281, 14.6870793402, 28, 2020
E, 100, 0.9988882307980711, 61.7734536369, 61.8247969866, 28, 2020
Z, 100, 0.9972990096772574, 59.8743108372, 64.056910038, 31, 2020
N, -100, 0.9868028256524537, 10.5396930586, 9.40078317194, 31, 2020
E, 100, 0.9972213854228794, 34.1565715852, 36.8883402942, 31, 2020
Z, 100, 0.999338875867194, 60.4959136807, 58.7155347154, 1, 2020
N, -100, 0.989007624682271, 39.6929346001, 38.553328875, 1, 2020
E, 0, 0.9999194825837044, 64.5478151561, 66.8129806502, 1, 2020
Z, -87, 0.9995226580227226, 33.9922978682, 34.0365948433, 4, 2020
N, -100, 0.9939686711596863, 24.624745769, 23.8642378296, 4, 2020
E, 18, 0.9998881032947082, 41.0428427347, 41.2684867715, 4, 2020
Z, -17, 0.9997449424993852, 69.8243826537, 70.0718255502, 7, 2020
N, -100, 0.9904827484176549, 50.0883584776, 47.6248605121, 7, 2020
E, -64, 0.9999318517116433, 73.695782059, 74.6613623805, 7, 2020
Z, 67, 0.9997754847097124, 101.887540995, 102.5570842, 10, 2020
N, -100, 0.9886806117454197, 71.3895960849, 68.5148212141, 10, 2020
E, -53, 0.9999207018237266, 107.308544702, 108.902130516, 10, 2020
Z, 98, 0.9995340326895953, 107.162224904, 107.325818179, 13, 2020
N, -100, 0.9887058332514018, 73.681568037, 71.029123338, 13, 2020
E, -98, 0.9999956834634904, 113.753253555, 116.230160664, 13, 2020
Z, 76, 0.9995333161452288, 81.4425939951, 79.1528922547, 16, 2020
N, -100, 0.9897122493527732, 53.4194197845, 52.0753886259, 16, 2020
E, 0, 0.9999782875161215, 87.7263691903, 90.6787835368, 16, 2020
Z, -72, 0.9996915063630798, 44.4679976611, 43.8517316595, 19, 2020
N, -100, 0.9916307534863572, 32.9187921404, 31.6636393954, 19, 2020
E, 81, 0.9999277441181544, 53.8869904902, 54.2751271332, 19, 2020
Z, 5, 0.9998496213628615, 77.564619147, 77.7224134491, 22, 2020
N, -100, 0.9894116964511606, 56.3518937648, 53.9020490392, 22, 2020
E, 27, 0.9998616496651548, 83.6608766836, 84.5230417906, 22, 2020
Z, 89, 0.9996473391178252, 97.4103276025, 97.9406606825, 25, 2020
N, -100, 0.9887986250078854, 69.288314771, 66.2371718204, 25, 2020
E, -47, 0.9999259200540284, 104.5238433, 105.35552121, 25, 2020
Z, 100, 0.999434558041429, 92.0876265111, 91.9798517672, 28, 2020
N, -100, 0.9886028433886744, 63.5651703131, 61.082619114, 28, 2020
E, -100, 0.9999094634600895, 97.328198024, 99.4098559541, 28, 2020
Z, 88, 0.9996413169197123, 65.9134461772, 64.6566825429, 31, 2020
N, -100, 0.9884751221728745, 43.3123287337, 42.2444785676, 31, 2020
E, -40, 0.9998823746082793, 69.6426455768, 71.7300157928, 31, 2020
