Chan, Phase Shift, Correlation, ptp-data, ptp-synthetic, DOY, Year
Z, 100, 0.999338875867194, 60.4959136807, 58.7155347154, 1, 2020
N, -100, 0.989007624682271, 39.6929346001, 38.553328875, 1, 2020
E, 0, 0.9999194825837044, 64.5478151561, 66.8129806502, 1, 2020
Z, -87, 0.9995226580227226, 33.9922978682, 34.0365948433, 4, 2020
N, -100, 0.9939686711596863, 24.624745769, 23.8642378296, 4, 2020
E, 18, 0.9998881032947082, 41.0428427347, 41.2684867715, 4, 2020
Z, -17, 0.9997449424993852, 69.8243826537, 70.0718255502, 7, 2020
N, -100, 0.9904827484176549, 50.0883584776, 47.6248605121, 7, 2020
E, -64, 0.9999318517116433, 73.695782059, 74.6613623805, 7, 2020
Z, 67, 0.9997754847097124, 101.887540995, 102.5570842, 10, 2020
N, -100, 0.9886806117454197, 71.3895960849, 68.5148212141, 10, 2020
E, -53, 0.9999207018237266, 107.308544702, 108.902130516, 10, 2020
Z, 98, 0.9995340326895953, 107.162224904, 107.325818179, 13, 2020
N, -100, 0.9887058332514018, 73.681568037, 71.029123338, 13, 2020
E, -98, 0.9999956834634904, 113.753253555, 116.230160664, 13, 2020
Z, 76, 0.9995333161452288, 81.4425939951, 79.1528922547, 16, 2020
N, -100, 0.9897122493527732, 53.4194197845, 52.0753886259, 16, 2020
E, 0, 0.9999782875161215, 87.7263691903, 90.6787835368, 16, 2020
Z, -72, 0.9996915063630798, 44.4679976611, 43.8517316595, 19, 2020
N, -100, 0.9916307534863572, 32.9187921404, 31.6636393954, 19, 2020
E, 81, 0.9999277441181544, 53.8869904902, 54.2751271332, 19, 2020
Z, 5, 0.9998496213628615, 77.564619147, 77.7224134491, 22, 2020
N, -100, 0.9894116964511606, 56.3518937648, 53.9020490392, 22, 2020
E, 27, 0.9998616496651548, 83.6608766836, 84.5230417906, 22, 2020
Z, 89, 0.9996473391178252, 97.4103276025, 97.9406606825, 25, 2020
N, -100, 0.9887986250078854, 69.288314771, 66.2371718204, 25, 2020
E, -47, 0.9999259200540284, 104.5238433, 105.35552121, 25, 2020
Z, 100, 0.999434558041429, 92.0876265111, 91.9798517672, 28, 2020
N, -100, 0.9886028433886744, 63.5651703131, 61.082619114, 28, 2020
E, -100, 0.9999094634600895, 97.328198024, 99.4098559541, 28, 2020
Z, 88, 0.9996413169197123, 65.9134461772, 64.6566825429, 31, 2020
N, -100, 0.9884751221728745, 43.3123287337, 42.2444785676, 31, 2020
E, -40, 0.9998823746082793, 69.6426455768, 71.7300157928, 31, 2020
