Chan, Phase Shift, Correlation, ptp-data, ptp-synthetic, rat, phasem, phasestd, DOY, Year
Z, 100, 0.9893638722185362, 84.454930626, 94.8687979541, 0.851245760246, 0.0440372602393, 0.15899615069, 1, 2019
N, -100, 0.7325893300979179, 25.7237442281, 10.4001683083, 2.23389163015, 0.877636098346, 0.197883737049, 1, 2019
E, 100, 0.8059399862211507, 83.053059445, 36.1577203102, 2.41644293615, -0.704207096781, 0.0832127201498, 1, 2019
Z, 100, 0.99435289851171, 144.160688177, 150.622885168, 0.939755369587, -0.0867710868454, 0.0290031780672, 4, 2019
N, -100, 0.5045864202393507, 49.9982416578, 17.2606023734, 2.87637178103, 1.210417439, 0.268330590903, 4, 2019
E, 100, 0.7489845153270128, 129.295056692, 60.0805176231, 2.14451877537, -0.739849658232, 0.0264967801062, 4, 2019
Z, 100, 0.999817057344908, 165.274632263, 164.774723155, 1.00937347938, -0.00298356956409, 0.0139184899385, 7, 2019
N, -100, 0.69669585111397, 46.5888039007, 16.9668530734, 2.75144314184, 0.733001917918, 0.0885697640174, 7, 2019
E, 100, 0.6418566124894131, 122.151615775, 65.3191828598, 1.83491540507, -0.895306502408, 0.0403436032366, 7, 2019
Z, 100, 0.9961631326894245, 136.962764019, 138.151956286, 0.993993837793, -0.0524809758533, 0.0405479759452, 10, 2019
N, -100, 0.32645521203547995, 29.8466870465, 12.1604596809, 2.63021265622, 1.13770847571, 0.100187615963, 10, 2019
E, 100, 0.6680239028652548, 91.3282093275, 52.0274063113, 1.71254016703, -0.871700022026, 0.0623225338523, 10, 2019
Z, 100, 0.9374081776010029, 75.7114134457, 82.318013558, 0.859927090013, -0.343284071924, 0.0532654017187, 13, 2019
N, 100, -0.2632393123079046, 25.6887194517, 7.21815121189, 3.90223896739, -1.22443062425, 3.34330986051, 13, 2019
E, 100, 0.8077043073846184, 70.7059036804, 31.4111250698, 2.10123487712, -0.737428400769, 0.143873273071, 13, 2019
Z, -100, 0.9808390196277943, 127.37902336, 92.3010739071, 1.33008213805, 0.293558903197, 0.137021908702, 16, 2019
N, 100, -0.2563543386839523, 13.6125976918, 7.86292333404, 1.77203446759, -1.2967695205, 3.14693168817, 16, 2019
E, 100, 0.8188739812081874, 65.4695403048, 34.8932280173, 1.98501139845, -0.575952811636, 0.000478879726166, 16, 2019
Z, 100, 0.9833653082522433, 194.049529515, 171.467661722, 1.19451264357, -0.171073431257, 0.15640558924, 19, 2019
N, -100, 0.41987941460521216, 47.0289981873, 16.8361771291, 2.68505779257, 1.2394448197, 0.209358368707, 19, 2019
E, 100, 0.7567983034405086, 143.81448507, 68.4368517951, 2.06795276735, -0.6838858204, 0.0453173804071, 19, 2019
Z, 100, 0.9928564714741913, 180.04713626, 190.658539616, 0.925235852725, -0.055669478611, 0.0581385493385, 22, 2019
N, -100, 0.531888357010829, 52.9203627955, 19.9296716051, 2.65989085594, 0.974133265329, 0.0628122232641, 22, 2019
E, 100, 0.6219942003996641, 153.363240599, 74.9493581019, 2.02101265649, -0.963364108321, 0.136136565259, 22, 2019
Z, 100, 0.9861630399437133, 122.998680364, 124.8158646, 0.998734393736, -0.102994967053, 0.0617663635601, 25, 2019
N, 100, -0.27381106094048013, 28.6987918918, 11.9601968963, 2.95725491468, -1.18809535306, 3.2599024335, 25, 2019
E, 100, 0.6676718222124212, 82.1436775275, 43.7128602363, 1.76039942677, -0.896028621101, 0.127743558469, 25, 2019
Z, 100, 0.975570291574604, 61.4914750935, 66.2205438451, 0.913356335658, -0.157481781694, 0.0630850562072, 28, 2019
N, -100, 0.5899157688511126, 22.400951085, 7.48538020045, 2.77918665203, 0.362291952274, 2.35809162891e-05, 28, 2019
E, 100, 0.8575445729059537, 63.027393061, 24.6189807045, 2.73281420949, -0.465993543107, 0.0150808266646, 28, 2019
Z, 100, 0.9845468686842566, 118.465839431, 125.682811056, 0.929355766344, -0.13703406659, 0.0506183817083, 31, 2019
N, -100, 0.5345121701335575, 38.1704400966, 13.3247075109, 2.71971334758, 1.05618420352, 0.0704089920574, 31, 2019
E, 100, 0.7969734869776341, 112.639322799, 48.9242346512, 2.36020456378, -0.693338934138, 0.0533264449699, 31, 2019
Z, 100, 0.9814391660354873, 146.664239015, 144.898606982, 1.01232829016, -0.184918696194, 0.0226565444641, 34, 2019
N, -100, 0.3650911829509639, 42.9796454527, 16.238250491, 2.71117104239, 1.28109560353, 0.133147575338, 34, 2019
E, 100, 0.7788757175946828, 125.777919733, 58.863128764, 2.1228327731, -0.684936438761, 0.0154779521997, 34, 2019
Z, 100, 0.9528414888538872, 125.896586632, 128.213920224, 0.94873578293, -0.281317053077, 0.0294616087241, 37, 2019
N, -100, 0.26971341745020283, 42.302028572, 13.2400342289, 3.30598874299, 1.24272918605, 0.0624335457368, 37, 2019
E, 100, 0.7228600294479917, 115.030645378, 49.6959501955, 2.2791280961, -0.81504128759, 0.112730020737, 37, 2019
Z, 100, 0.9910312736762253, 78.0046149304, 80.8720905679, 0.996065733435, -0.100229030377, 0.0544110567245, 40, 2019
N, -100, 0.01031642276844193, 15.2699280194, 8.77216170076, 2.1701408494, -1.46829384477, 3.27750930388, 40, 2019
E, 100, 0.6363056075924189, 46.5825547312, 28.3362604463, 1.52903135518, -0.871237678492, 0.0323827772124, 40, 2019
Z, 100, 0.9682578513861161, 46.1738474926, 56.7737622944, 0.821105055155, -0.417104988199, 0.173079366455, 43, 2019
N, -100, 0.4684070679420083, 22.1585062218, 5.94892320522, 4.74309749614, 0.504450165097, 0.0814857653935, 43, 2019
E, 100, 0.7935199508480961, 61.0225039036, 20.7680198733, 3.15095643858, 2.55396830963, 3.12422035196, 43, 2019
Z, 100, 0.9953233089245855, 120.815888935, 132.994977065, 0.88932822782, -0.0620174899228, 0.0430868536552, 46, 2019
N, -100, 0.7290607614207817, 34.9423448753, 12.2856520764, 2.82052041321, 0.720738137463, 0.0442160631704, 46, 2019
E, 100, 0.721017795166835, 115.626162964, 51.2131049207, 2.37043558133, -0.802860712766, 0.0451504889702, 46, 2019
Z, 100, 0.9860692633288775, 161.500019138, 164.997794174, 0.98219334441, -0.151141416433, 0.0304771627658, 49, 2019
N, -100, 0.5045941889874934, 45.329914589, 17.7107716419, 2.52809860047, 1.14260979144, 0.161070735011, 49, 2019
E, 100, 0.7337041818074006, 145.66941203, 66.82638784, 2.1618300498, -0.759112208528, 0.0264286168552, 49, 2019
Z, 100, 0.9492330263017935, 124.670119691, 117.377367463, 1.0854719544, -0.2562279705, 0.103256248236, 52, 2019
N, -100, 0.05923824822000837, 35.1905465762, 13.5146387139, 2.91568623813, 1.55742916283, 0.0115788975265, 52, 2019
E, 100, 0.7037623311989264, 99.2140829363, 43.4112204676, 2.16366491634, -0.812401990344, 0.134094863774, 52, 2019
Z, 100, 0.7802425423412688, 36.4064565039, 41.4440412591, 0.759433817319, -0.206396148126, 0.395054406299, 55, 2019
N, -100, 0.21568065843816311, 18.780018799, 10.701562399, 2.02304400226, -2.98107302058, 2.19005997286, 55, 2019
E, 100, 0.7670113899717791, 44.0577059711, 15.0477284973, 3.16926051535, -1.85208472215, 1.23733238977, 55, 2019
Z, 100, 0.9866464833363392, 74.2178624677, 100.416779403, 0.751643173278, -0.164435331505, 0.0209790428334, 58, 2019
N, -100, 0.8240458934718814, 34.3436754181, 10.8597684292, 2.97614218197, 0.560765716639, 0.0588401042186, 58, 2019
E, 100, 0.724571941151703, 103.865532597, 38.0211484335, 2.88744059017, -0.804290460294, 0.0699187021426, 58, 2019
Z, 100, 0.9782470172525608, 118.520729952, 118.66910112, 1.00888866614, -0.199569250816, 0.00447747635552, 61, 2019
N, -100, 0.5197102910628191, 36.944233186, 12.6079251293, 2.76535516026, 1.15489663072, 0.203256670458, 61, 2019
E, 100, 0.7787344724658536, 107.41918174, 47.2724663681, 2.24930239853, -0.640439170642, 0.0557079550598, 61, 2019
Z, 100, 0.9246022798638854, 102.324120762, 101.847790768, 0.984782266464, -0.320818925152, 0.0884563922308, 64, 2019
N, -100, 0.3632456682587705, 36.3948907317, 12.5784956609, 2.82968284753, 1.1670138753, 0.0606642228502, 64, 2019
E, 100, 0.7421445326458742, 101.457982624, 41.2779589605, 2.35507816486, -0.7882671741, 0.139049363484, 64, 2019
Z, 100, 0.8810362346339154, 77.0496707402, 58.7483556307, 1.40566579986, -0.330164633089, 0.220927641163, 67, 2019
N, 100, -0.49331549798321855, 21.3788866737, 8.19065576327, 2.62766645053, 2.0485649881, 0.144200369314, 67, 2019
E, 100, 0.8074513431830462, 46.4369908867, 21.0489707487, 2.00639735168, -0.4953652213, 0.187430755478, 67, 2019
Z, 100, 0.06953010828054668, 27.0253882639, 40.880421147, 0.516604112573, 1.54877333978, 1.33115200662, 70, 2019
N, -100, -0.017175317307841807, 21.4127901607, 8.13799822078, 3.00628782066, -3.03431039885, 1.85612021259, 70, 2019
E, 100, 0.4598612569286099, 59.5845795284, 16.5504297449, 3.44333138381, -1.08041760254, 0.0291347140665, 70, 2019
Z, 100, 0.9786501403785797, 124.117842199, 108.114303954, 1.07720510206, -0.0182757822587, 0.161002381681, 73, 2019
N, -100, 0.7373050714051946, 35.6545796909, 10.2334478051, 3.18944927025, 0.625555511819, 0.0460630483706, 73, 2019
E, 100, 0.7073417869601122, 105.343672395, 41.2198375428, 2.68547916147, 2.29232085899, 3.06160027754, 73, 2019
Z, 100, 0.9670152155110562, 156.200501911, 136.73630377, 1.15547384235, -0.299275960349, 0.125730658557, 76, 2019
N, -100, 0.4217907364613869, 44.6893856545, 12.9520632263, 3.39281304792, 1.17132539749, 0.0688388881033, 76, 2019
E, 100, 0.7744808089801191, 118.874921915, 53.5890001079, 2.24454834169, -0.68123701162, 0.0190574536782, 76, 2019
Z, 100, 0.5892123836789909, 82.640173059, 93.8367549708, 0.930633894594, -0.894532656568, 0.171669194441, 79, 2019
N, -100, 0.3520805151609438, 49.3756609488, 13.8198120305, 4.09777586592, 1.27589434048, 0.0879996312108, 79, 2019
E, 100, 0.7042885136428974, 115.775327781, 38.3133571229, 3.00058839795, -0.781999771079, 0.0664414671392, 79, 2019
Z, -100, 0.6744891827493888, 37.4640418216, 38.9189224643, 1.14504432573, 0.599935058571, 0.404576648369, 82, 2019
N, 100, 0.41439667544996667, 11.9686757097, 7.50616421961, 1.48718978384, -0.486500602871, 0.406640977167, 82, 2019
E, 100, 0.28513198908888027, 31.5703681344, 17.3014165496, 2.00373625706, 0.577655470067, 1.8496492233, 82, 2019
Z, -100, 0.9911044477015729, 65.0268737511, 100.277080952, 0.656334500503, 0.0115876758046, 0.0761122007729, 85, 2019
N, -100, 0.8466944289658942, 34.8623720154, 13.5024073793, 2.44213753255, 0.460742578678, 0.221665682741, 85, 2019
E, 100, 0.5804569415815253, 103.844088978, 39.9840275269, 2.64206332842, 2.23028854319, 3.19782559745, 85, 2019
Z, 100, 0.9775052987480113, 69.25140825, 111.43061972, 0.637703601092, -0.190547182747, 0.0356041139283, 88, 2019
N, 100, -0.010429530705568594, 99.9136688272, 11.5583993378, 6.27508052795, -1.20704314645, 2.58707842647, 88, 2019
E, 100, 0.13806921409301903, 142.461262524, 43.0151384801, 3.74983118594, -1.38893123586, 0.125931515464, 88, 2019
Z, 100, 0.8953276749509218, 58.9382575605, 83.2776143903, 0.729513389019, -0.431830744876, 0.0559943998286, 91, 2019
N, 100, -0.18294356828654887, 132.303728046, 9.73465444612, 11.3033185511, 1.66748034562, 0.119987356731, 91, 2019
E, -100, -0.240313857891964, 127.780989591, 34.0286344636, 2.80997678502, -2.17711766329, 0.507942059423, 91, 2019
Z, 100, 0.17519138097342854, 37.7879798517, 33.0213993765, 1.38818069859, 2.03535810698, 2.59788940741, 94, 2019
N, -100, 0.16126833565933946, 26.7311018, 8.23008283679, 3.38337729367, 1.37099081775, 0.222258719295, 94, 2019
E, 100, 0.3908359465714677, 60.4927204714, 16.5745116049, 3.54016265987, -1.11581851937, 0.141236474751, 94, 2019
Z, -100, 0.6889319777894145, 54.5124537267, 58.096949275, 1.14373371051, 0.570955248799, 0.297389347158, 97, 2019
N, 100, 0.1770621338784465, 16.4513066427, 5.50821564121, 2.33735774441, 0.184030356067, 1.27412883971, 97, 2019
E, 100, 0.19029694783285028, 52.4169950988, 23.7960647862, 2.00674614182, -1.24026127251, 0.135363166102, 97, 2019
Z, -100, 0.9945446638517609, 97.3026157508, 117.180514627, 0.821243946024, 0.108964121088, 0.0568365798954, 100, 2019
N, -100, 0.8509569295332957, 32.2520442011, 11.7444148821, 2.42558062145, -2.69472105143, 3.02312718128, 100, 2019
E, 100, 0.6131463448797018, 104.095964018, 47.2290887139, 2.22694523049, 2.20615917618, 3.11712696008, 100, 2019
Z, 100, 0.9934252103539354, 110.779440172, 135.341392181, 0.82851751973, -0.114201109304, 0.00760371868333, 103, 2019
N, -100, 0.8058032047126917, 42.4858195649, 13.1442499867, 2.95151560728, 0.627904301998, 0.0572832435592, 103, 2019
E, 100, 0.6577411326856311, 129.449309862, 52.5463455775, 2.4595237873, 2.28891676977, 3.16754019702, 103, 2019
Z, 100, 0.9249344259698357, 98.6233123917, 86.2385242624, 1.30861970739, -0.209571737438, 0.21889683742, 106, 2019
N, -100, 0.2702358717153158, 25.1791909643, 9.77351925403, 2.69305903807, 1.36613738455, 0.0806655641771, 106, 2019
E, 100, 0.7610682972829308, 79.3119476864, 34.562706289, 2.2868710557, -0.734771225182, 0.0485400222882, 106, 2019
Z, -100, 0.2622616910955179, 76.9735424156, 51.5506544397, 1.53824029507, 1.27961468036, 0.545076092431, 109, 2019
N, -100, -0.06185695565344554, 23.8415846069, 7.03136454692, 3.71830892989, 1.73287684021, 2.20524129668, 109, 2019
E, 100, 0.4546018938374032, 45.5944473469, 20.5324761085, 2.46455763997, 0.856999424079, 1.92132312026, 109, 2019
Z, -100, 0.986593937510299, 102.669843666, 122.919241324, 0.824921465722, 0.128708379816, 0.0380700686756, 112, 2019
N, -100, 0.8896696295797238, 32.9486334244, 13.2640064848, 2.24417287558, -2.68741753605, 2.94190023483, 112, 2019
E, 100, 0.6081579095113878, 107.830617389, 49.9430769769, 2.20260038846, -0.889254609216, 0.0250480861569, 112, 2019
Z, -100, 0.9395295886370904, 104.008698297, 134.486452569, 0.800613780846, 0.233118344357, 0.0504317777077, 115, 2019
N, -100, 0.7901708014862803, 38.8229649649, 15.255177711, 2.11349828593, 0.370699616202, 0.316446797476, 115, 2019
E, 100, 0.37674490910823216, 116.767891249, 53.710718947, 2.05400497287, 2.04007063193, 3.24444151616, 115, 2019
Z, 100, 0.9424436558125222, 47.3923035352, 98.9666273651, 0.510238446499, 0.00544100932998, 0.167937783403, 118, 2019
N, -100, 0.8127756594236429, 39.2530877367, 10.2084229902, 3.41426104234, 0.548662519226, 0.0156924279264, 118, 2019
E, 100, 0.4897555810479865, 106.997833537, 37.9431003862, 2.6757406519, -1.08035123484, 0.0287301333932, 118, 2019
Z, -100, -0.02026629011341099, 33.795034176, 40.7957891878, 1.04613697151, -1.43432799019, 0.639709560631, 121, 2019
N, 100, -0.011482097162593954, 28.0954269782, 6.93637216721, 5.26491452923, 2.03280287914, 0.499083464205, 121, 2019
E, 100, 0.6366760832274024, 65.6470812899, 17.5709557097, 4.05944296179, -0.55703665539, 0.361174397853, 121, 2019
Z, -100, 0.9665887618088388, 129.778475231, 141.030003814, 0.957932419981, -2.86459069062, 3.05661698043, 127, 2019
N, -100, 0.8862437950509144, 36.9657725859, 12.7444324832, 2.53014281268, 0.358352478821, 0.0717945093591, 127, 2019
E, 100, 0.5290817433105048, 119.236058031, 57.1040138052, 2.02226917895, -1.03328083047, 0.0298902967074, 127, 2019
Z, 100, 0.9785510106494931, 169.838002271, 160.753828763, 0.994233232878, -0.235492237524, 0.0822923842425, 130, 2019
N, -100, 0.7708259073093547, 44.5673937958, 16.32749266, 2.74037154488, 0.700470194951, 0.000397940271038, 130, 2019
E, 100, 0.676365147125723, 140.72330946, 64.3840347325, 2.276678611, 2.28963593332, 3.11490883856, 130, 2019
Z, 100, 0.9669399922766435, 75.2279405075, 108.940296856, 0.671188821848, -0.11245790444, 0.053176314993, 133, 2019
N, -100, 0.8439090419829814, 35.6204316381, 10.8606426773, 3.31455411116, 0.607474119118, 0.28409018811, 133, 2019
E, 100, 0.47915252911197276, 107.07652527, 41.8331751887, 2.60268316308, -0.997902817808, 0.112191542944, 133, 2019
Z, -100, 0.5166743207657272, 68.8769368163, 53.7150312342, 1.70732918219, 0.375634040887, 0.620291154578, 136, 2019
N, 100, 0.5695371724802154, 30.8307445737, 6.32445802648, 3.89744852989, 0.240348076235, 1.1857559677, 136, 2019
E, -100, -0.35717437239441874, 72.6238002768, 21.1718071353, 2.79925825463, -0.954452653337, 1.33319902447, 136, 2019
Z, -100, 0.951109417630941, 121.726986965, 136.979574521, 0.881192435273, 0.334334423738, 0.0229195035278, 139, 2019
N, -100, 0.9447617985222052, 32.4746005496, 13.1391477926, 2.54576909803, 0.0579022380132, 0.094812253521, 139, 2019
E, 100, 0.4934227282466357, 107.702915299, 54.2210388732, 1.99252828184, -1.06672690032, 0.0210001244833, 139, 2019
Z, -100, 0.9781080259367946, 136.679869369, 163.134026905, 0.86193357442, 0.131483794899, 0.0510121848413, 142, 2019
N, -100, 0.824095490095056, 44.1555885375, 16.4425498806, 2.25206474786, -2.5559516716, 2.8211219371, 142, 2019
E, 100, 0.5347782769992855, 136.497045595, 65.8914105745, 1.98075908847, -0.913880508945, 0.107693435229, 142, 2019
Z, -100, 0.9922351992737202, 87.0140477345, 131.151405031, 0.639426923668, 0.0708753312798, 0.00570247617268, 145, 2019
N, -100, 0.9019139834808392, 44.3151171049, 14.5619878939, 3.00954148198, 0.457776654399, 0.103566053045, 145, 2019
E, 100, 0.5354404616140276, 132.792605846, 51.8354705335, 2.60702247016, 2.13931865165, 3.16859154256, 145, 2019
Z, -100, 0.6130340140267277, 46.0149514469, 71.0560602336, 0.517836244865, 0.437315146484, 0.552554215363, 148, 2019
N, 100, 0.9369565924484392, 29.9693281133, 7.99916152867, 3.53597360384, -0.107367024177, 0.00882358363093, 148, 2019
E, 100, 0.06570415065515134, 80.1709370165, 26.5589575003, 2.94172103355, 1.62799603247, 3.15672354566, 148, 2019
Z, -100, 0.7780445517031085, 72.7652293083, 71.4535877525, 1.25889791848, 0.33974641927, 0.297146383367, 151, 2019
N, -100, 0.8588653986158715, 21.7054575664, 5.44566909215, 3.57285250729, 0.270601868784, 0.619580825991, 151, 2019
E, -100, -0.08646655266026314, 51.4717781361, 28.2017124417, 1.65265941014, -0.877121888748, 0.855777674334, 151, 2019
Z, -100, 0.942417763070636, 122.936475107, 150.545284871, 0.789159005889, 0.401849214565, 0.0868533926975, 154, 2019
N, -100, 0.9577729113147929, 38.9926290963, 12.6327249685, 3.24778043555, 0.0110134796262, 0.142368778067, 154, 2019
E, 100, 0.39763083643464703, 118.563424926, 60.0397348131, 1.9639459961, -1.18089974766, 0.0321957493705, 154, 2019
Z, -100, 0.9605116945497773, 137.791790155, 188.034706693, 0.733044767694, 0.265390525167, 0.0347214721358, 157, 2019
N, -100, 0.9645845999238216, 52.5220391753, 17.1849936518, 2.88372952442, -2.94806204717, 3.05165024455, 157, 2019
E, 100, 0.418149783176479, 165.735072615, 75.4775559086, 2.18393785006, 2.02251023619, 3.17442617793, 157, 2019
Z, -100, 0.9907266292763584, 85.0453567937, 143.611985161, 0.584395918035, 0.13844165942, 0.0149154654843, 160, 2019
N, -100, 0.9632736866678352, 46.1074421835, 15.3941029561, 2.97679549894, 0.0982911071793, 0.0876932979235, 160, 2019
E, 100, 0.4047381632025462, 145.144705452, 57.1200258675, 2.52236099653, 1.97240781923, 3.1460970045, 160, 2019
Z, -100, 0.570530253502618, 49.6274733993, 51.7502372018, 0.973186967515, -0.451678338583, 1.07204806092, 163, 2019
N, -100, 0.7159890259371866, 31.4242437822, 6.29447560435, 5.8055420708, 1.08933868563, 0.970742498869, 163, 2019
E, 100, 0.27484379635348277, 70.3999641503, 19.3212789527, 4.01470757497, 1.11806735942, 2.43619195175, 163, 2019
Z, -100, 0.9537452917798344, 128.291907474, 129.311652788, 0.997909783135, 0.326114959685, 0.0274396210108, 166, 2019
N, -100, 0.9052307802311764, 22.4369402636, 12.6031066648, 1.91529496987, 0.044982468879, 0.20366333615, 166, 2019
E, 100, 0.45242955334298113, 84.7975471589, 51.4364683543, 1.59258327563, -1.05978669991, 0.0433735650528, 166, 2019
Z, -100, 0.9809811183137398, 149.385420726, 174.19991242, 0.85018849449, -2.93510010237, 3.13512758058, 169, 2019
N, -100, 0.9221893929195345, 39.0459036569, 15.6758690703, 2.53331340683, 0.352729831609, 0.0479529073933, 169, 2019
E, 100, 0.5591472957225989, 134.458535561, 69.1773126644, 1.97013636593, -1.00027944598, 0.0334911930038, 169, 2019
Z, -100, 0.9821586651435976, 130.188380222, 155.688088516, 0.827009209508, 0.184873211005, 0.0160565210776, 172, 2019
N, -100, 0.9198405667018665, 40.640414897, 15.911779692, 2.40648779451, -2.7359358035, 3.02759288034, 172, 2019
E, 100, 0.5267137697761708, 128.617522267, 63.15801895, 2.04658750874, 2.14250698693, 3.17212457582, 172, 2019
Z, -100, 0.8734741031345052, 68.5415801602, 99.1792616057, 0.635985709734, 0.316440931683, 0.230288894559, 175, 2019
N, 100, 0.862540154385874, 30.9075925284, 12.3625242626, 2.45130001967, 0.109668500812, 0.348006980033, 175, 2019
E, 100, 0.2058119296457785, 90.3667650072, 39.039605216, 2.34894406102, 1.89072580432, 3.29760359498, 175, 2019
Z, -100, 0.6514108373591606, 72.4992593618, 56.3209999732, 1.50716048037, 0.669621865735, 0.175614225855, 178, 2019
N, 100, 0.6165965231810026, 23.8480188103, 5.8362146664, 3.67442567167, -0.958318669734, 0.0216632696296, 178, 2019
E, -100, -0.5256109800432719, 55.0151379516, 22.2210487333, 1.9153100733, -0.503938982046, 1.86465024092, 178, 2019
Z, -100, 0.9252661798152905, 169.871022343, 134.198676776, 1.25138339271, 0.433855787287, 0.116206728529, 181, 2019
N, -100, 0.5162523121568615, 26.3002552023, 11.3558424213, 1.67980480235, 2.1437448469, 1.80050502825, 181, 2019
E, 100, 0.36197444320193134, 63.4043769237, 53.8340577852, 1.20361004149, -1.36589779969, 0.216373034274, 181, 2019
Z, -100, 0.9804866447356607, 216.089026843, 195.009092826, 1.08279508476, 0.0941165928431, 0.112699770644, 184, 2019
N, -100, 0.7781758652639832, 33.9796687847, 16.4923084674, 1.99490776765, 0.728456047261, 0.222513658252, 184, 2019
E, 100, 0.5206272306979559, 126.156653395, 77.8442259677, 1.59457876773, -0.939652821964, 0.108290517423, 184, 2019
Z, -100, 0.9527110328188303, 133.272783215, 172.978950248, 0.753808783295, 0.256410628125, 0.0820831111063, 187, 2019
N, -100, 0.9225053142940289, 40.1998461704, 15.958376025, 2.32975852851, 0.185055172739, 0.199385172555, 187, 2019
E, 100, 0.3320935435333883, 142.587551964, 70.4024233371, 2.0436103465, 1.97908777308, 3.24810989751, 187, 2019
Z, -100, 0.4714582391428391, 51.7163520592, 73.3803388906, 0.711211845731, -0.305244394597, 1.48482761523, 190, 2019
N, 100, 0.6824329887400975, 22.6704802338, 11.9727749378, 2.44364034678, -0.371109826953, 0.500004107971, 190, 2019
E, -100, -0.09673616249044956, 85.2917149594, 27.7000880495, 3.34312158202, 1.61523806452, 3.38974185974, 190, 2019
Z, -100, 0.8672066014333434, 121.533903562, 107.712172, 1.18150775589, 0.5138851895, 0.0181100460347, 193, 2019
N, -100, 0.8300812388265909, 22.710513347, 10.9860174897, 1.60687251008, 2.33822246602, 2.2608020563, 193, 2019
E, 100, 0.08171828455632757, 55.7405281658, 42.4086728465, 1.20733946501, -1.53793531719, 0.0586390201875, 193, 2019
Z, -100, 0.9684485120931049, 150.413626426, 161.73016976, 0.904652885806, 0.233378424984, 0.0273857697439, 196, 2019
N, -100, 0.9450200863765795, 25.5387133198, 14.4547537753, 1.95053777878, 0.182991760237, 0.131492061552, 196, 2019
E, 100, 0.44864332068192875, 98.2909559368, 64.6569430293, 1.56327545491, -1.12426897711, 0.0303281992209, 196, 2019
Z, -100, 0.9755133448828385, 131.305906976, 161.792692029, 0.803134794475, -2.88772499838, 3.10060759386, 199, 2019
N, -100, 0.9132887699867173, 31.0316110648, 14.5162147687, 2.00397655884, -2.67881141421, 2.99242266993, 199, 2019
E, 100, 0.507571767299882, 114.153472798, 65.035932663, 1.76919138898, -1.00097170045, 0.0480248483676, 199, 2019
Z, -100, 0.9484950200106778, 101.016343336, 115.557784519, 0.902278402831, 0.314825874138, 0.00700673299775, 202, 2019
N, 100, 0.8299541214582555, 22.1562680185, 12.9988851309, 1.55171437948, -0.0285112310885, 0.363010922211, 202, 2019
E, 100, 0.23913664234311302, 86.618046385, 47.7176383272, 1.85944799325, 1.90052151056, 3.27606477571, 202, 2019
Z, -100, 0.7819305227890263, 43.9809377055, 47.8256722895, 0.946044381364, -0.441762123369, 1.12149744096, 205, 2019
N, 100, 0.26067231228823373, 12.0375935478, 10.0612148045, 1.33342316793, -1.22098596107, 0.118376544109, 205, 2019
E, -100, -0.42932595419639563, 45.7208894975, 18.4145733347, 2.51832510251, 1.03240320163, 3.23351803266, 205, 2019
Z, -100, 0.9408297643635578, 139.484286485, 103.79655597, 1.39542293155, 0.266385739156, 0.0881400622372, 208, 2019
N, 100, 0.3116815212175286, 6.6733328356, 8.76663275158, 0.573980591888, 0.104629156625, 1.17553703152, 208, 2019
E, 100, 0.395352465370705, 32.9552211443, 40.2235518278, 0.716124032913, -0.829952816806, 0.464422434236, 208, 2019
Z, -100, 0.9561073000202954, 201.343317577, 174.263491627, 1.18515047278, 0.232398519674, 0.0750830281384, 211, 2019
N, -100, 0.8971340369044776, 23.5544763434, 14.7560211749, 1.42382793177, 0.275995051343, 0.404826332165, 211, 2019
E, 100, 0.3377393853449025, 94.7455990972, 69.6273626146, 1.22839332861, -1.06062465636, 0.244104313228, 211, 2019
Z, -100, 0.9716153330184988, 159.665812887, 181.730319202, 0.842407710413, 0.202559944574, 0.0613642021049, 214, 2019
N, 100, 0.9893345780492077, 36.4688422904, 14.3186816399, 2.600743143, 0.0036273008927, 0.0416650094167, 214, 2019
E, 100, 0.2889437399644235, 131.52302843, 72.6932313943, 1.86781839773, -1.25895115327, 0.0353568760511, 214, 2019
Z, -100, 0.7882977123501475, 49.3861147242, 94.0315978805, 0.462609201457, -0.12762886672, 0.792244679121, 217, 2019
N, 100, 0.8272265502323758, 28.870990339, 12.117034199, 3.09591943316, -0.42130707878, 0.360182024194, 217, 2019
E, 100, 0.3054282119248042, 103.585701671, 42.3319688342, 2.77730128045, 1.9645387351, 3.38933235596, 217, 2019
Z, -100, 0.9533508177925393, 120.865413207, 80.1564567093, 1.56721533216, 0.232806414383, 0.0949351256363, 220, 2019
N, 100, -0.484346217052215, 6.60663612671, 10.1727979787, 0.680962990715, -0.267542311661, 3.7547741072, 220, 2019
E, -74, 0.6458081870558825, 14.9474413413, 30.1639355846, 0.467121777899, 0.155612418488, 0.199728015494, 220, 2019
Z, -100, 0.9694105003228983, 175.928629627, 136.982321478, 1.29718602966, 0.184167327127, 0.0768034627632, 223, 2019
N, -100, 0.2896989049677432, 10.7280110029, 12.9661679991, 0.963727073719, 1.20515854817, 0.0196663619975, 223, 2019
E, 100, 0.6197368495983785, 54.9747158237, 55.0199813587, 0.963068034596, -0.757666339107, 0.231947593675, 223, 2019
Z, -100, 0.9379376237527475, 163.833157379, 147.338132645, 1.10367245046, 0.326737997679, 0.0450810255422, 226, 2019
N, 100, 0.9291321202992587, 18.742128154, 12.5976147058, 1.38650910601, -0.0603777475712, 0.300375316802, 226, 2019
E, 100, 0.21879612423642103, 72.9732230846, 58.3249596325, 1.23526346129, -1.26771277389, 0.117625737543, 226, 2019
Z, -100, 0.8765028993232091, 87.1837913344, 113.988457208, 0.748123589896, -2.60364732083, 3.10755023656, 229, 2019
N, 100, 0.9311698583750667, 31.6969175355, 10.2645071857, 3.00894699362, -0.362739650141, 0.0201105865634, 229, 2019
E, 100, 0.17916230668072408, 98.0142224323, 46.872538725, 2.20078690317, 1.75437090917, 3.17779478961, 229, 2019
Z, 100, 0.8651411221807918, 34.6546006905, 48.5176349929, 0.6314174192, -1.99925409583, 1.99783294181, 232, 2019
N, 100, 0.8374724780356654, 22.965201329, 9.6110685127, 2.64745010156, -0.532680130242, 0.265193709197, 232, 2019
E, 100, 0.4023638254296702, 68.1259236514, 24.1469711683, 3.08403064186, -1.14689528019, 0.281995244878, 232, 2019
Z, -100, 0.9537824477732775, 98.9779128786, 72.1650479736, 1.32355766485, 0.331281274586, 0.0786193475673, 235, 2019
N, 100, -0.6932796581847045, 14.1262788145, 8.49330047125, 1.8547317598, -3.76165715978, 0.150519058047, 235, 2019
E, 100, 0.7777323684829689, 19.0094679591, 26.8955205937, 0.780681230274, -0.338104451651, 0.309595221607, 235, 2019
Z, -100, 0.9753558960744638, 146.222040392, 139.490004342, 1.05854402892, -0.0147432535827, 0.19378531208, 238, 2019
N, 100, -0.05390122251022793, 13.7080172272, 12.3996904112, 0.956286272876, -1.53045545829, 2.89797018228, 238, 2019
E, 100, 0.7020077638776339, 62.7310639842, 55.362779458, 1.11110265416, 2.49008682029, 2.94102487782, 238, 2019
Z, -100, 0.925458747137617, 147.868707957, 162.582462701, 0.918315301258, 0.416648347614, 0.037585073542, 241, 2019
N, -100, 0.9818279549992462, 21.9803188287, 12.5951487425, 1.87611744847, 0.147423551367, 0.0124391009466, 241, 2019
E, 100, 0.34726885584819794, 89.2487709475, 64.629821791, 1.42468503878, -1.21471711321, 0.0110131742065, 241, 2019
Z, -100, 0.8014822783434148, 89.1066810193, 103.3120664, 0.798406959382, 0.526646246281, 0.204985043978, 244, 2019
N, 100, 0.639991573310115, 25.5131736196, 5.5355510249, 5.24849158401, -0.683381403428, 0.443104994768, 244, 2019
E, 100, 0.07548776732907528, 79.337073621, 45.7291987241, 2.16014548957, 1.73448378464, 3.48814218107, 244, 2019
Z, -99, 0.9442663604849381, 104.1195621, 61.7231796179, 1.74803726609, -0.131441160639, 0.170191890399, 247, 2019
N, 100, -0.7582886057127836, 21.5220380379, 10.6576924296, 3.31410890413, -2.72084347077, 0.878652056669, 247, 2019
E, -100, 0.7356308126035529, 47.5416853225, 22.8240178938, 2.68942753504, 0.172639817613, 0.576692041249, 247, 2019
Z, -100, 0.9633433380960269, 180.280793543, 116.4660612, 1.52809852732, 0.268988422385, 0.00306365039389, 250, 2019
N, 100, -0.25619092926681497, 10.7358490489, 11.8000666032, 0.780785116378, -0.649790625246, 3.8240503261, 250, 2019
E, 100, 0.8530756523261356, 38.3925412433, 45.8408738806, 0.78419662178, 2.76123115825, 2.93481282016, 250, 2019
Z, -100, 0.9662858684198788, 152.617516968, 122.147113371, 1.23460722525, 0.264663931718, 0.000732481612475, 253, 2019
N, -100, 0.7106975130542185, 10.1703769599, 11.0029794146, 0.964114004692, 0.537872467242, 0.114479782053, 253, 2019
E, 100, 0.5608036536346158, 46.2949322264, 49.5690329855, 0.98168156821, -0.992998711162, 0.00875957984641, 253, 2019
Z, -100, 0.8980224777380599, 106.81173456, 95.5446341635, 1.09890718236, -2.68601627085, 3.15613028767, 256, 2019
N, 100, 0.6201100677373016, 13.5265441064, 7.40499261935, 1.91484413607, 2.23432970992, 3.10715438782, 256, 2019
E, -100, -0.07510365370227495, 41.8315713876, 37.7769749941, 1.24692936107, 1.53329091457, 3.24412120145, 256, 2019
Z, -100, 0.4234403357394988, 30.2193014236, 41.1474103124, 0.702207417282, 1.26227862067, 0.0484069893048, 259, 2019
N, 100, 0.3718511759587356, 17.6256845014, 4.56148729407, 5.35734480839, -1.21123816901, 0.595265779236, 259, 2019
E, 100, 0.10992578631153926, 44.1906757289, 24.2643278187, 2.98333741316, -1.55727725265, 0.601488423265, 259, 2019
Z, 100, 0.971719593951463, 104.927533518, 62.2177758817, 1.60451561613, -0.162232371465, 0.0484207453976, 262, 2019
N, 100, -0.6782091469742628, 22.1591559239, 7.5060247175, 4.49984429095, -1.99849308117, 1.74894512569, 262, 2019
E, -100, 0.9118083264805854, 52.8060239289, 24.3156886691, 2.37345293027, -0.0993784489506, 0.241635522957, 262, 2019
Z, -100, 0.9978884280029634, 156.185137226, 119.662808876, 1.30913206592, 0.0441635843714, 0.0294605016965, 265, 2019
N, 100, -0.10077067891890447, 18.147793479, 10.5735016682, 1.592066796, -1.28619299071, 3.33732605084, 265, 2019
E, 100, 0.8639499717971579, 57.8697300143, 46.3536607028, 1.15602833655, -0.415995632203, 0.171468653728, 265, 2019
Z, -100, 0.9935066135834402, 163.976278113, 134.321982431, 1.18892613192, 0.0472010229435, 0.061033660062, 268, 2019
N, -100, 0.5122719964270556, 14.1658935189, 11.3426791666, 1.40815625663, 0.953013105676, 0.00295033497431, 268, 2019
E, 100, 0.7346090070780386, 65.2344651401, 55.0272594754, 1.27162822507, 2.42424145576, 3.05389233825, 268, 2019
Z, -100, 0.8559514882707875, 84.2837286148, 92.3879748984, 0.878156974003, -2.66755960733, 3.24022506794, 271, 2019
N, 100, 0.6798792600665279, 18.4711082907, 2.91048631207, 9.43935865342, 2.5549310964, 3.25515332135, 271, 2019
E, 100, 0.03761595789021972, 59.7177053702, 36.3032149713, 2.05312996571, 1.53951374323, 3.41538784899, 271, 2019
Z, 100, 0.8674424334887211, 95.9883201105, 65.6880657858, 1.38773297166, 2.68785366049, 3.06583780862, 274, 2019
N, 100, -0.18542257726662825, 29.5277013061, 8.06670545766, 4.05580875787, 1.55662093709, 0.219172927573, 274, 2019
E, 100, 0.7359630164059378, 77.5529960316, 27.2963424412, 3.13407942454, -0.512997884966, 0.226128982753, 274, 2019
Z, 100, 0.9866871996630865, 163.960233607, 124.434533095, 1.27586659683, -0.117300120617, 0.015640126877, 277, 2019
N, 100, -0.4792517139560188, 30.1715258988, 12.1295395075, 2.50739364731, -1.22009733018, 2.97298056726, 277, 2019
E, 100, 0.9224572195724877, 84.9372049128, 47.0672787208, 1.82416797522, -0.434769020937, 0.134195599026, 277, 2019
Z, -100, 0.9949291141130129, 142.342057483, 116.434944371, 1.21552598826, 0.0991854731831, 0.00109471261095, 280, 2019
N, 100, -0.25063445666770817, 16.2517950029, 11.1042739446, 1.22913431974, -0.935128030421, 3.5857431657, 280, 2019
E, 100, 0.7084592113553438, 52.8657501312, 47.6922464315, 1.0331880127, 2.44965336881, 3.0354839673, 280, 2019
Z, -100, 0.9541424990291859, 93.2213442073, 76.9545393711, 1.1968607558, 0.302979334301, 0.0172896616653, 283, 2019
N, 100, 0.29888368664699105, 8.40688487886, 6.13128890035, 1.0492995416, -1.14633741583, 1.29044640695, 283, 2019
E, 100, 0.37196144802285763, 27.2596571097, 32.0534050259, 0.751207006282, 1.93704075684, 3.17412555806, 283, 2019
Z, -100, 0.4676138546415151, 67.4916705838, 28.5550818725, 3.27079009493, -0.0970500528654, 0.766921579502, 286, 2019
N, 100, -0.21115728821891155, 25.1897262625, 3.33882630723, 12.8415918127, 3.31309414172, 1.45619572026, 286, 2019
E, 100, 0.07529306269577575, 57.5676729279, 14.1612363212, 7.7411254618, 1.16047237606, 4.12806123346, 286, 2019
Z, 100, 0.7531830795677322, 136.320272513, 79.9201940687, 1.61776257763, 2.29986101118, 3.39213349247, 289, 2019
N, 100, -0.11746969037098892, 42.1225573719, 6.93357697768, 6.79166678121, 1.4350335489, 0.271726502621, 289, 2019
E, 100, 0.8338892960666864, 98.4315649478, 33.0944404965, 3.07132075753, -0.575202857282, 0.186884114956, 289, 2019
Z, -100, 0.9845790248617506, 139.052430564, 133.040188827, 1.02090655424, 0.194597423367, 0.0665134365723, 292, 2019
N, -100, 0.0381906121582976, 25.3109969513, 11.3219037277, 2.29798950111, -1.77177643688, 2.93013783876, 292, 2019
E, 100, 0.8133587407821143, 87.0995039136, 51.2690979478, 1.63771605704, -0.641686853692, 0.0320705662755, 292, 2019
Z, -100, 0.9931180467471833, 172.120411218, 135.970678997, 1.27476390077, 0.101301019538, 0.000377462108496, 295, 2019
N, -100, 0.02583137171825164, 18.0553317476, 11.8636708835, 1.44828873249, -1.48639635291, 3.25808996445, 295, 2019
E, 100, 0.8118611840092178, 76.8119851413, 54.3201569566, 1.35252359599, -0.592111952314, 0.0602153532589, 295, 2019
Z, -100, 0.9583102679519464, 101.680786042, 80.273766178, 1.32096327683, 0.322978915825, 0.143818830118, 298, 2019
N, -100, -0.13866162685298491, 13.6091518138, 3.97150664515, 3.39380926423, 0.844969911928, 4.28586603492, 298, 2019
E, 100, 0.4176526546810968, 37.119209035, 36.1578257085, 0.766479018835, -0.983088930604, 0.780321447646, 298, 2019
Z, 100, 0.9612108917975729, 107.589751598, 77.7380194528, 1.33619949911, -0.239846574207, 0.0529665460427, 301, 2019
N, -100, 0.33512501454151705, 30.5447599125, 10.4439272832, 2.84870525545, 1.35181311096, 0.195291792298, 301, 2019
E, 100, 0.8035065627024814, 84.523007493, 32.1360410393, 2.81612507785, -0.652934124646, 0.141333669427, 301, 2019
Z, 100, 0.978022169294669, 185.499051121, 148.458924584, 1.24721002848, -0.240959308414, 0.0799507083045, 304, 2019
N, -100, 0.19049502359097206, 43.8430818596, 15.4263328111, 2.90813588679, 1.46846848748, 0.116642373238, 304, 2019
E, 100, 0.7843765007700791, 123.948102347, 58.1396285958, 2.04804917172, -0.669133604284, 0.000968311530394, 304, 2019
Z, 100, 0.9986715536465872, 153.688211175, 147.511111828, 1.02148230977, -0.0326821184285, 0.0236184865061, 307, 2019
N, -100, 0.3222171519185816, 30.1710420541, 13.337206557, 2.25901530701, -1.94281779174, 3.08884029228, 307, 2019
E, 100, 0.7215161230412362, 97.6822406192, 56.3270246344, 1.65160779972, -0.76576842915, 0.00387327305109, 307, 2019
Z, -100, 0.9172042507731109, 78.0992043609, 92.8404908629, 0.817986475501, 0.429050530102, 0.204197450564, 310, 2019
N, -100, 0.166439163843827, 22.6391828487, 8.11105459213, 2.10046748204, -2.03734025835, 2.69376661801, 310, 2019
E, 100, 0.8411234650757424, 71.628452083, 39.712376852, 1.54591487824, -0.617461120885, 0.214499890707, 310, 2019
Z, 100, 0.8725635776717728, 66.6954814649, 32.1247688369, 2.03249470274, 0.448321932039, 5.35599141509, 313, 2019
N, 100, -0.2475154779232765, 22.730996085, 4.05507716951, 6.93874571327, 2.6030284779, 0.866873658185, 313, 2019
E, -100, 0.7773409115895776, 56.4801865183, 14.0711310214, 4.72720347339, 2.18651948739, 1.7672979916, 313, 2019
Z, 100, 0.9363230177038309, 100.570194262, 97.2986769098, 1.01649356722, -0.370595506689, 0.0040316806047, 316, 2019
N, -100, 0.27939690321619143, 38.3046591474, 9.37470576515, 4.0929059529, 1.40992701962, 0.167446325203, 316, 2019
E, 100, 0.814765931237364, 112.718955332, 39.6508007954, 2.87801690477, -0.656222149214, 0.0747999997661, 316, 2019
Z, 100, 0.9866716860842846, 159.593186162, 156.137555161, 0.998639846356, -0.142428250846, 0.0269118639028, 319, 2019
N, -100, 0.27995904026875396, 45.5365196847, 14.5023078183, 3.25570105041, 1.23601523802, 0.0638910957259, 319, 2019
E, 100, 0.745142409347587, 137.221021321, 62.2568760543, 2.16664355999, -0.776309933327, 0.0936552860774, 319, 2019
Z, 100, 0.9980059404401741, 191.062767853, 166.199058383, 1.15769732798, 3.13347616094, 3.10074163539, 322, 2019
N, -100, 0.0744939739530701, 32.8954213142, 14.1007666858, 2.33472388552, -1.56909318954, 3.19406161676, 322, 2019
E, 100, 0.777173060952263, 105.277430054, 63.3209964047, 1.54349608169, -0.648437211333, 0.0312977184921, 322, 2019
Z, 0, 0.9894649109570915, 158.337797163, 106.207219239, 1.55219190597, 0.065156862524, 0.126982437243, 325, 2019
N, 100, -0.19835768632290482, 14.8713759393, 7.46474525634, 1.93953516224, -0.00565866046067, 4.31124750182, 325, 2019
E, 100, 0.8195484741439444, 49.1083581435, 45.5678356252, 0.938428352353, -0.522460579165, 0.0960623826524, 325, 2019
Z, 100, 0.9437743187220548, 72.9690981074, 77.9980594804, 0.905839971728, -0.177827918196, 0.186907140117, 328, 2019
N, -100, 0.5494900950597338, 31.4950057572, 9.47720751508, 3.02436845315, 1.20267661344, 0.294862360859, 328, 2019
E, 100, 0.8610924817189137, 84.115555787, 30.6055020558, 3.03905414634, -0.686044289671, 0.247371307757, 328, 2019
Z, 100, 0.9935239897868346, 148.497407303, 161.318750501, 0.879361329426, -0.0165960649269, 0.015877936425, 331, 2019
N, -100, 0.5745283838073536, 49.3107071545, 18.8485480062, 2.67641668307, 0.991813119923, 0.0609747012745, 331, 2019
E, 100, 0.6574217494915162, 137.058199526, 64.9320984366, 2.11652089414, -0.910914646991, 0.111210531244, 331, 2019
Z, -100, 0.991875965330171, 186.420116378, 179.688407506, 1.04499438008, 0.139560128579, 0.0421406823519, 334, 2019
N, -100, 0.45407316996559016, 37.1475580911, 17.0866976869, 2.22354563172, 1.03117563632, 0.0988599712028, 334, 2019
E, 100, 0.6514643330989572, 122.868051724, 68.9635613596, 1.72358632276, -0.881977445074, 0.044447242054, 334, 2019
Z, 100, 0.9983856515812903, 146.333527794, 134.962560141, 1.10463342528, 3.13160482749, 3.11455339201, 337, 2019
N, -100, 0.1951803118136059, 22.4245132588, 11.4207804997, 1.9623930368, -1.60902387793, 3.28624505595, 337, 2019
E, 100, 0.7254588832034193, 78.7521086281, 51.6746571966, 1.41472230417, -0.677036678577, 0.0868960949385, 337, 2019
Z, 100, 0.9917672414195157, 73.4905788989, 66.7701413696, 1.18076038245, 0.0678729605153, 0.137427732698, 340, 2019
N, -100, 0.14596481178889242, 11.0956829076, 4.61236416542, 2.36870026105, 2.8059425631, 1.28187451076, 340, 2019
E, 100, 0.8111027904763208, 37.6708604219, 29.4114331847, 1.19432676501, 0.710762208626, 1.12585582458, 340, 2019
Z, 100, 0.9959962810051115, 99.9661757579, 95.4802277506, 1.05288666716, 0.0421394092813, 0.090629818502, 343, 2019
N, -100, 0.465391111158993, 23.4463645819, 8.63179065599, 2.3632382213, 1.35158247707, 0.33007687106, 343, 2019
E, 100, 0.7756318968994532, 81.928716717, 37.4673638072, 2.19805671156, -0.715780041062, 0.036613999591, 343, 2019
Z, 100, 0.9814956217977079, 178.703520146, 166.000820857, 1.04854478677, -0.206317537774, 0.0185558517304, 346, 2019
N, -100, 0.44825078362983223, 44.6204008114, 16.589013927, 2.69225356236, 1.14039500555, 0.0539894193805, 346, 2019
E, 100, 0.7066034127954088, 140.634820952, 66.9834525534, 2.09390563313, -0.824726063034, 0.0692917044192, 346, 2019
Z, 100, 0.9942991155483601, 192.697149492, 192.976933046, 0.978078320544, -0.0677171866508, 0.0418429619657, 349, 2019
N, -100, 0.26259712207567987, 40.3628783115, 17.7152774212, 2.39043885573, 1.26991148855, 0.0589551686037, 349, 2019
E, 100, 0.6978579090741861, 146.838760698, 74.777604213, 1.94123848169, -0.851824730346, 0.106613181665, 349, 2019
Z, 100, 0.9975558188450473, 145.838742966, 143.805463578, 1.02171451891, -0.0171666088959, 0.0482113049753, 352, 2019
N, 100, -0.09637342675114074, 31.6908859901, 11.4352428072, 3.22051597428, -1.36992842821, 3.29125349703, 352, 2019
E, 100, 0.7479743430274847, 96.0278291615, 54.8502816445, 1.6674882548, -0.728413634499, 0.01183026072, 352, 2019
Z, 100, 0.9550933035635759, 64.7879197821, 65.5241874347, 1.00383171749, -1.54040452888, 1.23055348168, 355, 2019
N, -100, 0.6691645599057048, 26.4963138417, 7.41415732409, 3.63910368809, 0.750611223652, 0.0259768362105, 355, 2019
E, 100, 0.8653870109647437, 69.1527770208, 28.2597699561, 2.71052723919, 1.00041511706, 1.4118500394, 355, 2019
Z, 100, 0.9950199491354116, 144.575623584, 150.494261564, 0.924850361838, -0.013161735757, 0.0758827142911, 358, 2019
N, -100, 0.7035869850203585, 44.0464570222, 17.3069233734, 2.5215302617, 0.857910792562, 0.107218834531, 358, 2019
E, 100, 0.7025578046190618, 127.954085026, 60.2757736243, 2.20654122164, -0.850711411209, 0.0840598449486, 358, 2019
Z, 100, 0.9987493429096912, 170.169038131, 187.208064644, 0.914571608701, -0.0103394239814, 0.0395716917108, 361, 2019
N, -100, 0.637574993081143, 47.9415808491, 20.1257418076, 2.42054130776, 0.942475040082, 0.0837942662315, 361, 2019
E, 100, 0.6062264282582736, 147.813105518, 74.6156430138, 1.93205740173, -0.951463446926, 0.0624277429657, 361, 2019
Z, 100, 0.9983932001356257, 158.304194229, 162.610683086, 0.976699716136, -0.0377161254833, 0.0275477836837, 364, 2019
N, -100, 0.3983679459760023, 40.8688970277, 14.624062329, 2.90608805361, 1.08235471172, 0.0961774438607, 364, 2019
E, 100, 0.6514219379691477, 111.837766512, 61.3512102703, 1.76688065638, -0.868841843895, 0.0218747794583, 364, 2019
