Chan, Phase Shift, Correlation, ptp-data, ptp-synthetic, rat, phasem, phasestd, DOY, Year
Z, 0, 0.9998834566809326, 144.138454023, 141.260966056, 1.03170611993, 0.0249318320294, 0.0395261064176, 1, 2019
N, 100, -0.37245111350839155, 185.647017797, 38.9877914253, 4.90548797546, 0.0889761906969, 2.34323626152, 1, 2019
E, 100, 0.862935059387953, 136.411832309, 72.2356984683, 2.07457607007, -0.932702504341, 1.74595196457, 1, 2019
Z, 100, 0.9929818558908706, 204.176208365, 201.246119845, 0.925299095122, -0.229219776295, 0.205816705036, 4, 2019
N, 100, 0.05831773084036219, 219.560661679, 55.0445009874, 3.6371404494, -1.39936891574, 2.56150144331, 4, 2019
E, -100, 0.9543346720971816, 97.863583292, 106.97185916, 0.973205913926, -0.0456780941985, 1.24388298799, 4, 2019
Z, 87, 0.9995497345056311, 223.435553259, 217.219965554, 1.03650018339, -0.0655926312472, 0.0324290255253, 7, 2019
N, 100, 0.7658607099001473, 214.58640614, 72.7289208566, 3.44437614051, 0.645677858551, 2.94881698507, 7, 2019
E, -100, 0.9299442151469175, 85.4292135699, 118.600845495, 0.77489805904, -0.295711331739, 2.07480834992, 7, 2019
Z, 100, 0.9963373495491801, 190.815840384, 183.814170136, 1.0459601082, -0.209598699755, 0.107523477944, 10, 2019
N, 100, 0.9099736042408209, 271.335040848, 74.5000622194, 3.30394711617, -0.858096355882, 0.574437832566, 10, 2019
E, 100, 0.6740576687928501, 42.3535839828, 102.855456688, 0.32641116591, -1.05499713753, 1.34544663719, 10, 2019
Z, -100, 0.9949583886868003, 135.472549845, 119.651207767, 1.18243518502, 0.0765420282906, 0.102043801232, 13, 2019
N, -100, 0.39255465192711303, 221.844326785, 60.6245445811, 3.95508638339, 0.392167114673, 0.320515287274, 13, 2019
E, 100, 0.6127857579836863, 98.3210950451, 67.2012397506, 1.05631453578, -1.78364629334, 2.26569028257, 13, 2019
Z, -100, 0.991809499579256, 115.436584501, 111.012918957, 1.14171141245, 0.255140486192, 0.179069851489, 16, 2019
N, -100, -0.7925793590777046, 252.279219573, 40.4224417892, 4.91357258205, 0.897253040256, 1.75675552196, 16, 2019
E, -100, 0.8253362274295635, 96.3774967452, 56.5600253861, 1.91077946703, 0.159063711401, 1.14436437384, 16, 2019
Z, 100, 0.9950715041932039, 217.904487976, 212.841999802, 0.947697534807, 0.335754248762, 1.31625482696, 19, 2019
N, -100, -0.23345619285281893, 249.857611221, 56.9255238999, 5.07954562735, -1.16870342595, 2.67147469911, 19, 2019
E, -100, 0.6433077507071869, 114.04959686, 112.826251926, 1.16597081654, 0.335670342279, 1.03722292194, 19, 2019
Z, -100, 0.997014371209283, 272.610133779, 266.270264703, 1.05310769516, 0.165634940774, 0.0636770927827, 22, 2019
N, 100, 0.7603279555221824, 238.474054264, 86.306155361, 3.09836906163, 0.08886040584, 2.84753470256, 22, 2019
E, 100, 0.7621656090465225, 112.773558743, 146.136494361, 0.782183734662, -0.0939593364246, 1.79328570166, 22, 2019
Z, -100, 0.9919219382975435, 215.110024921, 226.912792783, 0.90493718926, 0.285936674197, 0.197394685959, 25, 2019
N, -100, 0.5629829327635308, 303.818600436, 89.4608733851, 3.24506810648, -0.252196539824, 1.75049869661, 25, 2019
E, 100, 0.9340614789180046, 175.268395918, 126.631308031, 1.32145792452, 0.118299549396, 0.358812774352, 25, 2019
Z, -100, 0.984760416526747, 172.345464394, 125.577525774, 1.38487179323, 0.428559298867, 1.2861153778, 28, 2019
N, 100, -0.06717198157123067, 293.851502212, 63.5567119433, 4.10378372993, 0.399417347769, 1.54005598016, 28, 2019
E, 100, 0.8572284194208505, 167.372111235, 66.4693081992, 2.55407381973, -0.844617510682, 0.682767966365, 28, 2019
Z, -100, 0.901368071080365, 136.357597145, 132.094933279, 1.14362581898, 1.36966530162, 0.768154507899, 31, 2019
N, 100, -0.5515288915184317, 377.525777417, 31.4988207653, 10.1711976455, -0.825496964619, 3.07945948185, 31, 2019
E, -100, 0.4639246543681167, 219.947062609, 66.2038351426, 3.20586318556, -0.200365126694, 1.43275776482, 31, 2019
Z, -100, 0.9832430742459356, 213.699374677, 202.921777275, 1.22519743172, 0.289015433232, 0.193813520811, 34, 2019
N, 100, 0.5445553720963187, 288.726973426, 54.8266279405, 5.30650897152, -0.559537478313, 2.26062548724, 34, 2019
E, -100, 0.06891312064459867, 31.1098668465, 108.454348889, 0.360874716251, 0.274706292066, 1.60543655893, 34, 2019
Z, -100, 0.9887378421177, 233.851940981, 227.953670615, 1.09366114944, 0.280889240977, 0.105785885525, 37, 2019
N, 100, 0.7706815505224552, 258.173873066, 77.1031284488, 3.56637323673, 0.695087535867, 2.79066751593, 37, 2019
E, 100, 0.9584383519357609, 121.401239303, 126.008027211, 1.0998639281, -1.6307023557, 2.73181137289, 37, 2019
Z, -100, 0.9566406464065627, 185.713879787, 198.514609071, 0.889020232468, 0.695481533241, 0.440612361145, 40, 2019
N, -100, 0.8105622426914101, 164.604533381, 81.0480837687, 1.8779957409, -0.826208279099, 2.75146008544, 40, 2019
E, 100, 0.9853534495506676, 122.397830787, 112.647689316, 1.2300783309, 0.156827171753, 0.238073119982, 40, 2019
Z, 3, 0.9977891132648777, 138.237268499, 125.562435995, 1.13875330243, 0.00291197152155, 0.0607056609201, 43, 2019
N, -100, 0.20769513727141087, 100.249834312, 65.3543998361, 1.82260932792, -0.221752151789, 0.755968823268, 43, 2019
E, -25, 0.9183756617802337, 100.004192222, 71.909410234, 1.34469029221, -0.724595169962, 0.442555330262, 43, 2019
Z, -100, 0.873930822608515, 141.668196303, 123.315182322, 1.47319843422, 0.917013785797, 0.526499249321, 46, 2019
N, -100, -0.634031367846003, 266.31652732, 38.1910528898, 5.27468556653, 0.678889415824, 1.40878693681, 46, 2019
E, -100, 0.5136533915251361, 126.112551054, 62.2052976077, 1.98458640023, -0.0895082581641, 1.65192092203, 46, 2019
Z, 78, 0.9987912957520316, 250.982753576, 245.398191967, 0.994251617087, -0.154495959709, 0.11459818441, 49, 2019
N, 100, 0.6320367711239607, 363.913767612, 64.8611756203, 6.33105523662, -0.804701911904, 2.72204263445, 49, 2019
E, 100, 0.17488030154407277, 108.191191462, 132.191728806, 0.84294738312, 0.53086607152, 0.762246118427, 49, 2019
Z, 100, 0.9924031283856124, 296.957864677, 289.060908554, 1.01227010165, -0.309679636856, 0.177486725929, 52, 2019
N, -100, 0.980190932989562, 557.014196954, 95.8494362461, 5.35121847343, -0.0218457503794, 1.3949634938, 52, 2019
E, 100, 0.28513286111381103, 144.680188758, 160.311603089, 0.881163296781, 1.15822909889, 2.98864005085, 52, 2019
Z, -100, 0.9896059596095167, 205.037011473, 217.414540898, 0.924191800084, 0.330851236565, 0.160287285742, 55, 2019
N, -100, 0.7826330058011192, 480.075306557, 91.3252438553, 5.19505723769, 0.233093531405, 0.276788589314, 55, 2019
E, 100, 0.8942810809716227, 141.624046207, 123.199461239, 1.19061185577, 0.441082398468, 0.52163940914, 55, 2019
Z, 100, 0.3148389037500142, 73.0189183707, 93.373384324, 0.837869196777, -2.02995863488, 0.840356627367, 58, 2019
N, 100, 0.33757994453045553, 365.507320374, 56.2465031094, 5.37077918347, -0.129316360122, 1.3659604121, 58, 2019
E, 100, 0.5778002536912175, 436.948361847, 48.6051947782, 7.44842514964, -0.0498962493046, 1.95248306022, 58, 2019
Z, -100, 0.8270886425274789, 148.213569273, 145.108633713, 1.16756343829, 1.75230776727, 1.16768119198, 61, 2019
N, 100, 0.34316471515130187, 621.704250137, 28.8935084927, 20.3077427508, -0.460716608539, 1.77389202306, 61, 2019
E, -100, 0.8098954986818215, 729.057858355, 74.3863223819, 11.2467431933, 0.611450407363, 1.48287160312, 61, 2019
Z, 100, 0.831727151133456, 222.018918303, 221.134808681, 1.17446498671, -1.47799688667, 0.888754351625, 64, 2019
N, 100, 0.6392525558392845, 580.73083174, 62.3145736912, 9.56341170013, -0.531860880204, 2.74452143735, 64, 2019
E, 100, -0.24585697356926645, 185.151514831, 120.239995302, 1.55675488528, 0.836342237718, 1.09225752987, 64, 2019
Z, -100, 0.994943278514691, 251.477605729, 243.921742973, 1.06991234366, 0.202596753016, 0.0769421137217, 67, 2019
N, 100, 0.9528419735612258, 481.088206758, 85.0748659345, 6.17031317852, 0.878531719397, 2.74432423242, 67, 2019
E, -100, -0.7843470457031918, 66.4953777602, 136.62140643, 0.517092801578, -1.65014111229, 2.99188539106, 67, 2019
Z, -73, 0.9998557432822884, 204.236169506, 201.683283775, 1.00437789115, 0.00829796883896, 0.00862585068579, 70, 2019
N, -100, 0.8880563829296718, 590.626635413, 85.6273523159, 6.12688407194, -0.332055260971, 1.23744073816, 70, 2019
E, -100, -0.24082495685922398, 208.583812705, 116.026738056, 1.32662211117, -2.44683984493, 2.52135755329, 70, 2019
Z, 0, 0.8988566845346102, 73.792326042, 109.172023931, 0.55775444034, 1.12853910421, 1.45982829743, 73, 2019
N, -100, 0.24128182316874117, 396.539510357, 62.6094293576, 6.81695169193, 0.595203211323, 0.297176175446, 73, 2019
E, 100, 0.46641384070431113, 194.51316707, 62.446892005, 2.86842352691, -0.980955600944, 2.19316516869, 73, 2019
Z, 100, 0.9801380980860097, 172.472698268, 166.589390674, 1.16648519612, -0.73438243307, 1.21258972058, 76, 2019
N, -100, -0.5710278503855879, 377.882594547, 35.6931582984, 10.1718747453, 1.09559346007, 1.91519915688, 76, 2019
E, -100, 0.18966926195860973, 148.581294344, 86.2374161484, 2.2125444395, -0.208185658752, 1.93161515347, 76, 2019
Z, 100, 0.9763285277867334, 285.520628207, 280.601338758, 0.918720170899, -0.729841173208, 0.385894731581, 79, 2019
N, 100, 0.49892473447942765, 528.777101424, 79.0620708561, 6.76025260199, -0.793147687745, 2.68970146814, 79, 2019
E, -100, 0.11083622367207588, 126.451816891, 153.645473802, 0.83920175332, 0.355275289034, 0.883281478549, 79, 2019
Z, -100, 0.9884643532145115, 290.204266146, 285.188670768, 1.06475341336, 0.290249472131, 0.102309489565, 82, 2019
N, -100, 0.9818195645214142, 440.964755826, 100.102181416, 4.56842047465, 1.0434099523, 2.72246133322, 82, 2019
E, 100, 0.3170497658790073, 114.793475762, 159.043580192, 0.596209933383, -0.937420569342, 0.583279015449, 82, 2019
Z, 86, 0.9972054250735894, 193.649286948, 179.256908133, 1.101251964, -0.112627007319, 0.0398065238713, 85, 2019
N, -100, 0.9376150417770983, 414.521818184, 83.3337449683, 4.88082094419, -0.0609247426225, 0.146128891479, 85, 2019
E, 100, 0.0633318743830633, 120.263246342, 102.039498607, 0.891163448929, -1.67775843518, 1.51448606781, 85, 2019
Z, -100, 0.2718696110639669, 134.660521812, 67.0374508207, 1.36332667134, -1.38189884664, 2.53305576969, 88, 2019
N, 100, -0.09399352957789153, 269.045508926, 43.9178772301, 6.5071256471, 0.499997116883, 0.56276267427, 88, 2019
E, -100, 0.5889618222248163, 158.158203501, 31.4213565552, 3.92524971628, -0.684520159872, 2.52095236989, 88, 2019
Z, 31, 0.9922086863086217, 174.91619247, 166.611422299, 0.963394525959, 0.376783108843, 0.374971982285, 91, 2019
N, 100, 0.5024597421719211, 476.446135316, 37.1378418727, 12.7122954634, -1.55611169111, 2.44482468901, 91, 2019
E, -100, 0.09596881399208972, 232.007444616, 87.8419397083, 2.77551401933, 0.0866531450147, 1.56665459735, 91, 2019
Z, -59, 0.9999528557033738, 244.005580266, 237.295545062, 1.03305703199, -0.00734603395791, 0.00957348121855, 94, 2019
N, -51, 0.9642917829982585, 486.054030481, 71.3995502847, 7.70483906323, -0.457067260235, 1.45650969794, 94, 2019
E, 100, -0.4549477232738551, 110.322808724, 130.767924847, 1.06394999666, 0.957662478219, 1.31628687026, 94, 2019
Z, 100, 0.9806379231564983, 254.37990952, 246.55992928, 1.03411446335, -0.49651703758, 0.318666973756, 97, 2019
N, -100, 0.8940174394047238, 664.394376216, 89.8009594946, 7.08606094127, 0.803311369586, 2.20933485222, 97, 2019
E, -82, -0.9293614588992056, 179.499003652, 138.921316405, 1.23822805588, -2.1401284549, 2.97723853748, 97, 2019
Z, -100, 0.999379004954807, 180.392244851, 182.393003787, 0.981802669461, 0.0767623634117, 0.0332040146108, 100, 2019
N, -100, 0.4418815772967756, 624.601932999, 82.6212409167, 6.9889941919, -0.124697100354, 1.64985359937, 100, 2019
E, -100, -0.5131540572444098, 274.508684064, 104.954223056, 2.22690850479, -1.60783400143, 2.53038133516, 100, 2019
Z, 100, 0.9109545122328464, 84.3406424175, 82.5518248446, 0.698861027414, -0.56904689811, 1.93212264032, 103, 2019
N, 100, -0.5331983024115888, 569.798538647, 52.2563590467, 10.2944157772, 0.750789599429, 1.75228096863, 103, 2019
E, 100, 0.5427777676142307, 333.388587485, 42.8588840268, 5.81999264402, -0.661075663363, 2.68212712186, 103, 2019
Z, 100, 0.9543993300592428, 230.814462436, 212.454489211, 1.43203830125, -0.587563782463, 1.26206241774, 106, 2019
N, 100, 0.48832249138840916, 363.938320872, 50.1799686806, 7.73474459851, -0.992026583405, 2.7289943957, 106, 2019
E, -100, 0.6052129577521662, 163.507556885, 112.998574291, 1.74881669779, 0.318721120144, 1.13059385579, 106, 2019
Z, 73, 0.9982580251636409, 288.334349329, 284.078009125, 0.9678217034, -0.104744415298, 0.0738929078689, 109, 2019
N, -100, 0.9164068727277596, 629.995549049, 86.6741015977, 6.70524928735, -0.551891242988, 0.411100780121, 109, 2019
E, 100, -0.04073570934396349, 110.792158125, 156.571305911, 0.697501133589, 0.567071351777, 0.967420704151, 109, 2019
Z, -100, 0.9836098902201936, 242.557983153, 246.103980835, 1.02046805592, 0.0504010469245, 1.39341776407, 112, 2019
N, -100, 0.5329378330110205, 438.701548274, 92.9695800472, 4.56917341348, -0.647634408456, 2.64834879736, 112, 2019
E, 100, 0.5419152839184279, 95.3805548055, 137.260933314, 0.56568165581, -0.514255705042, 0.78096681114, 112, 2019
Z, -100, 0.99632072291488, 121.175001502, 134.018454112, 0.869081009767, 0.141829702565, 0.0743478938383, 115, 2019
N, 100, -0.26325065334176745, 352.463278981, 69.3966056901, 4.41016942705, -0.342029968786, 2.61893552179, 115, 2019
E, 100, 0.5116939893399302, 125.944152956, 75.3360076957, 1.42580858447, -0.587913167689, 1.3740727173, 115, 2019
Z, -100, 0.9274928619557742, 99.3748283536, 87.7930128705, 1.45401532874, 0.634110182996, 0.422845858317, 118, 2019
N, 100, -0.7339476651113974, 388.504415145, 33.6256050433, 9.46605297761, 0.400222203554, 2.36637107929, 118, 2019
E, -100, 0.7160254224013155, 188.599817871, 43.7423232636, 4.10296611482, -0.47108973972, 1.00209081604, 118, 2019
Z, -65, 0.9976063838260694, 233.222449602, 227.026030534, 0.972637869611, 0.163803437401, 0.1341916576, 136, 2019
N, 100, 0.5032684742005826, 343.262297848, 60.2278459543, 5.86371378168, -1.56569707087, 1.27783612634, 136, 2019
E, -100, 0.5953792509764446, 174.464579607, 121.941485961, 1.54939758846, 0.472564992001, 1.12622203886, 136, 2019
Z, -3, 0.9998015804241409, 262.931408288, 254.481436504, 1.04960707532, -0.00471944918958, 0.022034020924, 139, 2019
N, 100, 0.9268696473693631, 345.426873444, 82.6022545111, 4.28400356049, -0.268154423524, 1.9992293552, 139, 2019
E, -100, 0.776110841432539, 110.1461074, 139.406355081, 0.861415201328, 0.09641879513, 1.02917390398, 139, 2019
Z, -100, 0.9925582238678781, 197.364170634, 200.869170733, 0.9941078927, 0.255536951047, 0.121852262061, 142, 2019
N, -100, 0.6702330092560593, 464.798943652, 80.4115558857, 5.31505021641, -0.983426910218, 2.76498096459, 142, 2019
E, -100, -0.046285330090762904, 118.735818586, 111.052923833, 0.900238045962, -0.396278960602, 1.30522448761, 142, 2019
Z, 100, 0.9887465707332723, 135.866987318, 108.564185256, 1.29033632861, -0.148290980619, 0.101653651092, 145, 2019
N, 100, -0.1635922154816525, 417.694730318, 58.4470646607, 6.9270959119, -0.0643249112942, 2.36532376179, 145, 2019
E, 100, 0.3687917894556631, 199.581300101, 59.1504581199, 3.13136690609, -1.16190575905, 1.46515108053, 145, 2019
Z, -100, 0.8856484121729289, 118.694008543, 103.195849319, 1.46649956176, 0.849872032167, 0.529366525862, 148, 2019
N, 100, -0.729333696886727, 361.437177507, 32.1907215679, 10.4541874506, 1.08884568245, 1.13068008061, 148, 2019
E, -100, 0.8606022931175455, 227.859945501, 52.6952368836, 4.63747740553, 0.488634404432, 2.68097015412, 148, 2019
Z, 100, 0.9760961380623692, 200.842213661, 187.266917636, 1.3425433775, -0.445418795501, 1.31848194341, 151, 2019
N, 100, 0.26392185173690236, 341.012142891, 51.9983635007, 6.88742664319, -1.26372547328, 2.46612202665, 151, 2019
E, -100, 0.5945767919566074, 173.977027213, 100.138598434, 1.91860676886, 0.490638399483, 0.34798081929, 151, 2019
Z, -100, 0.9917371616896744, 245.024470008, 234.559218757, 1.11695633902, 0.289255959763, 0.147671087487, 154, 2019
N, 100, 0.9224852233225751, 552.133450269, 77.0607025486, 7.08220790099, -0.607300863355, 1.45085500899, 154, 2019
E, 100, -0.42117353480272335, 151.041066189, 128.960085435, 1.14653346326, 0.765440161861, 1.69727346715, 154, 2019
Z, 100, 0.9632905436750697, 237.116146438, 214.022001873, 1.17337469293, -0.551313832658, 0.321509916523, 157, 2019
N, -100, 0.9215758275018784, 426.578826179, 83.4831324555, 5.44362891106, -0.12738541653, 1.37471571879, 157, 2019
E, -100, -0.5852460052908116, 83.3879594153, 118.125050987, 0.816141277938, -2.10729922809, 2.89739882459, 157, 2019
Z, -100, 0.9993432935195156, 136.733915222, 138.796040622, 0.99221351885, 0.108869143202, 0.0414975259079, 160, 2019
N, -100, 0.24400040875736462, 322.097721274, 67.2255359318, 4.98263306899, 0.0443905257114, 1.17023121216, 160, 2019
E, 100, 0.37245218877051006, 166.970147922, 74.7718289127, 1.79936465595, -1.33669313198, 2.2327614818, 160, 2019
Z, 100, 0.992844907023958, 151.794444354, 148.057088794, 1.05104040926, -0.264974589409, 0.314094321465, 163, 2019
N, 100, -0.758386337785511, 198.578464865, 43.2135123637, 4.72353823984, 1.46106851842, 1.3035969163, 163, 2019
E, -100, 0.9514236039978924, 133.616832299, 76.8635062177, 2.06053930248, 1.22185411752, 2.76037337436, 163, 2019
Z, 60, 0.9953347668903875, 217.066193109, 211.498427688, 0.9418936907, 0.031293145824, 0.142245842093, 166, 2019
N, 100, 0.35883788507610237, 430.519037366, 59.2503460298, 6.41109336363, -0.8302323641, 2.70903643017, 166, 2019
E, -100, 0.38559661127628586, 196.39449535, 112.770317047, 1.69087440546, 0.501670977046, 0.337282466643, 166, 2019
Z, 100, 0.9909957758778849, 227.443808189, 222.145010477, 1.00217307773, -0.307642219705, 0.127821227704, 169, 2019
N, 100, 0.9377306460655578, 514.922913666, 74.3235961507, 6.74305136691, 0.134904631552, 2.70499648707, 169, 2019
E, 100, -0.501942566170641, 108.648968291, 120.678673312, 1.05107726874, 0.626654143006, 1.62204895485, 169, 2019
Z, 0, 0.9997253573670362, 181.854970011, 177.498464163, 1.02734954283, -0.0320725693754, 0.0280951774519, 172, 2019
N, -100, 0.8883665415756165, 516.925756686, 72.6011335737, 7.14582557398, -0.104883794873, 0.236619179565, 172, 2019
E, -100, -0.6888749376383947, 167.156944791, 97.8043297533, 1.52417800591, -1.88508886839, 2.75336094946, 172, 2019
Z, -33, 0.9843176294220624, 94.2000713116, 108.856277752, 0.749800858585, 0.151288309224, 0.354272931883, 175, 2019
N, -100, 0.29755105655542863, 442.538266289, 56.1940117518, 7.82044378621, 0.417985648743, 0.300095073889, 175, 2019
E, 100, 0.1547527733608548, 214.654765304, 58.6262403073, 3.30389551605, -1.27797535845, 2.22442620019, 175, 2019
Z, 100, 0.9415795794828168, 111.56365383, 108.558384008, 1.14852061698, -1.04542594471, 0.970370400424, 178, 2019
N, 100, -0.8190103838784218, 324.87654232, 37.6803882563, 9.01474583602, 1.07451143112, 1.56735351298, 178, 2019
E, -100, 0.9110890091632838, 209.118113165, 55.8270485004, 3.75515374867, 0.88589320736, 2.84301065305, 178, 2019
Z, 56, 0.9770079866875302, 201.758417718, 188.499601952, 1.32767830886, -0.41695440534, 1.32986679524, 181, 2019
N, -100, -0.2384312229530177, 291.61615216, 53.3529689059, 6.15609625729, -0.862846879309, 2.73220770974, 181, 2019
E, -100, 0.802927563410749, 134.84455103, 100.031771896, 1.45943228439, 0.0537035193641, 0.811609863946, 181, 2019
Z, -92, 0.999240783885574, 240.723075607, 235.394293717, 0.981254730168, 0.0492677280659, 0.0544556061065, 184, 2019
N, 100, 0.9645112441235759, 473.315625589, 77.5565532275, 5.29094648796, 0.198320614858, 0.295879705983, 184, 2019
E, -100, 0.7428916848301389, 49.2139094741, 128.718033022, 0.366927968456, 1.94467151908, 3.6358349476, 184, 2019
Z, 100, 0.9871528978039682, 240.532329606, 214.415706519, 1.18214710426, -0.300698732892, 0.192051261657, 187, 2019
N, -100, 0.8465355445604306, 439.002890971, 83.5791806649, 4.98570020683, -0.231360757347, 0.274984129838, 187, 2019
E, -100, -0.0836169115048116, 106.082447569, 117.825992147, 0.876476325359, -1.8681140833, 1.68291752777, 187, 2019
Z, 100, 0.9924325066767214, 132.562371394, 143.729790742, 0.827079646134, -0.0384994955138, 0.235366912841, 190, 2019
N, 100, -0.1778713590624902, 232.41362212, 66.5973001449, 4.03414994361, 0.545157233898, 0.525033388425, 190, 2019
E, 100, 0.9292537038841853, 124.205889369, 76.0127644105, 1.45425435221, -0.802852703332, 0.355330931895, 190, 2019
Z, -100, 0.511603982282097, 671.319365158, 197.845145626, 2.62695004374, -3.31139515468, 3.07742119477, 196, 2019
N, -100, -0.7966291253918044, 683.215714287, 54.7976917804, 11.2907193917, -0.567200280535, 2.96874005969, 196, 2019
E, -100, 0.8057414159772602, 587.307910484, 104.790796367, 4.66974470052, 0.504387356228, 0.503781420161, 196, 2019
Z, 0, 0.9999861993551831, 181.565660143, 179.472881568, 1.01026166922, -0.00271963362721, 0.00499730811914, 202, 2019
N, -100, 0.598444566554041, 294.680671186, 73.8140535711, 4.21072758684, 0.0119825531848, 1.23953044192, 202, 2019
E, 100, 0.4041639753595659, 92.0842523493, 99.8045457701, 0.766575528077, -0.90835218899, 1.40072201788, 202, 2019
Z, 33, 0.9990671606846818, 124.696380115, 116.413706009, 1.1093769328, -0.0357145184112, 0.0535346405734, 205, 2019
N, 100, -0.22952290859756458, 275.620560289, 59.7548778095, 4.38933585118, 0.550106997939, 1.16239195104, 205, 2019
E, 100, 0.6013020330529125, 130.939239225, 64.3145662805, 1.73658040352, -1.35699240185, 0.372800639062, 205, 2019
Z, 100, 0.9973441668655543, 112.309032999, 108.988607385, 1.02555422108, -0.213116331808, 0.133185536729, 208, 2019
N, -100, -0.6696178422914804, 302.862308082, 39.0951805914, 7.13981038467, 1.5120109877, 1.52125078652, 208, 2019
E, -100, 0.7942557501205246, 120.233334376, 55.2503166284, 2.22943576039, 0.586398444039, 2.694136966, 208, 2019
Z, 13, 0.9993367045914258, 211.830767498, 206.073429358, 0.997895603097, 0.0288650906907, 0.0564461874406, 211, 2019
N, 100, 0.5355673001009909, 303.096694511, 55.9258738689, 6.06973605995, -1.43755235487, 0.392500367505, 211, 2019
E, -100, 0.7672358994715246, 136.203073827, 109.140055996, 1.27692471526, 0.326351420052, 1.33435108535, 211, 2019
Z, 100, 0.9593156723782634, 265.449903055, 259.152823287, 1.02131596039, -0.758198334286, 0.452779776795, 214, 2019
N, 100, 0.9424670664509643, 567.811719358, 85.2335786072, 6.2582328212, -0.0283678984501, 2.42940273833, 214, 2019
E, 100, -0.6241363469095528, 123.783534561, 142.508102427, 1.01065844792, 0.862992449456, 1.96824194174, 214, 2019
Z, 0, 0.9986624235897262, 236.288694975, 223.99088099, 1.08482470959, -0.0596345600951, 0.0619578239409, 217, 2019
N, -100, 0.7632746500392541, 546.231960546, 89.3478870646, 6.18278053639, -0.143676576611, 1.26366439084, 217, 2019
E, -100, -0.4173063515262224, 174.755929848, 124.475327782, 1.22210133211, -1.50324940836, 2.77240829369, 217, 2019
Z, 100, 0.9995181940854156, 121.076213746, 127.022994635, 0.942545967353, -0.0340359581231, 0.0279047571557, 220, 2019
N, 100, -0.040244393263449925, 441.935188593, 63.1098104862, 7.29064490698, 0.542811775065, 1.13199603795, 220, 2019
E, 100, 0.4937816916503219, 293.122785321, 66.6949200676, 3.69828038156, -0.6435264492, 2.73590316222, 220, 2019
Z, 100, 0.9988239203014836, 145.783134964, 139.460348871, 1.00657410427, 0.0374327388801, 0.0664533146438, 223, 2019
N, -100, -0.6563113628753876, 456.002982102, 31.9568190073, 12.8291771868, -1.89502400336, 3.02631742859, 223, 2019
E, -100, 0.6522994963946399, 297.0480629, 70.278489617, 4.53455063097, -0.550939730809, 1.49341311307, 223, 2019
Z, -100, 0.9374650476240071, 167.463595381, 160.682660219, 1.02190246042, 1.50529310723, 1.07537865526, 253, 2019
N, -100, -0.22908112237883815, 469.338612611, 34.1004616354, 14.0494445401, -1.14917710404, 2.94689448463, 253, 2019
E, -100, 0.31923856523924793, 247.379863637, 83.6551346817, 3.36605464035, 0.0739602722352, 1.65180345765, 253, 2019
Z, -100, 0.9674952290690073, 209.660226378, 227.456974551, 0.858504793866, -0.320501487791, 0.222638907259, 256, 2019
N, 100, 0.6830001078678378, 552.904956005, 66.9216742741, 8.43168242976, -0.0795036602587, 2.9513146228, 256, 2019
E, 100, -0.195053887585213, 243.59322609, 124.389076397, 2.02543102418, 0.89500421507, 1.08304066513, 256, 2019
Z, 100, 0.9459578061889298, 150.346145113, 236.882945791, 0.616892153753, 0.140314331658, 0.375939670215, 259, 2019
N, -100, 0.853471482275279, 294.514635726, 85.6854550689, 3.26778431044, 0.989808768942, 2.69782039601, 259, 2019
E, 100, -0.4470385000766067, 70.7701445104, 133.11151036, 0.580525665191, -1.36047072605, 2.97096958167, 259, 2019
Z, -100, 0.9739494433537935, 170.10755222, 183.973110015, 0.895557167616, 0.512138920515, 0.303685683922, 262, 2019
N, -100, 0.6557941779123312, 529.685153285, 81.5715243604, 6.27817006109, -0.544054139271, 2.44469653445, 262, 2019
E, -100, -0.6459182456490483, 201.807650046, 106.052234936, 1.72874234079, -1.92108140311, 1.3614962245, 262, 2019
Z, -100, 0.9011929057187873, 94.9872596291, 90.4401867918, 0.984328975259, 0.0700369011858, 0.217057607986, 265, 2019
N, -100, 0.10529315200583661, 401.23287393, 55.1091258048, 7.24833831242, 0.816457396507, 0.293797349262, 265, 2019
E, 100, 0.10859243041927745, 197.400827855, 51.8607406341, 3.44927183097, -1.05276475045, 2.55488353159, 265, 2019
Z, 100, 0.9143536165731072, 90.1376060735, 86.3529309617, 1.00896497234, -0.957814820184, 0.618572999475, 280, 2019
N, 100, -0.5290912903604501, 527.366360405, 35.8340424742, 13.8926699337, 1.03368031501, 1.11525488217, 280, 2019
E, -100, 0.5543895850820578, 303.702344828, 42.6843906998, 7.05967565749, -0.144669746045, 2.8398570915, 280, 2019
Z, 57, 0.9493410702502411, 233.499612693, 184.334005616, 1.54662395434, -0.414753335988, 1.32954845926, 283, 2019
N, -100, -0.038149286799575875, 357.444995713, 43.5046118905, 9.38555386882, -1.09351970784, 2.35686363285, 283, 2019
E, -100, 0.514290210804238, 187.973517039, 97.991808548, 2.30074166152, 0.66733513536, 1.22441739568, 283, 2019
Z, -20, 0.9979348590485009, 246.959836704, 241.559378934, 0.960122162445, -0.00539696352672, 0.0727026398481, 286, 2019
N, 100, 0.8861576224701423, 528.362454529, 75.132667855, 6.3196152285, -0.360861031946, 2.46856021701, 286, 2019
E, 100, -0.4349402724476387, 161.262663331, 133.237805595, 1.14827909517, 0.513209395442, 1.62973776189, 286, 2019
Z, 0, 0.9996464527212644, 242.636534453, 235.142018985, 1.05216093833, -0.0168437082889, 0.0290957247065, 289, 2019
N, -100, 0.8786176948485406, 481.696024256, 88.3774659875, 5.62666196337, 0.852450638524, 2.50174315141, 289, 2019
E, -100, -0.06641659266013289, 90.9850444984, 132.607264556, 0.719815277513, -0.385470544449, 2.96020551476, 289, 2019
Z, 100, 0.9969162559640237, 168.089457659, 162.422223344, 1.03575838803, -0.179302965032, 0.0715103354894, 292, 2019
N, -100, 0.6808514838602775, 447.120957359, 76.8335651569, 5.27816351097, -0.250222860529, 2.12601512593, 292, 2019
E, -100, -0.05928605387153943, 179.797842706, 94.173416517, 1.64645636843, -0.937211196668, 1.39280441125, 292, 2019
Z, -100, 0.9662715293883946, 116.562786651, 92.0935265959, 1.40667846856, -0.835882193531, 2.59642928648, 295, 2019
N, 100, -0.3625622042740713, 375.113482092, 44.535739671, 8.56215042303, 0.697668842458, 1.13795201235, 295, 2019
E, -100, 0.6430269659842331, 219.268937653, 46.8818417721, 4.46349851192, -0.800831847097, 2.41250847717, 295, 2019
Z, -35, 0.9986010669482523, 235.615445601, 227.131846424, 1.00550102293, 0.167999923696, 0.113273635328, 298, 2019
N, -100, -0.08085317118856847, 436.613886763, 55.7526968354, 7.48590989983, -1.28039922391, 2.79024464865, 298, 2019
E, -100, 0.31059690565256054, 244.458570506, 121.885420208, 1.99167678846, -0.0294389329949, 1.5904802958, 298, 2019
Z, -100, 0.9804692622510731, 327.392645114, 291.369064787, 1.26573314114, 0.288328707872, 0.201769748254, 301, 2019
N, 100, 0.7900524481800681, 300.238385107, 91.4177707867, 3.71844683547, 0.0245727045313, 2.8913747032, 301, 2019
E, -100, 0.8682232823654166, 133.309683259, 160.773013976, 0.921346520821, 0.820960042651, 0.674521855201, 301, 2019
Z, 100, 0.9983022515085501, 240.520897782, 240.344906631, 0.974686334061, -0.124924934069, 0.0611984660514, 304, 2019
N, -100, 0.8747966843646334, 317.715218429, 92.7410824817, 3.22783395129, 0.210708315473, 1.3687520774, 304, 2019
E, 100, 0.7215907673480949, 98.6819582015, 133.577245568, 0.886827395403, -0.352767279822, 0.88793870689, 304, 2019
Z, 100, 0.9850917841010719, 163.693401778, 119.032611954, 1.40013107706, -0.139488885005, 0.0923709975191, 307, 2019
N, -100, 0.2575326944712996, 413.523691516, 63.6687218628, 5.86080921192, -0.212056887494, 1.99983523446, 307, 2019
E, 100, 0.3955082475300477, 197.451475903, 67.578877058, 2.58459055159, -0.840746923217, 1.43646334684, 307, 2019
Z, 100, 0.996352367610907, 109.074157858, 105.43901777, 1.0313433695, -0.231741824155, 0.14557799329, 310, 2019
N, 100, -0.6630553796862436, 322.616237339, 27.7369966893, 11.4050264453, 1.65593914718, 0.541343001645, 310, 2019
E, -100, 0.629546750217266, 214.325785762, 53.9540411816, 4.71851667533, -0.136161796204, 1.63643411878, 310, 2019
Z, 6, 0.9882006971112102, 199.6334489, 194.132603432, 0.915826404797, 0.374038371591, 0.372005757103, 313, 2019
N, 100, 0.07901682242568676, 343.898552625, 50.7023479454, 6.67372974421, -1.36809990597, 2.50170619049, 313, 2019
E, -100, 0.19048558783414019, 175.944630603, 104.38071102, 1.80464249077, -0.00953259540529, 1.58351218962, 313, 2019
Z, 1, 0.999747147449279, 247.538653093, 239.646179007, 1.05282269595, -0.036586106892, 0.0280777268602, 316, 2019
N, 100, 0.8508240414432648, 417.637366026, 77.7332914986, 5.64279849107, 0.139150049648, 2.90326415683, 316, 2019
E, 100, -0.6258322454815428, 86.8713397041, 132.610395632, 0.844172320289, 1.05823799385, 1.25083534617, 316, 2019
Z, 100, 0.995627136762381, 226.18920894, 219.765548212, 1.02458954903, -0.220274916518, 0.125686229103, 319, 2019
N, -100, 0.93884656796091, 450.433993796, 85.2271697835, 5.32925757726, 1.09892185051, 2.75558875165, 319, 2019
E, -100, -0.41510998232109403, 139.857659149, 123.373213187, 0.942612684694, -2.6679627706, 2.15755835724, 319, 2019
Z, -100, 0.990507397002458, 124.432907993, 138.06918496, 0.863438840976, 0.303708582777, 0.136460646401, 322, 2019
N, -100, 0.7152781538934314, 364.974726892, 68.6191097384, 5.06098775606, -0.00307081607306, 1.2514307876, 322, 2019
E, 100, 0.19768522095375138, 212.851311667, 78.8800842461, 2.21163084038, -1.15664529275, 1.45435050803, 322, 2019
Z, 100, 0.9831349633908606, 136.886354192, 134.101206658, 0.97197869155, -0.502708869753, 0.337548501773, 325, 2019
N, 100, -0.5344261105352943, 258.361432259, 39.1694893369, 6.8823253519, 0.883661610302, 1.25421999033, 325, 2019
E, -100, 0.7260333683002899, 199.544873924, 70.4033409818, 3.34445892559, -0.686120292255, 0.753830182946, 325, 2019
Z, 6, 0.995345633629579, 242.468079169, 235.956673317, 0.950475893991, 0.44723664204, 1.28308143805, 328, 2019
N, 100, 0.17008714429744193, 301.932183691, 63.5857573324, 4.78538869826, -1.32310819872, 2.61990051234, 328, 2019
E, -100, 0.39970931572719326, 157.38455166, 127.105288566, 1.31407557989, 0.325292411422, 0.494232529468, 328, 2019
Z, 100, 0.9988540549728772, 272.481805995, 259.444201286, 1.01409252497, -0.0836584897328, 0.0424483509281, 331, 2019
N, 100, 0.8925791690884265, 496.358653128, 84.8004350417, 5.66761582575, -0.468838905561, 2.02647299971, 331, 2019
E, -100, -0.8017016718676891, 138.17293111, 141.992666558, 0.8166388468, 1.33317742658, 1.5268870947, 331, 2019
Z, 100, 0.9930003248770304, 214.48808427, 198.505773771, 1.10356997057, -0.240655995224, 0.153775184994, 334, 2019
N, -100, 0.8674816576514958, 441.871776962, 79.7274018321, 5.59803518436, -0.374342244426, 1.35262252261, 334, 2019
E, -100, -0.3221334644529739, 149.311698909, 109.718381159, 1.18462174774, -1.87444135114, 2.78594707344, 334, 2019
Z, -100, 0.5273545556256335, 73.3678229622, 101.967930262, 0.852067666699, 0.914466004917, 2.30597419072, 337, 2019
N, -100, 0.3497595392472015, 278.244682583, 55.0452427564, 5.33637627146, 0.278388337146, 1.72853124418, 337, 2019
E, 100, 0.49199662845244957, 186.424175981, 56.0674669508, 3.13864619797, -1.31724209533, 0.542835481975, 337, 2019
Z, -100, 0.7686902518666358, 170.901565195, 109.361121315, 1.77391790209, 0.999881198557, 0.580506820043, 340, 2019
N, 100, -0.6623501040770096, 428.556051428, 30.6877886732, 11.6396573746, 0.774429370872, 1.49721376992, 340, 2019
E, -100, 0.4846093931502102, 349.288749439, 56.3673911428, 5.68569301587, 0.606050165473, 2.37518344695, 340, 2019
Z, 100, 0.9873109031162409, 199.302252583, 189.014717389, 1.24064515357, -0.180269497412, 0.217861870681, 343, 2019
N, 100, 0.24256502220573503, 337.478504207, 52.0355766557, 7.47870967306, -0.840604750789, 2.63549931917, 343, 2019
E, 100, -0.09415032452541094, 164.729383945, 101.286850708, 1.73135385391, 0.330739522546, 1.99708322809, 343, 2019
Z, -100, 0.9831546421554134, 246.652600722, 230.891137292, 1.19405107051, 0.337430346039, 0.177040125341, 346, 2019
N, 100, 0.9080692485197394, 264.819811852, 75.7529253333, 3.67716457775, -0.186642154926, 2.39443596616, 346, 2019
E, -100, 0.8611920383841939, 98.0563587325, 127.009168301, 0.850311541126, 0.518555066697, 0.951042525304, 346, 2019
Z, 100, 0.9860145187625099, 219.104184744, 209.710306959, 1.06167774973, -0.3845326294, 0.230834523224, 349, 2019
N, -100, 0.813054817674928, 340.858622439, 81.6950213621, 3.58831624607, -0.25434684334, 1.32290333738, 349, 2019
E, 100, 0.31759867543933434, 155.665239392, 116.265487514, 1.21231493752, -1.55666559551, 1.55236847516, 349, 2019
Z, 89, 0.9833534444768371, 188.709652593, 136.935277719, 1.42466091115, -0.0923517704413, 0.120855158636, 352, 2019
N, -100, 0.294155177995234, 262.079214557, 65.6448667214, 4.15003405468, 0.312759452574, 1.27996777011, 352, 2019
E, 100, 0.7831693238593087, 188.25889542, 75.3074274017, 2.13822579445, -0.75799082922, 0.560117608861, 352, 2019
Z, 0, 0.9993197757742648, 150.201026711, 145.741270538, 1.03312075288, 0.0784545477214, 0.0661947795752, 355, 2019
N, -100, -0.8259279074997378, 221.155442268, 43.7891230484, 4.75628034692, 1.15040594913, 1.94262100893, 355, 2019
E, -100, 0.7609487460649271, 210.818432101, 75.5942071746, 3.08080024746, -0.224829359431, 0.872581659943, 355, 2019
Z, -22, 0.9898785113017288, 224.098297069, 215.527043444, 0.92285684391, 0.396590490712, 1.3175180346, 358, 2019
N, 100, 0.21757530100219885, 338.493859183, 59.2126213037, 5.75949705094, -0.780333803762, 2.6594405043, 358, 2019
E, 100, -0.055468561668199884, 153.776282631, 114.61851878, 1.26823766691, -0.571390460667, 1.40526948622, 358, 2019
Z, -100, 0.9790290813259441, 244.473218492, 230.468028291, 1.16011902327, 0.341415490572, 0.133800005172, 361, 2019
N, 100, 0.8916225416146747, 261.002821672, 75.6562383386, 3.49468264112, 0.151992036353, 2.94694444896, 361, 2019
E, -100, -0.15837085085719763, 128.046490999, 125.163126347, 0.929922184137, 1.97579676625, 1.45471061827, 361, 2019
Z, -100, 0.9763784084195845, 175.034074226, 183.68388643, 0.950703615733, 0.470927255675, 0.273022600591, 364, 2019
N, -100, 0.8916762040331625, 233.568339017, 74.1836706914, 3.55917680448, 0.0234429019785, 1.25559527135, 364, 2019
E, 100, 0.5239190867634316, 97.7162056981, 101.899044238, 0.833700754254, -1.8244363161, 2.30207590119, 364, 2019
