Chan, Phase Shift, Correlation, ptp-data, ptp-synthetic, DOY, Year
Z, -20, 0.9996962676718288, 90.6511952641, 88.9061210883, 1, 2019
N, -20, 0.9981214878577511, 31.9849583269, 35.0046616162, 1, 2019
E, 20, 0.9987650336153374, 58.3030656839, 59.1661885516, 1, 2019
Z, -20, 0.9995674273123275, 128.640669959, 128.375737904, 4, 2019
N, -20, 0.9950234979869397, 43.9574976364, 51.5784634995, 4, 2019
E, 20, 0.9986438070439325, 85.6807741454, 87.8675836025, 4, 2019
Z, -20, 0.9998456449825618, 139.404315905, 140.946091138, 7, 2019
N, -20, 0.9950090804930469, 44.3600733411, 56.3272355122, 7, 2019
E, 20, 0.9981912083305184, 94.7943126859, 97.5529011591, 7, 2019
Z, 20, 0.9999334264760988, 119.159687903, 120.546505585, 10, 2019
N, -20, 0.9997540343046496, 35.5857375164, 47.5715734215, 10, 2019
E, 20, 0.9975307921807778, 82.2355701722, 84.6258923605, 10, 2019
Z, 20, 0.9997958450496617, 78.6051335662, 78.2346358596, 13, 2019
N, 20, 0.9956144641407418, 22.9741708857, 30.1116787725, 13, 2019
E, 20, 0.9981886526079293, 52.789176987, 54.7971116364, 13, 2019
Z, 0, 0.9996867142815506, 76.4925138177, 74.0474863858, 16, 2019
N, 20, 0.9918207933293719, 26.0327073774, 27.6841556338, 16, 2019
E, 20, 0.9983847284738258, 48.9884882775, 49.6113104179, 16, 2019
Z, -20, 0.9998385115080751, 141.797062927, 140.832519305, 19, 2019
N, -20, 0.9993911938513099, 46.4181199603, 53.9615231921, 19, 2019
E, 20, 0.9984523041987683, 94.8868399833, 96.3548965157, 19, 2019
Z, 0, 0.9999630496688824, 177.639834659, 177.764617738, 22, 2019
N, 0, 0.9999340219023731, 55.5612563594, 67.3788097122, 22, 2019
E, 20, 0.9983634951181887, 118.85114801, 121.392409855, 22, 2019
Z, 20, 0.9996818670517532, 151.964690481, 150.609943858, 25, 2019
N, 20, 0.9974639124152449, 46.1193872108, 56.6866830164, 25, 2019
E, 20, 0.9984261982527018, 101.540270195, 103.854948928, 25, 2019
Z, 20, 0.9983299051663395, 79.0150636607, 79.6579281284, 28, 2019
N, 20, 0.9770914500562791, 22.703844411, 30.208596749, 28, 2019
E, 20, 0.997747657923122, 53.2590070509, 53.6056034725, 28, 2019
Z, -20, 0.9984742517518621, 83.8673019104, 82.378140879, 31, 2019
N, -20, 0.9917861257750817, 30.6771925069, 33.4287058575, 31, 2019
E, 20, 0.9988151076504498, 53.4061471481, 54.6828033644, 31, 2019
Z, -20, 0.9997002036886521, 130.521626896, 129.762703544, 34, 2019
N, -20, 0.9969709318417965, 45.0478669401, 52.7970597137, 34, 2019
E, 20, 0.9987878782573838, 87.0402035817, 89.2565150795, 34, 2019
Z, 0, 0.999891105611107, 150.20853163, 149.05787196, 37, 2019
N, -20, 0.9992314779851642, 49.4188521515, 59.7308803085, 37, 2019
E, 20, 0.9987842104956849, 101.155166748, 103.35872734, 37, 2019
Z, 20, 0.9998135193778745, 132.527370112, 131.81012229, 40, 2019
N, -20, 0.9991815158016721, 41.2692671275, 51.6335275393, 40, 2019
E, 20, 0.9985481420960315, 89.6946379576, 92.1493429685, 40, 2019
Z, 20, 0.9574006987785133, 83.1040334101, 84.1914821678, 43, 2019
N, -20, -0.32936837143910724, 322.521436378, 31.6877341136, 43, 2019
E, 20, -0.11490439987152469, 702.257802006, 58.099252185, 43, 2019
Z, 20, 0.8994863800769776, 100.790327297, 82.7292551095, 46, 2019
N, -20, 0.27593735246096324, 1736.54678572, 31.2888252716, 46, 2019
E, 20, 0.6894909011806257, 3893.19086916, 54.4816966208, 46, 2019
Z, -20, 0.9999726005209212, 162.64658186, 161.821033919, 49, 2019
N, 20, 0.9997820223834348, 52.5671319287, 62.2479411631, 49, 2019
E, 20, 0.9987179313502679, 110.096410264, 111.129696719, 49, 2019
Z, 0, 0.9999735582860243, 193.237483775, 191.803712195, 52, 2019
N, 20, 0.9997068315598243, 61.3359523871, 73.2631575911, 52, 2019
E, 20, 0.9987518665092777, 128.618155774, 131.024109849, 52, 2019
Z, 5, 0.99998898338071, 144.781172706, 143.429716413, 55, 2019
N, -20, 0.9998758419111192, 45.6425333877, 54.7833561996, 55, 2019
E, 20, 0.9981754072987618, 96.8479260531, 98.6715581684, 55, 2019
Z, 20, 0.9980168689021632, 58.1933964371, 58.3435171863, 58, 2019
N, 20, 0.9843950738783671, 17.5712287212, 22.3132491894, 58, 2019
E, 20, 0.9984861379386394, 37.5188626301, 38.9173600641, 58, 2019
Z, -20, 0.999519291928805, 94.9425231168, 91.5376317948, 61, 2019
N, -20, 0.9989413368357155, 35.5622470509, 37.713478369, 61, 2019
E, 20, 0.9991289892966845, 59.9326737846, 61.2311771522, 61, 2019
Z, -20, 0.9997761294676373, 145.356185521, 143.151287002, 64, 2019
N, -20, 0.9983345420524166, 50.6809777767, 58.0374347167, 64, 2019
E, 20, 0.9984569801397534, 97.4521198596, 98.7469212718, 64, 2019
Z, -20, 0.9998463997744342, 161.520073763, 161.19408927, 67, 2019
N, -20, 0.9992161760489285, 52.8536297996, 63.9791935412, 67, 2019
E, 20, 0.998502709006139, 111.334164876, 112.022929395, 67, 2019
Z, -20, 0.9997124727462752, 136.163390449, 135.386890873, 70, 2019
N, -20, 0.9986354967522699, 42.9984380324, 52.2302732557, 70, 2019
E, 20, 0.9989052864170624, 90.5444383091, 94.5821019727, 70, 2019
Z, 20, 0.9993899749923393, 72.758401884, 74.6819143562, 73, 2019
N, 20, 0.9917799820045906, 21.1817692003, 27.1489791952, 73, 2019
E, 20, 0.9973770866120281, 46.0977953777, 50.4205272307, 73, 2019
Z, -20, 0.9994651993725171, 112.804966754, 110.520821875, 76, 2019
N, -20, 0.9985200399345954, 38.8992758866, 42.6914906083, 76, 2019
E, 20, 0.998668926128588, 72.6248674944, 73.5946002039, 76, 2019
Z, -20, 0.9998564512244265, 185.567744868, 184.575279725, 79, 2019
N, -20, 0.9991748419623321, 60.7014829465, 71.4041798906, 79, 2019
E, 20, 0.9985131635407926, 124.486873574, 126.393880591, 79, 2019
Z, 0, 0.9999566746773851, 188.003330653, 186.563237516, 82, 2019
N, -20, 0.9994484386032964, 60.1543222268, 72.2366701157, 82, 2019
E, 20, 0.9985216616381493, 125.229911326, 128.228575653, 82, 2019
Z, 20, 0.9995471780208495, 111.992135168, 116.71688778, 85, 2019
N, -20, 0.9975258050524348, 32.4523335859, 45.2833245484, 85, 2019
E, 20, 0.9956654306014505, 78.6330222499, 80.7822177303, 85, 2019
Z, 0, 0.998210352273371, 42.7876502722, 40.5818341952, 88, 2019
N, 20, 0.9899783974338939, 16.5692983559, 16.6347025896, 88, 2019
E, 20, 0.9978875835790737, 24.9137720523, 25.7000064819, 88, 2019
Z, -20, 0.9996224651967438, 108.698218113, 107.000644115, 91, 2019
N, 20, 0.9939922703943219, 38.8145214996, 43.7695172852, 91, 2019
E, 20, 0.997648807552929, 71.4088578876, 72.1878394775, 91, 2019
Z, -20, 0.9997181849240538, 156.471410274, 155.90932709, 94, 2019
N, -20, 0.9974689212564094, 52.9228323989, 62.424012661, 94, 2019
E, 20, 0.9984131175872972, 106.187673393, 107.696991907, 94, 2019
Z, -20, 0.9999027594287525, 162.231797747, 164.360927929, 97, 2019
N, -20, 0.9983766021493532, 50.5905035515, 64.2913787759, 97, 2019
E, 20, 0.9979436100332246, 112.145149685, 114.181111722, 97, 2019
Z, 20, 0.9998217039212641, 123.240509217, 122.853482857, 100, 2019
N, 20, 0.9967101220048519, 38.425626199, 46.6191632417, 100, 2019
E, 20, 0.9985724931744693, 84.070441475, 85.8550030068, 100, 2019
Z, -20, 0.999184949606717, 57.4784745235, 56.5795150047, 103, 2019
N, -20, 0.9827224460802784, 19.284477268, 19.6376055668, 103, 2019
E, 20, 0.9969174319443247, 35.5881330667, 36.6029260669, 103, 2019
Z, -20, 0.9987807696464595, 140.397592372, 139.35641839, 106, 2019
N, -20, 0.9967367292871936, 47.0005681926, 54.1296466646, 106, 2019
E, 20, 0.9987225335207696, 92.3450461122, 93.7880234165, 106, 2019
Z, -20, 0.9999451823435008, 185.888054781, 185.379185129, 109, 2019
N, -20, 0.9996400564243627, 60.6827132422, 72.2803337939, 109, 2019
E, 20, 0.998602985066151, 124.600924395, 126.757366086, 109, 2019
Z, 20, 0.9999197584037116, 159.111769344, 158.047687749, 112, 2019
N, 20, 0.9991678563722707, 52.1450862106, 62.3865399988, 112, 2019
E, 20, 0.9980953771856124, 107.867419991, 110.124794373, 112, 2019
Z, 20, 0.9993014170536111, 84.0966974506, 86.9638342846, 115, 2019
N, 0, 0.9957227997966527, 25.7231655412, 34.0658524187, 115, 2019
E, 20, 0.9956462466496135, 58.3750012704, 59.8303030946, 115, 2019
Z, -20, 0.9972310119666077, 56.5974931391, 55.1691685008, 118, 2019
N, 20, 0.9950731058958096, 20.8285489227, 22.4533535097, 118, 2019
E, 20, 0.9975822162828119, 35.3191670885, 36.0246741922, 118, 2019
Z, -20, 0.9998993495134081, 119.985640741, 119.010964823, 121, 2019
N, 20, 0.9974838892093839, 41.5297040612, 47.8488057463, 121, 2019
E, 20, 0.997823349495167, 80.4158535916, 80.5778222216, 121, 2019
Z, -20, 0.9999055408254597, 159.159071404, 159.861813565, 124, 2019
N, -20, 0.9990811055878264, 51.5316982238, 62.8462005508, 124, 2019
E, 20, 0.9986618103900531, 109.043614891, 110.421098098, 124, 2019
Z, 0, 0.9999287503152291, 153.932864897, 154.368455156, 127, 2019
N, 0, 0.9989265482904844, 48.2430973485, 59.64979424, 127, 2019
E, 20, 0.998155459518358, 105.436069732, 107.674048711, 127, 2019
Z, -20, 0.9990346472681407, 106.39637695, 102.639233959, 130, 2019
N, 20, 0.984824278622756, 38.026670247, 38.0640346538, 130, 2019
E, 20, 0.9982653168186496, 68.2881594656, 70.6896295212, 130, 2019
Z, 20, 0.9959973990526, 85.2941728289, 83.8007385314, 133, 2019
N, 20, 0.9744859375407411, 28.6110105951, 31.4327991334, 133, 2019
E, 20, 0.9978863173336177, 54.1325134174, 55.3257962694, 133, 2019
Z, -20, 0.9996949115174116, 146.998696547, 146.976551923, 136, 2019
N, -20, 0.9985981516242101, 48.6341751743, 57.3567341241, 136, 2019
E, 20, 0.9980013378998007, 97.5663537691, 99.4308060364, 136, 2019
Z, 20, 0.999224207416374, 164.339526614, 163.233829689, 139, 2019
N, 20, 0.9938828236292874, 54.4041343295, 64.7043369432, 139, 2019
E, 20, 0.9988527986833688, 111.677439971, 112.345895715, 139, 2019
Z, 20, 0.9998960870680448, 128.65055814, 127.525068895, 142, 2019
N, 20, 0.998936250327966, 43.4548234076, 51.2244675888, 142, 2019
E, 20, 0.9986144641392809, 88.1188917353, 89.4609690536, 142, 2019
Z, 20, 0.9947955157174161, 67.8447017138, 70.4785411029, 145, 2019
N, 20, 0.9755298300061304, 20.1735327747, 27.4990436254, 145, 2019
E, 20, 0.9951312092960367, 48.3709951622, 47.9318528609, 145, 2019
Z, -20, 0.998886471170438, 66.4432632348, 66.5767566218, 148, 2019
N, -20, 0.9936089091356027, 22.3983555044, 26.3554097585, 148, 2019
E, 20, 0.996221415072386, 42.927173317, 44.4860660803, 148, 2019
Z, 20, 0.9999883992149932, 122.512078305, 123.720773281, 151, 2019
N, 20, 0.9993184669933107, 39.5616076221, 48.5769206437, 151, 2019
E, 20, 0.9973020718578373, 83.925957063, 84.3071432832, 151, 2019
Z, 20, 0.9999509054134625, 155.418360473, 156.013629558, 154, 2019
N, 20, 0.9994501478631646, 49.2985270743, 60.4130523265, 154, 2019
E, 20, 0.9985430701349484, 107.743258829, 108.095726689, 154, 2019
Z, 20, 0.9999045079215724, 143.13187565, 142.119346257, 157, 2019
N, 20, 0.9993675709917437, 44.9334551855, 54.3104872552, 157, 2019
E, 20, 0.9983466396702195, 97.7671399708, 98.8346636261, 157, 2019
Z, 20, 0.9993316443410603, 93.3458153863, 94.1307677516, 160, 2019
N, 20, 0.9918620529928781, 26.4118538424, 33.8745389281, 160, 2019
E, 20, 0.9973227667569717, 62.6846709266, 62.4842871021, 160, 2019
Z, 0, 0.9997505203226208, 97.2140113187, 94.8987062071, 163, 2019
N, 20, 0.9990151529740541, 32.3764572111, 36.219570718, 163, 2019
E, 20, 0.9989332139996574, 62.4890033823, 63.170315028, 163, 2019
Z, -20, 0.9996192307547476, 136.312245301, 134.28428966, 166, 2019
N, -20, 0.9980673594145827, 47.015024946, 53.2274788179, 166, 2019
E, 20, 0.9989147097660074, 89.0494077115, 91.5824133549, 166, 2019
Z, 0, 0.9999018698323844, 139.319637647, 140.903588217, 169, 2019
N, -20, 0.9985587025846372, 46.7964504412, 56.9047047135, 169, 2019
E, 20, 0.9976029792787541, 96.1356392008, 97.7870952423, 169, 2019
Z, 20, 0.9999688721564748, 110.466164478, 113.330395377, 172, 2019
N, -20, 0.9994668776987664, 35.1579684898, 45.771634214, 172, 2019
E, 20, 0.9960338689216662, 77.9325406054, 79.4800639881, 172, 2019
Z, 20, 0.9985526644423042, 68.9494398535, 71.127460971, 175, 2019
N, 20, 0.9904132899526021, 19.739292233, 27.4360879336, 175, 2019
E, 20, 0.9958081382612975, 47.8256917152, 48.2439086255, 175, 2019
Z, -20, 0.9986156463829561, 73.4536351493, 71.3556796417, 178, 2019
N, 20, 0.9929256531418899, 25.1410548531, 27.1961090583, 178, 2019
E, 20, 0.9982878786220192, 46.4795072004, 48.2756648114, 178, 2019
Z, -20, 0.9997559269248092, 124.786660235, 125.087232156, 181, 2019
N, -20, 0.9987995019058696, 40.234976125, 48.2074659865, 181, 2019
E, 20, 0.9984660029821776, 83.912476427, 85.4974410286, 181, 2019
Z, 0, 0.9998881118150379, 155.043577292, 156.386702008, 184, 2019
N, 0, 0.9997714600391933, 48.2939799414, 60.1142560678, 184, 2019
E, 20, 0.9984381271760604, 105.54438641, 108.148070295, 184, 2019
Z, -20, 0.9998924765037609, 141.656054081, 142.016306269, 187, 2019
N, 20, 0.9981020095814259, 45.0895676798, 53.8966921419, 187, 2019
E, 20, 0.9973014005170211, 96.5124736863, 97.8205168836, 187, 2019
Z, 20, 0.9994446635229132, 94.3493337474, 95.8565041648, 190, 2019
N, 20, 0.9939421316617825, 26.3678923201, 34.4860486645, 190, 2019
E, 20, 0.9974075562123994, 62.9341737619, 62.7713436684, 190, 2019
Z, 20, 0.9998467940982732, 88.6961319747, 87.2968862988, 193, 2019
N, 20, 0.9899110087634466, 32.1347357506, 34.2168331261, 193, 2019
E, 20, 0.9899759367838222, 54.7301257229, 58.144931844, 193, 2019
Z, -20, 0.9998608029489302, 124.754198021, 124.655529732, 196, 2019
N, -20, 0.9981835442129502, 42.2151395629, 50.3773325406, 196, 2019
E, 20, 0.9988181162538009, 83.8322953654, 85.5121978036, 196, 2019
Z, -20, 0.9998934918285394, 135.782574561, 136.185149978, 199, 2019
N, -20, 0.9987712483684841, 45.8122732923, 55.3986763674, 199, 2019
E, 20, 0.998060427462149, 92.5706433951, 94.730379377, 199, 2019
Z, 20, 0.9999054913611573, 115.808085956, 116.627260928, 202, 2019
N, 20, 0.9977345238147199, 37.6182162315, 46.7231879076, 202, 2019
E, 20, 0.9970896372892741, 79.1497642971, 81.3358715938, 202, 2019
Z, 0, 0.9995404144214883, 78.0632369342, 77.8027597039, 205, 2019
N, 20, 0.9919861608498608, 24.1501106565, 29.390035713, 205, 2019
E, 20, 0.9973810111511718, 51.091127723, 52.9633588335, 205, 2019
Z, 20, 0.9996500426944243, 77.4104447992, 73.1207550092, 208, 2019
N, 20, 0.9936193736635207, 27.2113801032, 27.349690427, 208, 2019
E, 20, 0.9992971879675272, 47.9674159569, 49.0380467471, 208, 2019
Z, -20, 0.9998344769192898, 137.779552446, 136.232408188, 211, 2019
N, -20, 0.9985373932255928, 45.6247836148, 52.4096393985, 211, 2019
E, 20, 0.9989066533116506, 92.2286312154, 93.3235986431, 211, 2019
Z, 0, 0.9998459683260511, 171.443174208, 171.683929232, 214, 2019
N, 0, 0.9988574440646848, 54.3568651767, 66.0709081476, 214, 2019
E, 20, 0.9983146689844146, 115.393846779, 118.000468184, 214, 2019
Z, 20, 0.9999019815536413, 146.107245229, 147.765264546, 217, 2019
N, 20, 0.999280046115983, 44.6499110438, 56.282597126, 217, 2019
E, 20, 0.9967155912196446, 98.9293559644, 100.954513608, 217, 2019
Z, 20, 0.9993348747211056, 82.2921757309, 82.4250582245, 220, 2019
N, 20, 0.9900981586131867, 23.4301184633, 29.9524319846, 220, 2019
E, 20, 0.9972809119230359, 54.142456526, 53.9368497834, 220, 2019
Z, -20, 0.9994917261441398, 88.7639691704, 86.8022962288, 223, 2019
N, -20, 0.9972034594440317, 31.8560669668, 35.2009162023, 223, 2019
E, 20, 0.9989012990713785, 56.4737511899, 57.6421107304, 223, 2019
Z, -20, 0.9990826877813446, 131.896052407, 131.568581409, 226, 2019
N, -20, 0.997256015902355, 45.9032332462, 53.7350327857, 226, 2019
E, 20, 0.9987727439968609, 88.7806693443, 90.6451561795, 226, 2019
Z, -20, 0.9988383783811442, 142.691065418, 145.793752917, 229, 2019
N, -20, 0.9965430164985735, 47.9683855875, 59.0171905947, 229, 2019
E, 20, 0.9976609832654433, 98.3009081649, 101.487086555, 229, 2019
Z, -100, 0.9977008449578207, 126.572260207, 115.700682971, 1, 2020
N, 100, 0.8496887080497211, 11.0848158968, 21.1428133023, 1, 2020
E, -100, 0.9953675261785359, 58.1525087532, 59.55635717, 1, 2020
Z, 100, 0.9968687583398499, 72.1204840869, 55.4671964095, 4, 2020
N, 100, -0.5481212980151249, 9.16184554916, 12.8653983673, 4, 2020
E, -100, 0.973509405173427, 29.1694074904, 26.0361553433, 4, 2020
Z, 100, 0.994344115108425, 140.424398955, 125.004285088, 7, 2020
N, -100, 0.45571268932641545, 22.4419470781, 23.3670829275, 7, 2020
E, -100, 0.9985486593222282, 70.1693857153, 58.4456138977, 7, 2020
Z, 100, 0.999263118495387, 202.645035882, 186.483000439, 10, 2020
N, -100, 0.8356537756834846, 30.2819605458, 34.5259778612, 10, 2020
E, 0, 0.9999146459907539, 100.963482767, 92.595108526, 10, 2020
Z, -100, 0.9997180902438398, 203.241891321, 187.038639669, 13, 2020
N, -100, 0.9301896128906719, 18.6689122799, 31.0086520987, 13, 2020
E, 0, 0.9996762493906122, 97.1693597674, 93.3146464602, 13, 2020
Z, -100, 0.9969880742209255, 119.543887919, 104.451449507, 16, 2020
N, -100, 0.028360146764936332, 10.172509534, 16.0732527045, 16, 2020
E, -100, 0.9927582299652218, 53.501208725, 55.5783205661, 16, 2020
Z, 100, 0.9922853060332698, 106.265787817, 94.9835315164, 19, 2020
N, -100, 0.7280526392704224, 21.8981658693, 19.9100134191, 19, 2020
E, -100, 0.9990691189965046, 50.7589726009, 42.6841911599, 19, 2020
Z, 100, 0.9886419244912554, 111.106948684, 93.7571786392, 1, 2019
N, -100, 0.22572418292006396, 23.1604393605, 19.6074220197, 1, 2019
E, -100, 0.9960186221677645, 49.1201007554, 42.0990970961, 1, 2019
Z, 100, 0.9980926369579869, 170.23974302, 151.141002511, 4, 2019
N, -100, 0.678503689481852, 25.0873906659, 29.2711684064, 4, 2019
E, -100, 0.999335960912723, 79.0614020344, 74.5784802627, 4, 2019
Z, -100, 0.9996967309579814, 185.208547456, 165.091506427, 7, 2019
N, -100, 0.7908348840080165, 17.4123339492, 30.0772998421, 7, 2019
E, -100, 0.9991393539823334, 83.2383369773, 82.1423139746, 7, 2019
Z, -100, 0.9985274127952761, 153.939841383, 136.063155412, 10, 2019
N, 100, 0.8878501418811963, 6.23057630908, 23.7267707408, 10, 2019
E, -100, 0.9970479233352799, 64.0548427271, 67.633689502, 10, 2019
Z, -36, 0.9991549838893782, 81.2040723691, 73.1384564357, 13, 2019
N, -100, 0.8520922618971217, 6.61510801414, 14.7135376536, 13, 2019
E, -100, 0.9942061379819325, 37.9996893728, 38.9652127176, 13, 2019
Z, 100, 0.9971877956131723, 103.859549696, 90.4633837048, 16, 2019
N, -100, 0.5322103708817809, 13.6844582636, 16.6537480242, 16, 2019
E, -100, 0.9989811047014304, 45.7687757239, 40.9116719385, 16, 2019
Z, 100, 0.9993118093577545, 185.267650995, 170.815172233, 19, 2019
N, -100, 0.8626530065770689, 28.4056602856, 31.897984092, 19, 2019
E, 72, 0.9998842643897463, 87.301816563, 83.0563982986, 19, 2019
Z, 52, 0.9998555018393771, 212.811200776, 193.462755482, 22, 2019
N, -100, 0.9113374693263658, 21.6341907886, 32.9624933089, 22, 2019
E, -100, 0.9992130572501787, 99.3970551068, 97.3427730915, 22, 2019
Z, -100, 0.993400638168258, 132.662908648, 127.61810148, 25, 2019
N, 100, 0.29120751265781, 12.5865264879, 16.9942385198, 25, 2019
E, -100, 0.9941395289614283, 65.6795592809, 64.2130903281, 25, 2019
Z, 100, 0.9630737184771925, 79.2932631991, 63.8999927749, 28, 2019
N, -100, 0.03870167595895365, 23.9552502803, 13.9037877264, 28, 2019
E, -100, 0.9616079303753812, 38.2005544669, 27.6949154308, 28, 2019
Z, 100, 0.9902173682366164, 138.335904428, 123.571509478, 31, 2019
N, -100, 0.5389380779926002, 27.9678528973, 24.6224506281, 31, 2019
E, -54, 0.9990944088969936, 69.948722885, 59.4770631167, 31, 2019
Z, 88, 0.9999280628450402, 164.754870969, 145.011045125, 34, 2019
N, -100, 0.8643981454909498, 15.5711003141, 27.6397430735, 34, 2019
E, -100, 0.9994279911021063, 77.8184314941, 74.0246911572, 34, 2019
Z, 64, 0.9997739221223085, 142.457352924, 130.899072271, 37, 2019
N, -100, 0.946226569406483, 14.7170074065, 22.5739117179, 37, 2019
E, -100, 0.9993716897297829, 68.7133951679, 65.7110646779, 37, 2019
Z, -100, 0.9948798226755927, 83.3811471975, 81.9852944968, 40, 2019
N, 100, 0.7438308999195915, 7.78937387038, 12.3410159969, 40, 2019
E, -100, 0.9952168645178022, 40.0533084572, 41.278606299, 40, 2019
Z, 100, 0.7804007228065678, 57.6375697298, 53.6048752383, 43, 2019
N, -100, 0.6329678099597684, 1083.80751549, 9.75535751825, 43, 2019
E, 100, -0.4866517472990719, 2389.11778166, 24.371484401, 43, 2019
Z, 100, 0.4799399619357881, 102.252301911, 131.056047981, 46, 2019
N, -59, 0.9324863486184037, 3967.16757909, 24.4116136583, 46, 2019
E, 100, -0.16248367991877463, 8781.15094321, 61.1730646869, 46, 2019
Z, 0, 0.9999024469245605, 172.031100698, 165.5569723, 49, 2019
N, -100, 0.9801926870334404, 31.5594653356, 30.2473155918, 49, 2019
E, 100, 0.9979225201365113, 85.1126878048, 84.9749717174, 49, 2019
Z, 0, 0.9997864318147353, 128.668835133, 130.588091669, 52, 2019
N, -100, 0.9834084987782675, 19.7162502986, 16.4885787008, 52, 2019
E, 100, 0.9985509256100847, 67.8366237793, 65.0781467751, 52, 2019
Z, 100, 0.9959850606719701, 38.1401747434, 37.3667173518, 55, 2019
N, -100, 0.9194566890859448, 10.9862551189, 8.75453318579, 55, 2019
E, 0, 0.96601762369866, 22.1025282329, 25.1339884168, 55, 2019
Z, 100, 0.9924742742519985, 105.955874065, 97.2207005713, 58, 2019
N, -100, 0.7787297247927186, 20.4512158877, 19.7832519073, 58, 2019
E, 100, 0.998845328205566, 51.3062640895, 44.9962495591, 58, 2019
Z, 100, 0.9928039580014593, 135.008925796, 117.916185937, 61, 2019
N, -100, 0.5395540705221789, 23.9906175081, 22.9631903427, 61, 2019
E, -100, 0.9996057096159677, 68.0799961626, 59.2113585553, 61, 2019
Z, 100, 0.9975300507977309, 119.262088938, 103.958069325, 64, 2019
N, -100, 0.4723148940882614, 17.4787197198, 18.8447426587, 64, 2019
E, -100, 0.997829512455396, 60.9501803778, 55.0059309179, 64, 2019
Z, -100, 0.9917810804698519, 92.2714142209, 69.8865036663, 67, 2019
N, 100, -0.829503574899161, 15.5923952792, 8.36695670781, 67, 2019
E, -100, 0.9698538072331873, 36.3460704931, 33.5336943881, 67, 2019
Z, 100, 0.8767776266616502, 28.5408223414, 38.8414528221, 70, 2019
N, -100, 0.8524597114669059, 24.2411732099, 7.14435748091, 70, 2019
E, 100, 0.8728236371658619, 24.5084871463, 19.5706450293, 70, 2019
Z, 100, 0.9963378406795471, 103.405672768, 103.549580551, 73, 2019
N, -100, 0.9097505936230761, 28.4098757594, 19.6098585349, 73, 2019
E, 100, 0.9974544504144974, 53.7979562438, 49.5222829642, 73, 2019
Z, 100, 0.9954414016773473, 148.707630861, 135.753141743, 76, 2019
N, -100, 0.734307388141924, 24.018738422, 25.1152066512, 76, 2019
E, 78, 0.9996296423672608, 72.9952858092, 66.7807951817, 76, 2019
Z, 100, 0.997446518116153, 125.195961049, 103.047227424, 79, 2019
N, 100, -0.18002170198622475, 13.8843142392, 15.0391218507, 79, 2019
E, -100, 0.996495322045282, 60.3728404029, 57.3161567459, 79, 2019
Z, 100, 0.9211891051540493, 46.5545098819, 41.6267391411, 82, 2019
N, -100, 0.9188511748518803, 26.2307890254, 9.47435629368, 82, 2019
E, 100, 0.9097191820957862, 24.2784448314, 20.0229557863, 82, 2019
Z, 100, 0.9052014199863748, 81.2677377483, 95.3505407515, 85, 2019
N, -100, 0.8507917597367911, 56.4548736675, 21.4390871071, 85, 2019
E, 100, 0.9510814772090891, 62.3729211442, 47.1532602032, 85, 2019
Z, 100, 0.9472566250778311, 108.197203147, 109.687001887, 88, 2019
N, -100, 0.681979681921685, 48.479447738, 21.6159569622, 88, 2019
E, 100, 0.9955841767505573, 69.3807899691, 52.4343161931, 88, 2019
Z, 100, 0.9808570484050693, 89.0810598482, 84.4554493049, 91, 2019
N, -100, 0.6912721370244197, 26.8274530369, 16.2121660835, 91, 2019
E, 100, 0.9976172140114714, 53.3177802241, 45.2227919012, 91, 2019
Z, 100, 0.9477598202288836, 69.959386933, 44.9527667351, 94, 2019
N, 100, -0.3091612637388471, 25.6423524764, 5.5992439181, 94, 2019
E, -100, 0.8969147216563174, 31.9123958823, 26.1140368617, 94, 2019
Z, -100, 0.5416232458531203, 38.0842462951, 57.501023071, 97, 2019
N, -100, 0.9942135998751453, 52.8842127454, 10.9357946071, 97, 2019
E, 100, 0.7280596001711749, 36.2471370514, 27.0690763704, 97, 2019
Z, 100, 0.9773108906476703, 84.0112790113, 111.971432566, 100, 2019
N, -100, 0.9757256058859769, 63.3060356792, 22.9446833005, 100, 2019
E, 100, 0.9513065855126117, 64.8725818956, 56.1214025377, 100, 2019
Z, 100, 0.9930368824676723, 134.232817013, 132.867327314, 103, 2019
N, -100, 0.8686689880417564, 33.4561961647, 25.2735485723, 103, 2019
E, 100, 0.9979066512629383, 72.6539509516, 63.7905016904, 103, 2019
Z, 100, 0.925191253676079, 109.408746331, 91.7855847159, 106, 2019
N, -100, 0.20681399038875756, 41.0259229063, 15.3180950526, 106, 2019
E, -100, 0.9975470834151651, 66.1408181903, 49.7336327772, 106, 2019
Z, 0, 0.7252155284938873, 42.230013328, 52.0080576356, 109, 2019
N, 100, 0.9889203498912236, 41.8715557664, 12.0464648141, 109, 2019
E, 100, 0.8766411678170003, 27.5069665894, 21.1965031339, 109, 2019
Z, 100, 0.9942132259424579, 83.0027564685, 115.577574288, 112, 2019
N, -100, 0.9920012804817163, 66.3181578669, 26.7892665172, 112, 2019
E, 100, 0.9388464300903788, 67.0164405183, 57.9330894644, 112, 2019
Z, 100, 0.9681177867707466, 109.712760101, 129.665627256, 115, 2019
N, -100, 0.9044465382806436, 60.5151266997, 27.7387661748, 115, 2019
E, 100, 0.9683731070105173, 79.1028702052, 64.120415058, 115, 2019
Z, 100, 0.8910113023871236, 90.2341405956, 100.071338298, 118, 2019
N, -100, 0.6906784572528892, 56.5993166129, 19.3132567215, 118, 2019
E, 100, 0.9904470235852438, 65.3293148302, 48.3803876792, 118, 2019
Z, 100, 0.7226362993085296, 49.1458537446, 45.3995116176, 121, 2019
N, -100, 0.5463917111576121, 34.9533003594, 8.13460952504, 121, 2019
E, 100, 0.9764519693467881, 36.702672961, 27.3152717397, 121, 2019
Z, -100, 0.8012219387608293, 39.0358229572, 72.8637400366, 124, 2019
N, 100, 0.9801670711077655, 55.1842727143, 13.6524245644, 124, 2019
E, 100, 0.8427770256846349, 37.0062347594, 32.5163338277, 124, 2019
Z, 100, 0.9954652765809133, 96.5667144265, 134.218754209, 127, 2019
N, -100, 0.9962181635028066, 73.6623620637, 27.6657564738, 127, 2019
E, 100, 0.9514240537544407, 75.7526612143, 66.842002036, 127, 2019
Z, 100, 0.9955258924506963, 135.362112984, 153.605266793, 130, 2019
N, -100, 0.9595152888147793, 57.687014663, 31.8623997, 130, 2019
E, 100, 0.9838773846304305, 87.2765875816, 76.7913329546, 130, 2019
Z, 100, 0.9291865160940042, 102.109139276, 113.106598351, 133, 2019
N, -100, 0.7332645671942339, 48.0246688794, 19.9827150976, 133, 2019
E, 100, 0.9914094315356324, 68.2052664208, 53.9490264209, 133, 2019
Z, 100, 0.6212021427378137, 38.580080096, 53.3048444703, 136, 2019
N, 100, 0.8695319397492353, 50.8933513048, 12.4529174414, 136, 2019
E, 100, 0.8923227651895546, 34.7783821237, 25.3787699121, 136, 2019
Z, -100, 0.9978212080295175, 102.553923649, 129.890089615, 139, 2019
N, 100, 0.9777948332335206, 59.8829047856, 28.1591481535, 139, 2019
E, 100, 0.9718293413938691, 65.1292882359, 61.9672907221, 139, 2019
Z, 100, 0.9980207246064207, 133.369668123, 151.139257176, 142, 2019
N, -100, 0.9883569584658691, 56.4899852898, 34.0839988759, 142, 2019
E, 100, 0.9799120962483341, 85.3031829033, 77.687503831, 142, 2019
Z, 100, 0.945456338313308, 99.9658644905, 127.371746344, 145, 2019
N, -100, 0.8944419867336466, 67.742144947, 26.7121944273, 145, 2019
E, 100, 0.9769854851066232, 80.628250462, 62.8476740336, 145, 2019
Z, 100, 0.8609803318743351, 62.0548589318, 76.4606490065, 148, 2019
N, -100, 0.7945342475140119, 47.8312249813, 13.696002363, 148, 2019
E, 100, 0.9805836892364506, 51.3764495367, 36.5481607195, 148, 2019
Z, -100, 0.9676509210578276, 61.739306981, 70.7701998958, 151, 2019
N, 100, 0.8885576567661846, 29.0475299095, 13.0857981049, 151, 2019
E, 100, 0.9509647370241955, 30.8736670692, 30.9826216439, 151, 2019
Z, 0, 0.9998486685978483, 138.292188422, 144.663557006, 154, 2019
N, -100, 0.999151075524819, 40.6314432531, 28.4764303582, 154, 2019
E, 100, 0.9928860112787771, 69.53983717, 69.1358513668, 154, 2019
Z, 100, 0.9991709770405742, 165.682567125, 174.500355585, 157, 2019
N, -100, 0.9852025458540394, 52.0743210416, 37.1380463754, 157, 2019
E, 100, 0.9923603699487201, 92.5453367021, 89.3133991596, 157, 2019
Z, 100, 0.9863610884719372, 131.677568936, 140.251941303, 160, 2019
N, -100, 0.8671137568640878, 46.2008411417, 28.329640572, 160, 2019
E, 100, 0.9894178054048929, 77.9273691268, 68.9443822541, 160, 2019
Z, 100, 0.9727285959323744, 49.4026892962, 66.3955556725, 163, 2019
N, -100, 0.9162490646160393, 31.3348624046, 10.9272800548, 163, 2019
E, 100, 0.9658075007112845, 37.9697571759, 30.5467431858, 163, 2019
Z, -100, 0.9997943007007886, 103.222127296, 125.138506201, 166, 2019
N, 100, 0.9977121696206924, 53.1357108059, 26.1233454596, 166, 2019
E, 100, 0.9755523806129738, 61.8102612476, 57.1328318606, 166, 2019
Z, 100, 0.9992117283515589, 144.205736838, 162.234608413, 169, 2019
N, -100, 0.9945272080120159, 59.0094780225, 34.8092620726, 169, 2019
E, 100, 0.9874127010478418, 87.0539193843, 80.9167589368, 169, 2019
Z, 100, 0.9914137508766357, 127.23741023, 146.073061017, 172, 2019
N, -100, 0.94797937110855, 59.4735463526, 32.625991781, 172, 2019
E, 100, 0.9833520723187658, 83.0660481908, 74.6601384357, 172, 2019
Z, 100, 0.9799249108936039, 84.1000097658, 99.6799747289, 175, 2019
N, -100, 0.9146821379483552, 41.3155691499, 20.6748049047, 175, 2019
E, 100, 0.9816554630151559, 56.6753074253, 48.7934583639, 175, 2019
Z, 100, 0.9597070521468583, 33.6971069643, 56.4336791671, 178, 2019
N, -100, 0.946263922037144, 41.3275340171, 10.2976508593, 178, 2019
E, 100, 0.9539457981888085, 32.7589708521, 26.0446702933, 178, 2019
Z, -100, 0.9974097926293648, 101.815994984, 132.182360597, 181, 2019
N, 100, 0.985013434433547, 62.0144942002, 25.2528356946, 181, 2019
E, 100, 0.9659953286962705, 64.2724871828, 60.687134637, 181, 2019
Z, 100, 0.9980387833605344, 152.769810433, 183.758057193, 184, 2019
N, -100, 0.9947453882740721, 75.6077509004, 36.9672078422, 184, 2019
E, 100, 0.9766990243855237, 96.9480146472, 90.7098150447, 184, 2019
Z, 100, 0.9971072423523268, 127.499602323, 158.345663373, 187, 2019
N, -100, 0.9783387488544838, 70.5116519498, 35.2597017451, 187, 2019
E, 100, 0.97442775439132, 85.994335038, 81.7221667802, 187, 2019
Z, 100, 0.9808761276021237, 69.571094773, 81.4401053405, 190, 2019
N, -100, 0.9149804672863494, 31.6078205633, 14.5482762118, 190, 2019
E, 100, 0.9811031755386286, 41.496550028, 38.2276542604, 190, 2019
Z, -100, 0.966555101553881, 82.6548435298, 104.447247507, 193, 2019
N, 100, 0.8306556982226124, 57.223538025, 21.8090227553, 193, 2019
E, 100, 0.9666801870507205, 51.8975563748, 47.2267736029, 193, 2019
Z, -100, 0.9925615943316118, 125.942813418, 154.023395488, 196, 2019
N, 100, 0.9567755069523196, 68.1367623967, 31.4966565831, 196, 2019
E, 100, 0.9744045130491459, 72.1548165226, 73.9903090229, 196, 2019
Z, 82, 0.9988886805324472, 118.468840857, 148.248384307, 199, 2019
N, 83, 0.9904062197254934, 69.5574639169, 32.796177292, 199, 2019
E, 100, 0.9767175133815701, 79.6684928336, 76.6824618193, 199, 2019
Z, 100, 0.9866086445150307, 75.0468887181, 106.43166821, 202, 2019
N, -100, 0.9699009726583714, 65.4068569218, 25.7151945823, 202, 2019
E, 100, 0.9639575780007802, 60.7648522492, 55.6536002492, 202, 2019
Z, -100, 0.9758999481617892, 35.9524081069, 54.3249615492, 205, 2019
N, -100, 0.963511636042501, 35.0235936073, 11.2071552475, 205, 2019
E, 100, 0.9364641512802027, 28.3960187528, 26.9750320087, 205, 2019
Z, -100, 0.9587476539935934, 81.3466702818, 100.556881232, 208, 2019
N, 100, 0.8461696372231635, 48.4302015055, 18.736598022, 208, 2019
E, 100, 0.9461026302696861, 41.1362738724, 45.9401570271, 208, 2019
Z, -100, 0.9918033342914736, 146.39973835, 167.736331941, 211, 2019
N, 100, 0.9362337132892339, 62.6742443343, 32.5631147281, 211, 2019
E, 100, 0.9815999222975714, 76.9494950357, 80.333151508, 211, 2019
Z, 100, 0.9981729941608695, 135.87629695, 164.267134872, 214, 2019
N, -100, 0.9887746463528434, 70.7090971456, 35.1416802135, 214, 2019
E, 100, 0.98103973647125, 88.8578320592, 84.6511952276, 214, 2019
Z, 100, 0.9568006819042856, 62.7509114692, 81.7538837024, 217, 2019
N, -100, 0.916004991411286, 46.8192181761, 22.8619437991, 217, 2019
E, 100, 0.9515304200112208, 49.6861760589, 43.7747546434, 217, 2019
Z, -100, 0.9145435886738169, 63.3029115639, 75.908321238, 220, 2019
N, 100, 0.7201029643120582, 42.8071318827, 15.8645621194, 220, 2019
E, 100, 0.9367667344414364, 30.9889614309, 35.5473116105, 220, 2019
Z, -100, 0.990437233641327, 116.356958222, 132.095187377, 223, 2019
N, 100, 0.8942207491721345, 49.1394317193, 26.5465292982, 223, 2019
E, 100, 0.9833172829453234, 61.6249749508, 63.1415704667, 223, 2019
Z, -100, 0.999475822087518, 107.578059489, 136.454744906, 226, 2019
N, 100, 0.9957699038987412, 59.5234899729, 28.5005132322, 226, 2019
E, 100, 0.9805226214892175, 69.3927449041, 68.8316957446, 226, 2019
Z, 100, 0.9928223481418077, 65.7909945516, 99.9433347389, 229, 2019
N, -100, 0.9692049157638114, 57.316185225, 25.2275484061, 229, 2019
E, 100, 0.9620308078300756, 55.8843978249, 53.2204853164, 229, 2019
Z, 100, 0.16837103478078155, 15.4308106213, 41.4688692498, 232, 2019
N, -100, 0.8842617986451827, 51.8119900811, 15.4022867362, 232, 2019
E, 100, 0.7853004907923792, 27.1095014599, 23.6833475881, 232, 2019
Z, -100, 0.8758620160342919, 68.349394624, 67.7138485428, 235, 2019
N, 100, 0.4020202253833057, 36.3193823743, 12.246459832, 235, 2019
E, 100, 0.9784698893502485, 25.9735799372, 32.5237712996, 235, 2019
Z, -100, 0.9705773787732538, 118.775799778, 135.461841636, 238, 2019
N, 100, 0.7782422701822984, 57.8165584832, 25.837799262, 238, 2019
E, 100, 0.9815779063870469, 57.2215362116, 65.0000863086, 238, 2019
Z, -100, 0.9933065470448625, 125.469536642, 150.836740556, 241, 2019
N, 100, 0.9466790807360145, 64.7885005528, 29.7306342501, 241, 2019
E, 100, 0.9782716155537834, 72.1783507421, 75.8507046866, 241, 2019
Z, 100, 0.9512957424088516, 47.7762405826, 77.7954831713, 244, 2019
N, 100, 0.9328790830583841, 58.3276205331, 23.6495823946, 244, 2019
E, 100, 0.9270222153855183, 44.3996761614, 44.1426678981, 244, 2019
Z, -100, 0.8992738767964704, 75.0227619471, 57.2786856027, 247, 2019
N, 100, 0.01358236558265638, 32.3763891787, 11.8327480424, 247, 2019
E, -100, 0.951837672973961, 20.5392282737, 27.3715657191, 247, 2019
Z, -100, 0.9642937851117409, 111.798220707, 111.994321163, 250, 2019
N, 100, 0.5744786726391553, 41.5130564976, 22.1505420938, 250, 2019
E, 100, 0.9963040269898359, 46.6080478522, 55.3657002104, 250, 2019
Z, -100, 0.9916132797948302, 101.395948203, 116.61900524, 253, 2019
N, 100, 0.9051752016004153, 45.7162553973, 23.4164971198, 253, 2019
E, 100, 0.9893285580456666, 53.8561840258, 58.0767657317, 253, 2019
Z, -100, 0.9984797145508446, 64.2671690956, 82.1607996835, 256, 2019
N, 100, 0.9894354574043224, 41.6061729892, 19.5458781921, 256, 2019
E, 100, 0.9800173637064112, 40.9660798182, 43.16537519, 256, 2019
Z, 100, 0.9466878182661572, 15.3182110074, 21.5671879022, 259, 2019
N, -100, 0.9624150178442682, 22.1475592832, 14.9818355111, 259, 2019
E, 100, 0.9197364246413764, 13.8506841678, 15.3432249417, 259, 2019
Z, -100, 0.9755357571632884, 63.5044913302, 59.9656056216, 262, 2019
N, 100, 0.4025774553295478, 15.5655648598, 10.4247373118, 262, 2019
E, 100, 0.9968779444944811, 28.0090337827, 29.1063532989, 262, 2019
Z, -100, 0.9944634275689035, 113.078660673, 114.23692444, 265, 2019
N, 100, 0.8546380092990624, 27.457719581, 21.3073574731, 265, 2019
E, 100, 0.9982629472194989, 54.4087569374, 56.956008126, 265, 2019
Z, -100, 0.999538148823909, 123.604114153, 129.98708727, 268, 2019
N, 100, 0.9769203397095336, 33.8159980297, 24.74377258, 268, 2019
E, 100, 0.9977391891147877, 63.8800073582, 64.7678325651, 268, 2019
Z, 100, 0.9952053110409901, 63.8672497751, 70.7087835988, 271, 2019
N, 0, 0.9779768114622643, 28.1503181123, 16.8327377858, 271, 2019
E, 100, 0.9906456987294815, 36.9576101187, 37.9204050954, 271, 2019
Z, -100, 0.992674230167881, 73.7276132742, 65.5149700065, 274, 2019
N, 100, 0.7096832089592799, 9.92117967729, 13.7353892639, 274, 2019
E, -100, 0.9961566510788318, 31.5002539485, 30.5102559076, 274, 2019
Z, -100, 0.9995249417207369, 118.834629343, 120.478524404, 277, 2019
N, 100, 0.9947686898276081, 26.2559289094, 22.2292291537, 277, 2019
E, 100, 0.999781699771111, 61.5575853489, 59.5901717745, 277, 2019
Z, -100, 0.9968942163537171, 109.881891062, 112.86515611, 280, 2019
N, 100, 0.9411993872634175, 26.3952568735, 22.3964449696, 280, 2019
E, 0, 0.9998710272798174, 56.774603956, 57.6634361223, 280, 2019
Z, -100, 0.9896298283642356, 67.2909657014, 70.4456509566, 283, 2019
N, 100, 0.9143459809394199, 22.1234372048, 15.4024167539, 283, 2019
E, 100, 0.992932242058484, 35.2898563145, 35.8085629926, 283, 2019
Z, -100, 0.8069713347430173, 37.0428146467, 19.7495234463, 286, 2019
N, 100, 0.5822967088922767, 30.3446317577, 9.28165883407, 286, 2019
E, -100, 0.4763751744424826, 13.2874255407, 6.83199098147, 286, 2019
Z, -100, 0.9998058811861019, 94.1034227829, 81.2380666839, 289, 2019
N, -100, 0.4825667464347636, 11.8167134076, 14.5583727614, 289, 2019
E, -100, 0.9976026579592957, 42.7573103468, 38.3945615519, 289, 2019
Z, -100, 0.9973292292682391, 137.713139082, 129.295527254, 292, 2019
N, 100, 0.8920416186682251, 15.9911130208, 23.0863305162, 292, 2019
E, 0, 0.999586208716029, 64.0198997585, 63.8502076118, 292, 2019
