Chan, Phase Shift, Correlation, ptp-data, ptp-synthetic, rat, phasem, phasestd, DOY, Year
Z, -100, 0.9995355579038506, 99.1251125634, 101.300345499, 0.979039077342, 0.0286233579402, 0.0127325558723, 1, 2019
N, 100, -0.5754233321272147, 160.059901079, 56.2196570678, 3.20984837331, 2.22847672671, 0.00864269675016, 1, 2019
E, -100, 0.8347202842180501, 91.1918001071, 31.1866879103, 3.35646850126, 0.316702529144, 0.129623512231, 1, 2019
Z, 89, 0.9994489151819113, 160.611878274, 164.613245179, 0.96172758276, 0.014191883393, 0.0309431038849, 4, 2019
N, 100, -0.16340549111405087, 237.564191987, 103.839134674, 1.95204611301, 1.5052285277, 0.364700197421, 4, 2019
E, 100, 0.9892721267222192, 175.881245702, 55.1771059985, 3.09719317848, 0.0877686035434, 0.135762871328, 4, 2019
Z, 100, 0.9998413949450077, 178.579503777, 179.369072213, 0.992997805, -0.017957501645, 0.00186814854058, 7, 2019
N, -100, -0.3656599056140325, 66.8860568866, 117.935620759, 0.465054614778, -2.14582426572, 0.118243541277, 7, 2019
E, -100, 0.9640692185265471, 181.674920391, 58.8596834449, 2.76383044209, 3.17222559356, 2.96882586012, 7, 2019
Z, 61, 0.9994361139560625, 139.988355037, 144.935914539, 0.961152548367, -0.0150559669056, 0.00708054518715, 10, 2019
N, 100, -0.8069787801548198, 251.937815697, 98.8330852364, 2.47281050614, -0.472660458177, 3.29747844188, 10, 2019
E, -100, 0.2687640111461229, 300.974601867, 43.6230892365, 6.53279047169, -1.51068868822, 2.71200503812, 10, 2019
Z, 0, 0.9999282522520647, 79.3474417578, 79.493464476, 0.995719419769, -0.0128140655017, 0.00328398366325, 13, 2019
N, 100, -0.6964274071437988, 127.322592145, 55.8212854367, 2.77804043863, -0.578723952503, 3.38870906794, 13, 2019
E, -100, 0.5406578881699534, 339.543657277, 18.6357039314, 25.5608214012, 0.557375086698, 0.423455543809, 13, 2019
Z, -72, 0.9991652322851243, 94.511894287, 97.0794467614, 0.959663033532, 0.0560235427669, 0.05023527111, 16, 2019
N, 100, -0.24493689663159288, 342.859170912, 55.1585206426, 5.77021951505, 2.184334934, 0.415551657889, 16, 2019
E, -100, 0.6522845948589979, 146.688970778, 30.1996286887, 4.74526659522, 0.177859169035, 0.00186666545273, 16, 2019
Z, -21, 0.99980525547849, 181.704385597, 185.711792831, 0.970043269929, 0.0165889890018, 0.0176324236645, 19, 2019
N, 100, -0.04995046573072774, 560.907977022, 117.280586155, 4.43000886377, 1.44376348201, 0.259950576375, 19, 2019
E, 100, 0.733704044722562, 192.960176331, 63.3740025282, 2.71382923169, 2.21961056159, 2.76968627202, 19, 2019
Z, 0, 0.9999571240406216, 206.330805998, 208.319961983, 0.991484228831, 0.00493042288019, 0.000374423841893, 22, 2019
N, -100, 0.013676102275498012, 83.6859492651, 141.192734468, 0.593073542712, -1.67979778256, 2.96076761899, 22, 2019
E, -100, 0.8866608552914637, 129.020108759, 74.7183664923, 1.5024886823, -0.0679283811731, 0.475081571266, 22, 2019
Z, 0, 0.9998538693802503, 121.850945871, 125.029664926, 0.974442546814, -0.00928671505521, 0.00298061943667, 25, 2019
N, 100, -0.8203854980287505, 468.245277311, 95.2759761488, 4.87771608662, -0.0888049908927, 3.54965301892, 25, 2019
E, 100, -0.16616652341621446, 405.879181004, 42.013888561, 10.3532670052, -1.03611724861, 2.6884671475, 25, 2019
Z, 0, 0.999713483354198, 70.4722879075, 70.555324465, 0.997544960281, 0.02753605018, 0.0227637505414, 28, 2019
N, 100, -0.03404239041233968, 325.443012664, 37.0915081095, 11.5320293226, 0.855950421352, 0.785454300277, 28, 2019
E, 100, 0.112114770065924, 313.514064259, 20.8816475652, 16.598667409, -1.38441769645, 0.480533450567, 28, 2019
Z, -85, 0.9999662020704249, 133.441809943, 136.739997969, 0.974745484106, 0.00965397176817, 0.00435545002096, 31, 2019
N, -100, 0.28104182464786237, 203.504932289, 84.3226554206, 1.73466787314, 0.32631968859, 1.07329237137, 31, 2019
E, 100, -0.3106985200595286, 209.600147961, 44.8727730175, 3.67395423176, -0.697603790984, 4.05954680283, 31, 2019
Z, 0, 0.9998590000026369, 157.969005166, 161.292148479, 0.986915793205, -0.00473123128999, 0.00810620219835, 34, 2019
N, 100, -0.6888822086511271, 386.902452055, 107.837655604, 3.64665728106, 2.39010514061, 0.0674040769281, 34, 2019
E, -100, 0.3640248134124087, 508.361612397, 54.6216537477, 8.97767584628, 1.08393029173, 0.0313360391248, 34, 2019
Z, 100, 0.8853003072058062, 112.521980898, 139.537281538, 0.68063266659, -0.373044057285, 0.329004529585, 37, 2019
N, 100, -0.4800420483735682, 238.306445451, 96.8001097075, 2.49479897748, -0.935766659222, 3.29418996895, 37, 2019
E, -100, 0.6180644874320704, 212.078875898, 46.7828107062, 4.28638379185, -1.9251672841, 2.56266080965, 37, 2019
Z, -100, 0.5892475474686544, 588.206327675, 79.9577185942, 7.36483737646, -2.0012508642, 2.73182664012, 40, 2019
N, 100, -0.5127245411626141, 328.161026494, 59.9887536495, 6.11111132661, -0.645455120948, 3.52339554497, 40, 2019
E, -100, 0.6159838182183617, 828.137781802, 24.3004303941, 37.8458598267, -2.06058096852, 2.793349267, 40, 2019
Z, 100, 0.9958247696704318, 59.6895331625, 59.9863570499, 0.979363382091, 0.0532052135855, 0.0969283438799, 43, 2019
N, -100, 0.5156360416761192, 444.616820285, 32.1999157785, 16.6519859301, 0.221083722605, 0.743184762336, 43, 2019
E, 100, 0.10284805305097487, 234.771385211, 17.6000497566, 10.6834050918, -1.35419389811, 0.273065504876, 43, 2019
Z, -48, 0.9995098915791922, 138.078834477, 141.295494598, 0.969306757677, 0.0251006370649, 0.0281748273939, 46, 2019
N, -100, 0.6730575458461391, 569.87460746, 87.2811054555, 6.5317907905, 0.6860981153, 0.181691232425, 46, 2019
E, 100, 0.6359620137241883, 416.428434357, 48.5217832881, 7.45033297513, -1.12161980203, 0.520595532863, 46, 2019
Z, 26, 0.9999294615978908, 181.053259065, 183.862588986, 0.978381153774, 0.000303415295933, 0.00558296151674, 49, 2019
N, -100, 0.26645280461010634, 538.284100838, 124.573457113, 4.07518978182, 1.29842746541, 0.0259290532734, 49, 2019
E, -100, 0.9667729594843688, 731.009828955, 65.435313846, 10.3823385585, 0.220596321322, 0.143592989225, 49, 2019
Z, -100, 0.7693055160049563, 104.853855511, 128.407063008, 0.677000082799, 0.0864250119444, 0.548656308749, 52, 2019
N, 100, -0.48369259661122693, 643.731794322, 97.318067852, 6.75224724677, -0.739325363497, 3.51930247223, 52, 2019
E, -100, 0.8965166385042153, 393.447971983, 52.3667559634, 8.47707037524, -2.62828323658, 2.93503743014, 52, 2019
Z, -100, 0.5177272310261892, 106.89073764, 43.6965455984, 2.52453079284, 1.80722677458, 1.76700134164, 55, 2019
N, 100, -0.13537420274372777, 657.246498458, 34.3418708999, 29.1146473286, -0.530317060289, 1.91922180097, 55, 2019
E, -100, 0.011472989329785962, 439.242112401, 23.3813526453, 19.9423684343, 1.75350194747, 0.00524486708552, 55, 2019
Z, -100, 0.8403665926126814, 46.7410587038, 128.891932445, 0.33010394636, 0.444329872575, 0.233097687915, 100, 2019
N, 100, 0.7514542294100923, 174.774938192, 79.689164093, 1.69826150632, -2.37925585538, 2.20590457492, 100, 2019
E, -100, -0.5556257907622386, 151.956288366, 44.9693600124, 2.19457203193, 3.50359243459, 0.639648703317, 100, 2019
Z, 100, 0.8454266752576993, 19.2957008595, 100.891932907, 0.16076617518, 2.68071822799, 3.12247300134, 106, 2019
N, -100, 0.6042124787950978, 165.929392483, 79.1561657016, 1.78971416899, 1.53860486168, 0.85670504316, 106, 2019
E, 100, 0.6748103452071551, 94.2696555956, 37.2366826133, 2.18138152935, 0.424914688556, 0.81318107989, 106, 2019
Z, 100, 0.9996802295245918, 133.339690598, 134.956762993, 0.979685958452, -0.0120923698125, 0.0112724231713, 112, 2019
N, 100, 0.6242505681070213, 1033.82509823, 79.7873214394, 12.3623193348, -0.948500245495, 0.13645173811, 112, 2019
E, -100, -0.9230459253318378, 499.877326162, 45.1843782872, 10.1402319963, 0.184736790643, 3.27294114812, 112, 2019
Z, 0, 0.9997638954682523, 147.958579413, 148.657871165, 0.990406081225, -0.0136474672024, 0.000324235517582, 115, 2019
N, 100, 0.934390100831514, 1422.7427039, 95.9163638631, 14.0324752103, -0.265115308705, 0.0771335993936, 115, 2019
E, -100, -0.5164516808025827, 607.687736789, 53.2900590723, 10.6104003543, 1.10884713375, 2.97401756755, 115, 2019
Z, 30, 0.999604522327913, 109.088568679, 109.35052351, 0.994596809876, -0.0270225789101, 0.0156802888248, 118, 2019
N, 100, 0.9934586832818671, 1383.61484791, 77.5758630002, 16.5176130933, -0.0890567254473, 0.0772704875872, 118, 2019
E, -100, -0.31591752528586625, 572.064319186, 37.2370040541, 14.243385065, 1.24521327258, 3.07863153928, 118, 2019
Z, 100, 0.9933622074757963, 56.0646681055, 49.0952125738, 1.08639071484, 3.00214842312, 3.05262858793, 121, 2019
N, -100, 0.6420654169458568, 887.898454988, 45.9700424289, 22.3656404044, 1.20391627085, 0.691215271097, 121, 2019
E, 100, 0.5475158048732486, 411.223429575, 19.019541649, 27.3314421093, 0.116999051675, 0.790945057752, 121, 2019
Z, 100, 0.997981847732831, 76.0368491231, 76.215465593, 0.969762398907, 0.0255649294171, 0.060844631634, 124, 2019
N, 100, 0.21632135199156174, 1043.20721008, 40.7948213785, 27.4280429717, 1.25577924145, 2.45574447493, 124, 2019
E, 100, -0.4576711406032781, 538.597772135, 25.292537296, 21.1573081575, 1.99447528654, 0.556588782634, 124, 2019
Z, 100, 0.9994985417051263, 150.792671298, 152.982041532, 0.972645771671, -0.00383470182031, 0.0165868497626, 127, 2019
N, 100, 0.8167764115919245, 888.543544003, 94.1504263996, 9.17740647985, -0.544185648576, 0.0990052913992, 127, 2019
E, -100, -0.7621497483024193, 355.911810612, 50.1213037708, 6.4023531191, 0.828694614334, 2.86454944366, 127, 2019
Z, 0, 0.9998035726239648, 175.329815475, 176.586743631, 0.987909578097, 0.00185920244559, 0.00772881019624, 130, 2019
N, 100, 0.9048912764109265, 1070.01400902, 115.3831094, 8.71734849282, -0.398553433301, 0.0677857454015, 130, 2019
E, -100, -0.44319194677789164, 423.409487756, 61.6143591949, 6.30901066967, 1.13057609222, 3.10514186865, 130, 2019
Z, 0, 0.9997892387569267, 122.695043368, 121.818446443, 1.0004694821, -0.0132393994557, 0.0102899870248, 133, 2019
N, -100, 0.9322267947975902, 1533.75785864, 87.6265535764, 17.9592011452, 0.428833822285, 0.317107479587, 133, 2019
E, 100, 0.11427858157504457, 687.880954956, 43.5783910536, 17.3916987912, -1.32303775199, 0.224584748909, 133, 2019
Z, 100, 0.9939956453894653, 53.6227425546, 54.8274569623, 1.00018977614, 0.0632743847897, 0.159090893671, 136, 2019
N, 100, 0.6818130360718704, 1742.46760487, 40.0089494046, 58.0115376269, 0.423428836807, 1.06028126039, 136, 2019
E, -100, 0.09517936685673255, 721.724816511, 17.7951006321, 47.905833492, 1.36032617948, 1.03932785995, 136, 2019
Z, 100, 0.9984550287929838, 142.88415066, 145.880311624, 0.95655233887, 0.0049205759951, 0.0427259680436, 139, 2019
N, 100, 0.27896787716639254, 1207.93323326, 83.8536352741, 13.9219506743, -1.52309730759, 0.316778616481, 139, 2019
E, 100, -0.8459190453271324, 461.455096838, 46.5418693921, 9.16909102279, -0.587722265532, 3.40988603583, 139, 2019
Z, 100, 0.9990848025889669, 175.597834214, 179.68819247, 0.966916702477, -0.0186803142083, 0.0118584446455, 142, 2019
N, 100, 0.8136644801426808, 772.5247956, 114.044469201, 6.42671301645, -0.554648548022, 0.0235065812463, 142, 2019
E, -100, -0.9107276698043718, 330.858763767, 58.3857847211, 5.57436964601, 0.386428999472, 3.14227710994, 142, 2019
Z, 0, 0.9998139763373672, 144.718616544, 146.208243251, 0.985501044821, -0.0105511738592, 1.44753132453e-05, 145, 2019
N, 100, 0.98115584610062, 909.660025376, 98.4547640749, 9.00280684148, -0.118501537137, 0.037434821549, 145, 2019
E, -100, -0.649637461289275, 295.988645824, 50.6111429755, 5.18102329523, 0.880152247034, 3.06250667529, 145, 2019
Z, 0, 0.9996764542908323, 82.1936753091, 81.2924501273, 1.0128149585, -0.0133339013245, 0.00780262269136, 148, 2019
N, -15, 0.9582292189109732, 981.30746405, 61.8059712039, 17.3325991915, 0.258576853854, 0.311300365997, 148, 2019
E, -100, -0.12086277997176954, 424.157374802, 26.6841006432, 18.7447216767, -1.44425348233, 0.374191470797, 148, 2019
Z, 100, 0.9983063896211452, 72.1402004491, 72.9745720515, 0.968066393556, 0.0674380593378, 0.0873081671197, 151, 2019
N, 100, 0.5432398060304202, 885.260167166, 38.5127346718, 27.7150984688, 1.51899962977, 2.4790180842, 151, 2019
E, 100, -0.7721457672182443, 386.411740236, 22.2893878943, 18.9793325625, -0.80407803408, 3.67167947047, 151, 2019
Z, 100, 0.9990527125216989, 156.486044562, 159.309015061, 0.96297642322, 0.010370929108, 0.0362328562143, 154, 2019
N, 100, 0.3620997743430569, 1019.30405837, 95.9675722839, 10.6956729661, -1.34178319843, 0.19497062513, 154, 2019
E, 100, -0.9088634121462578, 404.301207236, 50.8806842928, 8.18048128374, -0.467580252618, 3.46740966709, 154, 2019
Z, 100, 0.9985746878894018, 200.222990571, 205.105177448, 0.964018647163, -0.0243565117845, 0.0186946232535, 157, 2019
N, 100, 0.7809465459733531, 1283.42334367, 132.159803709, 9.23077675217, -0.454477150179, 0.246367241676, 157, 2019
E, -100, -0.7729251235872147, 415.44460275, 66.4500764929, 5.72470423291, 0.82795444081, 2.8388214546, 157, 2019
Z, 100, 0.9958133613904042, 157.55070544, 159.266950857, 0.978727972004, -0.0816186594755, 0.0149571163761, 160, 2019
N, 100, 0.823446526761933, 1589.01950481, 109.811754213, 13.5482959901, -0.645783337313, 0.107187727071, 160, 2019
E, -100, -0.721647151427624, 580.953247341, 56.9798309367, 9.80722947448, 3.93150080546, 0.0475467769721, 160, 2019
Z, 100, 0.9915267822493123, 66.4294712328, 62.633544054, 1.0289118278, -0.276063412393, 0.176856241302, 163, 2019
N, 100, 0.8253410175335779, 869.532206481, 53.2546235882, 21.086647777, 0.259255608686, 0.719638934491, 163, 2019
E, -100, -0.5452387913733723, 316.118055545, 21.5595629834, 21.5656820143, 1.63984497904, 1.91837780495, 163, 2019
Z, 100, 0.9996292847665437, 132.833387616, 135.307501715, 0.970721700169, 0.00548782193911, 0.0256581045104, 166, 2019
N, 100, 0.12224576113274656, 1172.84468019, 75.7574260721, 17.2078297487, 1.5281122609, 2.95300912799, 166, 2019
E, 100, -0.7649264625961089, 408.59267241, 43.4450561424, 9.85547303918, -0.862731041348, 3.51035762887, 166, 2019
Z, 100, 0.9991361432465137, 180.797922589, 187.445964001, 0.953369334182, 0.0017315490689, 0.0262642171564, 169, 2019
N, 100, 0.23321583595324583, 1468.17493761, 116.391378848, 12.213737189, -1.4230912907, 0.130900738221, 169, 2019
E, 100, -0.9791835872380363, 537.026701134, 57.5864693698, 9.056475373, -0.184669970232, 3.26533325581, 169, 2019
Z, 100, 0.9984953727263589, 169.396985176, 173.214497859, 0.971139908328, -0.0297377147803, 0.0147364067789, 172, 2019
N, 100, 0.5543807696947268, 1668.78200421, 114.17963414, 13.9195825518, -0.941008951035, 0.044949094399, 172, 2019
E, -100, -0.9169877788580548, 558.643564855, 56.2265773313, 9.36284332287, 0.447500542122, 2.9906053024, 172, 2019
Z, 100, 0.9963298185156754, 110.404870474, 113.063786024, 0.960907795836, -0.0796238588516, 0.0178338543191, 175, 2019
N, 100, 0.5203660186543249, 979.806084712, 80.0408574022, 9.37856626037, -1.26933341393, 0.473199113525, 175, 2019
E, -100, -0.8833696309554718, 320.326891342, 40.1064755022, 6.22773955493, 3.23768929314, 0.359095405123, 175, 2019
Z, 0, 0.9989587294265789, 59.4926443694, 58.542907176, 1.05093218026, -0.030560141168, 0.0438990896385, 178, 2019
N, 100, 0.7355902732857208, 630.587957338, 39.6486298534, 18.9043318744, -0.0384279194724, 0.644505849738, 178, 2019
E, -100, -0.7108745854665905, 220.156136958, 15.2561408171, 17.4098913142, 1.64520018247, 1.56438797797, 178, 2019
Z, -98, 0.9994549863472637, 141.187355594, 140.011917804, 1.0211642019, -0.0121268165234, 0.0280188655706, 181, 2019
N, 100, 0.24160757878423753, 504.644023588, 82.0572204345, 6.12797390383, 1.44719971144, 2.73139584162, 181, 2019
E, 100, -0.5740944097632489, 165.630803559, 45.5247862021, 3.45352111359, 1.97999296498, 0.501837848437, 181, 2019
Z, 16, 0.9998748123356953, 204.525943781, 208.083049648, 0.979117784788, 0.00254008218222, 0.0125208726522, 184, 2019
N, 100, 0.6756840778514667, 700.737910131, 131.687066924, 5.11783501968, -0.762936368511, 0.0930450246004, 184, 2019
E, -100, -0.4503560127482592, 147.527179446, 66.1385960281, 1.94483800345, 1.24564621624, 2.73655795315, 184, 2019
Z, 100, 0.9988013780433496, 185.016915387, 190.132529349, 0.966994296843, -0.0311926710659, 0.00965607236208, 187, 2019
N, 100, 0.8527386658268669, 806.150228574, 127.628212207, 6.26644370571, -0.418313021217, 0.109493393302, 187, 2019
E, -100, -0.5541143060635552, 269.409582042, 62.2997558453, 4.02523189805, 1.18462678959, 2.81047093126, 187, 2019
Z, 100, 0.995799607173286, 86.9100650674, 89.3312489228, 0.958177539029, -0.11514389836, 0.0471027868758, 190, 2019
N, 100, 0.8026664284055046, 670.237266901, 67.9132438864, 10.8442749497, -0.501303459668, 0.176951420252, 190, 2019
E, -100, -0.7516419914637925, 268.484015002, 36.3786911461, 9.84318075761, 3.95715447908, 0.449787559449, 190, 2019
Z, 0, 0.9999535567170309, 111.266015577, 112.340742978, 0.987135561889, 0.0110606300043, 0.0105052864836, 193, 2019
N, 100, 0.08760087544988009, 567.068592426, 62.551027041, 9.79165869995, 1.46877083805, 2.94253873149, 193, 2019
E, 100, -0.674163529548035, 226.596566672, 35.3290543381, 6.47704878612, -1.12131160077, 3.51353085751, 193, 2019
Z, -4, 0.9999586780849117, 169.835753261, 170.729512258, 0.993738770813, 0.00779262007472, 0.00666657301207, 196, 2019
N, 100, 0.3143801008969473, 645.128555496, 104.842068648, 6.13778288377, -1.36734697747, 0.145801057493, 196, 2019
E, 100, -0.9227457206860351, 259.237186823, 53.4296489436, 4.71122530409, -0.458444696957, 3.41958907287, 196, 2019
Z, 63, 0.9997287234426357, 172.731684865, 175.778408704, 0.975801823094, -0.00444351813041, 0.0127637205703, 199, 2019
N, 100, 0.7000288804754604, 688.955433645, 115.520838316, 5.89314871094, -0.714280230481, 0.0762521801759, 199, 2019
E, -100, -0.8667076345967687, 250.786393607, 53.6730881115, 4.63180586927, 0.487289358327, 3.13707604288, 199, 2019
Z, 100, 0.9987360911710774, 128.309560344, 130.925066637, 0.972211103798, -0.0310315874763, 0.0105618561047, 202, 2019
N, 100, 0.7703941764259393, 1102.02706107, 90.8346218555, 11.8911593594, -0.606482414264, 0.121946027215, 202, 2019
E, -100, -0.7635105432488175, 410.345305391, 43.1651530749, 9.48821375682, 0.774198810266, 2.94659899623, 202, 2019
Z, 100, 0.9937540654374655, 59.1565167154, 63.0310237381, 0.911473803549, -0.153569373722, 0.102928634476, 205, 2019
N, 100, 0.5239694214036743, 564.011948357, 48.21191305, 13.1285664521, -0.677115471501, 0.349354875395, 205, 2019
E, -100, -0.8172127657999717, 223.898721761, 25.3886684199, 10.9638797117, 0.832174748247, 2.40713178594, 205, 2019
Z, 100, 0.9988302179849502, 104.239523815, 107.754545333, 0.949598628143, -0.0145361796739, 0.0327533373407, 208, 2019
N, -100, -0.43979519792868216, 1639.57478035, 61.7673506164, 28.6583744164, 1.03633835535, 3.03052833052, 208, 2019
E, 100, -0.5250812684775141, 589.341494558, 33.874898346, 18.43200406, -1.15655779924, 3.38157639874, 208, 2019
Z, 100, 0.9989968293312045, 178.297746107, 183.250756002, 0.954064211827, 0.0144186257555, 0.0404660877823, 211, 2019
N, -100, -0.4289756491698814, 1352.77041068, 114.862995648, 9.7752986028, -2.49035546842, 0.569550168272, 211, 2019
E, 100, -0.32312289811235595, 495.388896674, 59.9506541412, 6.97961410293, 1.66535561123, 0.510350028395, 211, 2019
Z, 100, 0.9977228750466658, 186.310891879, 194.072814289, 0.943722695638, -0.0197980853118, 0.0235589345991, 214, 2019
N, 100, 0.8351201273387436, 612.519541848, 129.325460529, 4.56044397021, -0.427427040013, 0.180823078977, 214, 2019
E, -100, -0.6120608275904212, 259.900096092, 60.5775760889, 4.08504141817, 1.07562813835, 2.83049841631, 214, 2019
Z, 100, 0.9928188980880002, 102.05212281, 108.585720004, 0.928978722182, 3.05094036305, 3.14505754743, 217, 2019
N, 100, 0.8050961698960735, 571.24779111, 78.3486870409, 7.79852673397, -0.395817850365, 0.204130513744, 217, 2019
E, -100, -0.6078370465975589, 208.470010912, 37.424087796, 5.83143664053, 1.02877621962, 2.83677942742, 217, 2019
Z, 63, 0.9994533945808247, 82.8929441007, 84.9670975478, 0.967075280154, 0.0283209714277, 0.037684925157, 220, 2019
N, -100, -0.064635526170418, 544.533391259, 46.3094910078, 13.0224612496, 1.15468555878, 2.7954867335, 220, 2019
E, 100, -0.6632911738281131, 286.5773842, 25.9327485147, 13.0514859831, -1.39681595545, 3.8654064638, 220, 2019
Z, -100, 0.9999611595053073, 143.362210572, 144.47734241, 0.994830241426, 0.0136919871848, 0.000352514560806, 223, 2019
N, -100, -0.02475906672302747, 583.733606814, 88.4860414942, 6.62798875706, 1.45289531156, 3.0176456367, 223, 2019
E, 100, -0.6903747063978877, 337.2738359, 46.6116125844, 7.00289188802, -0.931183652932, 3.38208442332, 223, 2019
Z, 80, 0.9999293798420881, 155.287632853, 157.146433998, 0.984846523718, -0.00325594342078, 0.00843395370334, 226, 2019
N, 100, 0.22393660980898603, 549.989942205, 102.096046897, 5.43666947194, -1.28625638525, 0.0877538631779, 226, 2019
E, 100, -0.8193833125236973, 173.546847914, 47.7947619982, 3.64189803749, 2.46215671977, 0.190439596122, 226, 2019
Z, 0, 0.9987430395365393, 125.994859742, 125.758994065, 1.01641734279, 0.0302674733485, 0.0460612226869, 229, 2019
N, 100, 0.26539381875114526, 704.942452996, 86.6315681345, 8.02381777974, -1.2359621763, 0.110346608069, 229, 2019
E, 100, -0.6995162896627047, 383.690535278, 37.5222003239, 8.13171884235, 2.59779793308, 0.256319902593, 229, 2019
Z, 100, 0.8803111424826319, 60.3670951577, 61.566718094, 0.87007489357, 2.57017671524, 3.34052270127, 232, 2019
N, 100, 0.33500976500678376, 709.739167675, 47.7953387265, 16.230035169, -0.932354791512, 0.357763442952, 232, 2019
E, -100, -0.6576998034451916, 367.901128742, 23.9278627869, 21.1959914308, 0.856285469694, 2.78514553328, 232, 2019
Z, -82, 0.9999275223389933, 74.2464207007, 75.4171891066, 0.987388021153, -0.0021765842782, 0.00899071125632, 235, 2019
N, -100, -0.6593150686443697, 791.06057989, 42.1674442143, 20.1322337192, 0.526067667323, 2.82003350863, 235, 2019
E, 100, -0.22117102591568175, 393.912495148, 22.9074392578, 18.7731603814, -1.8620612115, 3.73941623491, 235, 2019
Z, 54, 0.9991510385715875, 147.606977436, 147.185598345, 1.01766675021, -0.0325093203154, 0.0383017872435, 238, 2019
N, -100, -0.5008551094388146, 603.308184422, 91.3636581818, 6.21532282374, 0.712026599014, 2.75219208228, 238, 2019
E, 100, -0.37438904190651534, 277.975198646, 49.6628687518, 5.11513174353, 1.70426186636, 0.420700238987, 238, 2019
Z, -100, 0.9994102268754419, 175.711681969, 170.931051086, 1.04020608241, 0.00535372950274, 0.0196468970903, 241, 2019
N, 100, 0.449155366690866, 448.314610192, 113.907607002, 3.78629051009, -1.09632149627, 0.0145570772647, 241, 2019
E, -100, -0.940216013776919, 180.617276303, 55.2153004727, 3.12926473415, -0.0273973813973, 3.36382832936, 241, 2019
Z, -100, 0.9974122180625874, 115.946112995, 109.606325137, 1.06761537807, 0.0216825082752, 0.00206145359178, 244, 2019
N, 100, 0.6294289815962769, 301.765218569, 77.3696636274, 4.49286757661, -0.737259585494, 0.254478055964, 244, 2019
E, 100, 0.41893586954062606, 498.629950296, 30.6844280569, 15.7977372965, 2.11874547557, 2.76198747316, 244, 2019
Z, -100, 0.9970980970384328, 66.7999510646, 66.4045624168, 1.02187871452, -0.052464854721, 0.0752886634361, 247, 2019
N, -100, -0.8910816804182438, 401.712552428, 34.412510471, 9.39320016302, -1.68426519031, 1.09099478827, 247, 2019
E, -100, 0.16327722526569738, 343.064229964, 20.7143611395, 11.9558433251, 2.53142499133, 1.47575418, 247, 2019
Z, 100, 0.9998018357398937, 126.820751908, 123.911501168, 1.03012257452, -0.0259234877481, 0.0151651981914, 250, 2019
N, -100, -0.7756052156195382, 622.340114607, 76.8330225354, 7.81487291133, 0.707500907113, 3.17645584465, 250, 2019
E, 100, -0.5259942238595542, 315.21118806, 40.4573211131, 7.17189839844, -1.00865227381, 3.1654193268, 250, 2019
Z, 100, 0.9995880029037426, 131.677216673, 129.838075305, 1.01578677957, -0.0370103817295, 0.0106463399254, 253, 2019
N, -100, -0.3590753432821142, 648.965872382, 84.8225183981, 7.30597579266, 1.13583678465, 3.04554793061, 253, 2019
E, 100, -0.8558827815741714, 360.937431932, 41.7011280132, 8.4473985514, -0.623358244725, 3.33021517583, 253, 2019
Z, 100, 0.9985632872842451, 95.1893255158, 101.689271304, 0.933451349692, -0.035387681067, 0.0214151448548, 256, 2019
N, 100, 0.2533295211511316, 404.421600228, 69.9536694362, 5.71694215544, -1.33534104118, 0.0351576207945, 256, 2019
E, -100, -0.9704432714644131, 181.55434337, 29.2820161, 6.13292860107, 0.0811149106967, 3.12085372039, 256, 2019
Z, 0, 0.998209916389835, 49.9257278277, 46.725863717, 1.09710974228, -0.0202885612517, 0.0395386469505, 259, 2019
N, 100, 0.5205040156082006, 202.848473124, 36.763282211, 5.93376822699, -0.611948977734, 0.340203654003, 259, 2019
E, -100, -0.34146870337035606, 104.225326123, 12.4138586752, 7.28259056176, 1.14097654502, 2.9610564215, 259, 2019
Z, 100, 0.99842756907405, 63.8131724018, 66.0647532204, 0.970351279839, -0.0495019425899, 0.0191837396574, 262, 2019
N, -100, -0.8539396295972221, 276.122496035, 36.8630100622, 8.80678960938, 0.151634740152, 2.83502703976, 262, 2019
E, -100, 0.4360689682832284, 151.037460042, 20.9961673496, 8.14239733949, 0.779816999062, 0.453246458611, 262, 2019
Z, 100, 0.9985124191466033, 126.845458894, 126.438750667, 1.00605872642, -0.0560289172554, 0.0218895563526, 265, 2019
N, -100, -0.8047237088712049, 601.597257955, 78.8102630518, 7.57975402008, 0.727692931791, 3.27470870509, 265, 2019
E, 100, -0.5946340806310484, 343.030641396, 41.7662457948, 7.56341442402, -0.714599934865, 2.9241586555, 265, 2019
Z, 100, 0.9995220458127881, 147.374086479, 141.999779717, 1.04249940063, -0.0322546464889, 0.0208515811654, 268, 2019
N, -100, -0.6593302951820161, 1000.28143216, 95.2796194272, 9.78057568295, 0.756808505544, 3.00232358961, 268, 2019
E, 100, -0.8543543123355017, 644.563303654, 48.6476425372, 12.3673417419, -0.612552017669, 3.30567365763, 268, 2019
Z, 100, 0.9996323838873228, 91.5660704681, 90.1779193521, 1.03106173127, -0.00780815189172, 0.0215249403049, 271, 2019
N, 100, 0.3207537999198736, 578.249276564, 65.7796614317, 9.1713746235, -0.899919764927, 0.446795887065, 271, 2019
E, -100, -0.4859613134812395, 361.71908863, 24.8829472236, 14.4809487065, 1.14456853163, 2.829209779, 271, 2019
Z, 100, 0.9992052017960449, 67.3291675557, 70.6505908428, 0.954874959293, -0.00101804070002, 0.00472329456032, 274, 2019
N, 100, -0.6765494841663754, 708.875250408, 35.95546839, 22.691380491, -1.32590336122, 2.22537438727, 274, 2019
E, -100, 0.8370560782368618, 475.300450649, 26.1307203924, 18.8141741574, 0.134451820971, 0.422524391941, 274, 2019
Z, 0, 0.9999891466476466, 128.089230808, 131.268358161, 0.975624977992, 0.00054888820601, 0.00226677553106, 277, 2019
N, -100, -0.9715084166178386, 382.217670096, 81.3594024501, 4.25625457143, -0.239908010559, 2.83723601259, 277, 2019
E, -100, 0.30802730489523056, 281.86124038, 42.0034960807, 6.66214842424, -2.12789223496, 3.46511497716, 277, 2019
Z, 13, 0.9999294033033926, 121.037715984, 124.060697152, 0.975873231639, -0.00947170568016, 0.00036201226251, 280, 2019
N, -100, -0.7250445145131906, 489.014826489, 83.1521639403, 5.88230831944, 0.889197983531, 3.37616949784, 280, 2019
E, 100, -0.4183517960722785, 257.552856246, 40.0793518907, 5.90294789159, -0.925852022424, 2.94339464872, 280, 2019
Z, 100, 0.9998373127632206, 80.1830809347, 81.0762404762, 0.994198047335, -0.0187451676164, 0.00665053555157, 283, 2019
N, -100, -0.5472715920600834, 711.814041881, 56.7162235744, 12.0166046429, 1.02402203948, 3.17956072022, 283, 2019
E, 100, -0.8967414887218684, 468.489759186, 24.1184268833, 18.3048848581, -0.367122605042, 3.09822106423, 283, 2019
Z, -100, 0.9948723646441603, 30.5193217118, 27.6788534294, 1.05320317132, -0.0325950890399, 0.079864473068, 286, 2019
N, -100, -0.21064707326131518, 319.377241998, 21.33388893, 20.7375557457, -1.62097666117, 0.614137118645, 286, 2019
E, 100, 0.09214082232169228, 218.111907061, 8.46494263382, 28.0303433788, -1.66998680558, 0.977663321554, 286, 2019
Z, 100, 0.9987483559142086, 82.8250409275, 84.1180270771, 0.983845636267, -0.04982997335, 0.00287200524188, 289, 2019
N, 100, -0.6805285865052323, 219.6694317, 47.5034143663, 3.92478383223, -0.687683937796, 3.2487374063, 289, 2019
E, -100, 0.7284046539795619, 204.310973453, 28.769046999, 5.85670450447, 0.980009862665, 0.40977128722, 289, 2019
Z, 100, 0.9968455953537064, 135.443105559, 140.127949006, 0.953214918832, -0.0490676269861, 0.00910714283768, 292, 2019
N, 100, -0.9922010535667054, 428.236554834, 87.1737158884, 4.82543732037, 0.0510888717639, 3.2190202048, 292, 2019
E, 100, -0.06812886004813669, 346.051756417, 44.9563018831, 7.41343604261, -1.36903132991, 2.98195052822, 292, 2019
Z, 0, 0.9994054629386969, 144.859932678, 143.593104233, 0.999726558086, -0.0228086807639, 0.0258909717354, 295, 2019
N, -100, -0.952081507927742, 608.014059961, 96.437382999, 5.87870084555, 0.154422561077, 2.9703587905, 295, 2019
E, 100, -0.44665760451992426, 456.689517892, 47.45246162, 9.28864522953, -1.21055409562, 3.31070098921, 295, 2019
Z, -100, 0.9987176831029385, 91.009289525, 81.0248075922, 1.1467047805, 0.049260045905, 0.0422833983482, 298, 2019
N, -100, -0.7070775920470912, 399.117290303, 60.9067832441, 6.5765352662, 0.741871173877, 3.10070267788, 298, 2019
E, 100, -0.7076342330434523, 277.646623658, 24.6096751878, 9.96794539647, 2.36308917428, 0.297760872111, 298, 2019
Z, 100, 0.9927814175128065, 80.6116843612, 83.419477371, 0.935903256707, 0.060603275866, 0.125931395716, 301, 2019
N, 100, -0.40763176274550933, 286.82616606, 42.2525588099, 7.46904797904, -1.15354331236, 3.03678788084, 301, 2019
E, -100, 0.7763584622040564, 377.326303549, 30.6397766286, 12.2369333521, 0.505335733576, 0.0105958216057, 301, 2019
Z, 0, 0.9999813453955965, 156.784302326, 158.956914181, 0.984719888726, 0.0015608854631, 0.00344627795766, 304, 2019
N, 100, -0.3593979499722028, 378.99812987, 97.297983655, 3.59471667999, -1.47700880353, 2.74615596889, 304, 2019
E, -100, 0.8490655822373016, 345.121535361, 53.5927365341, 5.5955350483, 3.31461405306, 2.75991109103, 304, 2019
Z, 0, 0.9999839972706902, 151.873937809, 154.637681642, 0.982403398282, 0.00595078167597, 0.00377001859521, 307, 2019
N, 100, -0.9304192055557088, 253.384904381, 102.638016822, 2.25676777383, 0.172073632115, 3.46535303339, 307, 2019
E, -100, 0.13890884902410164, 213.159852511, 48.0280465512, 4.48468163503, -1.59831781383, 3.02384876868, 307, 2019
Z, 26, 0.9997971072964783, 95.720530846, 98.2749973356, 0.971188760525, -0.0224490416701, 0.00802195911308, 310, 2019
N, -100, -0.98844527843225, 332.805079879, 69.0890213219, 4.72900428284, 0.141077220997, 3.12017446977, 310, 2019
E, 100, -0.0717081443277757, 229.46969537, 29.2326189916, 7.90492936265, -1.51133753677, 3.17892977226, 310, 2019
Z, 0, 0.9994946269814906, 32.7797097778, 34.8420380933, 0.953334081393, -0.0695208123508, 0.0796082769462, 313, 2019
N, -100, -0.8442910246781125, 185.238264307, 23.9908406986, 9.80471414478, 0.672339979966, 3.89872887582, 313, 2019
E, -100, 0.6257715189642761, 110.111613213, 8.14181868949, 15.6676902436, -1.15319130164, 1.55439368927, 313, 2019
Z, -21, 0.9999588778341354, 101.597361787, 102.646839948, 0.990692450153, 0.00183988673258, 0.00496069286877, 316, 2019
N, 100, -0.16352057965859157, 386.250336217, 58.5167640916, 6.63717400086, 1.63088694843, 0.133894911701, 316, 2019
E, -100, 0.9352807747711399, 297.367876013, 34.5427490324, 7.54373107381, 0.452111235538, 0.170922943351, 316, 2019
Z, 75, 0.9995377020752959, 163.353642991, 167.36034183, 0.967343032157, 0.000187893451414, 0.0194559567168, 319, 2019
N, 100, -0.4761831263014555, 296.927513059, 103.851419975, 2.76114015507, -1.26993712824, 2.86969261884, 319, 2019
E, -100, 0.828580935785425, 279.99553915, 54.9837096325, 5.09350148782, 0.460124328327, 0.16671124068, 319, 2019
Z, 3, 0.9995324638764663, 171.415060683, 174.806305961, 0.975070310206, -0.0164728379867, 0.00278934990675, 322, 2019
N, 100, -0.864040350926004, 138.427703817, 115.713064464, 0.9637807758, -0.757615247258, 2.36214196121, 322, 2019
E, -100, 0.4074285441087839, 179.856332058, 55.818294303, 2.91806795486, 0.811990235072, 0.428768823457, 322, 2019
Z, 0, 0.9997260344851583, 106.768133087, 108.698150082, 0.980244560826, -0.0243568735664, 0.00517801228314, 325, 2019
N, -100, -0.6522300452375562, 375.140144949, 78.754158761, 5.22412115928, 0.993976132326, 3.49282630223, 325, 2019
E, 100, -0.6943207152655316, 343.077342885, 32.9789278158, 11.1921064022, -0.307974491392, 2.68795944091, 325, 2019
Z, 0, 0.9959570440264306, 80.8882215654, 82.9191869261, 0.957158205814, 0.117451759535, 0.121568950214, 328, 2019
N, 100, -0.40821952021976293, 415.953942083, 41.5289107474, 12.6430325027, -1.57872516156, 2.668681652, 328, 2019
E, -100, 0.8825876012944744, 345.298444036, 27.627128663, 12.9948794914, -0.290302387715, 0.578792815938, 328, 2019
Z, 77, 0.9992759914616792, 170.891224901, 175.26481285, 0.958513883982, 0.00704818730588, 0.0256212596418, 331, 2019
N, -100, 0.18771359509237043, 342.853279579, 106.745977018, 3.03105833705, -1.9925975294, 2.78033748135, 331, 2019
E, -100, 0.7980445017666841, 349.673061982, 60.71654137, 5.55094833318, 0.554671435668, 0.109015260877, 331, 2019
Z, 13, 0.9992826203649973, 183.756432723, 191.631854322, 0.951837491083, -0.00761072276895, 0.00876597558743, 334, 2019
N, -100, 0.45177672143212166, 196.119431994, 124.632490908, 1.52818644323, -2.27092220359, 2.84506337546, 334, 2019
E, -100, 0.8025898588194424, 168.128498182, 62.0452247274, 2.0024670007, -0.276417809491, 0.625917210506, 334, 2019
Z, 28, 0.9989414101067715, 137.558973301, 140.701270693, 0.967266300879, -0.0312590075213, 0.0154776895616, 337, 2019
N, 100, -0.7939893547661646, 155.822077989, 96.4514737508, 1.59167818588, -0.632499999438, 3.01563398646, 337, 2019
E, -100, 0.2388105994160674, 193.394707401, 40.9835677784, 4.92988706377, -1.87505972236, 3.22060709535, 337, 2019
Z, 0, 0.9997516610155452, 70.0168405184, 68.7979424432, 1.02686414366, 0.0128273285923, 0.0167245574564, 340, 2019
N, -100, -0.37451183168076174, 295.020204529, 46.7412688922, 7.15527118864, 1.31318018363, 3.71217107431, 340, 2019
E, 100, -0.22467105462602788, 242.157582783, 14.6429482396, 19.9801069124, -0.0281455444054, 1.98455325765, 340, 2019
Z, -100, 0.9994794678048676, 100.348286245, 100.699043998, 1.00546818359, 0.0183844507878, 0.00771776405267, 343, 2019
N, 100, -0.15282594596906302, 407.017013777, 57.2176528615, 7.5244782932, 1.52977604269, 0.225211247328, 343, 2019
E, -100, 0.9526772453173313, 384.371836936, 31.773187011, 11.9994495627, -0.100930728198, 0.244232741582, 343, 2019
Z, 35, 0.9994717826203103, 174.553045801, 179.189908998, 0.958719717174, 0.0110587726826, 0.0248184269816, 346, 2019
N, -100, 0.04785589403020328, 232.388002519, 111.217156493, 1.78454808011, 1.17492999067, 0.480234872071, 346, 2019
E, -100, 0.918715756186228, 190.368396293, 59.9667264966, 3.11364762553, 0.28265512453, 0.124491242724, 346, 2019
Z, 61, 0.9994297712517328, 199.415930258, 206.555988804, 0.956440188885, -0.012904977307, 0.00472969151445, 349, 2019
N, 100, -0.44573892496121514, 51.7275275017, 135.413568474, 0.290361313315, -1.41648027016, 1.95716281921, 349, 2019
E, -100, 0.6971012723142017, 211.935392237, 68.0701138244, 2.87995779486, -2.53389672661, 3.40540251748, 349, 2019
Z, 94, 0.9993617050783246, 146.53686348, 147.660312168, 0.989637463463, -0.0252498318948, 0.00339979257966, 352, 2019
N, -100, -0.43041166273822185, 112.544128317, 104.819952405, 1.11773837609, 1.30753431709, 3.38386928154, 352, 2019
E, 100, -0.7609029517280109, 169.192055552, 44.8654136694, 3.80496072536, -0.144854074656, 2.66389546909, 352, 2019
Z, 51, 0.9961056705882464, 68.6029595889, 70.1284954673, 0.948967079944, 0.462921442225, 0.477954760135, 355, 2019
N, 100, -0.6835746325853158, 280.214316269, 37.7968621798, 9.52973126253, 0.134733473527, 3.84265415778, 355, 2019
E, 100, 0.759279891703177, 245.316058769, 19.0969085383, 15.5752654457, -0.598832245497, 0.541578626605, 355, 2019
Z, -53, 0.9998000332775571, 167.278850846, 164.837194428, 1.02392708359, -0.0070374295532, 0.0168762098867, 358, 2019
N, -100, 0.5050933783570078, 231.371798296, 98.907080748, 2.22843873889, 0.776934121571, 0.360099409999, 358, 2019
E, 100, 0.6068406364232235, 251.775392057, 55.3042098217, 3.94731848443, 2.04225680157, 2.74906472122, 358, 2019
Z, 61, 0.9996690573603969, 201.38373047, 205.043017827, 0.975278592986, -0.00345937101149, 0.0131360340254, 361, 2019
N, -100, 0.6925047753142147, 82.0017139859, 133.152695177, 0.609447016407, -2.3967145923, 3.27889877444, 361, 2019
E, -100, 0.9507777367466088, 200.023993862, 69.6212122406, 2.826998797, 0.349991435678, 0.114221004227, 361, 2019
Z, 67, 0.9996200488262054, 166.894615285, 171.685587722, 0.965660288525, -0.0236833170162, 0.00171462051234, 364, 2019
N, 100, 0.7529180231692443, 74.8987256827, 116.418591311, 0.794966348904, -0.512088417568, 0.198571835979, 364, 2019
E, 100, 0.9036628882957666, 117.459070984, 53.4022621531, 2.46549663988, -0.259459216578, 0.195206729449, 364, 2019
