Chan, Phase Shift, Correlation, ptp-data, ptp-synthetic, rat, phasem, phasestd, DOY, Year
Z, 100, 0.9886419244912554, 111.106948684, 93.7571786392, 1.21435357659, -0.218883450542, 0.10419964677, 1, 2019
N, -100, 0.22572418292006396, 23.1604393605, 19.6074220197, 1.20372923281, -1.71437715265, 3.25719025231, 1, 2019
E, -100, 0.9960186221284061, 49.120100782, 42.0990970961, 1.18289121731, 0.0792315818892, 0.00194942780159, 1, 2019
Z, 100, 0.998092636957987, 170.23974302, 151.141002511, 1.10693900252, -0.0292417606847, 0.0248096061999, 4, 2019
N, -100, 0.678503689481852, 25.0873906659, 29.2711684064, 0.825182134083, 0.553037750869, 0.3010901227, 4, 2019
E, -100, 0.9993359609126462, 79.0614020547, 74.5784802627, 1.05053028855, 0.0260692851951, 0.00485542679064, 4, 2019
Z, -100, 0.9996967309579814, 185.208547456, 165.091506427, 1.12262487885, 0.00328598642315, 0.0222759938881, 7, 2019
N, -100, 0.7908348840080167, 17.4123339492, 30.0772998421, 0.550079549823, 0.378240355608, 0.195045832127, 7, 2019
E, -100, 0.9991393539807216, 83.2383369854, 82.1423139746, 1.0086697332, 0.0131254269669, 0.0200338647116, 7, 2019
Z, -100, 0.9985274127952761, 153.939841383, 136.063155412, 1.14119926285, 0.0730372172204, 0.0245720355267, 10, 2019
N, 100, 0.8878501418811964, 6.23057630908, 23.7267707408, 0.235316228296, -0.399411583451, 0.0538712312359, 10, 2019
E, -100, 0.9970479233352803, 64.0548427271, 67.633689502, 0.939510326419, 0.0859385925305, 0.00561320774858, 10, 2019
Z, -36, 0.9991549838893781, 81.2040723691, 73.1384564357, 1.13601437543, 0.0660306023883, 0.0595719485353, 13, 2019
N, -100, 0.8520922618971217, 6.61510801414, 14.7135376536, 0.374123179109, 3.10626822582, 2.57876671331, 13, 2019
E, -100, 0.9942061379744057, 37.9996893504, 38.9652127176, 0.97717206687, 0.143088571425, 0.0359936898125, 13, 2019
Z, 100, 0.997187795613172, 103.859549696, 90.4633837048, 1.14664598685, -0.087408893785, 0.0104619035561, 16, 2019
N, -100, 0.532210370939007, 13.6844582686, 16.6537480242, 0.807297842985, 1.06794296128, 0.0535360273315, 16, 2019
E, -100, 0.9989811046930022, 45.7687757255, 40.9116719385, 1.12519560727, 0.0369208239843, 0.0159792348536, 16, 2019
Z, 100, 0.999311809357755, 185.267650995, 170.815172233, 1.08491615136, -0.0445466364677, 0.00772520060992, 19, 2019
N, -100, 0.862653006687452, 28.405660283, 31.897984092, 0.902353167238, 0.489164653617, 0.0400228280463, 19, 2019
E, 72, 0.9998842643897464, 87.301816563, 83.0563982986, 1.04628191209, -0.0111484804641, 0.000699941911844, 19, 2019
Z, 52, 0.9998555018393771, 212.811200776, 193.462755482, 1.09497788395, 0.00496386541689, 0.0131041845156, 22, 2019
N, -100, 0.9113374693933417, 21.6341907948, 32.9624933089, 0.67602671628, 0.406644480017, 0.0231165763992, 22, 2019
E, -100, 0.9992130572602586, 99.3970550439, 97.3427730915, 1.012884159, 0.031572827449, 0.00144927086834, 22, 2019
Z, -100, 0.9934006381682579, 132.662908648, 127.61810148, 1.06558874548, 0.0993893683218, 0.0498698054324, 25, 2019
N, 100, 0.29120751273823325, 12.5865264896, 16.9942385198, 0.512348769524, 3.53602722485, 1.94625325306, 25, 2019
E, -100, 0.9941395289932675, 65.6795592733, 64.2130903281, 0.973503496882, 0.0337943296273, 0.0800562084629, 25, 2019
Z, 100, 0.9630737184771926, 79.2932631991, 63.8999927749, 1.27486895834, -0.414813142074, 0.193012640703, 28, 2019
N, -100, 0.03870167624948949, 23.955250282, 13.9037877264, 1.91488401884, -1.7344246604, 2.99511314845, 28, 2019
E, -100, 0.9616079303753812, 38.2005544669, 27.6949154308, 1.43626997424, -0.146795750416, 0.378166617659, 28, 2019
Z, 100, 0.9902173682366169, 138.335904428, 123.571509478, 1.10764845278, -0.150498216871, 0.0332665100903, 31, 2019
N, -100, 0.5389380781595853, 27.9678528932, 24.6224506281, 1.17697065754, -2.26414860122, 2.9981381523, 31, 2019
E, -54, 0.9990944089006644, 69.9487228828, 59.4770631167, 1.18575044268, -0.0237288579488, 0.041208580741, 31, 2019
Z, 88, 0.9999280628450407, 164.754870969, 145.011045125, 1.13551724109, -0.00612272522671, 0.00646045864874, 34, 2019
N, -100, 0.8643981455125543, 15.5711003067, 27.6397430735, 0.572503595235, 0.519210424326, 0.00627512155692, 34, 2019
E, -100, 0.9994279911021066, 77.8184314941, 74.0246911572, 1.04006528184, 0.0239728908343, 0.000964059154132, 34, 2019
Z, 64, 0.9997739221223088, 142.457352924, 130.899072271, 1.08858219499, 0.00691798339569, 0.0141898087379, 37, 2019
N, -100, 0.9462265694064832, 14.7170074065, 22.5739117179, 0.683549807681, 0.331167087363, 0.0137844011578, 37, 2019
E, -100, 0.9993716897297829, 68.7133951679, 65.7110646779, 1.03676548847, 0.0313626816854, 0.003358885748, 37, 2019
Z, -100, 0.9948798226755927, 83.3811471975, 81.9852944968, 1.04474813104, 0.103965114455, 0.0534895118163, 40, 2019
N, 100, 0.7438308999195913, 7.78937387038, 12.3410159969, 0.627168449201, 2.6897364007, 3.08176696086, 40, 2019
E, -100, 0.9952168644684197, 40.0533084352, 41.278606299, 0.945102520916, 0.053634427597, 0.0556309578374, 40, 2019
Z, 100, 0.7804007228065681, 57.6375697298, 53.6048752383, 1.27327348665, -0.735225979898, 0.121158560381, 43, 2019
N, -100, 0.6329678097821623, 1083.80751588, 9.75535751825, 100.080487785, 1.01301510903, 0.460917820955, 43, 2019
E, 100, -0.4866517472990721, 2389.11778166, 24.371484401, 97.2664294251, -0.841561433214, 3.32659776818, 43, 2019
Z, 100, 0.47993996193578814, 102.252301911, 131.056047981, 0.677693825894, -1.33569973309, 0.393607877209, 46, 2019
N, -59, 0.9324863485811345, 3967.16757739, 24.4116136583, 147.189733874, -0.170214581601, 0.262000071913, 46, 2019
E, 100, -0.1624836799187747, 8781.15094321, 61.1730646869, 130.329833244, 1.59633868148, 0.22361450397, 46, 2019
Z, 0, 0.999902446924561, 172.031100698, 165.5569723, 1.03947478181, -0.0104613149206, 0.00712269218648, 49, 2019
N, -100, 0.9801926870334405, 31.5594653356, 30.2473155918, 1.04940816388, 0.22421210613, 0.0372894581274, 49, 2019
E, 100, 0.9979225201365113, 85.1126878048, 84.9749717174, 0.995287876075, -0.0455902943557, 0.0272271197121, 49, 2019
Z, 0, 0.9997864318147355, 128.668835133, 130.588091669, 0.99847008539, 0.0110898568479, 0.0157644538656, 52, 2019
N, -100, 0.9834084987782679, 19.7162502986, 16.4885787008, 1.19360801374, -0.00517647877886, 0.131057643997, 52, 2019
E, 100, 0.9985509256229084, 67.8366237279, 65.0781467751, 1.03904393809, -0.0575623673613, 0.00992345171666, 52, 2019
Z, 100, 0.9959850606719699, 38.1401747434, 37.3667173518, 1.04950048968, -0.0817542543991, 0.0345881702747, 55, 2019
N, -100, 0.9194566890280496, 10.9862551159, 8.75453318579, 1.11461688737, 0.546374951915, 0.196436573069, 55, 2019
E, 0, 0.96601762369866, 22.1025282329, 25.1339884168, 1.08522050802, 0.0167366265351, 0.191887732464, 55, 2019
Z, 100, 0.9924742742519989, 105.955874065, 97.2207005713, 1.07575730995, -0.102197220382, 0.0348350691619, 58, 2019
N, -100, 0.7787297249522136, 20.4512158914, 19.7832519073, 0.980912578696, -2.51329816294, 3.06127935062, 58, 2019
E, 100, 0.9988453281930548, 51.3062640585, 44.9962495591, 1.13620761737, -0.0413134431575, 0.0039970085689, 58, 2019
Z, 100, 0.992803958001459, 135.008925796, 117.916185937, 1.14102933996, -0.123484495746, 0.000967001502139, 61, 2019
N, -100, 0.5395540700788816, 23.990617494, 22.9631903427, 1.01610001745, -2.13422875567, 3.13401800575, 61, 2019
E, -100, 0.9996057096079467, 68.0799962004, 59.2113585553, 1.13530245152, 0.020269450202, 0.00407123004297, 61, 2019
Z, 100, 0.9975300507977309, 119.262088938, 103.958069325, 1.15262498575, -0.040131452272, 0.0230669987328, 64, 2019
N, -100, 0.4723148931446968, 17.4787197167, 18.8447426587, 0.809450851447, -2.33070080584, 2.71069479427, 64, 2019
E, -100, 0.9978295124370008, 60.9501803996, 55.0059309179, 1.09588884445, 0.0631700660326, 0.00861898596133, 64, 2019
Z, -100, 0.9917810804698519, 92.2714142209, 69.8865036663, 1.42852092645, 0.0890971518108, 0.0916669703615, 67, 2019
N, 100, -0.8295035748991609, 15.5923952792, 8.36695670781, 2.03761208031, -0.523219853928, 3.02380444103, 67, 2019
E, -100, 0.9698538071940839, 36.3460705142, 33.5336943881, 1.02334239576, 0.173151867236, 0.115053750375, 67, 2019
Z, 100, 0.8767776266616503, 28.5408223414, 38.8414528221, 0.699017486002, 2.87764987623, 2.70071275806, 70, 2019
N, -100, 0.8524597114669057, 24.2411732099, 7.14435748091, 3.29809234548, 0.539450805543, 0.0112772754445, 70, 2019
E, 100, 0.872823637094438, 24.508487157, 19.5706450293, 1.23017123944, -0.306610795703, 0.0552729893932, 70, 2019
Z, 100, 0.9963378406795469, 103.405672768, 103.549580551, 0.985295162899, -0.0374665794349, 0.0363405154199, 73, 2019
N, -100, 0.9097505936230759, 28.4098757594, 19.6098585349, 1.44789056758, 0.390315768654, 0.0639039610154, 73, 2019
E, 100, 0.9974544504144978, 53.7979562438, 49.5222829642, 1.06573408507, -0.0342757130781, 0.0400928871638, 73, 2019
Z, 100, 0.9954414016773475, 148.707630861, 135.753141743, 1.09434362353, -0.0744033594972, 0.0322955240021, 76, 2019
N, -100, 0.7343073881829855, 24.0187384156, 25.1152066512, 0.882734995299, -2.52230917487, 2.95513217373, 76, 2019
E, 78, 0.9996296423663534, 72.9952857957, 66.7807951817, 1.0867069856, -0.00916872835356, 0.00784644872403, 76, 2019
Z, 100, 0.9974465181161527, 125.195961049, 103.047227424, 1.23623285846, -0.0421675425925, 0.0349488935813, 79, 2019
N, 100, -0.18002170204573062, 13.8843142428, 15.0391218507, 0.910750316416, -1.33408566341, 3.16381797017, 79, 2019
E, -100, 0.996495322045282, 60.3728404029, 57.3161567459, 1.04407843627, 0.0788421908985, 0.00626329441075, 79, 2019
Z, 100, 0.9211891051540491, 46.5545098819, 41.6267391411, 0.877993617581, 2.40178706976, 2.4068259256, 82, 2019
N, -100, 0.918851174584008, 26.2307890343, 9.47435629368, 2.36404445525, 0.674818395621, 0.400511547414, 82, 2019
E, 100, 0.909719182095786, 24.2784448314, 20.0229557863, 1.44097790762, 2.8712846138, 3.17907129339, 82, 2019
Z, 100, 0.9052014199863748, 81.2677377483, 95.3505407515, 0.805977863834, 2.79158788772, 3.00900944927, 85, 2019
N, -100, 0.8507917597367911, 56.4548736675, 21.4390871071, 2.60981877414, 0.550750478123, 0.0188259242375, 85, 2019
E, 100, 0.9510814772090891, 62.3729211442, 47.1532602032, 1.30709172092, -0.294383221476, 0.0339381728022, 85, 2019
Z, 100, 0.9472566250778315, 108.197203147, 109.687001887, 0.989769922654, -0.298572420113, 0.0546622283603, 88, 2019
N, -100, 0.681979681921685, 48.479447738, 21.6159569622, 2.1551870069, -2.31240891767, 3.12572969135, 88, 2019
E, 100, 0.9955841768019145, 69.3807899675, 52.4343161931, 1.31175752811, -0.0970746280116, 0.0103838732933, 88, 2019
Z, 100, 0.9808570484050695, 89.0810598482, 84.4554493049, 1.06801142131, -0.137885819272, 0.0682187390714, 91, 2019
N, -100, 0.6912721368185691, 26.8274530447, 16.2121660835, 1.42471195987, -2.54118933734, 2.85639036468, 91, 2019
E, 100, 0.9976172140114714, 53.3177802241, 45.2227919012, 1.14179383269, -0.0173015495748, 0.0151062607999, 91, 2019
Z, 100, 0.9477598202288836, 69.959386933, 44.9527667351, 1.81690038644, -0.0337348368486, 0.221858143492, 94, 2019
N, 100, -0.3091612637388471, 25.6423524764, 5.5992439181, 5.32551567931, -0.95058974418, 3.40951480163, 94, 2019
E, -100, 0.8969147217300953, 31.9123958942, 26.1140368617, 1.27243260232, 0.418423106298, 0.0483718090177, 94, 2019
Z, -100, 0.5416232458531204, 38.0842462951, 57.501023071, 0.387940902415, 2.56707563757, 2.02386938514, 97, 2019
N, -100, 0.9942135998751452, 52.8842127454, 10.9357946071, 4.75856863671, 0.0166596504273, 0.0198432326398, 97, 2019
E, 100, 0.7280596001711749, 36.2471370514, 27.0690763704, 1.2787634687, -0.67243499753, 0.07394106944, 97, 2019
Z, 100, 0.9773108906476705, 84.0112790113, 111.971432566, 0.718861501086, -0.0945440824267, 0.12521529219, 100, 2019
N, -100, 0.975725605885977, 63.3060356792, 22.9446833005, 2.58277950337, 0.186381929297, 0.0409511981483, 100, 2019
E, 100, 0.9513065857233715, 64.8725819127, 56.1214025377, 1.11821955187, -0.297190694366, 0.0152564278725, 100, 2019
Z, 100, 0.9930368824676724, 134.232817013, 132.867327314, 1.02476828982, 3.05840749396, 3.09488347658, 103, 2019
N, -100, 0.8686689881026493, 33.4561961838, 25.2735485723, 1.17813767631, 0.493430223822, 0.0282728834755, 103, 2019
E, 100, 0.9979066512629383, 72.6539509516, 63.7905016904, 1.12337179675, -0.0289184203631, 0.0377948840764, 103, 2019
Z, 100, 0.925191253676079, 109.408746331, 91.7855847159, 1.26307402242, -0.364881404069, 0.0626669167085, 106, 2019
N, -100, 0.20681399011021256, 41.0259228951, 15.3180950526, 2.96495306888, -1.6172466687, 3.34117227406, 106, 2019
E, -100, 0.9975470834014858, 66.1408181913, 49.7336327772, 1.3541023145, 0.058234615844, 0.0437405865651, 106, 2019
Z, 0, 0.7252155284938873, 42.230013328, 52.0080576356, 0.529729718745, 1.86694395397, 1.59403351179, 109, 2019
N, 100, 0.98892034989742, 41.8715558003, 12.0464648141, 3.4910712077, -0.208850151671, 0.0888752507329, 109, 2019
E, 100, 0.8766411680472809, 27.5069665971, 21.1965031339, 1.31947439871, -0.348134363465, 0.180999134541, 109, 2019
Z, 100, 0.9942132259424579, 83.0027564685, 115.577574288, 0.701452432906, -0.0046328779456, 0.0864507074057, 112, 2019
N, -100, 0.9920012804782121, 66.318157876, 26.7892665172, 2.37525244322, 0.132643993818, 0.0510881920842, 112, 2019
E, 100, 0.938846430090379, 67.0164405183, 57.9330894644, 1.13065937051, -0.339249139365, 0.012898212631, 112, 2019
Z, 100, 0.9681177867707468, 109.712760101, 129.665627256, 0.85036655319, -0.213704076386, 0.0616374167387, 115, 2019
N, -100, 0.9044465382806437, 60.5151266997, 27.7387661748, 2.151295553, 0.505333550713, 0.0993563647718, 115, 2019
E, 100, 0.9683731070105175, 79.1028702052, 64.120415058, 1.21393524838, -0.238360401783, 0.00623128116881, 115, 2019
Z, 100, 0.8910113023871232, 90.2341405956, 100.071338298, 0.92615954862, 2.71178001077, 3.06349909104, 118, 2019
N, -100, 0.6906784572528893, 56.5993166129, 19.3132567215, 2.97123375195, 0.802749005313, 0.0365075467486, 118, 2019
E, 100, 0.9904470236503493, 65.3293148646, 48.3803876792, 1.34958465476, -0.141317543792, 0.00937649150772, 118, 2019
Z, 100, 0.7226362993085301, 49.1458537446, 45.3995116176, 1.26217634068, 2.59382166045, 2.79114748424, 121, 2019
N, -100, 0.5463917111576121, 34.9533003594, 8.13460952504, 4.89439182397, 1.5036314945, 0.601688597333, 121, 2019
E, 100, 0.9764519693315622, 36.7026729465, 27.3152717397, 1.47223258148, 0.0778401809255, 0.188602773771, 121, 2019
Z, -100, 0.8012219387608295, 39.0358229572, 72.8637400366, 0.527011943046, 0.421348895335, 0.109937501628, 124, 2019
N, 100, 0.9801670711077657, 55.1842727143, 13.6524245644, 4.10745001636, -0.30649064961, 0.142291100443, 124, 2019
E, 100, 0.8427770254490042, 37.0062347377, 32.5163338277, 1.11159497633, -0.535936258518, 0.0513079296341, 124, 2019
Z, 100, 0.9954652765809131, 96.5667144265, 134.218754209, 0.708006770174, 0.00263230423618, 0.0752989563696, 127, 2019
N, -100, 0.9962181635028068, 73.6623620637, 27.6657564738, 2.55641610564, 0.0795083115223, 0.0233329437452, 127, 2019
E, 100, 0.9514240537393939, 75.7526612132, 66.842002036, 1.11072061782, -0.29573058333, 0.0225636050166, 127, 2019
Z, 100, 0.9955258924506963, 135.362112984, 153.605266793, 0.901226821328, -0.0907350862655, 0.0137981807147, 130, 2019
N, -100, 0.9595152887988453, 57.6870146973, 31.8623997, 1.70482865554, 0.32966432196, 0.162211606814, 130, 2019
E, 100, 0.9838773846180509, 87.2765875902, 76.7913329546, 1.11534491593, -0.174939797811, 0.0107130617327, 130, 2019
Z, 100, 0.9291865160940043, 102.109139276, 113.106598351, 0.937164382053, 2.83070847232, 3.01754200684, 133, 2019
N, -100, 0.7332645665800818, 48.0246688781, 19.9827150976, 2.54022324102, 0.827438770563, 0.0734846215185, 133, 2019
E, 100, 0.9914094314935226, 68.2052663905, 53.9490264209, 1.27661039689, -0.085299641505, 0.0406844598473, 133, 2019
Z, 100, 0.6212021427378137, 38.580080096, 53.3048444703, 0.669344233611, 0.133347851987, 0.294412296411, 136, 2019
N, 100, 0.8695319396015001, 50.8933513416, 12.4529174414, 4.79283018099, -0.871797089844, 0.661409284996, 136, 2019
E, 100, 0.8923227651895548, 34.7783821237, 25.3787699121, 1.3682780568, 0.211677646298, 0.699276834547, 136, 2019
Z, -100, 0.9978212080295176, 102.553923649, 129.890089615, 0.808310834992, 0.0204784001606, 0.0197280788132, 139, 2019
N, 100, 0.9777948332261805, 59.8829048045, 28.1591481535, 1.96753402588, 0.0393468489467, 0.138942718963, 139, 2019
E, 100, 0.9718293413938692, 65.1292882359, 61.9672907221, 1.04924010396, -0.235269983612, 0.00731675736776, 139, 2019
Z, 100, 0.9980207246064207, 133.369668123, 151.139257176, 0.884774376228, -0.0547173985419, 0.00520267097486, 142, 2019
N, -100, 0.9883569584658689, 56.4899852898, 34.0839988759, 1.64436956723, 0.169608790307, 0.0980699980688, 142, 2019
E, 100, 0.9799120962659456, 85.3031828577, 77.687503831, 1.08747553456, -0.184945169642, 0.0224369930144, 142, 2019
Z, 100, 0.9454563383133081, 99.9658644905, 127.371746344, 0.779685462131, -0.300521710255, 0.0597299442455, 145, 2019
N, -100, 0.8944419864512213, 67.7421449552, 26.7121944273, 2.64647556426, 0.485581512388, 0.0187963594434, 145, 2019
E, 100, 0.9769854851708446, 80.6282504496, 62.8476740336, 1.2782775042, -0.220264447025, 0.0205750983749, 145, 2019
Z, 100, 0.8609803318743353, 62.0548589318, 76.4606490065, 0.812100567437, -0.549853281221, 0.00473423568033, 148, 2019
N, -100, 0.7945342472834819, 47.831224952, 13.696002363, 3.84976068473, 0.852899057666, 0.277176376954, 148, 2019
E, 100, 0.9805836892089861, 51.3764495374, 36.5481607195, 1.46621375929, -0.114763658803, 0.0958314676168, 148, 2019
Z, -100, 0.9676509210578276, 61.739306981, 70.7701998958, 0.872083729026, 0.24775188641, 0.0796585403853, 151, 2019
N, 100, 0.8885576566500383, 29.0475299171, 13.0857981049, 2.28110985339, -0.892074152009, 0.55017488262, 151, 2019
E, 100, 0.9509647370241955, 30.8736670692, 30.9826216439, 0.952483106319, -0.0380714290924, 0.276523647746, 151, 2019
Z, 0, 0.999848668597848, 138.292188422, 144.663557006, 0.9553893231, 0.00943116871573, 0.0107562802026, 154, 2019
N, -100, 0.9991510755261839, 40.6314432522, 28.4764303582, 1.40342794521, 0.0340901206774, 0.00379322109009, 154, 2019
E, 100, 0.9928860112969295, 69.5398371812, 69.1358513668, 0.998798222935, -0.111859034061, 0.0161811205736, 154, 2019
Z, 100, 0.9991709770405744, 165.682567125, 174.500355585, 0.95101198186, -0.0435412486884, 0.0049604455182, 157, 2019
N, -100, 0.9852025458540392, 52.0743210416, 37.1380463754, 1.38628742169, 0.199307407221, 0.0414706080321, 157, 2019
E, 100, 0.9923603699487201, 92.5453367021, 89.3133991596, 1.03144580018, -0.116488302996, 0.0139077439178, 157, 2019
Z, 100, 0.9863610884719376, 131.677568936, 140.251941303, 0.945259929183, -0.160589641041, 0.0197691780784, 160, 2019
N, -100, 0.8671137568640878, 46.2008411417, 28.329640572, 1.67612467302, 0.638451468431, 0.166323199455, 160, 2019
E, 100, 0.9894178054048929, 77.9273691268, 68.9443822541, 1.13575815988, -0.134770757954, 0.0152119038238, 160, 2019
Z, 100, 0.9727285959323744, 49.4026892962, 66.3955556725, 0.713159668677, -0.540578989893, 0.429443140738, 163, 2019
N, -100, 0.9162490646403274, 31.3348624184, 10.9272800548, 3.36345419874, -0.945677195774, 0.982593292523, 163, 2019
E, 100, 0.9658075007112846, 37.9697571759, 30.5467431858, 1.23322028705, -0.265458518912, 0.0107688768699, 163, 2019
Z, -100, 0.9997943007007889, 103.222127296, 125.138506201, 0.827158105365, 0.0242457602609, 0.0165823887881, 166, 2019
N, 100, 0.9977121696121535, 53.1357108099, 26.1233454596, 1.97711061049, -0.0472327744299, 0.0137512318714, 166, 2019
E, 100, 0.975552380612974, 61.8102612476, 57.1328318606, 1.08569844352, -0.236612540593, 0.00822509838626, 166, 2019
Z, 100, 0.9992117283515588, 144.205736838, 162.234608413, 0.889613940281, -0.0394019110425, 0.00707845258913, 169, 2019
N, -100, 0.9945272079665348, 59.0094779821, 34.8092620726, 1.65793264823, 0.122541066425, 0.0307214314876, 169, 2019
E, 100, 0.9874127010478418, 87.0539193843, 80.9167589368, 1.06634662656, -0.147773766968, 0.0186739244453, 169, 2019
Z, 100, 0.9914137508766357, 127.23741023, 146.073061017, 0.872217806732, -0.133230147276, 0.00717971026492, 172, 2019
N, -100, 0.9479793711462197, 59.4735463577, 32.625991781, 1.83977391095, 0.390286427419, 0.0983396748876, 172, 2019
E, 100, 0.9833520723187658, 83.0660481908, 74.6601384357, 1.10804860706, -0.174999004345, 0.0101336809835, 172, 2019
Z, 100, 0.9799249108936041, 84.1000097658, 99.6799747289, 0.848940620478, -0.176598285139, 0.045693982816, 175, 2019
N, -100, 0.9146821379483552, 41.3155691499, 20.6748049047, 2.02959542232, 0.450631074039, 0.030031987582, 175, 2019
E, 100, 0.9816554631343509, 56.6753074369, 48.7934583639, 1.15060835733, -0.189647197764, 0.0088018218943, 175, 2019
Z, 100, 0.9597070521468583, 33.6971069643, 56.4336791671, 0.562797521558, -1.70802378505, 1.5398701563, 178, 2019
N, -100, 0.9462639220371444, 41.3275340171, 10.2976508593, 4.67306812773, -0.339203928641, 0.487031498417, 178, 2019
E, 100, 0.9539457981888088, 32.7589708521, 26.0446702933, 1.26371874615, -0.449744319786, 0.133885127013, 178, 2019
Z, -100, 0.997409792629365, 101.815994984, 132.182360597, 0.764271694741, 0.101878229198, 0.0573362333766, 181, 2019
N, 100, 0.9850134344335474, 62.0144942002, 25.2528356946, 2.46869889292, -0.224129165449, 0.0876350721517, 181, 2019
E, 100, 0.9659953286962703, 64.2724871828, 60.687134637, 1.06159232334, -0.269366825244, 0.00166226032773, 181, 2019
Z, 100, 0.9980387833605346, 152.769810433, 183.758057193, 0.836490523079, -0.075826921971, 0.0162650973028, 184, 2019
N, -100, 0.9947453882664986, 75.6077509304, 36.9672078422, 1.99747099407, 0.128118853823, 0.0586609139734, 184, 2019
E, 100, 0.9766990243855239, 96.9480146472, 90.7098150447, 1.06271396739, -0.214549751355, 0.0106116703681, 184, 2019
Z, 100, 0.9971072423523272, 127.499602323, 158.345663373, 0.803674489721, -0.0688815364178, 0.014803714963, 187, 2019
N, -100, 0.9783387488780761, 70.5116519562, 35.2597017451, 2.02905139636, 0.243730160365, 0.101874992978, 187, 2019
E, 100, 0.9744277543449688, 85.9943349713, 81.7221667802, 1.03395736805, -0.225119880629, 0.0117215177556, 187, 2019
Z, 100, 0.9808761276021237, 69.571094773, 81.4401053405, 0.867794684998, -0.102041610228, 0.0554396491773, 190, 2019
N, -100, 0.9149804672568291, 31.6078205612, 14.5482762118, 2.38949137117, 1.68964061779, 1.42218799922, 190, 2019
E, 100, 0.9811031755386285, 41.496550028, 38.2276542604, 1.10330404378, -0.143967755323, 0.0403760037457, 190, 2019
Z, -100, 0.9665551015538809, 82.6548435298, 104.447247507, 0.780404868219, 0.339403563754, 0.111411877771, 193, 2019
N, 100, 0.8306556985116225, 57.2235380382, 21.8090227553, 2.64472344281, -0.691785233415, 0.172688314796, 193, 2019
E, 100, 0.9666801871475387, 51.8975563521, 47.2267736029, 1.10488428583, 2.82838354453, 3.08747119522, 193, 2019
Z, -100, 0.9925615943316121, 125.942813418, 154.023395488, 0.82411911464, 0.132144595859, 0.0129107521675, 196, 2019
N, 100, 0.9567755069523196, 68.1367623967, 31.4966565831, 2.1211458936, -0.310599702322, 0.0287418573074, 196, 2019
E, 100, 0.9744045128900131, 72.154816523, 73.9903090229, 0.968714116994, -0.213452485148, 0.0261834808753, 196, 2019
Z, 82, 0.9988886805324472, 118.468840857, 148.248384307, 0.801458124677, -0.0295282969887, 0.0283327830339, 199, 2019
N, 83, 0.9904062197254937, 69.5574639169, 32.796177292, 2.10466351386, 0.10903903878, 0.134023290193, 199, 2019
E, 100, 0.976717513619683, 79.6684928653, 76.6824618193, 1.03512935352, -0.200610627092, 0.0294785337135, 199, 2019
Z, 100, 0.9866086445150305, 75.0468887181, 106.43166821, 0.699730481795, -0.180725241909, 0.0362888381615, 202, 2019
N, -100, 0.9699009726583714, 65.4068569218, 25.7151945823, 2.63011290809, 0.316269521853, 0.177058423575, 202, 2019
E, 100, 0.9639575780007803, 60.7648522492, 55.6536002492, 1.08922939097, -0.255951532319, 0.0191470094342, 202, 2019
Z, -100, 0.9758999481617894, 35.9524081069, 54.3249615492, 0.591121565858, -0.219995412058, 0.330416486696, 205, 2019
N, -100, 0.9635116360425013, 35.0235936073, 11.2071552475, 3.66180551107, 0.534409564826, 0.510748190144, 205, 2019
E, 100, 0.9364641511911292, 28.3960187574, 26.9750320087, 1.0633590547, -0.329199970332, 0.0473049894785, 205, 2019
Z, -100, 0.9587476539935933, 81.3466702818, 100.556881232, 0.809666847588, 0.334265619331, 0.069152921929, 208, 2019
N, 100, 0.8461696372312492, 48.4302014923, 18.736598022, 2.63758794752, -0.66934913769, 0.169598598345, 208, 2019
E, 100, 0.946102630269686, 41.1362738724, 45.9401570271, 0.857521510023, 2.85124389246, 3.18918747465, 208, 2019
Z, -100, 0.9918033342914736, 146.39973835, 167.736331941, 0.873947027953, 0.13547013963, 0.0146440599314, 211, 2019
N, 100, 0.936233713289234, 62.6742443343, 32.5631147281, 1.91517596952, -0.38992507263, 0.0649823049023, 211, 2019
E, 100, 0.9815999223745852, 76.9494949837, 80.333151508, 0.945078613169, -0.162800705044, 0.0459139683122, 211, 2019
Z, 100, 0.9981729941608697, 135.87629695, 164.267134872, 0.839464867657, -0.0505061730084, 0.0178534016597, 214, 2019
N, -100, 0.9887746463960371, 70.7090971558, 35.1416802135, 1.97656357496, 0.119412301678, 0.107859479873, 214, 2019
E, 100, 0.9810397364712499, 88.8578320592, 84.6511952276, 1.04691694562, -0.181237719256, 0.0267479352114, 214, 2019
Z, 100, 0.9568006819042858, 62.7509114692, 81.7538837024, 0.757367132523, -0.286122487509, 0.000544104580164, 217, 2019
N, -100, 0.9160049913541274, 46.8192181585, 22.8619437991, 2.46855654419, 0.5397994931, 0.292483641447, 217, 2019
E, 100, 0.9515304200112208, 49.6861760589, 43.7747546434, 1.14640983773, -0.282189101727, 0.0371024304735, 217, 2019
Z, -100, 0.9145435886738169, 63.3029115639, 75.908321238, 0.825116210583, 0.462091971086, 0.0563811622434, 220, 2019
N, 100, 0.7201029643119404, 42.8071318912, 15.8645621194, 2.76906247882, -0.875548536613, 0.166701358787, 220, 2019
E, 100, 0.9367667344414364, 30.9889614309, 35.5473116105, 0.837110520168, -0.314060796765, 0.0523397180603, 220, 2019
Z, -100, 0.990437233641327, 116.356958222, 132.095187377, 0.893272595628, 0.14303206368, 0.0122508205615, 223, 2019
N, 100, 0.8942207491913546, 49.1394317403, 26.5465292982, 1.75386423061, -0.477500682271, 0.0671822783383, 223, 2019
E, 100, 0.9833172829770847, 61.6249749448, 63.1415704667, 0.960417427282, -0.160476353844, 0.0363567188754, 223, 2019
Z, -100, 0.9994758220875177, 107.578059489, 136.454744906, 0.786522542931, 0.0176180573035, 0.0173356756773, 226, 2019
N, 100, 0.9957699039147284, 59.5234900076, 28.5005132322, 2.07615647032, -0.0359587493003, 0.0504599191592, 226, 2019
E, 100, 0.9805226214892175, 69.3927449041, 68.8316957446, 1.00548867837, -0.200970089876, 0.00557607134499, 226, 2019
Z, 100, 0.9928223481418079, 65.7909945516, 99.9433347389, 0.650305493977, -0.0452607644625, 0.0297934458336, 229, 2019
N, -100, 0.9692049157906777, 57.3161852409, 25.2275484061, 2.38833942451, 0.297961485144, 0.224180658122, 229, 2019
E, 100, 0.9620308078300759, 55.8843978249, 53.2204853164, 1.05669171624, -0.240637701148, 0.0524522039941, 229, 2019
Z, 100, 0.16837103478078141, 15.4308106213, 41.4688692498, 0.343987715053, 0.917251093796, 1.96870379356, 232, 2019
N, -100, 0.8842617984597844, 51.8119901237, 15.4022867362, 4.4242297318, 0.586927431646, 0.449828219856, 232, 2019
E, 100, 0.7853004908376938, 27.1095014686, 23.6833475881, 1.19841348444, -0.599125495901, 0.13467366171, 232, 2019
Z, -100, 0.8758620160342921, 68.349394624, 67.7138485428, 1.06317726154, 0.44369722882, 0.0760567991864, 235, 2019
N, 100, 0.40202022499758033, 36.3193823418, 12.246459832, 3.13041932745, -1.53736897298, 0.440581719423, 235, 2019
E, 100, 0.9784698893502485, 25.9735799372, 32.5237712996, 0.742146321214, 0.054928015466, 0.208544472377, 235, 2019
Z, -100, 0.9705773787732538, 118.775799778, 135.461841636, 0.881528073281, 0.240663201275, 0.00963403750152, 238, 2019
N, 100, 0.7782422699762243, 57.816558456, 25.837799262, 2.15700561275, -0.671085910098, 0.000311016292544, 238, 2019
E, 100, 0.9815779064289435, 57.221536223, 65.0000863086, 0.878461445594, 2.9523877518, 3.15761389447, 238, 2019
Z, -100, 0.9933065470448625, 125.469536642, 150.836740556, 0.829274029231, 0.0884776951102, 0.0332872057024, 241, 2019
N, 100, 0.9466790807604984, 64.78850059, 29.7306342501, 2.14454460467, -0.252571724033, 0.0674308882609, 241, 2019
E, 100, 0.9782716155537837, 72.1783507421, 75.8507046866, 0.954992313149, -0.19045642961, 0.0399321359862, 241, 2019
Z, 100, 0.9512957424088516, 47.7762405826, 77.7954831713, 0.573705630317, -0.13696746705, 0.126653444515, 244, 2019
N, 100, 0.932879083053745, 58.3276205254, 23.6495823946, 3.00901431928, 0.201032656292, 0.289288331976, 244, 2019
E, 100, 0.9270222155372377, 44.3996761977, 44.1426678981, 1.0365150751, -0.361796618076, 0.0541438450977, 244, 2019
Z, -100, 0.8992738767964705, 75.0227619471, 57.2786856027, 1.40193482509, 0.359470061091, 0.124922262494, 247, 2019
N, 100, 0.013582365583849369, 32.3763891815, 11.8327480424, 3.04938096397, 0.654107988903, 2.24116702593, 247, 2019
E, -100, 0.951837672973961, 20.5392282737, 27.3715657191, 0.709896501778, 0.379841000575, 0.267344434392, 247, 2019
Z, -100, 0.9642937851117406, 111.798220707, 111.994321163, 0.984358329022, 0.255082942307, 0.0265865715834, 250, 2019
N, 100, 0.5744786724600162, 41.5130565151, 22.1505420938, 1.73718529639, -0.890674982073, 0.0949059511513, 250, 2019
E, 100, 0.9963040269898358, 46.6080478522, 55.3657002104, 0.844627813927, -0.0763494338634, 0.0200935345469, 250, 2019
Z, -100, 0.9916132797948302, 101.395948203, 116.61900524, 0.86807600621, 0.101234028406, 0.0357664087957, 253, 2019
N, 100, 0.9051752015866869, 45.7162553902, 23.4164971198, 1.85246624859, -0.358209455573, 0.0804838168311, 253, 2019
E, 100, 0.9893285580090218, 53.8561840504, 58.0767657317, 0.932240297556, -0.142739491325, 0.0167560894873, 253, 2019
Z, -100, 0.9984797145508449, 64.2671690956, 82.1607996835, 0.785105084476, -0.00965909844661, 0.0399826342249, 256, 2019
N, 100, 0.9894354574043225, 41.6061729892, 19.5458781921, 2.15908204835, -0.00141493827577, 0.103167728518, 256, 2019
E, 100, 0.9800173638116335, 40.9660798116, 43.16537519, 0.955618860457, -0.189932671809, 0.0262928337792, 256, 2019
Z, 100, 0.9466878182661573, 15.3182110074, 21.5671879022, 0.709028917275, -0.232475415755, 0.0490656122214, 259, 2019
N, -100, 0.9624150178442682, 22.1475592832, 14.9818355111, 1.71246011923, 0.227564279531, 0.0790813411257, 259, 2019
E, 100, 0.9197364246413762, 13.8506841678, 15.3432249417, 0.857554500343, -0.394239941581, 0.0557667642939, 259, 2019
Z, -100, 0.9755357571632889, 63.5044913302, 59.9656056216, 1.0426189489, 0.246131026152, 0.0273029107963, 262, 2019
N, 100, 0.40257745582641447, 15.5655648635, 10.4247373118, 1.44670750944, 1.93358322315, 3.1741255029, 262, 2019
E, 100, 0.9968779444944812, 28.0090337827, 29.1063532989, 0.970361139347, -0.0426581173898, 0.00108386009523, 262, 2019
Z, -100, 0.9944634275689035, 113.078660673, 114.23692444, 0.987713993618, 0.11135142369, 0.00158570651189, 265, 2019
N, 100, 0.8546380094024255, 27.4577195678, 21.3073574731, 1.22902805382, -0.518258492814, 0.021363119303, 265, 2019
E, 100, 0.9982629472194993, 54.4087569374, 56.956008126, 0.949642335476, -0.0387041268246, 0.0278850077629, 265, 2019
Z, -100, 0.999538148823909, 123.604114153, 129.98708727, 0.947319384377, 0.0249136288583, 0.00555264455588, 268, 2019
N, 100, 0.97692033955775, 33.8159980296, 24.74377258, 1.35322238307, -0.17360743279, 0.0467953567858, 268, 2019
E, 100, 0.9977391891147877, 63.8800073582, 64.7678325651, 0.984980407859, 3.07111385613, 3.14827735646, 268, 2019
Z, 100, 0.9952053110409901, 63.8672497751, 70.7087835988, 0.887884594415, -0.0880055980475, 0.0387723015832, 271, 2019
N, 0, 0.9779768114647174, 28.1503181125, 16.8327377858, 1.84464207569, 0.105637741959, 0.147157772961, 271, 2019
E, 100, 0.9906456987294817, 36.9576101187, 37.9204050954, 0.980695301808, -0.145515040208, 0.00290308421454, 271, 2019
Z, -100, 0.9926742301678813, 73.7276132742, 65.5149700065, 1.12486051525, 0.116849742091, 0.0182701979919, 274, 2019
N, 100, 0.7096832092790766, 9.92117968311, 13.7353892639, 0.706139775724, -0.235251542934, 0.813357324243, 274, 2019
E, -100, 0.9961566510914193, 31.50025393, 30.5102559076, 1.04904222591, 0.0166024021728, 0.0119381188693, 274, 2019
Z, -100, 0.9995249417207369, 118.834629343, 120.478524404, 0.97825113328, 0.024296771589, 0.0128581279823, 277, 2019
N, 100, 0.9947686898252883, 26.2559289254, 22.2292291537, 1.21137433223, -0.103516872768, 0.0365731265876, 277, 2019
E, 100, 0.9997816997662548, 61.5575853274, 59.5901717745, 1.03080814813, -0.0166205352187, 0.000637031922946, 277, 2019
Z, -100, 0.9968942163537174, 109.881891062, 112.86515611, 0.957981464738, 0.0695843885114, 0.00387674838605, 280, 2019
N, 100, 0.9411993872367261, 26.395256867, 22.3964449696, 1.21415407139, -0.31570473952, 0.0565527804653, 280, 2019
E, 0, 0.9998710272789156, 56.7746039456, 57.6634361223, 0.9830919123, -0.0111573422658, 0.0145573116268, 280, 2019
Z, -100, 0.9896298283642359, 67.2909657014, 70.4456509566, 0.892100827303, -0.024091900648, 0.12893515495, 283, 2019
N, 100, 0.9143459806606364, 22.1234372112, 15.4024167539, 1.63080288605, -0.105461358904, 0.312478586488, 283, 2019
E, 100, 0.992932242058484, 35.2898563145, 35.8085629926, 0.994984190726, -0.0855084470808, 0.00111405975457, 283, 2019
Z, -100, 0.8069713347430173, 37.0428146467, 19.7495234463, 1.9798093503, -0.739481721956, 0.859034495105, 286, 2019
N, 100, 0.5822967088893064, 30.3446317558, 9.28165883407, 5.54363106025, -0.159573155356, 0.703941084713, 286, 2019
E, -100, 0.47637517427505743, 13.2874255468, 6.83199098147, 2.46333317251, -2.63588460765, 1.98653495183, 286, 2019
Z, -100, 0.9998058811861021, 94.1034227829, 81.2380666839, 1.14811170529, 0.0228455727125, 0.00779897052222, 289, 2019
N, -100, 0.48256674647673425, 11.8167134046, 14.5583727614, 0.556455096963, -1.90719377349, 2.4241662026, 289, 2019
E, -100, 0.9976026579806024, 42.7573103298, 38.3945615519, 1.13872774707, 0.00963453947462, 0.0404702039459, 289, 2019
Z, -100, 0.9973292292682394, 137.713139082, 129.295527254, 1.05281120066, 0.0840241178356, 0.0270392474072, 292, 2019
N, 100, 0.8920416186199907, 15.9911130107, 23.0863305162, 0.725894857633, -0.417874912012, 0.00192191082166, 292, 2019
E, 0, 0.999586208703938, 64.0198997575, 63.8502076118, 0.999813771556, -0.0274867041303, 0.0302394319077, 292, 2019
Z, -100, 0.9875994958279084, 137.159994878, 131.489112458, 1.01729055156, 0.147807105621, 0.00899330141787, 295, 2019
N, 100, 0.6167117508334031, 26.575847499, 24.7080437203, 1.07216496983, -0.770273586001, 0.258369055962, 295, 2019
E, 89, 0.9981046641301743, 61.1292886635, 67.030524847, 0.907037936773, -0.0493616482678, 0.0521329051353, 295, 2019
Z, -100, 0.9390359903575872, 73.5733261392, 74.1700090815, 0.930823301209, 0.254142226119, 0.137479112819, 298, 2019
N, 100, 0.3720182344656039, 26.1380219936, 15.2621097366, 2.15645371442, -0.899619153008, 0.468888480224, 298, 2019
E, 100, 0.9828051085073746, 28.3413484603, 37.3517853937, 0.717823897971, -0.128560359677, 0.102630749136, 298, 2019
Z, 100, 0.9932885117870388, 98.5466597566, 79.5153318281, 1.27143988149, -0.168395781939, 0.11698886494, 301, 2019
N, -100, 0.014046576990477084, 24.9040615879, 17.0194599372, 1.46874656968, -1.56754631863, 2.28145514357, 301, 2019
E, -100, 0.9865943087951813, 41.6973673129, 35.687859495, 1.27593374635, -0.0107309647435, 0.130605962136, 301, 2019
Z, -100, 0.9945489855905355, 165.006396126, 149.288801653, 1.06509476264, 0.100260267384, 0.0870659094738, 304, 2019
N, 100, 0.7638460782424074, 20.1304755074, 27.1249896597, 0.655196454381, -0.313355228047, 0.466656803454, 304, 2019
E, 100, 0.9960547721829373, 75.1993546428, 72.4456704669, 1.01248264664, -0.045596553108, 0.0291933274379, 304, 2019
Z, -100, 0.9919100125927123, 171.126663177, 143.032309762, 1.18759325019, 0.114903045817, 0.0293875996647, 307, 2019
N, -100, -0.20765495719175855, 17.5813969309, 26.1773506938, 0.45661826104, 1.04454885233, 2.83242969109, 307, 2019
E, -100, 0.9915807523459484, 68.342592409, 72.2389082848, 0.94121721456, 0.134023268854, 0.0171026455544, 307, 2019
Z, -100, 0.9732614288603902, 103.63620176, 89.3536355314, 1.16934137039, 0.262499787656, 0.034793828415, 310, 2019
N, 100, 0.06501453219716785, 21.5779756314, 18.9031505683, 1.14526481612, -1.53049666775, 0.0144759768002, 310, 2019
E, -100, 0.996188716122396, 37.5559172664, 46.3122646034, 0.809461081636, 0.0990802502774, 0.011009699307, 310, 2019
Z, -100, 0.9750946609816984, 49.5060715054, 30.8382307103, 1.49562296792, -0.82806990419, 0.931125672888, 313, 2019
N, -100, -0.33520252803976575, 12.808061408, 7.93597130484, 2.10975002481, -0.858285811463, 1.46190035799, 313, 2019
E, -100, 0.9366333064133636, 14.989978447, 13.3277747386, 1.13090913272, 2.41614221236, 2.08602263394, 313, 2019
Z, -100, 0.9988996859106422, 119.674307909, 99.5060025647, 1.18519426357, 0.0541092950352, 0.0413059786227, 316, 2019
N, -100, 0.18424477501864303, 6.31857361934, 18.0907481312, 0.31516090916, -2.01527760933, 2.50589101159, 316, 2019
E, -100, 0.9944174376390045, 49.6941348414, 46.6184567743, 1.05728822223, 0.110180686056, 0.00985024025118, 316, 2019
Z, -100, 0.9997991250257479, 183.694573417, 156.140123703, 1.17282843717, 0.0058584813422, 0.0185008753566, 319, 2019
N, -100, 0.3074515426727563, 15.8876003671, 28.0082914644, 0.39003516506, 1.1456255913, 0.238394904968, 319, 2019
E, -100, 0.9968406931414274, 80.8902592681, 76.6408658665, 1.05801766717, 0.0640872028697, 0.0158011151669, 319, 2019
Z, -100, 0.9971769424036403, 182.913595368, 161.56933177, 1.12487495808, 0.083160059078, 0.00359644385413, 322, 2019
N, 100, 0.6567725782883113, 13.1915475912, 28.7469265316, 0.42864758082, 2.51475056728, 3.47128459338, 322, 2019
E, -100, 0.9984506082630439, 77.8825085079, 81.1731717923, 0.952904733757, 0.0503618052029, 0.0123313612609, 322, 2019
Z, -100, 0.9990602896464047, 108.288064975, 100.357994225, 1.07712385891, 0.045629614131, 0.00864670882978, 325, 2019
N, 100, 0.9597822945093374, 11.317459588, 20.0906106346, 0.529889360166, -0.147813892355, 0.00901491440913, 325, 2019
E, -100, 0.9984843664940235, 53.2881260887, 52.8510055024, 1.02663263929, 0.0747298337669, 0.0309484879069, 325, 2019
Z, 31, 0.9889708481451062, 99.2735999405, 79.4356389455, 1.26935535558, 0.019678474988, 0.00231926148565, 328, 2019
N, -100, 0.3916957511106427, 16.709509872, 17.058496256, 0.701294992319, 1.54918899877, 1.34429888479, 328, 2019
E, -100, 0.9809399175263182, 37.6445647313, 34.3439131389, 1.03565527978, 0.258212896772, 0.243643502948, 328, 2019
Z, 100, 0.9994911091997792, 177.385594865, 163.058349319, 1.07482485119, -0.0135292017969, 0.0136223877674, 331, 2019
N, -100, 0.9108888381936495, 25.8224760184, 31.0880060266, 0.871642507749, 0.387813460906, 0.0347081388245, 331, 2019
E, 100, 0.9992604789314734, 87.3971033937, 79.1657524438, 1.08591314471, -0.0323733657031, 0.0047242172573, 331, 2019
Z, -100, 0.9990538761349812, 187.482101098, 178.162169142, 1.04446053381, 0.0516653620902, 0.0146570397287, 334, 2019
N, 100, 0.9838708599103224, 24.3426765268, 31.5028531314, 0.777669912552, -0.115026069819, 0.00121485543677, 334, 2019
E, 0, 0.9996916610400081, 86.5454264744, 88.1821593394, 0.974749939134, -0.0297309394074, 0.0236884489672, 334, 2019
Z, -100, 0.99534674430413, 146.231259057, 129.344035837, 1.13469090553, 0.107922517585, 0.00543196772555, 337, 2019
N, 100, 0.45655519464317496, 11.1240766047, 24.162988455, 0.426344024093, -0.858000709507, 0.322914952486, 337, 2019
E, -100, 0.9968342408557257, 61.4072152169, 65.8587494828, 0.921385879057, 0.0748603562175, 0.0119812027856, 337, 2019
Z, -100, 0.9924354432688983, 71.882251824, 59.2548030286, 1.26492908167, 0.200884152015, 0.0924784617893, 340, 2019
N, -100, -0.344725969673004, 7.92229444985, 14.7520952897, 0.480632700253, -2.00234923775, 0.205893093448, 340, 2019
E, -100, 0.9895542889254805, 29.1156459176, 30.9067022379, 0.946854759601, 0.181972759792, 0.0314832875136, 340, 2019
Z, 100, 0.9982537367554779, 105.131823907, 96.5014390318, 1.09476821426, -0.0815457994306, 0.0268213358215, 343, 2019
N, -100, 0.661544080824406, 16.2383950927, 17.6479693307, 0.999257895925, 0.705185563532, 0.141443870544, 343, 2019
E, 13, 0.999776400985072, 50.1377554746, 44.3901091283, 1.12767816235, -0.012942159756, 0.00546717122255, 343, 2019
Z, 100, 0.9995847083316132, 185.604197451, 167.174850342, 1.09991765081, 0.00619164138765, 0.0193541803212, 346, 2019
N, -100, 0.9023899327507012, 20.4367644087, 30.8140391914, 0.688725085537, 0.412540005403, 0.0401047951031, 346, 2019
E, 0, 0.9994835856107268, 85.0629768744, 81.4429707434, 1.03419110401, 0.00138172222721, 0.00595587491516, 346, 2019
Z, -100, 0.9997181664020433, 207.431161395, 191.693032543, 1.07627141334, 0.0322015901479, 0.0130179796819, 349, 2019
N, -100, 0.9838777622946006, 20.9377151317, 33.5425210603, 0.637472355256, 0.160133760271, 0.0239835788106, 349, 2019
E, 0, 0.9998631333159648, 95.63354864, 94.4181391685, 1.00561128773, -0.00011660826674, 0.0115353720014, 349, 2019
Z, -100, 0.9915825090154784, 140.1015577, 138.947267799, 0.998383790931, 0.118002752508, 0.0735594868572, 352, 2019
N, 100, 0.7714956728079498, 29.9553860722, 24.0617508123, 0.998537474103, -0.403553383122, 0.200575577677, 352, 2019
E, 0, 0.9966667561947157, 72.7181965708, 71.6958686791, 0.978274428381, -0.0584904387957, 0.0846160779489, 352, 2019
Z, 100, 0.9914258607440153, 84.823161152, 65.7294652686, 1.36456794347, -0.409742482024, 0.367445644767, 355, 2019
N, 100, -0.39728181271907426, 13.7277250967, 14.3952788495, 1.15164167799, -0.967658488549, 3.23429980772, 355, 2019
E, -100, 0.9697917062084744, 34.636199782, 28.1758357489, 1.27809655965, -0.0756969216739, 0.316258755299, 355, 2019
Z, 100, 0.9967059227799753, 165.303242485, 151.004509317, 1.09393556373, -0.107766073798, 0.0483068694805, 358, 2019
N, -100, 0.7322553183556996, 28.5281438188, 30.0308400142, 1.02195089819, 0.683043359069, 0.000439007815654, 358, 2019
E, 20, 0.9998180674339057, 79.8139238921, 72.6011948092, 1.10527687359, -0.0146395960719, 0.00842734123682, 358, 2019
Z, -100, 0.9995749308449772, 197.201865499, 188.148235844, 1.04758533425, 0.0278741584877, 0.0252508653853, 361, 2019
N, -100, 0.9883211708370505, 29.3427924818, 34.5116998829, 0.867828884753, 0.0878941168096, 0.061451371119, 361, 2019
E, 100, 0.9991303119883062, 96.6216465144, 93.7888992907, 1.01951351822, -0.0346082053171, 0.00081425979243, 361, 2019
Z, -100, 0.9969905344648528, 159.59463239, 160.471846713, 0.993702018944, 0.0669929778927, 0.0610494405782, 364, 2019
N, 32, 0.9363183056356789, 31.6138253969, 27.9419980091, 1.08329355532, -0.187224403319, 0.26202826623, 364, 2019
E, 60, 0.9979092705315895, 80.5799865566, 79.9186197889, 0.987621868864, -0.0511931297578, 0.0410935378342, 364, 2019
