Chan, Phase Shift, Correlation, ptp-data, ptp-synthetic, rat, phasem, phasestd, DOY, Year
Z, -100, 0.8215384527219928, 41.7399993323, 42.7536647871, 1.05499390659, 0.406615791919, 0.0869549820193, 1, 2019
N, -100, 0.9091963020371433, 870.545285726, 51.9790395222, 17.7377998886, 0.270125639503, 0.155671029781, 1, 2019
E, 100, -0.16483827999179093, 332.639301217, 21.6623079849, 17.8333374173, -1.55099685484, 3.35402335762, 1, 2019
Z, 100, 0.6530454330596724, 56.6327627831, 69.4090640025, 0.667336080099, 0.353975645814, 0.818169854639, 4, 2019
N, -100, 0.8142915138812429, 1379.36613466, 83.8592955269, 15.6008205998, -2.47233887116, 3.08258871714, 4, 2019
E, -100, 0.031069919556131413, 267.435985617, 35.3285204904, 5.65262563304, -1.11239655868, 2.63213058327, 4, 2019
Z, 100, 0.9674816263308593, 70.3425925427, 81.3790888495, 0.827417004948, -0.0947828366824, 0.037337127291, 7, 2019
N, -100, 0.639520333895989, 1002.64317293, 92.3175642935, 8.61746720429, 0.334840307311, 0.599751668195, 7, 2019
E, 100, -0.3686760846524976, 235.69540389, 39.5986887266, 4.66868869264, 1.58280569191, 0.544913804405, 7, 2019
Z, 100, 0.8254245789618431, 42.7859934925, 72.5428576488, 0.504273560095, 3.19365064265, 2.73238702873, 10, 2019
N, -100, 0.0771136022668229, 1536.08588782, 75.7199130753, 20.1873597337, -1.48894290621, 2.88807243639, 10, 2019
E, 100, -0.8046506746441474, 426.215517972, 35.8345525643, 11.8901088821, -0.489291175532, 2.97740829551, 10, 2019
Z, 100, 0.7103822442182968, 83.6658999615, 45.176198959, 1.27302019277, 2.19444139501, 3.54313846983, 13, 2019
N, -100, 0.5747719286744272, 1238.94975628, 44.7832035085, 28.0850454786, 1.02486141608, 0.0519306485025, 13, 2019
E, 100, -0.8643793896734049, 348.822921357, 28.3040353708, 13.5816888294, 0.236082704163, 2.54382245633, 13, 2019
Z, 20, 0.5016185331231313, 47.9734789345, 41.1855690376, 0.931779439913, 0.433848085012, 0.268213325342, 16, 2019
N, -100, 0.8867444895626123, 1286.58716213, 53.3160374583, 25.6621606931, 0.364342680932, 0.127489113342, 16, 2019
E, 100, -0.7405076956888537, 630.075106673, 20.8047351842, 32.3953752991, -0.661528992579, 3.13209546404, 16, 2019
Z, -100, 0.6394623582920624, 65.012396928, 77.8347511251, 0.714119515037, 0.452003215751, 0.751935335584, 19, 2019
N, -100, 0.826203957816946, 1814.7817107, 96.9108716444, 18.6445805418, 0.536318816588, 0.0899849313801, 19, 2019
E, 100, -0.21149875945010235, 729.340992812, 38.7917415198, 17.7001916745, -1.56322615075, 3.5030569693, 19, 2019
Z, -100, 0.9194299446828574, 137.893276112, 91.8081543332, 1.32605332835, 0.212415665902, 0.179925726147, 22, 2019
N, -100, 0.5378687794130895, 1496.27063625, 108.275829056, 13.3907504261, -2.17497841224, 3.2157804054, 22, 2019
E, 100, -0.6072176417020819, 403.345835363, 44.2455254732, 8.23856800493, -0.974525353022, 3.31236227534, 22, 2019
Z, -100, 0.7697695126359174, 148.256541917, 72.3186455861, 1.62627770611, 0.56228885388, 0.178398696735, 25, 2019
N, -100, 0.19539300318739106, 1359.83520322, 68.4472976813, 21.0287319449, -1.6345590158, 2.99977878168, 25, 2019
E, 100, -0.8512750787688479, 381.089493883, 36.7599880253, 10.5547121441, 0.369185411994, 2.59343238786, 25, 2019
Z, -100, -0.1474874058080963, 95.9900366922, 31.9990527755, 1.84790004514, 2.85993251549, 0.813733086949, 28, 2019
N, -100, 0.8598094275393954, 1747.86164008, 36.8101680795, 48.8084879062, 0.714764099615, 0.242088534371, 28, 2019
E, 100, -0.7098859327402451, 670.270582625, 23.7873488415, 43.3724468963, 0.622535023966, 1.98272758798, 28, 2019
Z, -100, -0.11732319058384096, 171.884457247, 56.164199185, 1.66126846537, 2.8864707021, 1.18438370554, 31, 2019
N, -100, 0.9713578417893165, 2221.90687936, 70.3638926571, 29.5802588625, -0.0201183974609, 0.217397955518, 31, 2019
E, 100, -0.1293404353556229, 793.554896527, 27.745999411, 28.0402176654, -1.68287649028, 3.49181007208, 31, 2019
Z, -100, 0.820259547527785, 206.584416037, 68.0158081305, 2.26904489257, 0.0331158024723, 0.411565588708, 34, 2019
N, -100, 0.712893906815597, 1823.98325423, 82.3350897181, 22.3883647009, -2.32543960747, 3.09866603086, 34, 2019
E, 100, -0.4838022201189566, 610.753370119, 35.0058462459, 16.3344962494, -1.0123866384, 3.0782287707, 34, 2019
Z, -100, 0.9039246238531861, 166.505266326, 67.0794694495, 1.79139450871, 0.168811828023, 0.254613709718, 37, 2019
N, -100, 0.8063209607769029, 1304.69432747, 71.1630838568, 15.667004811, 0.373858866209, 0.275140512826, 37, 2019
E, 100, -0.03923109172726091, 282.283080776, 32.1178975938, 6.66397410586, 1.47094627886, 0.338448123165, 37, 2019
Z, -100, 0.5853459996564742, 236.214447, 52.3198904409, 3.42902084573, 0.81877025518, 0.236103196823, 40, 2019
N, -100, 0.3170919439776495, 505.084024698, 41.9114647929, 11.4290549896, -1.44591877195, 2.53064103311, 40, 2019
E, -100, -0.5807585363548352, 215.997145319, 25.6346773704, 8.90430362156, 0.436548654731, 2.4071141309, 40, 2019
Z, 100, 0.5444538393084833, 36.5375888546, 29.0960970191, 1.10525567021, 1.32600590392, 1.61273444793, 43, 2019
N, -100, 0.9829753174412359, 619.244756824, 33.1976499646, 18.4310492306, 0.270593693088, 0.116953900896, 43, 2019
E, 100, -0.41945367725962157, 281.525910661, 18.8651701956, 18.5152043907, 2.75388202965, 0.815133210583, 43, 2019
Z, 100, -0.10664811912006632, 185.923350843, 59.7114523216, 1.66158489089, 2.25172865439, 0.97209491357, 46, 2019
N, -100, 0.9352160066490005, 1760.27706545, 74.9599223653, 22.3290662781, 0.411490239143, 0.0917912468864, 46, 2019
E, 100, -0.27313069143487184, 561.558292088, 28.0075656359, 20.9460389368, -1.37383278681, 3.26023520458, 46, 2019
Z, 100, 0.9114747638277014, 58.9537190232, 75.0792089081, 0.673601064943, 0.189806727891, 0.359076579645, 49, 2019
N, -100, 0.7308166248396262, 1632.75839926, 94.842314445, 16.5578076246, -2.39824720542, 3.1461157273, 49, 2019
E, 100, -0.39150865781458705, 449.740295472, 38.200664163, 10.8821259555, -1.19426827975, 3.24599516704, 49, 2019
Z, -100, -0.3156911916868581, 72.5218627678, 64.2716382781, 0.595902572627, 3.97462759533, 0.757898238391, 52, 2019
N, -100, 0.23867274858386098, 2125.45132789, 67.5399347793, 32.7732960491, -1.64074709879, 2.91428373294, 52, 2019
E, 100, -0.7589606055138647, 701.651191309, 30.7234125261, 22.729112055, -0.411990239419, 2.82792687684, 52, 2019
Z, -100, 0.949748449825135, 140.078225377, 45.8789790265, 2.7202727167, 0.0530708509417, 0.0983140037619, 55, 2019
N, -100, 0.8128643368381543, 1687.51268811, 20.823960238, 88.8594328163, 1.25324347939, 1.32342831872, 55, 2019
E, 100, -0.3296554807147254, 347.779150613, 23.0966640677, 23.0410629408, -0.304717365024, 2.09402911199, 55, 2019
Z, 100, -0.15339979951003507, 249.266068231, 45.7580528588, 3.75614537441, -0.171299971906, 1.92646290516, 58, 2019
N, 100, -0.5959140726539315, 3506.7563421, 55.845905805, 48.9056180405, -0.299777452752, 3.70194953759, 58, 2019
E, -100, 0.743454403480116, 5314.64667465, 19.4819640017, 265.143972433, 0.682702654175, 0.00712890601445, 58, 2019
Z, 100, -0.19838317576014775, 352.110390782, 53.2121147409, 4.85196839539, 1.65800113036, 0.482250361892, 61, 2019
N, 100, -0.07595802069255451, 5220.25804353, 67.5296369093, 69.0637197177, 1.53784153712, 0.144469633407, 61, 2019
E, -100, 0.8235748008962931, 7019.84366178, 27.1009945453, 193.243792824, -0.224239724032, 0.516391170309, 61, 2019
Z, -100, -0.6331250386619997, 386.457928818, 49.2145887609, 4.42944490654, 3.41057600138, 0.625782406775, 64, 2019
N, -100, 0.7236319549828517, 2821.21173487, 57.1964885129, 48.5365793425, -2.3430860087, 3.10423295689, 64, 2019
E, 100, -0.1265331918629263, 1088.30381607, 26.3029030355, 38.3779248966, -1.42700997674, 3.15064876925, 64, 2019
Z, -100, 0.9227683504202653, 126.372384577, 43.1415681635, 2.20257979658, 0.213529857414, 0.283827667416, 67, 2019
N, -100, 0.4915548834353555, 2148.93174375, 30.147325493, 78.2326276754, -1.95614492456, 2.97590328302, 67, 2019
E, 100, -0.3909189901735027, 831.277199199, 18.5375978047, 50.049802959, -0.940786450423, 2.89204134398, 67, 2019
Z, -100, 0.8549045853289395, 43.0665663728, 33.7433409439, 1.32379464407, 0.761801330157, 0.265584544756, 70, 2019
N, 100, 0.5981932939425075, 2177.9484752, 24.87377454, 97.2498609526, -1.34751533494, 0.539499437641, 70, 2019
E, -100, 0.1485129510048608, 781.952629483, 13.5857566193, 81.0055005958, -0.166980006443, 1.52242447423, 70, 2019
Z, 100, 0.7487504134597788, 174.892499513, 49.3662468505, 2.35270329929, -1.05188963175, 0.890883508233, 73, 2019
N, 100, 0.8340904451579366, 1876.30161977, 60.9482453289, 29.1671268223, -0.735343346842, 0.23848685963, 73, 2019
E, -100, 0.4837237236499129, 615.333013349, 21.1353831749, 33.0200910939, 0.459684705121, 0.617420853321, 73, 2019
Z, -100, 0.8595552585835681, 142.722432682, 60.7852975613, 1.9534504711, -0.288991708928, 0.466416588119, 76, 2019
N, -100, 0.9615125622653281, 1732.63772631, 77.9848606681, 21.062814576, 0.315570989533, 0.166466325054, 76, 2019
E, 100, -0.035223862247550045, 595.862964405, 29.1499661896, 19.1811054935, -1.35693059185, 2.91305172727, 76, 2019
Z, -100, -0.7240690411526057, 176.558308909, 43.2744688041, 2.30752121548, 3.20604430331, 0.550801969981, 79, 2019
N, -100, 0.7903740917459313, 2161.9180236, 56.4993754009, 38.4829563688, -2.4240910199, 3.05521058001, 79, 2019
E, 100, -0.0224734509484594, 800.273147887, 26.5472988112, 29.6287902685, -1.47588564545, 3.03046301896, 79, 2019
Z, 100, 0.889247593941697, 187.161293472, 38.8084135975, 4.42518914423, -0.11216323109, 0.468060238705, 82, 2019
N, 100, 0.152608958880473, 1543.31606618, 19.3673800029, 101.282615493, -1.98460953429, 0.81098613579, 82, 2019
E, -100, 0.34247307649453856, 640.336029844, 16.9823340475, 58.2810331623, -0.73999411432, 1.79205022279, 82, 2019
Z, -100, 0.7541303841417606, 78.9546327854, 45.6678682658, 2.01700320424, 0.55799019955, 0.103627439014, 85, 2019
N, 100, 0.360850724592648, 1602.54045384, 55.3689470573, 27.1253851606, -1.35588451606, 0.227292696976, 85, 2019
E, -100, 0.7512149157071729, 605.033651003, 19.8609975876, 34.2117178304, -0.237839502672, 0.712657352974, 85, 2019
Z, 100, 0.9614470746292374, 518.723823295, 50.1417944161, 9.63145254113, -0.229220630185, 0.0188881441441, 88, 2019
N, 100, 0.9336544012441634, 1701.66533355, 63.5272851151, 23.7406889229, 0.0862857669138, 0.311680060625, 88, 2019
E, -100, 0.5146076532787828, 640.148801679, 22.7563634377, 28.3703239796, 1.10367655397, 0.0865227142028, 88, 2019
Z, -100, 0.23885639080706458, 61.6019391957, 36.8276118915, 1.2625143214, 1.21699809039, 0.124837636699, 91, 2019
N, -100, 0.8807778321336708, 2649.08466053, 47.5805890205, 53.1658195486, 0.59814132859, 0.180541635302, 91, 2019
E, -100, 0.42010533182126597, 794.404380296, 21.5692531657, 35.3147654309, -1.89261830295, 2.98037228118, 91, 2019
Z, -100, 0.6964474843169466, 23.168463807, 23.0691970667, 1.02560955056, 0.557353258708, 0.284111644407, 94, 2019
N, -100, 0.45105285561213093, 2202.90482534, 17.5823876973, 155.636787269, -1.70154168528, 2.5603532537, 94, 2019
E, -100, 0.3511639788417034, 653.426641406, 17.653734826, 46.2444692575, -1.42281487127, 2.47079125068, 94, 2019
Z, -100, 0.016922550058761088, 157.265063718, 28.4539066496, 5.17016142714, 2.71945802877, 1.63725663949, 97, 2019
N, 100, 0.14544800428603305, 2906.74518179, 33.8043290251, 88.1832712658, -1.6618374549, 0.306946571186, 97, 2019
E, -100, 0.8687084168334662, 965.946946054, 12.8126767307, 87.7988254251, -0.895061238218, 0.936046402551, 97, 2019
Z, -100, 0.9946033882403094, 77.5954792328, 52.7405889109, 1.49957068874, -0.122803750871, 0.15775080664, 100, 2019
N, 100, 0.6777474692594226, 2984.30258076, 67.1939661018, 42.1207574839, -0.848284793467, 0.0454481203728, 100, 2019
E, -100, 0.9516431545234366, 941.142485485, 24.4818041599, 41.6565566567, -0.222026059899, 0.343985341385, 100, 2019
Z, 100, 0.8552275344408146, 152.009755681, 60.9070853574, 1.77919774905, -0.680075457441, 0.574691241339, 103, 2019
N, 100, 0.9328730044051566, 3191.24741061, 77.4199551816, 39.0448795602, -0.413469586143, 0.0864351574278, 103, 2019
E, -100, 0.8871306307349618, 945.440180652, 27.215543385, 35.9497820435, 0.205990609641, 0.268317984114, 103, 2019
Z, 100, 0.7369192487030666, 284.094516324, 35.0437038996, 5.58782853433, -0.587238757143, 0.472431932991, 106, 2019
N, -100, 0.8258813086444805, 1581.90610209, 53.0813539885, 28.2467605202, 0.906222071659, 0.610034000525, 106, 2019
E, -100, 0.6152729003440511, 382.560641935, 22.4214119573, 14.4096816562, -1.92671894784, 2.7593243717, 106, 2019
Z, -100, 0.5780028001711129, 85.1756483924, 23.8757985745, 3.67124906246, 2.26779613677, 1.91257169505, 109, 2019
N, -100, -0.006800679089547096, 2420.47889126, 25.3265536265, 112.221280078, 0.955221706068, 3.84311315237, 109, 2019
E, -100, 0.8445255133528289, 631.054406172, 21.5800632355, 41.7315045252, -2.25808801947, 2.31294543217, 109, 2019
Z, 100, 0.6792974801921106, 177.191712825, 54.7865084014, 2.03599622411, -1.8794407477, 1.2970279243, 112, 2019
N, 100, 0.41772379795300874, 1904.96290244, 68.0117903833, 26.8962715752, -1.21754964232, 0.114301123542, 112, 2019
E, 100, 0.9592054968909841, 427.682051884, 26.0218997829, 17.5262722045, -0.445928901391, 0.369455209844, 112, 2019
Z, 100, 0.954652194641576, 93.8897956321, 60.1762360271, 1.25497789801, -0.452745752525, 0.382868518336, 115, 2019
N, 100, 0.830914192352569, 1924.80332308, 76.653484515, 24.4409809612, -0.541280070577, 0.0502116201104, 115, 2019
E, -100, 0.9602934591123664, 407.619780455, 27.8846943627, 15.2853359474, -0.072560189744, 0.260047336534, 115, 2019
Z, -100, 0.2533875879864396, 108.686045603, 43.5042855396, 1.96802698726, 1.1421980583, 0.200175092484, 118, 2019
N, 100, 0.9435306062742888, 2292.42749222, 56.6975569458, 40.707485482, -0.0455837691782, 0.242881970965, 118, 2019
E, -100, 0.8085387650727713, 538.566736436, 21.8117612024, 24.1324024077, 0.766028316224, 0.198444908791, 118, 2019
Z, -100, 0.8641993848097569, 86.3508045864, 25.930551414, 2.94726592601, -0.292706311492, 0.385342951254, 136, 2019
N, 100, 0.09021873812145222, 1822.95908752, 27.2166550406, 87.393889236, 0.79698594539, 4.03225654428, 136, 2019
E, 100, 0.9221801669336329, 531.290637498, 19.5379605565, 34.4575946425, -2.82404472391, 2.64298808816, 136, 2019
Z, 100, 0.9645467831491081, 73.6798248094, 63.0463695852, 1.1011420536, -2.99769945134, 2.95884305513, 139, 2019
N, -100, -0.24329909229288316, 1691.10615371, 75.1759521882, 21.5120145783, 1.23000066988, 3.2768587846, 139, 2019
E, 100, 0.8735436726684536, 449.675731268, 29.6080909882, 15.3254494626, -0.583625653823, 0.131032021623, 139, 2019
Z, 100, 0.8621530138181376, 114.795800118, 71.9457060769, 1.02860093033, -1.27161647699, 0.938835548793, 142, 2019
N, 100, 0.307253530882383, 1976.65418522, 93.0926236007, 20.7437474758, -1.24687437195, 0.001129307542, 142, 2019
E, 100, 0.9815431914573026, 500.685473487, 35.3296262871, 14.3286541028, -0.248481005693, 0.0871444572293, 142, 2019
Z, -100, 0.7637573859077224, 82.7617940921, 57.8258730492, 1.59623388941, 0.515789493531, 0.0417890289092, 145, 2019
N, 100, 0.68458550209785, 2278.15348237, 75.8411041118, 30.9591226719, -0.674677374523, 0.159273281568, 145, 2019
E, -100, 0.9841445552485252, 627.633052065, 28.318376095, 23.2698814734, 0.153467370028, 0.0201913477619, 145, 2019
Z, -100, 0.20563064157053737, 175.360980148, 30.7413948497, 4.34338876963, 1.13218616233, 0.236529597904, 148, 2019
N, 100, 0.5775294573961195, 2187.47149729, 41.4599123688, 59.5716707199, -0.709769055816, 0.274773040628, 148, 2019
E, 100, 0.9967168629405077, 620.253401118, 17.6043366103, 37.0880309715, 0.0334639465104, 0.0732291215404, 148, 2019
Z, -100, -0.13358196847118634, 160.234226933, 33.4277782105, 2.68199061624, -2.78550260622, 1.07595994183, 151, 2019
N, -100, -0.39407360311835027, 1739.93325991, 41.3480029796, 46.1145601677, 0.922171971938, 3.39744254433, 151, 2019
E, 100, 0.8076870904339296, 470.824517633, 17.5759348049, 28.5814532737, -0.710940732863, 0.096406931439, 151, 2019
Z, 100, 0.6417317615294066, 141.39369192, 69.2014504539, 1.24975105814, -2.01693276216, 1.37306928909, 154, 2019
N, -100, -0.34453964463172193, 2739.12961513, 85.7674894462, 30.9679111202, 1.20269829828, 3.175867703, 154, 2019
E, 100, 0.7971266486698714, 829.827198048, 33.2987490142, 25.233596811, -0.712035177658, 0.108357126983, 154, 2019
Z, -100, 0.6367167507619819, 211.284533413, 83.6333195556, 2.25638628175, 0.426069381358, 0.307744746139, 157, 2019
N, 100, 0.06063977970559966, 2034.76639616, 108.141264923, 18.4728798652, -1.50075782168, 0.00520235687255, 157, 2019
E, 100, 0.9244141906056736, 619.53598964, 40.749877555, 15.57035398, -0.466073708777, 0.100729354042, 157, 2019
Z, 100, 0.9873934597473535, 69.0611229985, 62.3225842898, 1.06121040734, 0.112704918795, 0.147142277632, 160, 2019
N, 100, 0.4546133992604295, 1979.57725563, 85.1287342092, 23.1354456644, -1.03366909367, 0.057015287055, 160, 2019
E, 100, 0.961757519977781, 550.789934721, 29.7899478652, 19.016491212, -0.345762073674, 0.163138072936, 160, 2019
Z, 100, 0.5465253301234908, 72.0502176869, 24.0559383419, 2.13904515365, -1.65591556713, 0.774893935494, 163, 2019
N, 100, 0.23289390994471473, 1292.47940533, 33.8174001078, 48.2140875833, -0.581968737409, 0.791013550636, 163, 2019
E, 100, 0.8730931887860229, 373.706278686, 16.5375373213, 23.4273317941, -0.590525359777, 0.0916491142901, 163, 2019
Z, -100, 0.9488318264788118, 119.844070834, 62.7291137016, 1.75111108405, -0.11477243424, 0.216422879102, 166, 2019
N, -100, -0.5712706876833622, 2271.80636658, 70.0651044372, 31.6661347359, 0.965234087524, 3.14427932725, 166, 2019
E, 100, 0.7153445308327009, 662.71106241, 28.8010564639, 22.9078550664, -0.710275973677, 0.0295095137777, 166, 2019
Z, -100, 0.8581644936764053, 130.670283116, 79.0727787881, 1.74286302832, 0.180485536192, 0.194381021551, 169, 2019
N, -100, -0.26763970771996104, 2387.39834749, 98.8745890387, 23.5054492528, 1.37832897409, 3.05198454584, 169, 2019
E, 100, 0.8238794392207943, 707.642537657, 38.3624649126, 18.7440387933, -0.602519340824, 0.00975488079104, 169, 2019
Z, -100, 0.9907381395144839, 92.1531817437, 68.0836739677, 1.37657155548, -0.0126572870542, 0.0638467446998, 172, 2019
N, 100, 0.04856826725443608, 2279.46737572, 90.5057648105, 25.2309849611, -1.45234412983, 0.0669252224344, 172, 2019
E, 100, 0.9145527163396509, 657.339036978, 34.4265614994, 19.4291191748, -0.451702110988, 0.0600798344661, 172, 2019
Z, 100, 0.8493911293778669, 105.715793179, 42.5558961162, 1.87958812694, -0.907557562222, 0.532405158488, 175, 2019
N, 100, 0.26744708258040734, 2251.98430648, 58.0715910415, 40.5817753184, -1.23560585825, 0.0677765289862, 175, 2019
E, 100, 0.9339892330737736, 636.543657207, 22.1410285783, 29.8015865517, -0.457220011581, 0.169744470302, 175, 2019
Z, 100, 0.0663925458166664, 114.362839747, 26.4982892596, 2.62069085128, -2.61218965625, 1.14522253695, 178, 2019
N, -100, -0.3653072353077535, 1927.51610562, 33.2817626435, 70.9258269494, 0.852177449393, 3.46557219311, 178, 2019
E, 100, 0.7033337325774194, 561.515985994, 16.1629028123, 35.7121644771, -0.796093635072, 0.00456115588591, 178, 2019
Z, 100, 0.0983814195845927, 127.434390653, 64.0512941038, 1.09241616681, 0.405484215849, 1.68666143839, 181, 2019
N, -100, -0.6980247447707699, 1362.96871847, 76.0072182109, 14.7956226836, 3.21163439445, 0.68137304518, 181, 2019
E, 100, 0.5837771904168718, 373.309694935, 30.5708248961, 10.2423202209, 1.63327046784, 2.51057730722, 181, 2019
Z, 100, 0.9556478398974222, 133.735574128, 89.9468131239, 1.34373732336, -0.359677613361, 0.202423091527, 184, 2019
N, -100, -0.1856902768186925, 1887.98492598, 111.334925838, 16.5189674736, 1.42287853737, 3.09114357233, 184, 2019
E, 100, 0.9005107425969303, 624.257359322, 42.9098411421, 15.2250951177, -0.473535918518, 0.0774161346942, 184, 2019
Z, -100, 0.5883359009305823, 119.664011699, 75.1802198565, 1.76730001687, 0.669776846415, 0.0575564730277, 187, 2019
N, 100, 0.0380002882672809, 1822.72519454, 101.78533647, 17.3851208501, -1.52537986614, 0.00122157959514, 187, 2019
E, 100, 0.8785344405095202, 678.842970903, 36.5679497369, 18.5899963169, -0.607176925241, 0.248529952595, 187, 2019
Z, 100, 0.6918225380072833, 90.3874829183, 26.7343871288, 2.57828349854, -0.944940724817, 0.152384495242, 190, 2019
N, 100, 0.33819104824055163, 1304.4296753, 49.2162204554, 30.2128102971, -0.241606116125, 0.932353895173, 190, 2019
E, 100, 0.9008559193722746, 344.209002075, 17.3403510229, 20.6700814684, -0.179888739572, 0.23798150811, 190, 2019
Z, -100, 0.7541869576493697, 1257.46822525, 78.1273458489, 12.9078719144, -2.57779797034, 2.4988414874, 196, 2019
N, -100, -0.8114055933922044, 1247.59830717, 90.3840915817, 13.4284275497, 0.743661966143, 2.93530821875, 196, 2019
E, 100, 0.31391151780660725, 909.662737149, 35.9960843621, 22.5384799183, -0.901443874001, 0.391197083503, 196, 2019
Z, -100, 0.9927020087305723, 65.1116125312, 49.0845584892, 1.35534125285, 0.0377397625315, 0.0429647874307, 202, 2019
N, 100, 0.28835392320177805, 1679.95110907, 67.4799735933, 25.956017399, -1.04611586302, 0.269912594899, 202, 2019
E, 100, 0.9608155169963489, 490.132543086, 25.1480007391, 20.2158461068, -0.135804178838, 0.11907981046, 202, 2019
Z, -100, 0.8127094066628769, 43.5299633625, 17.4051062272, 3.02263405778, 1.71240690882, 1.386807223, 205, 2019
N, -100, -0.12382244830634281, 1624.31306702, 29.9982004821, 67.0255505624, 1.94162122566, 2.57211799219, 205, 2019
E, 100, 0.4772642457255407, 504.104257798, 13.4024987327, 38.7086737742, -1.26925907887, 0.284162948352, 205, 2019
Z, 100, 0.8330895299481342, 57.7051720681, 48.479968569, 1.0693020469, 2.50671604886, 3.00668145781, 208, 2019
N, -100, -0.7283635212057292, 1181.58023772, 57.944691937, 21.2987035704, 0.487386680941, 3.40366402632, 208, 2019
E, 100, 0.33587318183969717, 312.956272424, 24.146126098, 12.3723525683, -1.32146612565, 0.125503250102, 208, 2019
Z, 100, 0.9917773999746153, 102.62785846, 83.4442052067, 1.23615764875, 3.0228171364, 3.04318139583, 211, 2019
N, -100, -0.4753084086287422, 1283.85560858, 97.1437190318, 12.5466290377, 1.24255532345, 2.91502323939, 211, 2019
E, 100, 0.732706134169283, 490.779968604, 38.5330488546, 12.1929709514, -0.534637226792, 0.230811818201, 211, 2019
Z, -100, 0.7404092754578289, 280.843908008, 81.8964838556, 2.75558269165, 0.3082936763, 0.296669580852, 214, 2019
N, -100, -0.22798117973081233, 2636.66526762, 105.252760731, 24.6515543991, 1.48325274398, 2.95327417574, 214, 2019
E, 100, 0.7989902699689162, 885.529596176, 39.5016195553, 23.3792952382, -0.609864678832, 0.0303518224784, 214, 2019
Z, -100, 0.6576610026635089, 49.3827033097, 45.022308319, 1.44789497856, 1.10058812549, 0.708878169546, 217, 2019
N, -100, -0.0763550431655904, 2790.67874469, 60.6599960929, 53.2775025267, -1.42201425865, 0.267865754478, 217, 2019
E, 100, 0.759637205438214, 834.172251844, 18.0445863471, 52.98585143, -0.758856487287, 0.0796485673928, 217, 2019
Z, 100, 0.8188223302641428, 37.5756558627, 38.4216698652, 0.835947919716, -0.236313440609, 0.410015545497, 220, 2019
N, -100, -0.8885445939661034, 2513.26075539, 42.0163967286, 68.306200585, -0.25102976648, 3.65971298342, 220, 2019
E, -100, -0.30587710098397664, 802.939572785, 19.4790457441, 35.9299035697, 1.31704568274, 3.04608441715, 220, 2019
Z, 100, 0.9797495292077092, 82.6567921129, 67.7470920032, 1.25276498221, -0.208362204326, 0.0709362966166, 223, 2019
N, -100, -0.9404341217787737, 2448.46066687, 74.4472673158, 31.8492912397, 0.246977524894, 3.24614032397, 223, 2019
E, 100, 0.04261403699936211, 806.695696829, 31.0691875044, 24.6402597299, -1.57564337933, 0.0767371911768, 223, 2019
Z, 100, 0.8945296783063024, 237.402299302, 60.912951461, 2.81532077604, 2.85278231671, 2.81855013369, 253, 2019
N, -100, -0.8908017489728021, 2397.13588265, 67.280281823, 34.7208812593, 0.551927915693, 3.00363061749, 253, 2019
E, 100, 0.12279254071557875, 893.438539724, 27.6616187256, 31.9015827936, -1.35828871734, 0.107364473029, 253, 2019
Z, -100, 0.7885643571424406, 112.745302977, 43.3863844202, 2.38971221837, 0.0697125618767, 0.160648072549, 256, 2019
N, -100, -0.7790220193240123, 2423.17027375, 54.4710918573, 43.3959172652, 0.687742794415, 3.14387064798, 256, 2019
E, 100, 0.45113611106505014, 933.105992651, 20.2019524647, 47.5025930288, -1.13067945282, 0.0375763754751, 256, 2019
Z, 100, 0.09278532055707517, 39.9390657938, 27.7180048767, 2.08385136834, 0.564654154106, 2.13729378769, 259, 2019
N, -100, -0.17322081688832125, 1150.52781861, 25.1869348725, 53.4944343832, 2.69264999307, 1.77007447079, 259, 2019
E, 100, 0.45753614982239293, 432.889797809, 8.12422822897, 70.7962267527, -1.90912730752, 1.50259771023, 259, 2019
Z, -100, 0.616808851325117, 170.906679938, 33.1207414819, 2.71894286049, -2.26739732246, 2.45862725456, 262, 2019
N, 100, -0.4354724172620481, 2294.4849345, 35.6598375262, 67.6466290249, -1.31915049721, 3.51732962076, 262, 2019
E, -100, -0.9664911425071767, 948.267691211, 14.1697168665, 58.987954868, 0.0708034556597, 3.15924311601, 262, 2019
Z, 100, 0.5062859775292257, 34.2652141204, 56.7424242643, 0.488951431594, -0.807044234149, 0.505607301353, 265, 2019
N, 100, -0.59810888583739, 1896.642621, 65.8310624458, 25.6667523221, -1.10139079663, 3.60096722893, 265, 2019
E, -100, -0.9125471709690386, 729.257014298, 28.7255552197, 21.020450154, 3.35589423937, 0.228610463846, 265, 2019
Z, -100, 0.15597619403508095, 74.70581239, 56.7362380824, 0.642194821756, 0.699855241832, 0.362410537161, 280, 2019
N, 100, -0.8981717378654314, 2473.9204586, 62.6067177257, 37.4539339025, -0.4694797155, 3.21678791437, 280, 2019
E, -100, -0.6823433797976098, 957.744654465, 30.6917862292, 30.0036928552, 0.898547949259, 3.02498458138, 280, 2019
Z, -100, -0.7392082745478391, 226.524173882, 40.3245515747, 3.29155397934, -0.290221890173, 2.60386724011, 283, 2019
N, -100, -0.9744227004946345, 1524.23245722, 42.428201676, 34.3160270728, 0.000423358953844, 3.21628124743, 283, 2019
E, -100, -0.26884024068682844, 630.627547808, 17.0985461979, 36.5417593249, 1.14851312721, 3.34425925438, 283, 2019
Z, -100, 0.7657735294845667, 106.495149371, 14.9247871423, 8.45669113984, 0.670131146155, 0.329632791346, 286, 2019
N, 100, -0.24037680299147157, 2333.50734132, 17.5673193391, 206.724936424, 0.939317494877, 1.72610789756, 286, 2019
E, -100, 0.027801980548268955, 918.170038506, 8.68959266772, 259.725762809, -2.53703777643, 2.12433409343, 286, 2019
Z, 100, 0.8862742176522428, 45.0168668573, 40.9442900098, 0.800660984012, -0.325860112417, 0.159299442051, 289, 2019
N, -100, 0.23650463821984208, 1966.57171241, 45.122867378, 41.6591353151, -2.1967401888, 3.63920394174, 289, 2019
E, 100, -0.5827280768631314, 615.19092576, 18.9519193565, 26.8993275204, -1.08247916554, 3.59852969464, 289, 2019
Z, 100, 0.8421185653713047, 49.6524778701, 66.2314805736, 0.628983324434, -0.0897979293804, 0.411138967344, 292, 2019
N, 100, -0.49133117302145146, 1948.04487473, 73.5282907428, 25.0805610934, -0.999060224756, 3.05821222302, 292, 2019
E, -100, -0.916343833266118, 675.563260227, 31.455867479, 19.2935891331, 0.481391366068, 2.85765072523, 292, 2019
Z, 100, 0.7313117241390154, 149.410310149, 64.9696814233, 1.63909351262, -0.824285287634, 0.432675462246, 295, 2019
N, 100, -0.7164101535310978, 2000.26043924, 74.6149392967, 25.0871193288, -0.775270013293, 3.2315395992, 295, 2019
E, -100, -0.8154452837821725, 668.190311106, 35.1935784547, 18.2756952724, 0.685862292278, 3.00334595122, 295, 2019
Z, 100, 0.8670521805513834, 91.8485789358, 45.6020528274, 1.80183952335, -0.53825844641, 0.017349977308, 298, 2019
N, 100, -0.945196776558454, 2314.6351878, 45.635795957, 54.3170799273, 0.0764220975787, 2.85171151517, 298, 2019
E, -100, -0.4312556768541509, 826.687686401, 19.456105641, 48.1359022104, 1.30648396958, 2.87537042466, 298, 2019
Z, 100, 0.5178151221127483, 245.805282705, 37.4264879748, 4.70007343895, -0.213649660328, 0.829361371809, 301, 2019
N, -100, 0.23977067020993217, 1263.12303057, 39.6516417809, 36.8704252966, 0.525574702193, 0.797906771751, 301, 2019
E, 100, -0.28860334428343476, 379.708068647, 18.0758528687, 20.0705284705, -1.33647335906, 3.66000631624, 301, 2019
Z, -100, 0.69916796861791, 55.6306974113, 76.7530869929, 0.6203408928, 0.368732374639, 0.343495825191, 304, 2019
N, 100, -0.07395230994757068, 1259.74001137, 79.994670997, 15.1272840353, -1.50385315093, 3.16084296628, 304, 2019
E, 100, -0.9160541449181265, 397.268532348, 34.315372203, 10.0504649793, -0.167436061154, 3.04821472244, 304, 2019
Z, 100, 0.6727978162423666, 131.939063172, 73.2326647473, 1.31088356797, -0.909186944038, 0.361092967322, 307, 2019
N, 100, -0.5730191605228717, 1579.21589118, 79.7517562754, 19.3760575146, -0.897897103829, 3.08640862914, 307, 2019
E, -100, -0.8340284527745583, 567.459716228, 38.9185934678, 14.3857997835, 0.750156875012, 2.82574112617, 307, 2019
Z, 100, 0.930420699245202, 31.0174006818, 46.6232024596, 0.698822580671, -0.141487242476, 0.216589544217, 310, 2019
N, 100, -0.7171697264615748, 1662.70447006, 50.9404365659, 33.5841388863, -0.603601034999, 2.99316761219, 310, 2019
E, -100, -0.7593148579792168, 631.69773074, 26.4234576537, 26.054362904, 0.866143747037, 2.90028226592, 310, 2019
Z, 100, 0.5594786963194648, 129.892353839, 18.5826149059, 6.13476861241, -0.707652730313, 0.776137294004, 313, 2019
N, 100, -0.1855493977082407, 2081.47108042, 20.4082889913, 121.964967756, -0.243077639649, 1.98020002611, 313, 2019
E, -100, -0.8766819133843711, 745.0075423, 9.02184477174, 102.060655014, -0.508663926603, 3.73464753724, 313, 2019
Z, 100, 0.889513249207214, 47.2412244194, 45.7167143403, 0.907864453121, -0.419854960568, 0.311963579027, 316, 2019
N, -100, 0.4605770872943385, 2257.75718074, 54.6202632605, 43.9424211086, 0.942857661589, 0.187622545418, 316, 2019
E, 100, -0.6693867825426213, 784.415863917, 23.4440997003, 32.0473983229, -0.835067175487, 3.21709691767, 316, 2019
Z, 100, 0.705810257463339, 51.1712589679, 78.6783194233, 0.514821836813, 3.22925343386, 2.5378168474, 319, 2019
N, -100, 0.24495083110840551, 2291.09809506, 87.5292057563, 25.2605810939, -1.91964188588, 3.30058489465, 319, 2019
E, 100, -0.8715793095379807, 784.470293853, 36.88497756, 19.5628294386, -0.531208111115, 3.25076471009, 319, 2019
Z, -100, 0.8888935155538488, 105.193087833, 82.1777336298, 1.11158119442, -2.85430964356, 3.02942178132, 322, 2019
N, 100, -0.19409151917511375, 2088.01195105, 92.0720544458, 21.6245557589, -1.3963199421, 3.19591660396, 322, 2019
E, -100, -0.984834957048119, 705.402717879, 41.2122502591, 15.9346231178, 0.128357440283, 3.07571468347, 322, 2019
Z, -100, 0.585033523400739, 55.7492158586, 52.4290874137, 1.0064121212, 0.669264958314, 0.0948082798358, 325, 2019
N, 100, -0.516334613218479, 1607.24353837, 58.8891455606, 28.57240548, -0.875765128456, 2.97805788789, 325, 2019
E, -100, -0.7672809304975611, 583.324216014, 31.9400952296, 20.1772937678, 0.972327943409, 2.68843491962, 325, 2019
Z, 100, 0.4364903259819754, 102.913988014, 35.482125764, 1.86363423491, 2.71130563229, 1.83709049638, 328, 2019
N, -100, 0.3826966966158522, 1340.37362429, 40.8324736782, 38.5308605281, 0.597572246453, 0.573066638561, 328, 2019
E, 100, -0.7576902046757266, 507.788749942, 18.6642675323, 30.2149240289, -1.03619605873, 3.73211367315, 328, 2019
Z, -100, 0.9346489504581267, 68.9751677244, 77.1795294237, 0.788534528445, 0.243465681536, 0.226035075591, 331, 2019
N, -100, 0.30752649048624087, 1967.22578106, 88.1239536345, 22.3354231791, -1.81165790716, 3.06100386122, 331, 2019
E, 100, -0.9042777121606108, 892.118449637, 37.32722135, 21.4623866707, -0.247691947397, 2.95676188454, 331, 2019
Z, 100, 0.6286099304774355, 84.9207274651, 92.075901212, 0.640089283488, 2.18875344157, 3.50367760805, 334, 2019
N, -100, 0.30846687120890576, 2131.38537679, 99.177995836, 19.5808006246, -2.00902846941, 3.34944854109, 334, 2019
E, 100, -0.9069375395237225, 783.239607717, 43.057339613, 15.8703954898, -0.477043714044, 3.29496127137, 334, 2019
Z, -100, 0.37779464000221136, 281.009974832, 66.9519448435, 2.72985216773, -2.16426286296, 2.75934144603, 337, 2019
N, 100, -0.41432317026431764, 1688.70069161, 73.9744006576, 22.5129867999, -0.878701382725, 2.83372564498, 337, 2019
E, -100, -0.843462371929812, 665.025919091, 37.9958854802, 17.8873288139, 0.778278367406, 2.65907941272, 337, 2019
Z, 100, 0.28616853553489574, 303.090070443, 33.4545548621, 6.85127623487, 1.66139422198, 3.00553559324, 340, 2019
N, -100, 0.02693895601363236, 2324.16761046, 38.6172777281, 65.2982698167, -1.35763587392, 2.87211552233, 340, 2019
E, -100, -0.9338383013412869, 924.124850727, 20.4546835398, 49.8774700926, 0.546629273716, 2.75030208397, 340, 2019
Z, -100, 0.6223091266487181, 128.848446631, 42.9007208051, 2.40930960975, -0.537688791244, 0.865779273297, 343, 2019
N, -100, 0.6333957479905161, 1808.50813621, 54.498666685, 35.1849308211, 0.507339789536, 0.375119742396, 343, 2019
E, 100, -0.6836055936901716, 660.110451595, 22.9127771941, 29.9158452212, -1.00077039765, 3.49783246574, 343, 2019
Z, -100, 0.8044203980230697, 213.26010896, 78.5548175434, 2.08875416666, 0.160796450241, 0.401696886213, 346, 2019
N, -100, 0.5568301069861623, 1026.04925882, 93.5068835165, 10.9636672661, -2.23277147404, 3.24322932114, 346, 2019
E, 100, -0.5566398560886306, 409.568803762, 39.0051105454, 9.69037449488, -1.09934782157, 3.38220280119, 346, 2019
Z, 100, 0.5423185295587706, 74.437397988, 95.9497539106, 0.51480183556, 3.21369014169, 2.36448884891, 349, 2019
N, -100, 0.05199696102070088, 1523.91022301, 108.030512239, 13.5466373663, -1.54262666502, 3.06000095427, 349, 2019
E, 100, -0.9499446017994723, 564.788488587, 45.2230828285, 12.0770576114, -0.246374788475, 3.16630467327, 349, 2019
Z, 100, 0.456431204467733, 154.728701387, 72.4011130855, 1.46376243838, -1.24936940647, 0.45807105428, 352, 2019
N, 100, -0.1442663884211153, 1381.18745133, 80.3543412557, 17.1935667559, -1.40888797418, 3.15039395069, 352, 2019
E, -100, -0.9462993063787033, 514.954319516, 41.0212691347, 13.1753177635, 0.402932328746, 2.84346741944, 352, 2019
Z, 100, 0.8636084925276744, 42.7881085572, 30.5848437815, 1.08967864771, 0.00631423389036, 0.232696071761, 355, 2019
N, -100, 0.31533830621645836, 1552.16524524, 38.2603011226, 46.1304825938, -1.61917450488, 2.8384970419, 355, 2019
E, 100, -0.8981395579645522, 588.67032274, 20.7858558745, 36.3927271321, 0.508766594427, 2.46645009972, 355, 2019
Z, 100, 0.3560839287585594, 88.9025556314, 68.5541444983, 0.829076380392, 3.33786183603, 1.97975139041, 358, 2019
N, -100, 0.7564688986717472, 2025.86755285, 83.1492574484, 24.6421988378, 0.529717767807, 0.217458545594, 358, 2019
E, 100, -0.5175963128779917, 810.090320055, 34.6823493043, 22.6530065535, -1.1059846826, 3.27604048296, 358, 2019
Z, -100, 0.8875491427148436, 215.468627684, 91.1687339928, 1.7869904725, 0.0675237689094, 0.316893400078, 361, 2019
N, -100, 0.4661615491822102, 1614.9325646, 104.655867807, 15.4634194895, -2.07794451967, 3.19190037437, 361, 2019
E, 100, -0.5875703881684254, 693.153284983, 44.1931545094, 14.7446138687, -0.983020000335, 3.27942494831, 361, 2019
Z, -100, 0.805887264740461, 170.676210959, 83.5076418176, 1.5354783856, 0.442387611855, 0.22893800061, 364, 2019
N, -100, 0.4539488223411926, 1154.80080328, 89.4614554619, 11.9262038784, 0.946494531716, 0.246757344135, 364, 2019
E, 100, -0.736048273734804, 429.132747713, 40.9340197983, 8.93074554097, 2.25702672047, 0.280161968577, 364, 2019
