Chan, Phase Shift, Correlation, ptp-data, ptp-synthetic, rat, phasem, phasestd, DOY, Year
Z, 26, 0.9999188465290735, 46.3380994131, 46.2480133847, 0.991741089769, -0.0196345415326, 0.0172231209596, 1, 2019
N, -100, 0.807973189430122, 96.3210718151, 79.302325576, 1.1746966974, 0.075533923482, 1.80818579814, 1, 2019
E, -100, 0.9905110870888243, 97.4191639037, 83.7646243137, 1.14913998738, -0.152059353166, 1.25830445192, 1, 2019
Z, 7, 0.9994355972375922, 69.1056910362, 68.9991443841, 1.03307642375, 0.0236277496676, 0.0340693459227, 4, 2019
N, 100, 0.41830703002524305, 101.826749142, 107.004227483, 0.818545632883, 0.0306747074019, 1.06057409205, 4, 2019
E, -100, 0.9487849642904977, 77.5893809655, 109.203752807, 0.768427119559, 0.0378466922379, 1.13169357807, 4, 2019
Z, 14, 0.9999448744120835, 76.3962159978, 76.5468644558, 0.999907094874, 0.00950964541691, 0.0084607291062, 7, 2019
N, 100, 0.8554309364861519, 182.102567518, 129.792015297, 1.24063945495, -0.811240991607, 0.35714293983, 7, 2019
E, 100, 0.9959034641212469, 69.7419610494, 118.533420503, 0.563066657201, -0.0410585877196, 0.125143421975, 7, 2019
Z, -29, 0.9997581691976984, 65.0366221507, 66.0732156255, 0.981205522298, 0.0566318618394, 0.036744857661, 10, 2019
N, 100, 0.9347652032415185, 310.656922169, 123.793168789, 2.25316566641, -0.0447971515892, 1.23930297833, 10, 2019
E, 100, 0.24860958373458483, 113.731687953, 103.616936619, 0.910518047238, 0.253038080062, 1.28653319229, 10, 2019
Z, -39, 0.9999479582474685, 42.1692794968, 42.7946506681, 0.983183057068, 0.00875798489406, 0.0115749848044, 13, 2019
N, 100, 0.9796165086940601, 185.697292817, 93.4566541421, 2.16892676967, 3.11558164063, 2.92293838213, 13, 2019
E, 100, 0.27953242961105523, 127.120666236, 74.1266692256, 1.56870927896, 0.0681327708326, 2.8837042646, 13, 2019
Z, 65, 0.9993943172118528, 38.9145888263, 39.2118859933, 0.977153857733, -0.100396137046, 0.0609149251438, 16, 2019
N, -100, 0.35982366701073015, 144.277363831, 62.4595006786, 2.26644232823, 0.4976562377, 0.258142660458, 16, 2019
E, -100, 0.8696904226205878, 112.247558936, 67.5836968971, 1.47984781611, 0.521781301766, 2.77074509062, 16, 2019
Z, 16, 0.9997584114610397, 76.4900362357, 76.3313068231, 1.02177904557, -0.00818389370174, 0.0275941129694, 19, 2019
N, 100, 0.02211293793376714, 101.386232641, 97.7911893675, 1.1009672893, -1.8111955215, 2.63626891641, 19, 2019
E, -100, 0.9488541465811995, 131.044733589, 114.636881969, 1.18855577619, 0.522605047255, 0.366483098667, 19, 2019
Z, 31, 0.9999614988569617, 95.4888926673, 95.5643283933, 1.00136889834, -0.0134901630167, 0.00645460257857, 22, 2019
N, 100, 0.8477089796955657, 209.444682166, 144.687330073, 1.34200251973, -0.433171495952, 1.46790035411, 22, 2019
E, -100, 0.9564299369740787, 136.188844908, 151.25518309, 0.907050307823, -0.648632515916, 2.0616693474, 22, 2019
Z, 0, 0.9999783476832986, 80.1885646829, 80.9931136178, 0.988673637262, 0.0175312665705, 0.00965502762883, 25, 2019
N, 100, 0.8564211257685841, 386.966973065, 152.818660548, 2.27024346693, -0.162064444669, 1.20038111407, 25, 2019
E, 100, 0.3661727612914535, 195.366849934, 140.259952158, 1.09092335216, 0.185367798925, 1.26295608355, 25, 2019
Z, -14, 0.9998788315448737, 42.5942921966, 43.3300486329, 0.975020354489, -0.0109626297901, 0.0150944929911, 28, 2019
N, -100, 0.9699286215988909, 277.70227192, 112.765391487, 2.60882201657, 2.84997026589, 3.03810608896, 28, 2019
E, 100, 0.7696183232516257, 150.49396691, 89.508606855, 1.79441838043, -0.904514261966, 0.196473032974, 28, 2019
Z, 0, 0.9999594298688838, 42.727150513, 42.9280121689, 0.99930976169, -0.0168710906611, 0.0115397289371, 31, 2019
N, -100, 0.4651188682438624, 143.733282921, 69.3776232119, 1.9788047489, 0.218175864997, 1.20319784455, 31, 2019
E, -100, 0.7780440700884271, 152.787001424, 74.1304519663, 2.16124570611, -0.56170887664, 1.5484854812, 31, 2019
Z, 99, 0.9999569501650901, 69.768340459, 69.9932035906, 0.988272793262, -0.0272371621811, 0.014591213788, 34, 2019
N, 100, 0.7901983862464506, 84.2386553741, 106.789051516, 0.842474529755, 1.54182666783, 0.897828125869, 34, 2019
E, -100, 0.7701653838097064, 124.079259564, 107.419616415, 1.27115063758, 0.49544028015, 1.01479091124, 34, 2019
Z, -100, 0.959301125979068, 85.1896158159, 81.1465184486, 1.19045020621, 0.384162865162, 0.385174297405, 37, 2019
N, 100, 0.8412269703773446, 152.966841329, 132.128571297, 1.01220123751, -0.126863317474, 1.12922356848, 37, 2019
E, -100, 0.9553249622300192, 87.1148956297, 121.873681517, 0.786483877439, -0.0879022801434, 0.893412243232, 37, 2019
Z, -100, 0.8639955980530938, 370.390895199, 72.3154157593, 3.73927234021, -0.00272883835618, 0.758769386603, 40, 2019
N, 100, 0.9181958921770632, 210.878204768, 127.135576784, 1.6213538803, -0.0139982139852, 1.79706792135, 40, 2019
E, 100, 0.8618109485328818, 435.027670911, 110.467891034, 2.71866927469, -0.232826238674, 1.78005158989, 40, 2019
Z, 77, 0.999394356690301, 44.5116496351, 46.412167738, 0.938620692186, -0.0329376475577, 0.0394512954929, 43, 2019
N, 100, 0.9475501639467976, 263.415542366, 95.5798465166, 2.79875357031, 2.68137134384, 2.87196556492, 43, 2019
E, 100, 0.41433397090918117, 150.576350432, 78.7247363007, 1.4214680423, -1.46443303455, 0.732475140428, 43, 2019
Z, 100, 0.9985995761794704, 43.2591370114, 43.5473282154, 0.991200424389, -0.157975299413, 0.0846547443709, 46, 2019
N, -100, 0.362117471965862, 243.427007087, 60.0012975626, 3.49729339152, 0.516443155884, 0.307349748861, 46, 2019
E, 100, 0.9089615020521313, 200.62643468, 70.7698839391, 2.85211872442, -0.274703585557, 1.47658506624, 46, 2019
Z, 85, 0.9998518893855621, 87.4053461622, 87.2985145278, 1.01725628693, -0.00608092623899, 0.0226128097781, 49, 2019
N, -100, -0.4240290168263852, 106.402770653, 112.218295603, 1.25200827826, 1.76007156615, 1.31658653085, 49, 2019
E, -100, 0.7721709985964763, 113.266848315, 131.586008715, 0.973416082461, -0.39051828851, 0.897714345732, 49, 2019
Z, -100, 0.92110143579753, 194.912596724, 102.834964391, 1.61613903107, -0.159696492239, 1.33161383251, 52, 2019
N, 100, 0.8394000815867672, 563.320188384, 160.385254289, 2.66318301396, -0.619062322525, 1.79532309071, 52, 2019
E, 100, -0.4268555240375196, 189.664870785, 163.782674197, 1.04452585962, -3.01270556817, 2.62745128582, 52, 2019
Z, -100, 0.7660245994768212, 173.342163483, 77.5633915546, 2.22224797881, 0.5751730671, 0.282731352873, 55, 2019
N, -100, 0.8473837909896001, 503.612519572, 154.276220688, 3.26381596764, 0.294235781287, 0.381053640257, 55, 2019
E, -100, -0.29732979458818465, 217.443210491, 135.906351919, 1.68198821073, -1.50399322505, 2.79041101337, 55, 2019
Z, 100, 0.8920481063124653, 17.1417199559, 68.7271235412, 0.29108371367, 0.0626161940387, 0.489315071687, 100, 2019
N, 100, 0.7154230789795409, 105.903143665, 122.966854558, 0.976972100561, 2.7232069047, 3.02612617558, 100, 2019
E, 100, 0.06299111696728868, 58.6167357921, 109.163543527, 0.468075562353, -0.870155756523, 2.88931386283, 100, 2019
Z, -100, 0.7265491428907612, 23.2995331749, 74.1061683137, 0.331810982718, 0.632906393658, 0.560795767432, 106, 2019
N, -100, 0.3800697954331553, 106.285133838, 90.8197614698, 1.16602431496, 0.339289077668, 1.51884475242, 106, 2019
E, 100, 0.8957186251274545, 38.1941710879, 112.524016046, 0.330757839361, -0.514187900717, 0.355793451645, 106, 2019
Z, 44, 0.9997977404658529, 87.1079043746, 87.0606213189, 1.00064393984, -0.0448373716416, 0.0260232172144, 112, 2019
N, 100, 0.35304170733244034, 307.890695905, 156.38556494, 1.82846686263, 2.45657108082, 2.91421652028, 112, 2019
E, -100, 0.8616901072000618, 58.6972180568, 143.241101211, 0.442620082081, -2.8848072964, 2.43933709018, 112, 2019
Z, 49, 0.9996719950217468, 51.0731385038, 49.3165568562, 1.04370068863, -0.0409731280181, 0.0189448086567, 115, 2019
N, 100, 0.7387186975737863, 431.817138208, 117.295500332, 3.30865344441, 3.11859898258, 2.63474950574, 115, 2019
E, 100, 0.24360416035210009, 68.6497842581, 89.7188517257, 0.706030294543, -0.674665609632, 0.906002121619, 115, 2019
Z, -100, 0.9979586731060697, 27.9009784817, 28.0043397924, 1.03268074388, 0.113111169867, 0.0633927507204, 118, 2019
N, -100, 0.8990033035736894, 340.270769537, 67.2273829959, 4.43852273265, -0.106726051295, 0.256707991191, 118, 2019
E, 100, 0.74540526066338, 75.3940261329, 53.250325044, 1.53508068476, 0.346841511673, 3.2933601371, 118, 2019
Z, 100, 0.9980996318950529, 63.6961302741, 63.8914013104, 0.949524627609, 0.0643569993458, 0.11008674931, 121, 2019
N, 100, -0.8151525849579216, 157.786113381, 86.4785153461, 1.70379626163, 1.59081349592, 1.29061813106, 121, 2019
E, -100, 0.8733312269173783, 139.675528811, 94.69912116, 1.5580786272, -0.112262638809, 1.18952576352, 121, 2019
Z, 100, 0.9996523978335632, 87.1739892136, 87.3602908408, 0.984551406272, -0.0629260065274, 0.0278891893558, 124, 2019
N, -100, -0.5277006373049065, 216.061059462, 124.428592959, 1.77073504815, 0.983608678604, 2.79616784755, 124, 2019
E, -100, 0.915539923029325, 152.347758084, 127.783688613, 1.27344768682, -0.188959881484, 1.63506100801, 124, 2019
Z, 100, 0.9994624739482014, 86.2566643548, 85.8318859418, 1.00531118259, -0.0815085630869, 0.0493345031017, 127, 2019
N, 100, 0.8421617525009247, 235.651854148, 136.172992131, 1.68844394415, -0.511758759387, 0.28816382225, 127, 2019
E, 100, 0.9807743469131925, 93.2003724668, 130.394776129, 0.737706986076, -0.00587632842157, 0.139569339431, 127, 2019
Z, 56, 0.9996701466445723, 59.8092218689, 58.16440286, 1.03986619728, -0.0484018099716, 0.0168543489615, 130, 2019
N, 100, 0.8365150103376826, 289.494111561, 114.472315705, 2.42956640247, 3.14974524221, 2.63781975333, 130, 2019
E, 100, 0.745152448926171, 126.559092048, 99.5949551871, 1.01585738821, -0.335846854043, 0.766490018259, 130, 2019
Z, -100, 0.9992580849512271, 42.6722124565, 43.133545485, 1.01728952046, 0.0694017044567, 0.0361189940394, 133, 2019
N, -100, 0.8813324781931378, 344.265472888, 78.7896290214, 4.32961537629, 0.586587038301, 0.790355378711, 133, 2019
E, 100, 0.9278414660064562, 165.071939761, 78.8036703804, 2.25168786681, 0.519678718027, 2.68928010035, 133, 2019
Z, -11, 0.999471293698593, 77.0896270603, 78.0268463599, 0.961171075887, 0.0554272827858, 0.0564367627425, 136, 2019
N, -100, 0.17517423823541292, 470.326163639, 107.767717244, 4.5863676845, 0.46057778943, 1.31084378427, 136, 2019
E, 100, 0.9585051611191515, 179.850272643, 123.22046257, 1.42085443243, -0.342227522312, 0.200934252887, 136, 2019
Z, 100, 0.999026757331441, 87.6123323511, 88.385214282, 0.973656826234, -0.0981874766119, 0.0365735816707, 139, 2019
N, 100, -0.3072692990394997, 199.874683804, 142.202027377, 1.45306290426, 0.285442141877, 3.04365085361, 139, 2019
E, -100, 0.9618935159617499, 202.182937138, 141.419298386, 1.47890001518, -0.222452264169, 1.80210113552, 139, 2019
Z, 100, 0.9986896155975901, 72.9400297722, 71.5474149484, 1.02536866273, -0.116911870131, 0.0675589358159, 142, 2019
N, 100, 0.885135651455567, 274.437917144, 137.63933419, 1.80615721067, -0.904744595232, 1.50481534114, 142, 2019
E, 100, 0.8333104846931753, 162.221301509, 119.112435208, 1.15274614234, 0.134088626503, 0.646926374321, 142, 2019
Z, 14, 0.9995498863913737, 41.909893424, 40.7225257423, 1.04045307897, -0.0285335147991, 0.023512079343, 145, 2019
N, -100, 0.9731364212700603, 245.637671536, 100.303234164, 2.41017761143, 0.0550593171442, 0.0995197591887, 145, 2019
E, 100, 0.9759895610561969, 190.930081732, 74.0058890725, 2.24871162606, -0.100919121429, 0.155707458414, 145, 2019
Z, -100, 0.9991958877741547, 34.5910625503, 34.8781991438, 1.008562531, 0.0875739876984, 0.0442749104919, 148, 2019
N, -100, 0.852832872369009, 231.401723923, 64.7399655007, 3.12981919096, 0.36415700054, 0.474242132814, 148, 2019
E, 100, 0.8033145361579588, 82.8232204404, 61.7295675197, 1.4516794578, 1.08592042452, 2.77887446448, 148, 2019
Z, -8, 0.9996664874137714, 66.5856321871, 67.0080112015, 0.974477850265, 0.057372150735, 0.0493660579308, 151, 2019
N, -100, 0.10672501782988966, 231.303590536, 90.1076851604, 2.67808390004, 0.408475586405, 1.34284197807, 151, 2019
E, -100, 0.778943755742974, 86.4802121538, 99.2760507496, 0.980653621436, -1.39420577984, 1.02252274237, 151, 2019
Z, 100, 0.9990812182492652, 85.2757643876, 85.682938838, 0.975201877126, -0.101445435663, 0.0403074256151, 154, 2019
N, 100, 0.31727243956693235, 155.027150738, 123.740420498, 1.28138071698, -1.24415542628, 1.42803873768, 154, 2019
E, -100, 0.9117383034032654, 97.2375870082, 128.217980688, 0.74059017614, 0.511795058119, 1.278076724, 154, 2019
Z, 100, 0.9975747309724624, 81.4160955915, 79.6289874841, 1.03396132929, -0.162655881215, 0.0975403150548, 157, 2019
N, 100, 0.605669999401332, 290.744906259, 133.273461969, 1.87427542755, -0.324890796712, 1.79298726418, 157, 2019
E, 100, 0.9700592556863875, 81.0825480741, 126.847921858, 0.683808305805, 0.247749143206, 0.295801734748, 157, 2019
Z, 5, 0.9968135273599206, 60.6322580662, 53.0532286128, 1.1703163534, -0.0395079346789, 0.0610795704237, 160, 2019
N, 100, 0.726130744512445, 514.441177557, 111.779801797, 4.11869299361, 2.84849356556, 2.53667044231, 160, 2019
E, 100, 0.42449273392619163, 98.2651268442, 96.8241883825, 0.764847859464, -0.0682344017456, 1.14421410616, 160, 2019
Z, -100, 0.99678833922193, 48.6586209721, 49.2077244203, 1.01809358669, 0.171619109948, 0.101866999549, 163, 2019
N, -100, 0.6721338788892861, 258.629322378, 85.9572692742, 3.05112762869, 0.526043798934, 0.135398239102, 163, 2019
E, 100, 0.8948761838384646, 149.159374511, 90.0538188047, 1.73366240888, 0.789357907395, 2.76990589687, 163, 2019
Z, 27, 0.9996511001896513, 71.2706411038, 71.6445023068, 0.970140434302, -0.00470072258133, 0.0321093186833, 166, 2019
N, 100, -0.15397729651179148, 242.594132316, 109.448581231, 2.36566031504, 0.827841311204, 1.30391124707, 166, 2019
E, -100, 0.9324284508271549, 141.757402858, 116.745078285, 1.23119038992, -0.432060621152, 1.21273472683, 166, 2019
Z, 100, 0.9987824476855739, 76.8639776996, 77.3617203935, 0.979928818816, -0.114606447863, 0.0464256780744, 169, 2019
N, -100, -0.6101414093367556, 303.542876327, 131.913934343, 2.167112705, 1.4799410306, 2.80889335568, 169, 2019
E, -100, 0.6235941980904615, 95.5530897347, 124.401239065, 0.857446434808, -0.453279309579, 2.34368310295, 169, 2019
Z, 100, 0.9970732624820662, 66.0800346278, 63.8231593936, 1.05628164585, -0.156547940178, 0.0738377636888, 172, 2019
N, 100, 0.06287206652191314, 445.017500692, 124.991267911, 3.33016993955, 2.24465427007, 2.72633773989, 172, 2019
E, -100, 0.7739360187160067, 88.3472652345, 105.130435142, 0.876141916467, -2.49878571662, 2.76105449245, 172, 2019
Z, -32, 0.9977280607297572, 45.1649972263, 40.8363939373, 1.13156947566, -0.0247337537713, 0.0563174121366, 175, 2019
N, 100, 0.6315279049536369, 379.953546522, 94.1541535055, 4.15718115989, 2.15327203752, 2.82336810667, 175, 2019
E, 49, 0.8456757841325998, 64.9399097058, 71.5445103832, 1.02417130215, 0.426599080369, 1.31112868627, 175, 2019
Z, 40, 0.999780302005315, 37.8030489232, 38.0478981922, 0.98571745243, -0.0499503404149, 0.0339586239009, 178, 2019
N, -100, 0.6754293031647879, 121.567243875, 66.1746810455, 1.78982658876, 0.461974290331, 0.222416423551, 178, 2019
E, -100, 0.9779043839843684, 104.981200294, 66.1079766128, 1.50901144779, 1.01421050721, 2.52062131006, 178, 2019
Z, -53, 0.99949901894559, 68.3938259664, 67.9530385344, 1.03349053714, 0.0329095204206, 0.0398175278232, 181, 2019
N, -100, 0.7060604885487426, 88.2186549149, 90.4216430058, 1.10147789791, 1.08304441188, 0.805542538568, 181, 2019
E, -100, 0.9679983309494248, 137.323279342, 101.780687373, 1.29442628528, 0.265179942995, 0.15026632658, 181, 2019
Z, 91, 0.9997629864524462, 86.0940532689, 85.7897345166, 0.9928223909, -0.0488918327993, 0.0176646375147, 184, 2019
N, 100, 0.7861416097701395, 209.609981174, 126.860313779, 1.34265763884, -0.425358377221, 1.23923244564, 184, 2019
E, -100, 0.9485683006087884, 115.205266631, 132.452179742, 1.01257376223, -0.336823234567, 1.86820389964, 184, 2019
Z, 100, 0.998608070439344, 81.262836846, 79.0042612277, 1.04422091947, -0.114238449366, 0.058986826964, 187, 2019
N, 100, 0.9265963279918185, 299.143041959, 138.411950253, 2.01330961077, -0.422953616133, 1.37343502267, 187, 2019
E, 100, 0.9549327290710283, 96.3241986178, 131.25933631, 0.697241714164, 0.210193860728, 0.16131405513, 187, 2019
Z, -100, 0.9990068861729958, 56.7093116728, 53.4907443807, 1.07899951003, 0.0363442311972, 0.0413890745126, 190, 2019
N, -100, 0.9727505318730172, 260.543484549, 116.047661337, 2.29356532939, 3.22235850328, 2.92855346936, 190, 2019
E, 100, 0.7976796575738695, 114.585703407, 99.736875445, 0.915910788578, -0.958656065738, 0.436375515958, 190, 2019
Z, 0, 0.9999437684202949, 44.8333177503, 45.1694486341, 0.996190895805, 0.0215584279545, 0.0217092496053, 193, 2019
N, -100, 0.6778489516739723, 165.545004934, 84.174082849, 1.88552929985, 0.0160131180184, 1.22067515876, 193, 2019
E, 100, 0.9782876766523585, 128.16711874, 84.5619618295, 1.54364918672, -0.25163821757, 0.168654218251, 193, 2019
Z, 20, 0.9999376711569872, 66.7077763855, 66.9430675395, 0.986490366038, 0.00108463633573, 0.0135415592578, 196, 2019
N, 100, 0.13616875345267015, 82.1265841829, 106.070361186, 0.711416267222, 0.975499733443, 1.26648776406, 196, 2019
E, -100, 0.9650040232898277, 129.559134791, 108.178973753, 1.24113332437, -0.217130241168, 1.17670375918, 196, 2019
Z, 100, 0.9994614426270064, 75.2920141221, 75.0633784217, 0.99669211119, -0.0811185982304, 0.0414996867993, 199, 2019
N, 100, 0.7995321903494841, 226.246459463, 128.294298717, 1.5639680143, -1.07195948345, 0.422510546099, 199, 2019
E, -100, 0.9530454674240743, 81.0518317069, 118.011137982, 0.712842651467, -3.40617281786, 2.80000127109, 199, 2019
Z, 100, 0.9989509495882841, 66.7307277362, 65.3659900265, 1.03832385243, -0.0984352262495, 0.045808718263, 202, 2019
N, 100, 0.8061961875700672, 279.013762938, 122.383177518, 2.06788540869, -0.203146503174, 1.21057386916, 202, 2019
E, 100, 0.9417425798527285, 64.3127717569, 103.597358224, 0.548057502753, -0.0282026819785, 0.254062136356, 202, 2019
Z, -100, 0.9990228765116501, 47.1241016602, 44.2409226612, 1.09042831551, 0.00689095472945, 0.0448461154662, 205, 2019
N, 100, 0.8634524514703684, 206.656017236, 93.1255720835, 2.48890701137, 2.24024097023, 2.81141083661, 205, 2019
E, -91, 0.9072503565992476, 69.6075853885, 74.2430742702, 1.00641810591, 0.372265691181, 1.15779974226, 205, 2019
Z, -100, 0.9973211848130228, 38.5552053425, 38.7810338949, 1.02668605074, 0.160984078923, 0.0785016293051, 208, 2019
N, -100, 0.7841783674340891, 522.077573321, 62.8661106814, 6.34470676352, 0.0714038564371, 0.429971642559, 208, 2019
E, 100, 0.9458046650920986, 95.7506933259, 66.440093042, 1.47279325044, 1.17711821523, 2.50332677346, 208, 2019
Z, 42, 0.9984587320079273, 74.0395487257, 73.8437097017, 0.957869075965, -0.0274210206218, 0.0761413827875, 211, 2019
N, -100, 0.35799178526871767, 423.816812486, 96.14379554, 4.8813460925, 1.14219875085, 0.769012112909, 211, 2019
E, 100, 0.88701064443706, 99.3486379397, 110.859628198, 1.01173084538, -0.547346636452, 0.207500713506, 211, 2019
Z, 100, 0.9974634195687145, 93.972706413, 93.7935802508, 0.995266907896, -0.177412117985, 0.0923459819524, 214, 2019
N, 100, 0.7187431313480375, 151.070896432, 140.75917553, 1.01622139793, -0.240709566135, 1.7938050303, 214, 2019
E, -100, 0.9826260848060261, 139.369763207, 147.092916097, 0.888412540938, 0.309607603053, 1.32594814639, 214, 2019
Z, 100, 0.9973858132917176, 86.0129542992, 81.5237629924, 1.08419592968, -0.133613979093, 0.0620810049316, 217, 2019
N, 100, 0.8593657983036459, 256.517336047, 149.191166297, 1.6687384229, 2.87572189552, 2.73994708578, 217, 2019
E, 100, 0.8855417608119351, 130.00386344, 138.740764289, 0.979250438293, 0.691138395122, 0.862327650256, 217, 2019
Z, -100, 0.9996963876465571, 46.6875300743, 45.4033018468, 1.03145324297, 0.0435721636456, 0.0209649976514, 220, 2019
N, -100, 0.9407448867935299, 222.411234432, 112.267886221, 1.9931642373, -0.671422374151, 2.19576803504, 220, 2019
E, 100, 0.9341633864872122, 131.407557126, 90.0815289182, 1.46302924456, -0.491389895601, 0.0795654767351, 220, 2019
Z, -48, 0.9999327191649856, 44.6198406403, 44.8789746043, 1.00087334681, 0.0139172973226, 0.0188017384697, 223, 2019
N, -100, 0.4231500235966117, 166.242678258, 72.591240657, 2.08395000063, 0.278418192564, 1.61934078962, 223, 2019
E, 100, 0.9909919005743939, 128.05867359, 77.7209990195, 1.57203079189, -0.504999873176, 1.07372184239, 223, 2019
Z, 64, 0.9998480582641138, 71.4732133199, 71.1645606424, 0.991734676069, -0.0335159158982, 0.018323502656, 226, 2019
N, 100, 0.664192643800417, 209.45428686, 110.208124206, 1.50787562653, 1.31732393582, 1.52884848254, 226, 2019
E, -100, 0.7708698230415789, 106.900597597, 110.380699527, 0.978198194136, -0.158096451015, 1.02011392911, 226, 2019
Z, 58, 0.9997134297674805, 81.2671476346, 80.5050007864, 1.0037362118, -0.0578142771434, 0.0335394482906, 229, 2019
N, 100, 0.8775454036084362, 259.056077257, 132.890718542, 2.00498289099, -0.191319447019, 0.285659235008, 229, 2019
E, 100, 0.8695864593062028, 72.6493305499, 122.038203576, 0.648052599322, -0.274113908061, 0.419284312663, 229, 2019
Z, 100, 0.9922653025495923, 75.3832373241, 69.6127083174, 1.14293055491, -0.217719972644, 0.108577760186, 232, 2019
N, 100, 0.7082516998088153, 247.756839451, 123.49278119, 1.71958147647, -0.148136308615, 1.71845894863, 232, 2019
E, 100, 0.7209587353464068, 123.560132603, 106.845800738, 1.13788317749, -0.643914426776, 1.52619209295, 232, 2019
Z, -91, 0.999927019341678, 42.7950340563, 43.0958236735, 0.988048992912, 0.00787248563943, 0.0118619304344, 235, 2019
N, 100, 0.9230888296002036, 271.954711976, 89.2203652043, 2.95157709474, 2.44287611401, 2.75824283017, 235, 2019
E, 100, 0.6362723044122999, 106.720301942, 72.6547530959, 1.08265686988, -1.58302169953, 0.793320517222, 235, 2019
Z, 100, 0.997457156362813, 45.7042941505, 46.0723144934, 1.01010037223, -0.253960537182, 0.198841172095, 238, 2019
N, -100, 0.654853764571778, 160.850368934, 57.7649920193, 2.59093656463, 0.523042550863, 1.66468908237, 238, 2019
E, 100, 0.9542583539508847, 96.235556933, 72.5664980923, 1.48356236651, -0.518725904086, 1.70792891616, 238, 2019
Z, -77, 0.9991756204912419, 88.9070683675, 88.5361100327, 1.03127387616, 0.0966583249123, 0.0648885390628, 241, 2019
N, 100, 0.7049389291827742, 122.159055622, 115.26049087, 0.970867354522, 1.13522460099, 1.47131546645, 241, 2019
E, -100, 0.9781788360859772, 130.677063355, 133.270025398, 1.02655204921, 0.345888841844, 0.151669009843, 241, 2019
Z, -86, 0.999509132854184, 102.222133321, 102.65592739, 0.996177186648, -0.225119945097, 1.3507409855, 244, 2019
N, 100, 0.9446726360114206, 218.035149277, 160.22726999, 1.25710177551, -0.35431954315, 0.113354001794, 244, 2019
E, -100, 0.9708357659544555, 156.516407782, 162.591789204, 1.02090518041, -2.36922564849, 3.04839048866, 244, 2019
Z, 0, 0.9997950340446924, 73.2836626788, 74.8691047254, 0.968591764399, 0.000690755250791, 0.0193249068478, 247, 2019
N, 100, 0.9428053395833647, 255.985677277, 150.024152356, 1.75340410252, 0.0446065361209, 2.27964445835, 247, 2019
E, 100, 0.694327364659853, 115.000278546, 131.550854126, 0.79303895426, -0.526457956971, 2.83827610716, 247, 2019
Z, -59, 0.999866291924766, 27.7519519324, 28.4313623456, 0.968302686067, -0.0139931384511, 0.0182527005925, 250, 2019
N, -100, 0.9163211131581502, 325.59460687, 93.7856029893, 3.03633129057, -1.42550643162, 2.66326247001, 250, 2019
E, 100, 0.8201024570702683, 164.960150361, 67.0831726852, 2.09073890187, -0.682184809945, 0.689846202682, 250, 2019
Z, 16, 0.9999719157043255, 53.268054406, 53.3746657722, 1.00387168066, -0.00270438000643, 0.0089594116371, 253, 2019
N, -100, 0.0731721894238786, 230.112948676, 76.4839394485, 3.36024934491, 0.610243028422, 1.42472027675, 253, 2019
E, -100, 0.8744033342222082, 149.780325628, 84.2126940611, 2.09019833654, -0.161779593881, 0.81287784421, 253, 2019
Z, 100, 0.9995663008346197, 80.4091753033, 80.1344001592, 0.982022619554, -0.0591673839862, 0.0284595175569, 256, 2019
N, 100, 0.7221939512536368, 117.715042998, 120.47988502, 0.844036364817, 1.01252391737, 2.72440278161, 256, 2019
E, -100, 0.9823725273790703, 125.915358498, 119.619871244, 1.19448677416, -0.529499961583, 1.70799095574, 256, 2019
Z, 0, 0.9999535269703781, 86.3661769964, 86.543688555, 1.00272002748, 0.0173976900827, 0.0103144112863, 259, 2019
N, 100, 0.9557266183614331, 224.529362058, 138.178439781, 1.46335293281, 0.141044365621, 1.17904161648, 259, 2019
E, 100, 0.98200743947352, 113.759107792, 127.851476309, 0.844870472256, -0.0503175254106, 0.169102106835, 259, 2019
Z, 0, 0.9999257509328597, 69.2408523515, 69.2181968989, 0.991134591464, 0.00524992904414, 0.0139071244299, 262, 2019
N, 100, 0.9689557804506301, 207.640682323, 121.341708343, 1.82634960567, -0.0279156503108, 1.32251935508, 262, 2019
E, 100, 0.8892017295736107, 72.2477783665, 106.032729422, 0.651713165315, 0.0571818836954, 1.34087607988, 262, 2019
Z, -17, 0.997494693893184, 31.18542616, 34.5337141117, 0.867152907554, 0.00614742731604, 0.083245845219, 265, 2019
N, -100, 0.911264256722631, 286.912278809, 80.0498128093, 3.39618335551, 0.825234614642, 2.00834390669, 265, 2019
E, 100, 0.845029115467364, 176.806538779, 63.9438040138, 2.27719180261, -0.541470259105, 0.723148160621, 265, 2019
Z, 100, 0.9990802263742568, 63.1606440682, 63.5148817365, 1.02375084304, -0.11526806169, 0.088355877266, 268, 2019
N, -100, 0.08519077394202126, 364.836950925, 72.3793871678, 4.77403301999, 0.558411537158, 1.40407544233, 268, 2019
E, -100, 0.7032066565478013, 221.977839628, 94.3997429673, 2.44105602346, -0.00248464388711, 0.823882456482, 268, 2019
Z, 80, 0.9999391174153247, 102.548063837, 102.015119219, 0.997175284092, -0.0244354882889, 0.00994465654817, 271, 2019
N, -100, -0.05473079500106554, 155.680895607, 140.057457138, 1.01796813189, -0.358451682267, 3.01922420286, 271, 2019
E, -100, 0.8159257017404509, 80.1402213858, 155.705308882, 0.604632244807, 0.364762383588, 1.18942855171, 271, 2019
Z, 29, 0.9998144747099813, 100.169506693, 99.6052384582, 1.00521669831, -0.037523203534, 0.020000622127, 274, 2019
N, 100, 0.5254122202819677, 304.545887589, 167.739846737, 1.67293488111, -0.9297329012, 1.33532196094, 274, 2019
E, 100, 0.440809830928752, 66.4007968028, 161.202512341, 0.361642105685, -3.0762822156, 2.31411776092, 274, 2019
Z, -40, 0.999860830482374, 58.9053238216, 58.0885645149, 1.01696475185, -0.00371384106803, 0.006519257816, 277, 2019
N, 100, 0.9468925847536903, 310.802878417, 134.142940316, 2.24571452836, -0.373314414397, 1.35700471983, 277, 2019
E, 100, 0.6427480859090274, 98.306883401, 107.434331158, 0.812108369994, -1.14837151289, 0.359891951444, 277, 2019
Z, -93, 0.999502213105157, 25.7461390881, 26.1855171817, 0.984573770397, 0.0765849920966, 0.0692094021819, 280, 2019
N, -100, 0.7150497038914039, 171.210422876, 71.6679785815, 2.41185674866, -2.11556033306, 3.09687891056, 280, 2019
E, 100, 0.9505023828221068, 148.906347539, 52.4683808388, 2.40285278098, -0.70290154511, 0.947258281964, 280, 2019
Z, 80, 0.9999661736347278, 63.2751308962, 63.2850742669, 1.00281385292, 0.0152639018819, 0.0196315643835, 283, 2019
N, 100, -0.33392717653668996, 262.63314467, 87.579660139, 3.09256896885, 0.830240948364, 1.30256346973, 283, 2019
E, -100, 0.6949093769009332, 193.770864654, 95.2713534013, 2.11098621901, -0.191937412223, 0.96450054478, 283, 2019
Z, 27, 0.9999775898809415, 87.4385671961, 87.1168271106, 1.00682905377, 0.00204420238721, 0.00553015834754, 286, 2019
N, 100, 0.6978171545120442, 194.784911501, 127.831914218, 1.37161874127, -1.62827990167, 0.618525102745, 286, 2019
E, -100, 0.9000393391290592, 80.7169348342, 126.672704866, 0.706687479686, 0.242737996477, 1.74234359719, 286, 2019
Z, 0, 0.9998089105221525, 87.3697006102, 87.2652981962, 0.998647283461, 0.0381816384523, 0.0268171968853, 289, 2019
N, 100, 0.8180109874794622, 216.156199862, 137.692353259, 1.5537480205, -0.126115149657, 1.19215670596, 289, 2019
E, 100, 0.6912204715054678, 59.9414915712, 128.198871299, 0.507911240562, -0.0747588661703, 0.912837271097, 289, 2019
Z, -100, 0.99865306997655, 59.4654671184, 61.4398083021, 0.950402650021, 0.120123696761, 0.0605873357631, 292, 2019
N, 100, 0.9153134574985974, 300.522996061, 113.867012447, 2.43817770242, 0.222185281805, 2.10262807072, 292, 2019
E, 100, 0.47038981135977004, 175.300839519, 98.3066821768, 1.36446728616, -0.626174345387, 1.46588214659, 292, 2019
Z, 100, 0.9976375367749952, 31.1804652509, 31.3482505886, 0.923508706283, 0.148477978224, 1.37558979713, 295, 2019
N, -100, 0.8651291085815689, 338.319855919, 69.7142173613, 4.66465220008, 2.46784353956, 2.89787077815, 295, 2019
E, 100, 0.8751152949138579, 233.636481651, 59.8191005472, 3.43390265662, -1.094928645, 0.590266219927, 295, 2019
Z, 81, 0.9995141693731123, 79.9735955126, 79.1031640351, 1.03746594148, -0.0287281300092, 0.0433875135291, 298, 2019
N, -100, 0.5442582992849263, 122.784056219, 96.5888592149, 1.5319691871, 0.845883109474, 1.4896851201, 298, 2019
E, -100, 0.9335738102174258, 150.764406119, 119.20083907, 1.65203330592, 0.294144496793, 0.513528935946, 298, 2019
Z, -83, 0.9994726563761831, 102.637116313, 102.095749517, 1.02293977068, 0.0702582746467, 0.0346284999234, 301, 2019
N, 100, 0.9387408759493518, 176.593451489, 151.79151073, 1.32904529934, -0.128760143615, 2.87380044651, 301, 2019
E, 100, 0.9269201183651637, 179.702797462, 159.480438655, 1.23735723291, -0.695205562831, 1.01852996404, 301, 2019
Z, 0, 0.9999636191622059, 84.1376684548, 84.2824997909, 0.998215001502, 0.0167409641762, 0.00974289381106, 304, 2019
N, 100, 0.8541556844555381, 300.634348138, 156.941887541, 1.77826950668, -0.755056268557, 0.314684174323, 304, 2019
E, 100, 0.6538792177747007, 96.1762118935, 140.898642907, 0.536720913418, -0.843091200239, 0.526597066291, 304, 2019
Z, -60, 0.9999067415359949, 42.1832248285, 41.9156344093, 1.00840179247, 0.0172916753495, 0.00354193920685, 307, 2019
N, -100, 0.9831140635245388, 253.056076583, 111.970713047, 2.10954376873, 0.500205592221, 1.68391901886, 307, 2019
E, 100, 0.6551574204821305, 116.392973741, 82.2318530296, 1.32824851585, -0.833467211461, 0.744609230508, 307, 2019
Z, 48, 0.9999044322931777, 33.8880499761, 34.0533919524, 0.987946896448, -0.064911163974, 0.0339048355785, 310, 2019
N, -100, 0.540387121372244, 199.144652528, 59.9522913998, 2.97688173188, 0.530995283454, 1.12581719851, 310, 2019
E, 100, 0.9054925956263559, 148.960644378, 60.4657467466, 2.48039432205, 0.842945430738, 3.22391760326, 310, 2019
Z, 69, 0.9999935546796527, 68.5289515458, 68.7675580564, 1.0001252258, -0.0124677164976, 0.00410209489054, 313, 2019
N, 100, 0.5261696608296725, 89.4296464135, 94.0665417416, 0.791513610939, 0.361496323699, 0.92160342144, 313, 2019
E, -100, 0.9429777372827776, 78.2748129917, 101.321752029, 0.890802076387, -0.0108494208011, 1.0716885797, 313, 2019
Z, 43, 0.9999786076507814, 88.5052414285, 87.9611095438, 1.00450621331, -0.0103413334562, 0.00136456445422, 316, 2019
N, 100, 0.4414145751696316, 157.990212507, 127.665137738, 1.15330620896, -0.231940037199, 1.6639997145, 316, 2019
E, -100, 0.48711645579236873, 54.2588933562, 127.625985487, 0.454530519528, -0.0923878547768, 1.01206481874, 316, 2019
Z, -48, 0.9996811998868239, 81.6511386257, 81.84539993, 1.00223342402, 0.0564571386585, 0.0281612058902, 319, 2019
N, 100, 0.7480317392735925, 254.927209501, 132.964546347, 1.73983588655, -0.906667929421, 1.43731971229, 319, 2019
E, 100, 0.575365272421421, 63.3046532812, 123.774194057, 0.480701059654, -2.13178940913, 2.33721724591, 319, 2019
Z, -100, 0.9991836603262634, 49.8772939624, 51.4606057297, 0.954136965843, 0.0799823116303, 0.0386120522412, 322, 2019
N, 100, 0.95070880415903, 262.600457953, 106.959077184, 2.40025683657, 0.111496737639, 1.76983466152, 322, 2019
E, 100, 0.7136076846432996, 80.4410483461, 90.2657511622, 0.86934297484, -0.875491469152, 0.599936551704, 322, 2019
Z, 100, 0.9998074018077078, 44.6856561402, 45.2709617925, 0.97564353662, -0.073755596832, 0.0323751569625, 325, 2019
N, -100, 0.6707662097331037, 247.734329486, 70.2996783299, 3.15332448896, 0.180508373002, 1.01441882088, 325, 2019
E, -100, 0.9056995899254596, 194.113515754, 80.0930859514, 2.01703641708, -0.21131843157, 2.69867432108, 325, 2019
Z, 59, 0.999599655707658, 80.9134936373, 80.9147152774, 1.02815216499, -0.0324525094848, 0.0389195301675, 328, 2019
N, 100, -0.48907909679497436, 155.170527279, 110.435611835, 1.58627120362, 1.38974684126, 1.31510455375, 328, 2019
E, -100, 0.5457253822707719, 177.969178902, 126.965164107, 1.48799817166, 0.399156576898, 0.907373517356, 328, 2019
Z, -100, 0.9994046375362368, 90.4549565645, 89.8032569688, 1.02293250544, 0.0712488722693, 0.030768359977, 331, 2019
N, 100, 0.4441591593537498, 182.581067589, 145.738006959, 1.0880739603, -0.944609014675, 2.07886978868, 331, 2019
E, -100, 0.654269714086755, 36.5346158318, 144.212177985, 0.293891319835, 0.385784585547, 1.36577073866, 331, 2019
Z, -100, 0.9989987414160254, 67.5037277316, 69.282226835, 0.976287309168, 0.104762827254, 0.0605320694018, 334, 2019
N, 100, 0.9391471725759716, 258.427898813, 139.574228937, 1.7238971827, -0.678949886003, 0.292139568225, 334, 2019
E, 100, 0.6591913653505337, 77.3607870531, 118.231403274, 0.515183834824, -1.65908354162, 2.82999456412, 334, 2019
Z, -100, 0.9968302116767452, 32.1857088334, 34.969241597, 0.880961449474, 0.127674617067, 0.079095580685, 337, 2019
N, 100, 0.9808462741108277, 202.701008398, 98.2251660653, 2.02666857814, 0.0167914151893, 1.33595983032, 337, 2019
E, 100, 0.8225344329024116, 121.266649719, 70.5516817875, 1.5613581482, -0.736829433986, 0.241330402831, 337, 2019
Z, 100, 0.9998956874766083, 37.2912988546, 37.2380748048, 1.00484031401, -0.0442187047932, 0.0292545886011, 340, 2019
N, -100, 0.5748376689496607, 58.3410818084, 61.520701925, 0.906314875254, -0.418995175413, 0.516196419691, 340, 2019
E, -100, 0.8630310876779659, 94.5680238122, 64.4505291441, 1.33057375944, -0.735950934336, 1.76072445997, 340, 2019
Z, 67, 0.9999485558307765, 68.441733074, 68.4239932112, 0.993978581642, 0.257258658485, 1.33483723945, 343, 2019
N, -100, -0.40580264214691025, 85.2557967251, 92.35869619, 1.05824920841, 1.61901326859, 1.64575598531, 343, 2019
E, -100, 0.5672981699723028, 169.550490545, 100.277074949, 1.61169674342, 0.225128924607, 1.01082964353, 343, 2019
Z, -57, 0.9994571704802003, 85.4186433284, 85.1278467007, 1.02448725621, 0.0622916377582, 0.0345887654911, 346, 2019
N, 100, 0.7318154163047098, 180.343995555, 123.872079522, 1.30512189743, -0.658258834243, 1.46226923576, 346, 2019
E, -100, 0.9586852488951552, 77.9899566524, 125.900471029, 0.621577772636, 0.274147511061, 1.25517856891, 346, 2019
Z, -92, 0.9991144528696575, 76.0229458193, 77.2653122302, 0.986235638923, 0.0987512874648, 0.0590775851044, 349, 2019
N, 100, 0.8786013099903266, 186.256262384, 131.592823578, 1.45484942644, -0.536229094389, 0.220049636591, 349, 2019
E, 100, 0.8037202614283282, 61.6419477108, 122.702608134, 0.385720788228, -0.5868372237, 0.352192827282, 349, 2019
Z, -41, 0.9989465674053255, 46.6521035132, 48.9580166725, 0.916660848621, 0.0499033134515, 0.0669818023288, 352, 2019
N, 100, 0.9885166468454945, 170.168485769, 109.017860412, 1.56017471383, 0.36468196143, 1.80406194037, 352, 2019
E, 100, 0.9538653324131486, 69.923265083, 93.165836542, 0.718715052796, -0.317654493061, 0.942418792146, 352, 2019
Z, 100, 0.9990234975428278, 47.7330733291, 47.8667645172, 0.992229608415, -0.13543447158, 0.1102404119, 355, 2019
N, -100, 0.8279973921785304, 131.279567841, 80.9766340275, 1.54978911425, 0.398215861631, 0.0998594597324, 355, 2019
E, -100, 0.9744848534997594, 128.5110857, 87.7182274338, 1.57325286467, 1.42567012757, 2.67897901834, 355, 2019
Z, 50, 0.9999657546872737, 73.4331128908, 72.8639436982, 0.999854462093, -0.0153189117433, 0.0118907819126, 358, 2019
N, 100, 0.8888032290582278, 95.2143165344, 108.750107819, 0.8216867787, 0.0861172627887, 1.04306818742, 358, 2019
E, 100, 0.9952058695480955, 143.612367297, 117.757212626, 1.16858213299, -0.100979273905, 0.0590001697721, 358, 2019
Z, -100, 0.9994546028046238, 79.3684984525, 79.4588165569, 1.01322397782, 0.0685572867809, 0.0278262602337, 361, 2019
N, 100, 0.935005461532024, 162.517027449, 135.640866353, 1.17529985788, -0.346811065403, 0.0535394071761, 361, 2019
E, -100, 0.9917487585873493, 122.045495113, 128.444186678, 0.945266283693, 0.0197737563321, 0.110642068929, 361, 2019
Z, -72, 0.9996059013173075, 63.8595427664, 64.8100600947, 0.98265975729, 0.0704125302517, 0.0442073534657, 364, 2019
N, 100, 0.9913332913535053, 182.165982382, 130.122171179, 1.35788126343, 0.219636445046, 1.21317108694, 364, 2019
E, -100, 0.9184953478092646, 89.5631450703, 108.448366772, 0.821016413866, 0.209075437386, 0.0875962510634, 364, 2019
