Chan, Phase Shift, Correlation, ptp-data, ptp-synthetic, DOY, Year
Z, 20, 0.9997106790577163, 87.1215225507, 87.0453359125, 1, 2020
N, 20, 0.9970924744284152, 25.4922524151, 34.002204319, 1, 2020
E, 20, 0.9977023521625051, 58.9937167828, 61.2160900616, 1, 2020
Z, 20, 0.9990694963210651, 53.7976627216, 51.1441197192, 4, 2020
N, 20, 0.972744287151751, 18.8029699722, 19.1052356319, 4, 2020
E, 20, 0.9978899470890449, 35.305235413, 35.2277241005, 4, 2020
Z, -20, 0.9996386718979807, 106.52022779, 104.674769057, 7, 2020
N, -20, 0.9979117606697094, 36.6661769474, 40.6197590504, 7, 2020
E, 20, 0.998848590538046, 69.9869785335, 71.1148267566, 7, 2020
Z, -20, 0.9999391550003814, 152.53048118, 152.055845123, 10, 2020
N, -20, 0.999498926823984, 49.0570432953, 58.3391774127, 10, 2020
E, 20, 0.9990212768522555, 102.966049558, 104.896453879, 10, 2020
Z, 0, 0.9999655796444651, 158.162482308, 158.886754527, 13, 2020
N, -20, 0.9994152582345015, 47.6531599104, 59.9972949915, 13, 2020
E, 20, 0.9986810217941434, 106.504952095, 109.450619432, 13, 2020
Z, 20, 0.999938067227701, 116.999235193, 116.794101681, 16, 2020
N, 20, 0.9987018509710429, 33.9280136529, 43.5956991616, 16, 2020
E, 20, 0.9980463980979896, 78.1294739414, 80.2149711525, 16, 2020
Z, 0, 0.9996873496375513, 70.1398727589, 66.9036284957, 19, 2020
N, 20, 0.9946534718769907, 24.5202824207, 25.5035644472, 19, 2020
E, 20, 0.9971714772358506, 44.2411478125, 44.4559210497, 19, 2020
