Chan, Phase Shift, Correlation, ptp-data, ptp-synthetic, rat, phasem, phasestd, DOY, Year
Z, -100, 0.9995312150226031, 77.9473685059, 77.7213217049, 1.02701581742, 0.0432580583366, 0.0314321746135, 1, 2019
N, 100, -0.45209346868849654, 26.5421601929, 40.4612268125, 0.658609475777, -1.82925149203, 2.79982789841, 1, 2019
E, 100, 0.9532966951333941, 58.6717612056, 64.1531616721, 0.890864167448, -0.296853193744, 0.0751881811782, 1, 2019
Z, -100, 0.999826586300326, 112.114714171, 112.936291422, 0.978060805241, 0.044394962788, 0.025800271697, 4, 2019
N, 100, -0.3875117018694854, 43.1366775504, 59.1711407475, 0.72708681077, 1.46278048258, 1.33099095718, 4, 2019
E, 100, 0.9509138260009609, 77.4970144451, 91.4275193777, 0.838179351768, -0.333675917551, 0.0489378234106, 4, 2019
Z, -100, 0.9996225567487935, 121.949350272, 124.033803642, 0.996651849406, 0.0847394778607, 0.0446894385713, 7, 2019
N, 100, -0.34355342556202906, 43.6068892366, 64.9072759315, 0.721101115944, 1.60286510364, 1.33943392099, 7, 2019
E, 100, 0.9578585388389902, 84.7843133707, 99.3661147415, 0.803006971699, 0.0597750866307, 1.2895942509, 7, 2019
Z, 76, 0.9996882482754093, 102.595912445, 106.722213323, 0.951169231671, -0.0540046437743, 0.0206725594398, 10, 2019
N, 100, -0.40008431082250817, 36.5924101095, 55.4961725451, 0.650811302913, 0.327709912632, 3.13153854327, 10, 2019
E, 100, 0.9552329256261369, 73.2695712718, 84.8571229948, 0.852993824844, 0.481464665088, 2.19694178815, 10, 2019
Z, 100, 0.98988617365958, 72.8686201627, 69.3439118297, 1.07865065969, -0.268558156586, 0.115919924286, 13, 2019
N, 100, -0.3186785659034305, 20.4055397917, 35.4639173233, 0.509014483348, -0.0423730455315, 2.69115620365, 13, 2019
E, 100, 0.9726700612199928, 51.9951104626, 56.1982468944, 0.961172284769, -0.0935560534491, 0.0830331807228, 13, 2019
Z, 100, 0.9987166576941094, 61.7832141513, 64.6704155713, 0.953953612687, -0.127297323745, 0.0686362891912, 16, 2019
N, 100, -0.4359249477742861, 21.0543710309, 32.7483632941, 0.654595769944, -1.64728878314, 3.04544351841, 16, 2019
E, 100, 0.9568793336078127, 47.5866886612, 53.1066706426, 0.939169424587, -0.411650970179, 0.152863874446, 16, 2019
Z, 50, 0.9993988422445041, 124.894031412, 124.320652907, 1.01065046351, -0.0910072910014, 0.068838503905, 19, 2019
N, 100, -0.4024376898611062, 42.290951075, 63.4154591202, 0.668465820027, 1.53694936184, 1.31319752891, 19, 2019
E, 100, 0.9613934970630136, 86.956369573, 100.424732187, 0.86475369777, -0.204182734514, 0.054651674979, 19, 2019
Z, -14, 0.9993046371440016, 154.563439594, 157.089835594, 0.950251639122, -0.0494692903685, 0.0494888157385, 22, 2019
N, 100, -0.4440708078574746, 51.4609939922, 80.0195593876, 0.679067221038, 1.80869265941, 1.36489976887, 22, 2019
E, 100, 0.9483714154003011, 109.738223264, 125.704290544, 0.878250090538, -0.417857178083, 0.161990702003, 22, 2019
Z, 100, 0.9986200959837456, 130.868525991, 134.511168839, 0.966807847871, -0.117191631168, 0.0495144341043, 25, 2019
N, 100, -0.40315587664331176, 43.2501458177, 68.0525557315, 0.618005144374, 0.352697578044, 3.11638284952, 25, 2019
E, 100, 0.9592450556103763, 93.8384372594, 106.693495847, 0.901139315415, 3.18660874698, 2.99233909769, 25, 2019
Z, 100, 0.9987144735077401, 74.2894146045, 70.6901336121, 1.05830241338, -0.0897376848495, 0.0239414891177, 28, 2019
N, 100, -0.3554311605022985, 22.7860748872, 35.3852567093, 0.639304314298, 1.69374084482, 0.348434995592, 28, 2019
E, 100, 0.9614920048091584, 50.0383979899, 58.8095876694, 0.860441096781, 0.0793974094604, 1.31862520414, 28, 2019
Z, -50, 0.9999113536911854, 71.7463061908, 71.5830709198, 1.01225295987, 0.0251916550146, 0.0121639446465, 31, 2019
N, 100, -0.3795768456537093, 25.1552074411, 37.6264614718, 0.661606774826, -1.90319169708, 2.7984533671, 31, 2019
E, 100, 0.9651537593837434, 52.1349701392, 59.4969072195, 0.872604238324, -0.285665366398, 0.0697883750452, 31, 2019
Z, -100, 0.9999219330062098, 114.459771285, 114.569877611, 0.989853411127, 0.0495931591345, 0.0217147420784, 34, 2019
N, 100, -0.3883561409433201, 40.1757328344, 60.1365452857, 0.699939810514, 1.42363683012, 1.33429745733, 34, 2019
E, 100, 0.9624004522438463, 79.1885113511, 92.4464770133, 0.836414683511, -0.265127492779, 0.0678609243344, 34, 2019
Z, -5, 0.999167994940353, 128.648998872, 131.466886992, 0.948663421501, -0.0713706980318, 0.056880005703, 37, 2019
N, 100, -0.43359814941658814, 43.8991950677, 68.6646213158, 0.657263776293, 0.704486748719, 2.7065754733, 37, 2019
E, 100, 0.951559238495325, 91.0491035248, 105.224363511, 0.881168118448, -0.0886611126384, 1.37541763486, 37, 2019
Z, 0, 0.9999686443834102, 113.087335958, 116.584768332, 0.963176303553, -0.000700321236872, 0.00589463734371, 40, 2019
N, 100, -0.37154951781183526, 39.9981260372, 60.3759133988, 0.668220875111, 0.247492082552, 3.15437927587, 40, 2019
E, 100, 0.9538164866388209, 78.4718611399, 92.9072235864, 0.824138589181, 1.34625061904, 2.79679000837, 40, 2019
Z, 100, 0.999218440612551, 70.325678342, 74.239049838, 0.951430670211, -0.0553285299012, 0.0333453256894, 43, 2019
N, 100, -0.3983737842742457, 26.0108583739, 37.6040098462, 0.67775914029, 0.089149372092, 2.78740270236, 43, 2019
E, 100, 0.9362785861746051, 51.5317660351, 60.1364907569, 0.871310934207, -0.370056026242, 0.0455337709696, 43, 2019
Z, 70, 0.9995623577352045, 71.4056402718, 71.1368101949, 1.00439051814, -0.0814629160345, 0.0530002484712, 46, 2019
N, 100, -0.3997806435648821, 24.6155962514, 36.0296588973, 0.685021818339, -1.81912250117, 2.93274128593, 46, 2019
E, 100, 0.9631213957993088, 52.3030887277, 59.3521339941, 0.895084350278, -0.254050057106, 0.0701252770931, 46, 2019
Z, -100, 0.9999270332234063, 143.734829765, 143.855030055, 0.995224918958, 0.0393023751259, 0.00879661216009, 49, 2019
N, 100, -0.43205379180359893, 47.808890604, 73.5628796133, 0.676937393774, 1.46244066906, 1.32027687097, 49, 2019
E, 100, 0.9567689977128828, 99.4302732099, 115.108796394, 0.844958223022, -0.295207164752, 0.0340692701289, 49, 2019
Z, -93, 0.9997818922876601, 165.471391283, 169.672333565, 0.956181541899, -0.0136144142248, 0.0236348563513, 52, 2019
N, 100, -0.4050386012374157, 55.7011118441, 86.7791769334, 0.659500721031, 0.64363006064, 2.72698267961, 52, 2019
E, 100, 0.9519019300569107, 117.050193624, 135.574937733, 0.862852816005, -0.070939598267, 1.36252617505, 52, 2019
Z, 0, 0.9999240677530677, 121.303862626, 127.458233154, 0.948183522436, -0.0221029908627, 0.00994224722892, 55, 2019
N, 100, -0.3773179058180405, 44.7465323774, 65.2063562978, 0.67301154024, 0.242996482279, 3.08992058058, 55, 2019
E, 100, 0.9489123294425479, 85.1601645171, 101.690377992, 0.838956743437, 2.52295627134, 2.98698076673, 55, 2019
Z, 100, 0.996253050866489, 43.9429646737, 50.8986808216, 0.873446534325, 0.0234163452106, 0.0474956523289, 58, 2019
N, 100, -0.3998568067388505, 19.8947131308, 25.8626026361, 0.777433172921, 1.79625716786, 0.344743686722, 58, 2019
E, 100, 0.9087058637685173, 35.7455127051, 42.5587000004, 0.853846406306, -0.167905626842, 1.34545173944, 58, 2019
Z, -87, 0.9995692370549152, 81.1802230788, 79.7872226128, 1.03609785359, -0.015655122103, 0.0435562289347, 61, 2019
N, 100, -0.417446786399989, 29.7496381087, 42.0170754829, 0.714590320473, -1.19101101101, 3.10959114621, 61, 2019
E, 100, 0.9625491089881268, 56.8007739827, 65.8136647881, 0.841878152193, -0.166010401803, 0.101752711624, 61, 2019
Z, -100, 0.9990771042555816, 125.512670345, 126.542709303, 0.953156279648, 0.0447045559014, 0.0466164680039, 64, 2019
N, 100, -0.4384239363660041, 44.9849687889, 66.2231643161, 0.723164406716, 1.63573749948, 1.35228029673, 64, 2019
E, 100, 0.9406590437176153, 87.0914618116, 101.632364682, 0.860261328146, -0.480150296243, 0.229607119754, 64, 2019
Z, -87, 0.9994554032129238, 137.689837827, 142.602459158, 0.939713309354, -0.0205215172281, 0.0356915370869, 67, 2019
N, 100, -0.42203261521440455, 48.9575384497, 74.0477049882, 0.676752021252, 0.999854249987, 2.51325545998, 67, 2019
E, 100, 0.9444372043684501, 98.5172230436, 113.858116164, 0.871578400413, -0.116033413745, 1.37339087149, 67, 2019
Z, 100, 0.9985361667731699, 115.288037899, 120.255378625, 0.94891736303, -0.123664862791, 0.0550109179878, 70, 2019
N, 100, -0.41350020726277686, 37.2743912683, 61.7766595573, 0.574794870179, 0.416992812427, 3.08763356249, 70, 2019
E, 100, 0.9533031604367155, 86.5028526127, 95.5726073915, 0.945872029973, 0.51602785597, 2.21472910217, 70, 2019
Z, 43, 0.9969956995228546, 61.1934520855, 65.3126588545, 0.951994107047, 0.0335176421638, 0.0412799170929, 73, 2019
N, 100, -0.37485784417462853, 22.1261610757, 32.6500680948, 0.671530771877, 0.0890724162253, 2.75608454539, 73, 2019
E, 100, 0.9426715649447966, 45.9215507473, 52.9948633412, 0.871461507348, -0.371117226626, 0.0387515947966, 73, 2019
Z, -100, 0.998864428581352, 96.7566269009, 95.849015439, 1.02799903989, -0.0571439671804, 0.0588561305747, 76, 2019
N, 100, -0.4411832323054711, 31.509235718, 48.9826464385, 0.631027105821, -1.7601861929, 2.79566764572, 76, 2019
E, 100, 0.956440893649189, 72.3122086746, 79.1215280126, 0.910083627313, -0.229953496665, 0.0437856318872, 76, 2019
Z, 100, 0.9980631873482179, 154.212123095, 163.677343393, 0.91218209326, 0.0781427550576, 0.111168309418, 79, 2019
N, 100, -0.47880207176239326, 53.3813328953, 84.0971585528, 0.695049478899, 1.7031437284, 1.35331315212, 79, 2019
E, 100, 0.936740638681156, 117.318873171, 131.109389896, 0.901296069014, -0.5624055326, 0.272343217385, 79, 2019
Z, -100, 0.9996615755078151, 164.587611218, 165.514758527, 1.00052953285, 0.0438087449529, 0.0230911865727, 82, 2019
N, 100, -0.39794121611861916, 54.3732605406, 85.2075034761, 0.649489476877, 0.534203051307, 2.88957460541, 82, 2019
E, 100, 0.9551973161655497, 112.057380786, 132.218571138, 0.815956742971, 0.0580033321423, 1.28484434618, 82, 2019
Z, -10, 0.99967701884654, 97.0281193213, 104.121034262, 0.922585300636, 0.0245285148976, 0.016319692402, 85, 2019
N, 100, -0.3935042119782459, 33.9900273066, 53.7670559873, 0.629598539651, 0.282696008967, 3.08354448266, 85, 2019
E, 100, 0.9416548353053094, 73.5619548833, 82.9386019621, 0.892941307031, 2.16961482454, 2.94551246251, 85, 2019
Z, 100, 0.9921811975289152, 34.358866876, 35.0322712921, 0.917988449435, -0.0326943555906, 0.0904016534634, 88, 2019
N, -100, -0.275680455056619, 108.701691823, 18.6029617, 3.71042898048, 0.977319767194, 2.10714024619, 88, 2019
E, 100, -0.527754671987038, 98.9776320094, 29.6660120597, 2.1624926023, -0.253644624392, 1.97025704687, 88, 2019
Z, 5, 0.9995063569968758, 96.0964971609, 93.4562992805, 1.02800433024, -0.0304165967843, 0.0263602093188, 91, 2019
N, 100, 0.23712882259899348, 118.959116837, 49.008423939, 2.47373678089, -0.108723388882, 2.73686543841, 91, 2019
E, 100, 0.0971268302549329, 121.850679541, 76.5129479382, 1.78284330189, 1.76355790155, 2.67788538153, 91, 2019
Z, -100, 0.9993007648923538, 136.251671887, 137.779727929, 0.952799788907, 0.0528132913328, 0.0502295781788, 94, 2019
N, 100, -0.44954007960489656, 47.5281360993, 71.6048929041, 0.711947066388, 1.68078063347, 1.35680123431, 94, 2019
E, 100, 0.9360498637244025, 95.2236112039, 110.583538743, 0.871608359487, -0.510437408517, 0.250155922152, 94, 2019
Z, 0, 0.9991572808718328, 141.299955242, 145.711661698, 0.941469767112, -0.0666541128542, 0.0514584191634, 97, 2019
N, 100, -0.44691845056135593, 49.2096930426, 74.97769743, 0.655213115675, 0.774383547846, 2.70096400172, 97, 2019
E, 100, 0.9415815121287735, 103.761453669, 116.371292785, 0.924366778836, -0.422212495987, 0.0926561074176, 97, 2019
Z, -100, 0.9990334133310675, 108.715956208, 110.051434065, 0.985875383021, 0.0673513197511, 0.0161942637283, 100, 2019
N, 100, -0.3606124115027232, 38.3962885612, 56.0349321107, 0.676648720766, 0.182207067705, 3.13072200704, 100, 2019
E, 100, 0.9514660546688473, 71.8654832594, 87.2160467032, 0.814778343187, 1.38721602601, 2.80744824816, 100, 2019
Z, 100, 0.9995044164563348, 49.1553331662, 48.769559901, 0.983142280221, -0.0449009714013, 0.0213351692183, 103, 2019
N, 100, -0.3461980765985692, 14.8155887583, 24.3924400221, 0.582587305466, 1.60804790791, 0.366749699504, 103, 2019
E, 100, 0.9685630705345062, 36.0492179827, 39.3937513094, 0.92829355904, -0.113219860273, 0.0865245480743, 103, 2019
Z, 0, 0.9991561644472822, 123.069564958, 121.905265087, 1.01516921482, -0.137842534215, 0.114207248495, 106, 2019
N, 100, -0.4398545047577103, 41.4292575002, 62.6717107955, 0.627545440904, -1.27676045239, 2.9862411408, 106, 2019
E, 100, 0.9583948919459051, 86.6745753988, 99.5110080653, 0.888565327299, 1.22567394561, 2.72700763264, 106, 2019
Z, -78, 0.9986435105191696, 166.029076214, 163.855027285, 1.0577536923, -0.272314060387, 1.32479041376, 109, 2019
N, 100, -0.3897430349835407, 54.4007517359, 84.6431692015, 0.652868288384, 1.35813700892, 1.31555176399, 109, 2019
E, 100, 0.9636289109685338, 114.150289067, 131.859442216, 0.845495604123, -0.138306705459, 0.0837366354821, 109, 2019
Z, -100, 0.9998305944368108, 136.290863927, 141.609453301, 0.966555790774, 0.0451005767803, 0.0145747843044, 112, 2019
N, 100, -0.41238397445024083, 48.6303661695, 73.4032045629, 0.665846299459, 0.327124978427, 3.05135917557, 112, 2019
E, 100, 0.9484999211021252, 99.0555714779, 112.943818391, 0.868064528213, -0.0429622704352, 1.32912703385, 112, 2019
Z, 100, 0.9856589214527086, 77.2835162946, 76.9423770772, 1.00474295494, -0.32211628536, 0.177176745305, 115, 2019
N, 100, -0.4075619927390571, 19.7607627726, 40.1107636677, 0.405982589536, 0.569972695629, 2.87468631347, 115, 2019
E, 100, 0.969813538874385, 72.7309806843, 61.8566777299, 1.20650421542, 1.04044940163, 3.06186566444, 115, 2019
Z, -30, 0.9926724743447032, 52.2487954017, 47.972837562, 1.24515322762, 0.0301273567548, 0.274820826683, 118, 2019
N, 100, -0.3053966118092995, 17.3123139406, 25.2960257024, 0.785303830838, -0.825577961637, 2.72623642094, 118, 2019
E, 100, 0.9084896047962516, 35.916595988, 39.8341882898, 0.981035355991, 0.592690448706, 0.869758933978, 118, 2019
Z, -100, 0.9998085150904402, 106.144135129, 103.791205471, 1.0272139016, 0.0497941011412, 0.0241202989575, 121, 2019
N, 100, -0.43505192057644493, 37.9947716715, 54.0328104124, 0.70979428774, -1.26911004172, 3.13884829851, 121, 2019
E, 100, 0.9475522117671676, 72.6886584556, 84.8818031067, 0.850894563082, -0.47625052775, 0.091013219382, 121, 2019
Z, -100, 0.9998454298407016, 136.354152919, 138.065358962, 0.990083197294, 0.0270678793178, 0.00945354779769, 127, 2019
N, 100, -0.4118760509432454, 45.0678181563, 70.4146396586, 0.641560375205, 0.628408315848, 2.78959399457, 127, 2019
E, 100, 0.9534671862282605, 95.7701576222, 110.108689328, 0.872988660389, -0.318452796712, 0.0615244382392, 127, 2019
Z, -100, 0.9941993091399565, 90.0945950699, 91.7809639651, 0.996652675745, 0.212789315059, 0.0746354345355, 130, 2019
N, 100, -0.36852367111055556, 33.9732922072, 46.5150522205, 0.73524370793, 0.166515930029, 3.0874221853, 130, 2019
E, 100, 0.9374662891710399, 57.3314446253, 73.0714403211, 0.748951940094, 2.68744053237, 2.95485011689, 130, 2019
Z, -60, 0.9958322228935064, 73.3868058878, 73.4173933782, 1.11119026949, 0.0183798771325, 0.161793422719, 133, 2019
N, 100, -0.32798920518102653, 24.7955543954, 37.4154546301, 0.681720088682, -0.0970290150606, 2.62083625864, 133, 2019
E, 100, 0.9519943730695309, 53.1835623125, 60.0697974323, 0.89230450546, 0.235222844302, 0.79752537307, 133, 2019
Z, -100, 0.9956880569318876, 127.659727358, 128.990818611, 0.958837656483, 0.271890344889, 0.219941182007, 136, 2019
N, 100, -0.46745518109552875, 45.2892708438, 66.7530641439, 0.77264625159, -1.57476937377, 3.11739160799, 136, 2019
E, 100, 0.9123646585899367, 92.2211774528, 104.973552832, 0.846053656565, -0.86865105503, 0.267160314795, 136, 2019
Z, -44, 0.9996135625247675, 146.630054593, 145.003538805, 1.03420630976, -0.289526879314, 1.33374901809, 139, 2019
N, 100, -0.406617693291693, 49.195213951, 75.2105628074, 0.668703858249, 1.53799401297, 1.33382816094, 139, 2019
E, 100, 0.9604471923940333, 101.726735694, 116.951149155, 0.860138923989, -0.23735625054, 0.0979660128391, 139, 2019
Z, 0, 0.9995952772000593, 109.309486902, 114.65018448, 0.938633229789, -0.0557682940731, 0.0336638936642, 142, 2019
N, 100, -0.47194365802709326, 37.9217324309, 59.8070687466, 0.610959072705, 0.568513836581, 2.98164434459, 142, 2019
E, 100, 0.942785786747752, 86.7639942678, 91.8444601038, 0.983454551079, -0.388417424114, 0.071043543355, 142, 2019
Z, 76, 0.9974022082306163, 56.5543952355, 61.1138535298, 0.922958511814, 0.0259311853988, 0.0492337242708, 145, 2019
N, 100, -0.3908798612445308, 20.1553266397, 32.2036597105, 0.595729507108, 0.0578322355146, 2.86860751578, 145, 2019
E, 100, 0.9633998297326722, 44.8843891786, 49.6892051744, 0.922043470294, -0.28147036214, 0.086337755885, 145, 2019
Z, -22, 0.9938777649943674, 58.3910967785, 58.2229003435, 1.12227690953, 0.0120711935577, 0.151160458075, 148, 2019
N, 100, -0.18026519919213538, 22.5026829062, 30.335319115, 0.856909334532, -2.60158036179, 3.04572688776, 148, 2019
E, 100, 0.9062590484692161, 42.4343465517, 47.7546364857, 0.9508964283, 0.815987814127, 0.939179360654, 148, 2019
Z, -100, 0.997771132707551, 109.125852686, 108.401228852, 0.974392383594, 0.21774195255, 0.166431666495, 151, 2019
N, 100, -0.43273645891186663, 39.0451760866, 55.7927168229, 0.785217601302, -1.31280892667, 3.14678765449, 151, 2019
E, 100, 0.9308136569526433, 75.9297847855, 88.1717336901, 0.83867007124, -0.44314755738, 1.39320664639, 151, 2019
Z, -100, 0.9998473393189709, 136.62204059, 139.062570874, 0.996510468864, -0.00892224443381, 0.029131601647, 154, 2019
N, 100, -0.4447642959958046, 46.7408116467, 70.8592988193, 0.671929703987, 1.5398375244, 1.33856346296, 154, 2019
E, 100, 0.9484010111705764, 97.012210972, 111.276605103, 0.87213706671, -0.313917207806, 0.125706774078, 154, 2019
Z, -97, 0.9999271884204245, 123.502114328, 127.693546191, 0.960759288648, 0.0217166040973, 0.00639839033143, 157, 2019
N, 100, -0.44517933216294886, 40.3846438206, 64.867161456, 0.616100028809, 0.482575537984, 2.9843226539, 157, 2019
E, 100, 0.9518551097135176, 92.0993268665, 101.998834775, 0.920272641746, -0.364703926287, 0.0370603792436, 157, 2019
Z, 0, 0.9987292851901762, 76.8204426331, 81.7171225754, 0.941987554847, 0.067141316226, 0.0471134405228, 160, 2019
N, 100, -0.2783549906808089, 25.6024963328, 41.5054760802, 0.607893299428, 0.0522530010407, 2.84574133721, 160, 2019
E, 100, 0.9674053098776129, 59.38739154, 66.1130166498, 0.904592819287, -0.338281933028, 0.0883117315471, 160, 2019
Z, 100, 0.9906264604405626, 85.2083301888, 83.1106353337, 0.993571636109, -0.338815540102, 1.86728428266, 163, 2019
N, 100, -0.4281692189766004, 30.9181999182, 42.8976902719, 0.704919790962, -1.48435210116, 2.92965366131, 163, 2019
E, 100, 0.9547834183615683, 58.367737983, 68.1307770865, 0.942117714421, -0.397836808614, 0.181792874183, 163, 2019
Z, 0, 0.9997193406346206, 119.230000968, 118.769038722, 1.02010612109, -0.0384089297041, 0.0395089463299, 166, 2019
N, 100, -0.4761238856361867, 40.8877575766, 61.7538377948, 0.662744716203, 1.57015180117, 1.30666456054, 166, 2019
E, 100, 0.9506730711022251, 84.4635438707, 96.309999194, 0.875836489226, 0.00629093108052, 1.33090463495, 166, 2019
Z, -100, 0.9996317771697701, 125.216719389, 125.954015598, 1.00480753005, -0.550729029231, 1.84183472301, 169, 2019
N, 100, -0.41510626884056756, 43.2263255149, 65.5927834111, 0.675972783335, 1.69198584469, 1.34938652186, 169, 2019
E, 100, 0.9561138577004585, 89.1020820213, 101.585594915, 0.873334543313, -0.316929713396, 0.136211189714, 169, 2019
Z, 0, 0.9999599636118949, 96.1395422028, 101.571880661, 0.950430232695, 0.0105023949114, 0.0111288588469, 172, 2019
N, 100, -0.29902519316599796, 33.3465322429, 53.1754140753, 0.594857399875, 0.274851893352, 3.09993716766, 172, 2019
E, 100, 0.9654398500598625, 70.9886420031, 81.400310836, 0.893587471819, -0.0114830855384, 1.35252879806, 172, 2019
Z, 100, 0.9939877446022146, 63.290875136, 61.0269451896, 1.06172763424, -0.225692436188, 0.11489756403, 175, 2019
N, 100, -0.26294791208646856, 18.9589289449, 32.1737612881, 0.496073413039, -0.401553173748, 2.46145237761, 175, 2019
E, 100, 0.9719036245790171, 50.2475926636, 49.786040522, 1.04930587665, -0.256650964348, 1.2262056599, 175, 2019
Z, -100, 0.9922119257792379, 61.5665028842, 62.7234064509, 1.0973660855, 0.196199888666, 0.229425575133, 178, 2019
N, 100, -0.26110622039024656, 23.9322174309, 32.1297457191, 0.835053003158, -2.59300707776, 2.72900520872, 178, 2019
E, 100, 0.9289400549563459, 43.8783287681, 51.0789322661, 0.813580035446, 0.560539617239, 0.76669449603, 178, 2019
Z, 100, 0.9956034270997618, 110.382143611, 110.245718323, 1.0596531528, -0.212046487786, 0.18456999487, 181, 2019
N, 100, -0.39936229509478194, 38.0388369831, 56.1456339947, 0.601549815664, -0.494563248111, 2.99760155506, 181, 2019
E, 100, 0.9611280456063191, 77.2097552454, 89.2671945596, 0.936902241091, -0.0989653598653, 0.140724396596, 181, 2019
Z, -8, 0.9997172053772623, 138.979096533, 140.032294823, 0.969733928587, 0.0517079259184, 0.0459678833951, 184, 2019
N, 100, -0.48014551889235246, 44.3156501757, 71.0452598271, 0.674657511142, 1.76849343748, 1.36237733879, 184, 2019
E, 100, 0.9434432669159696, 101.129984413, 111.993884901, 0.915396162783, -0.454018724413, 0.219119958073, 184, 2019
Z, 100, 0.9996187150219215, 123.657072368, 127.25291042, 0.970105760451, -0.0651465680407, 0.0179423959276, 187, 2019
N, 100, -0.4198607820585169, 37.807422451, 64.798975718, 0.544839815572, 0.478168614788, 3.03074712237, 187, 2019
E, 100, 0.9610965407310157, 96.7092865485, 101.774735025, 0.993767899207, -0.0166203959625, 1.37113170281, 187, 2019
Z, 86, 0.9994892418796231, 81.9234365644, 81.6414664882, 1.00863264892, -0.0745216937008, 0.0263059409716, 190, 2019
N, 100, -0.3039492208321515, 25.3857494352, 41.8742696162, 0.585014868831, 1.29837716686, 1.29002146948, 190, 2019
E, 100, 0.973740422277226, 60.3098871209, 66.9890589229, 0.927623621479, -0.0945816013655, 0.0801199621035, 190, 2019
Z, 100, 0.9922954464801902, 75.297769676, 76.3229350594, 0.960292212424, -0.583660010266, 1.14821641771, 193, 2019
N, 100, -0.5387035532822441, 28.5327332533, 39.8098113634, 0.695245594669, -1.34855431668, 2.88039934573, 193, 2019
E, 100, 0.9378188510507249, 55.4169922301, 62.9677400428, 0.992504016225, -0.165079303208, 1.24288257523, 193, 2019
Z, -100, 0.9986375988531715, 111.479468264, 110.91096246, 1.0470339023, -0.0302832714965, 0.0807838028646, 196, 2019
N, 100, -0.43886144634255053, 40.1266590919, 57.8531423801, 0.683999228012, 1.45319313118, 1.32422433728, 196, 2019
E, 100, 0.9593704365893269, 75.218945064, 89.6132094062, 0.852465495881, -0.176055271964, 0.0653916843642, 196, 2019
Z, -100, 0.9998098744299408, 119.163624586, 121.707120051, 0.97176277696, 0.0861489710457, 0.0501122487122, 199, 2019
N, 100, -0.4427833193513561, 41.6548290008, 63.5423891102, 0.675062194208, 0.96008667628, 2.45035072802, 199, 2019
E, 100, 0.9480952491257452, 86.5676863643, 97.8059224985, 0.888714300023, -0.395628023024, 0.131798229585, 199, 2019
Z, 100, 0.9984501385898623, 101.939528255, 103.743501653, 0.964459802802, -0.116254228092, 0.0404601856318, 202, 2019
N, 100, -0.4194805502599978, 32.6049308157, 54.190341774, 0.553808478216, 0.570691529096, 3.02180503592, 202, 2019
E, 100, 0.9605788516653297, 78.0662687698, 83.182756708, 0.99339521558, 0.234152834878, 1.88837651064, 202, 2019
Z, 100, 0.9988165054518718, 66.8019937875, 66.6742674945, 1.01018937553, -0.0745481283345, 0.0443917714685, 205, 2019
N, 100, -0.2755192661964685, 20.792298733, 34.7664076647, 0.575302153402, -0.13849905803, 2.66626202288, 205, 2019
E, 100, 0.9754657950312263, 49.1156809606, 54.4935671183, 0.928742317741, -0.14068893182, 0.0567932891955, 205, 2019
Z, 7, 0.998269833332246, 62.6517465343, 63.8174320578, 1.0463638702, 0.0495233396545, 0.0991040907274, 208, 2019
N, 100, -0.2999455035706631, 23.8748577204, 32.2500036823, 0.759214054625, -2.17934816867, 3.01266578744, 208, 2019
E, 100, 0.9610945395613043, 45.7319027783, 52.3367380497, 0.828306880438, 0.017371132545, 0.280232186087, 208, 2019
Z, -100, 0.9977320899198912, 119.288497701, 120.941296861, 0.956265167255, 0.185560085588, 0.154298078595, 211, 2019
N, 100, -0.46069803633878725, 41.028883418, 61.4224312231, 0.745410500177, -0.0994037095841, 3.01900877311, 211, 2019
E, 100, 0.9265110953069243, 84.2744281241, 97.3674138055, 0.863482945276, -0.341464906825, 1.42630206728, 211, 2019
Z, -3, 0.9998739020721368, 150.333377583, 153.395017808, 0.996942314393, 0.0119812995128, 0.0175576584895, 214, 2019
N, 100, -0.42457387190197104, 48.3226348394, 78.0912581828, 0.636351240834, 1.75581177216, 1.35666313324, 214, 2019
E, 100, 0.9559500846342284, 109.710205129, 122.935913049, 0.891373787671, -0.303098474209, 0.12539626144, 214, 2019
Z, -100, 0.9975030256398009, 126.491711842, 131.679286566, 0.972296053977, 0.13676383704, 0.0361865616732, 217, 2019
N, 100, -0.36567163678060827, 46.4434224608, 67.4984282141, 0.694360770947, 0.189044870778, 3.14564794673, 217, 2019
E, 100, 0.9505632906855118, 88.8916777673, 105.551462458, 0.814753743307, 1.93386812424, 2.98757031639, 217, 2019
Z, 3, 0.9997097235510606, 66.4910253008, 69.2187570834, 0.952295918698, -0.0484316208079, 0.0217238930163, 220, 2019
N, 100, -0.3626549163770255, 24.6323537098, 35.9233747249, 0.694246978921, 1.72798795096, 0.338249446267, 220, 2019
E, 100, 0.9467963811561667, 50.7302816996, 57.8658734265, 0.883325624098, 0.00949634301703, 1.3286517449, 220, 2019
Z, -100, 0.9978436591924607, 75.201716056, 75.7472557806, 1.01139815061, 0.147418662679, 0.115114775812, 223, 2019
N, 100, -0.5051585076630151, 29.2537835034, 39.6998925017, 0.782483026024, -2.13788879839, 2.7444561979, 223, 2019
E, 100, 0.9311629265596778, 56.6135363171, 62.6940632856, 0.843842923848, -0.667777579238, 0.315850010715, 223, 2019
Z, -25, 0.999541882700169, 115.671980093, 117.283216847, 0.959730424525, 0.051522224683, 0.042179922237, 226, 2019
N, 100, -0.5065911006012138, 39.5314381884, 61.2521547322, 0.700584107223, 1.73403698754, 1.35307665051, 226, 2019
E, 100, 0.937832941961368, 84.5461132095, 94.3771422109, 0.908117689569, -0.47407775033, 0.20958550435, 226, 2019
Z, -100, 0.9987405874195731, 128.358905873, 129.938985491, 1.02596643595, 0.0870839704831, 0.0561149839245, 229, 2019
N, 100, -0.3777327884640862, 41.7824734234, 67.700409723, 0.632883877412, 0.696135418445, 2.66150896202, 229, 2019
E, 100, 0.9650274285312583, 90.5076904768, 104.110102334, 0.842002585341, 0.134799787295, 1.28454410827, 229, 2019
Z, -100, 0.9950269278520428, 108.591083798, 110.568595048, 0.994022815611, 0.203553671161, 0.0629303009526, 232, 2019
N, 100, -0.32301881676804, 40.0357337444, 57.2995829811, 0.727278179983, 0.144917486556, 3.19140697069, 232, 2019
E, 100, 0.9450653872480321, 72.137094855, 88.2962844485, 0.742745466789, 1.85838432718, 2.93239506244, 232, 2019
Z, 100, 0.996499021061798, 65.2451669409, 65.7016209588, 1.01272540671, -0.134457616519, 0.0581322621335, 235, 2019
N, 100, -0.2955772643334341, 21.4070259594, 33.6809032728, 0.58044517985, -0.26601746999, 2.58599329681, 235, 2019
E, 100, 0.9620166999526066, 48.7301212201, 53.8288711016, 0.929275165221, -0.169696926354, 0.0594997579234, 235, 2019
Z, -100, 0.9952049966752261, 76.3522431402, 75.7531420107, 1.07350947868, 0.227404548012, 0.154282718171, 238, 2019
N, 100, -0.40633399061704545, 28.3650473807, 38.3866628103, 0.802006733165, -2.032371978, 2.79975025058, 238, 2019
E, 100, 0.9334844227598299, 53.3103695034, 62.9030617069, 0.773382281882, -0.0401856426032, 0.485825640899, 238, 2019
Z, 0, 0.999959038701845, 147.730594167, 146.361055995, 1.01058748478, -0.00943962997138, 0.0181785668518, 241, 2019
N, 100, -0.4401752796260906, 47.4111256365, 74.651054248, 0.658224491869, 1.45443544101, 1.32310896096, 241, 2019
E, 100, 0.9582970403647005, 101.915416357, 117.101938539, 0.875104598182, -0.268154532861, 0.0416054259781, 241, 2019
Z, -100, 0.9999606083776279, 165.543699244, 167.442182353, 0.992519074335, 0.0359086458941, 0.0153539008878, 244, 2019
N, 100, -0.3937406586760047, 52.6456944404, 85.8616533978, 0.621401930155, 0.884433667503, 2.52157569231, 244, 2019
E, 100, 0.9599613002849313, 117.514063671, 134.492686035, 0.873168908901, -0.296067287728, 0.0843220446031, 244, 2019
Z, 0, 0.9998578732864628, 117.225719541, 121.001596066, 0.961419481886, -0.0059214827743, 0.0113905083733, 247, 2019
N, 100, -0.35149571445517613, 39.9779024031, 62.4847908593, 0.629906181897, 0.23190751603, 3.0942881769, 247, 2019
E, 100, 0.9584033824861482, 84.0296037828, 96.9131446422, 0.876311341594, 2.87878994192, 3.00933055877, 247, 2019
Z, 100, 0.990388576413731, 36.0676420978, 44.4719002394, 0.83215510723, -0.0667929532431, 0.177138266657, 250, 2019
N, 100, -0.4514257360438866, 20.7012429522, 23.0340646136, 0.911564931783, 1.98034623178, 0.309163538243, 250, 2019
E, 100, 0.8761163457282991, 35.2458779834, 38.3835339867, 0.905798479941, -0.669298282357, 0.263078157204, 250, 2019
Z, 92, 0.9994246669374571, 89.1765577791, 89.1577119219, 1.01889857261, -0.061777169065, 0.0532453085502, 253, 2019
N, 100, -0.4794242622451764, 32.4332657641, 46.6994477844, 0.714796541286, -1.2530057632, 3.07001828995, 253, 2019
E, 100, 0.9515490467095925, 64.5152243687, 72.9989656856, 0.889043772716, 0.817233666249, 2.51139867819, 253, 2019
Z, -34, 0.999953732478258, 131.421498973, 130.912781988, 1.01210433596, 0.00757142384539, 0.0137298608653, 256, 2019
N, 100, -0.45637326592638905, 44.0255912395, 68.1901990226, 0.665884953834, 1.55502600533, 1.3373394787, 256, 2019
E, 100, 0.958409510619376, 93.3826245627, 105.235200616, 0.882048310704, -0.274528524819, 0.105772276603, 256, 2019
Z, -100, 0.9989325405672514, 138.260668074, 139.045085577, 1.01743380851, 0.106427647646, 0.0536505321582, 259, 2019
N, 100, -0.380521974046343, 45.7422892216, 71.9960773413, 0.649590923274, 0.78356757304, 2.62715936346, 259, 2019
E, 100, 0.9619408541197303, 94.6746902305, 111.165338365, 0.818440745701, 0.0834672843522, 1.30017747821, 259, 2019
Z, 0, 0.9997089409651817, 104.997710781, 110.073581665, 0.941680984826, -0.0473190273338, 0.0239209824679, 262, 2019
N, 100, -0.3903730901579478, 36.3783534456, 56.4993385323, 0.631507734112, 0.32355790793, 3.13625610728, 262, 2019
E, 100, 0.9530311078897005, 76.5310005615, 87.4953382448, 0.893036954453, 0.770917012563, 2.47944406333, 262, 2019
Z, -50, 0.9904228244804667, 44.2005376464, 53.6180837607, 0.838732771894, 0.238918533855, 0.13151048893, 265, 2019
N, 100, -0.3661209894702461, 24.685403477, 26.9814495294, 0.888238543337, 0.738026773545, 2.42348548901, 265, 2019
E, 100, 0.8436308210396256, 36.7121736497, 44.6009184956, 0.833614659574, -0.242052221415, 1.90224824514, 265, 2019
Z, -100, 0.9992017895301503, 105.408400294, 104.588177114, 1.032134688, 0.113704066523, 0.0665487920571, 268, 2019
N, 100, -0.40558879390504615, 35.2315366988, 53.4109633371, 0.688880754575, -1.93244150887, 2.82897706849, 268, 2019
E, 100, 0.9591475720606617, 74.7291134761, 86.1207867165, 0.842079841078, -0.418723870732, 0.150805554402, 268, 2019
Z, -100, 0.9999354410324555, 168.252722458, 168.512386196, 1.00649367889, 0.00331335475981, 0.0145069367006, 271, 2019
N, 100, -0.40250427067442657, 55.6662695872, 86.5289435601, 0.660495922953, 1.42841778637, 1.33514666518, 271, 2019
E, 100, 0.9582991420126323, 115.56414839, 135.193450671, 0.859305783394, -0.242608184764, 0.0685494407285, 271, 2019
Z, -99, 0.9999163347962658, 159.687492569, 162.285600083, 0.972032464871, 0.00763134125937, 0.0110812037785, 274, 2019
N, 100, -0.4070656022466067, 54.3218803509, 83.8251595909, 0.654622811378, 0.666438381546, 2.78204988255, 274, 2019
E, 100, 0.9526364346620236, 112.650307981, 129.934439204, 0.871889136353, -0.361454271308, 0.0616513107706, 274, 2019
Z, 100, 0.998884450343847, 90.2650048976, 93.8515385681, 0.954648674999, -0.0971973097897, 0.049821457081, 277, 2019
N, 100, -0.3932358494248831, 34.2457095997, 48.6561972152, 0.674824046522, 0.278715945719, 3.06779683633, 277, 2019
E, 100, 0.9499456911074114, 65.255073808, 75.1039846342, 0.883810742847, 1.97514996317, 2.92600732785, 277, 2019
Z, 100, 0.9824752926853887, 47.1318612697, 46.4591540466, 0.886947472631, 0.213939036881, 1.93496109942, 280, 2019
N, 100, -0.5115157218174939, 16.4250873356, 24.5549112698, 0.849563674879, 1.57514594775, 1.81849233411, 280, 2019
E, 100, 0.8729666463069808, 34.5539177398, 39.0178252236, 1.10184693366, -0.5539922731, 1.34483427857, 280, 2019
Z, -100, 0.9994526953104479, 105.226780996, 104.171474972, 1.00879776613, 0.109762625163, 0.0676374898907, 283, 2019
N, 100, -0.41302581932014765, 36.2554580542, 54.3446255755, 0.681601263755, 0.42124693998, 2.70845017683, 283, 2019
E, 100, 0.9557110793814095, 73.1286988911, 85.0852900014, 0.856284784797, -0.388653552853, 0.0685230201228, 283, 2019
Z, -87, 0.9999254267216143, 142.561106343, 140.558772346, 1.00366681159, 0.0270677125154, 0.0128842281979, 286, 2019
N, 100, -0.3940046694134595, 47.2299278925, 72.8164394655, 0.669974828419, 1.5309008882, 1.34372084275, 286, 2019
E, 100, 0.9579997081235757, 97.3033217301, 113.022551802, 0.855603297961, -0.319836013832, 0.133232354241, 286, 2019
Z, -100, 0.9994836325436636, 136.284529568, 139.480720366, 0.967731170948, 0.00714245365318, 0.0198971936324, 289, 2019
N, 100, -0.41259757549441883, 45.6689147552, 71.678294793, 0.656529453674, 0.912898962958, 2.54341954668, 289, 2019
E, 100, 0.9511212472321909, 96.4014129029, 111.225905497, 0.866766222789, -0.358913459975, 0.0785324839981, 289, 2019
Z, -100, 0.996464945811079, 87.5198385364, 98.5028181658, 0.906101204454, 0.10483482439, 0.0300290584158, 292, 2019
N, 100, -0.36326965934319366, 37.8671702279, 49.9717274683, 0.750513320075, 0.222929005816, 3.15821899576, 292, 2019
E, 100, 0.934490051699994, 63.2187348706, 77.6839909106, 0.775598248075, 3.30098603521, 2.85564543342, 292, 2019
Z, 45, 0.9980755904949403, 54.6410512241, 54.5249163011, 0.984415291911, 0.0560590061229, 0.0503118476637, 295, 2019
N, 100, -0.3939025159683241, 18.8750351013, 27.5229816971, 0.766722746558, 1.52222024605, 1.23289861233, 295, 2019
E, 100, 0.9149034816715127, 39.302034917, 44.2019395978, 0.863737314942, -0.607390697737, 0.210388493441, 295, 2019
Z, 37, 0.9996575087851807, 130.92574801, 130.551892486, 1.01422960674, -0.0623509556366, 0.0552874648606, 298, 2019
N, 100, -0.4478668120068098, 44.1348903001, 67.1284667394, 0.632114904468, -1.54961460895, 2.98321533328, 298, 2019
E, 100, 0.9637911472104995, 93.8876751639, 106.622481654, 0.916249164581, 1.20835815877, 2.72222084298, 298, 2019
Z, -83, 0.9998868170118318, 167.782532793, 167.28487946, 1.02100747733, 0.0122530789239, 0.0175938801375, 301, 2019
N, 100, -0.4270516695377026, 57.1296819419, 86.6200503582, 0.671380029713, 1.44344123752, 1.32848539282, 301, 2019
E, 100, 0.9591036784492132, 116.497563569, 134.984576415, 0.855549577535, -0.207618314107, 0.0753057597917, 301, 2019
Z, -100, 0.9996637244417149, 138.755590924, 137.414504014, 1.00545934946, 0.0516113864241, 0.0151911801044, 304, 2019
N, 100, -0.391308171801858, 48.7394520996, 71.3528894806, 0.697285599842, 0.287861542831, 3.05882401805, 304, 2019
E, 100, 0.9533768607850079, 91.315779687, 109.358158131, 0.809869404276, -0.338266480867, 0.0455492576333, 304, 2019
Z, 0, 0.9990393969457044, 63.2778390672, 68.0535651344, 0.927622101879, 0.0384100013035, 0.030918512311, 307, 2019
N, 100, -0.3702119172028, 28.2317473245, 35.1586563723, 0.802647838551, 0.187247539624, 3.04504926571, 307, 2019
E, 100, 0.8994853681613856, 41.7812883528, 54.4110833853, 0.759437095699, -0.393584566631, 1.36447429803, 307, 2019
Z, -100, 0.9853070216956771, 63.0796084591, 58.3721893969, 1.25251937127, 0.230314635636, 0.232901059773, 310, 2019
N, 100, -0.32230196688989365, 20.2582172164, 30.5710612246, 0.726877700782, -2.3691664036, 2.96239665889, 310, 2019
E, 100, 0.9562471998787554, 43.2772251488, 48.4854089469, 0.847733242607, 0.455924284078, 0.641697663905, 310, 2019
Z, -53, 0.9999157878103684, 111.717426309, 111.657459123, 0.994158143801, 0.0379548304273, 0.0285717248448, 313, 2019
N, 100, -0.4195649834308524, 38.0786630478, 57.8473956477, 0.655859215992, 0.139383968085, 2.87221276483, 313, 2019
E, 100, 0.9623653031665234, 79.6262733573, 90.7601691311, 0.884567397536, -0.321024989359, 0.0449624073645, 313, 2019
Z, -84, 0.999939489688238, 141.11538868, 141.201961572, 1.00623080283, -0.270065601671, 1.33518561108, 316, 2019
N, 100, -0.40808322899698807, 46.3955081962, 72.6361654678, 0.662310185583, 1.48370666293, 1.33442469496, 316, 2019
E, 100, 0.9633951022503381, 97.5167885354, 113.159303802, 0.847546296611, -0.228749097849, 0.07944195148, 316, 2019
Z, -31, 0.9999651976164967, 127.594936031, 131.118799601, 0.965171417965, 0.00870411364805, 0.00803367709547, 319, 2019
N, 100, -0.3791620079264621, 42.424261266, 66.8086587976, 0.651960010792, 0.580889896928, 2.81264748833, 319, 2019
E, 100, 0.9546412961774443, 89.6728520682, 104.202014249, 0.833511180523, -0.0137128726714, 1.32359903589, 319, 2019
Z, -100, 0.999519334732345, 80.0927046125, 84.2247730388, 0.947433826464, 0.0585166271324, 0.0269783364087, 322, 2019
N, 100, -0.34359830088494536, 30.9184144135, 42.047702673, 0.741908983532, 0.190540485285, 3.11631853078, 322, 2019
E, 100, 0.9178880397463074, 49.9733467233, 66.3101637278, 0.722837089045, 2.26499007644, 2.93296631046, 322, 2019
Z, 100, 0.9973365570359254, 77.0443665923, 77.4617390449, 0.939976813634, 0.702396983662, 2.24655135839, 325, 2019
N, 100, -0.4873359251889307, 26.44278598, 39.5673291093, 0.719104441692, 0.590147080063, 2.67111176459, 325, 2019
E, 100, 0.9253329685695882, 56.4375258515, 63.2735102735, 0.978051863653, -0.612071881576, 0.241993652445, 325, 2019
Z, -1, 0.9999688857224844, 133.810885416, 133.709457089, 1.00309334267, 0.0246385507617, 0.015186167636, 328, 2019
N, 100, -0.42668584784636426, 45.037067578, 69.3283326261, 0.645697118829, -1.07281740104, 3.11856506, 328, 2019
E, 100, 0.9606295725924884, 95.3450497709, 108.877354547, 0.880606443128, -0.020350569106, 1.34727795536, 328, 2019
Z, -9, 0.9999016928945559, 144.884160383, 146.747912998, 0.975820308348, 0.00919563203768, 0.0183362326038, 331, 2019
N, 100, -0.42013933402734943, 50.3122214753, 76.5827869361, 0.686428128664, 1.58355771788, 1.34368516042, 331, 2019
E, 100, 0.9528888851658164, 101.142669531, 118.536714041, 0.846441303335, -0.333334222079, 0.14135362206, 331, 2019
Z, -2, 0.9998942968546763, 110.383717866, 113.408103744, 0.968707841784, -0.013395985566, 0.0155216175616, 334, 2019
N, 100, -0.3619931910587599, 40.2313725035, 58.9353840365, 0.685535797176, 0.258666662211, 3.12503202296, 334, 2019
E, 100, 0.9540944756222571, 74.9825495065, 89.6670710396, 0.811401137298, 0.247890639385, 1.81279852934, 334, 2019
Z, -94, 0.9986795403429306, 53.0939396361, 57.6101100171, 0.917669963337, 0.0970102333878, 0.0553199360677, 337, 2019
N, 100, -0.3583040924381779, 24.3448768975, 29.5318482721, 0.822905829898, 0.137815739211, 2.9357208658, 337, 2019
E, 100, 0.8767491158276262, 35.5335460854, 46.7790742186, 0.754466706458, -0.756828261254, 0.128095692533, 337, 2019
Z, 100, 0.9970465529336917, 63.3586331998, 62.2851900449, 0.986156991017, -0.206130459789, 0.12837559663, 340, 2019
N, 100, -0.43073703683640124, 22.8380014353, 32.2058936067, 0.715388165141, -1.36339435913, 2.89803692496, 340, 2019
E, 100, 0.9401633001901977, 45.8780606766, 51.0293685426, 0.986123797447, -0.510113642079, 0.135584315168, 340, 2019
Z, 0, 0.9999140497707477, 110.873935516, 110.129341398, 1.02161146119, -0.00346552476458, 0.0169647011271, 343, 2019
N, 100, -0.43630294462036545, 37.9734803695, 56.5745537068, 0.665160091922, 1.52416735216, 1.30460814093, 343, 2019
E, 100, 0.9640995523673027, 77.6525586459, 89.3104272487, 0.875113672007, -0.220610373644, 0.0446045740548, 343, 2019
Z, 8, 0.9996281275521625, 134.660303221, 136.974695751, 0.957042042985, 0.0171954967448, 0.0400602050945, 346, 2019
N, 100, -0.44837523107424415, 43.9861301128, 70.0296015477, 0.672922481974, 1.63084740012, 1.35026417031, 346, 2019
E, 100, 0.9478298743230373, 95.0953073019, 109.616183699, 0.861588010994, -0.407354672917, 0.182843721158, 346, 2019
Z, 100, 0.9985067005404676, 120.529710466, 125.490422206, 0.943940194267, -0.123600636522, 0.0477404847985, 349, 2019
N, 100, -0.390231330604534, 40.5736659645, 63.492837055, 0.633322448999, 0.372792653998, 3.01170349529, 349, 2019
E, 100, 0.9448629980811443, 86.9262064484, 99.2754291105, 0.888549408312, -0.399473939581, 0.052736693969, 349, 2019
Z, 100, 0.9994517997219369, 82.3698261014, 81.8183199505, 0.991886076875, -0.065838995619, 0.0293138622015, 352, 2019
N, 100, -0.4520850701582051, 28.6234284017, 40.4943733273, 0.698783809367, 0.254277522597, 2.94087199317, 352, 2019
E, 100, 0.9142277954742831, 54.4498175362, 66.0053567407, 0.818581825211, -0.548889155631, 0.108873560529, 352, 2019
Z, 100, 0.9997036084794434, 81.751100018, 81.2573619841, 1.03313509172, 0.303277327758, 1.32903724287, 355, 2019
N, 100, -0.37263856672513185, 31.5686836359, 42.017784281, 0.727236669024, -1.89020230893, 2.92890393941, 355, 2019
E, 100, 0.9566660711365523, 60.2282837946, 66.7734287277, 0.888117902259, -0.290067442183, 0.0799982874129, 355, 2019
Z, -100, 0.9997800223066634, 119.872379029, 120.151046922, 0.985701879273, 0.0682445052953, 0.0423920655313, 358, 2019
N, 100, -0.5015788085652759, 44.9515184086, 62.8625109669, 0.743074748054, 1.58493746238, 1.30266147328, 358, 2019
E, 100, 0.9549015453857528, 82.3356888688, 97.7227931248, 0.843715990811, -0.0357848214073, 1.34671198079, 358, 2019
Z, -96, 0.9999440569552044, 123.892449338, 130.004766617, 0.947850518124, 0.0114883722853, 0.0112104607916, 361, 2019
N, 100, -0.4231258538247821, 40.5660634069, 68.0533090874, 0.645958578796, 1.69999220577, 1.3492809914, 361, 2019
E, 100, 0.9528698291656593, 88.4198917973, 104.547145966, 0.817876561065, -0.278437716448, 0.107142019479, 361, 2019
Z, 0, 0.9998487490762352, 101.186580743, 105.634834673, 0.945696159539, -0.0204722006204, 0.0149051556402, 364, 2019
N, 100, -0.32753826888264903, 37.6362377974, 54.9071244468, 0.680626463998, 0.238699616264, 3.15211710393, 364, 2019
E, 100, 0.9537274587409107, 70.5056014302, 83.797538382, 0.817541597586, 0.729653683961, 2.44432174013, 364, 2019
