Chan, Phase Shift, Correlation, ptp-data, ptp-synthetic, rat, phasem, phasestd, DOY, Year
Z, -100, 0.6164302953807762, 4900.51784039, 68.0541441621, 70.5429636325, 1.01145899795, 0.141510271065, 1, 2019
N, -100, 0.890355033649824, 92.1881305095, 35.9699371114, 2.8049849043, 0.392498189329, 0.0673494533095, 1, 2019
E, 100, 0.6276488393139183, 569.056100537, 47.5633132733, 9.75818538185, -1.08305473851, 0.546101808515, 1, 2019
Z, 100, 0.6201619501506389, 7212.52554162, 111.429910021, 48.2122695007, -0.246260878458, 0.459740345278, 4, 2019
N, 100, 0.6142942682436336, 194.640168092, 51.5957798099, 3.10663581589, 2.51808615224, 3.24765231273, 4, 2019
E, 100, 0.06061712109597726, 1385.41130487, 73.1219674182, 13.8853879937, 1.52786078868, 2.93957343932, 4, 2019
Z, -100, 0.4177677381493379, 609637.560642, 121.210252727, 3398.03357547, 0.849843328147, 0.292463368232, 7, 2019
N, -100, 0.38243924746691604, 907.751438157, 52.0743515346, 18.5447472291, -2.00850872892, 3.11666236218, 7, 2019
E, 100, 0.07673371702404602, 3430.60712183, 75.1132779069, 46.7687461413, 1.75907595332, 3.63864165247, 7, 2019
Z, 100, 0.07087873137495729, 425052.363976, 97.6905784904, 4008.07970365, -1.57432199843, 0.388429273045, 10, 2019
N, 100, 0.40552835799941894, 954.315005209, 40.1180538604, 14.4201038737, 1.81802021118, 2.22455194716, 10, 2019
E, 100, -0.9141715837523127, 13094.160056, 57.3300151801, 227.518686719, -0.0528571669231, 3.14038244673, 10, 2019
Z, -100, 0.3983952957286897, 395846.675155, 53.3578360756, 5077.12653277, 0.739034674157, 0.306841759034, 13, 2019
N, 100, 0.16454222337635707, 638.693044938, 21.7992595738, 19.6178968347, 1.43726620078, 2.68856724817, 13, 2019
E, -100, -0.631972446991338, 3890.57997508, 28.6584118991, 92.948466771, -3.37266805096, 0.349722225724, 13, 2019
Z, -100, 0.5721184277931054, 5061.03566704, 63.9457114974, 61.3465635445, 2.97398112629, 2.41737291942, 16, 2019
N, 100, -0.4238582831753375, 610.055127355, 33.3108737222, 14.8860335641, -0.317184220553, 2.2983705324, 16, 2019
E, 100, 0.12324973088325618, 939.994331235, 44.2761148963, 13.3583022547, 1.05511118256, 2.1495123094, 16, 2019
Z, 100, 0.6002477716789284, 932.012562698, 124.7143416, 6.57181690561, -1.15988388789, 0.415590892316, 19, 2019
N, 100, -0.09657636620454363, 783.603369806, 58.1363712151, 8.17477125645, 1.37115246682, 0.601584506901, 19, 2019
E, 100, 0.6311729677880041, 685.62779281, 82.5745547714, 8.03328904533, 2.09523193129, 2.81561186115, 19, 2019
Z, -100, 0.5061372603819564, 1558.77345328, 139.822459173, 8.48218908097, 0.71079461967, 0.469110205342, 22, 2019
N, -100, 0.7016724300682685, 355.69996309, 59.736575062, 5.43413164824, -2.65381254955, 2.85308206486, 22, 2019
E, -100, 0.7289208617494811, 2279.52655317, 87.8694659176, 16.9076258418, 2.82415957326, 2.56824815807, 22, 2019
Z, 100, 0.2874940842617461, 1628.93551333, 82.6426121893, 11.4998367136, -1.61697245298, 0.86975925723, 25, 2019
N, 100, 0.297480942452532, 291.698855622, 30.956681313, 6.15362642805, 1.55430324784, 2.57924130542, 25, 2019
E, -100, -0.5139808023526555, 2024.78262371, 45.911859317, 26.0414281823, -3.26406711333, 0.448870835772, 25, 2019
Z, 100, 0.26533276779413856, 1509.04885759, 47.2693878022, 32.1074855926, 1.90499838412, 2.6846629146, 28, 2019
N, -100, -0.17252617316185062, 289.074648319, 26.1614846918, 12.2561478452, 1.40247204343, 3.08991446808, 28, 2019
E, 100, 0.11272901552712448, 1848.81992923, 33.0740771549, 48.0149741632, 1.23995270879, 2.44729228344, 28, 2019
Z, 100, -0.1282629848538577, 990.10107734, 91.9647548993, 9.70738790885, 1.917822986, 0.469253279591, 31, 2019
N, 100, -0.7727769222026876, 226.22308072, 43.9529486205, 4.07377527876, 2.66681098651, 0.329342276855, 31, 2019
E, -100, -0.48421383313336336, 1190.15127081, 61.1328068712, 14.5949287821, 0.741311180155, 2.8917103694, 31, 2019
Z, -100, 0.354610465401257, 5642.82594524, 108.835560383, 46.0882370916, -1.71119976486, 2.76877019828, 34, 2019
N, 100, 0.17781587043191646, 1227.07496709, 47.447154895, 21.2431195352, 2.18970105741, 2.49923401579, 34, 2019
E, 100, -0.8564518421101445, 6100.40108066, 68.0620704428, 72.682054788, 0.190163962672, 3.65189060837, 34, 2019
Z, -100, 0.7351031740688763, 2884.49482594, 94.2793316723, 21.1757637777, 0.384767340106, 0.195685031986, 37, 2019
N, -100, -0.37371165631197933, 1585.17813722, 38.5594256792, 34.2753227221, 0.924336543641, 2.80712101936, 37, 2019
E, 100, -0.8166688085122732, 9391.14618562, 56.5625120133, 138.78729921, -0.589809034093, 2.85473874911, 37, 2019
Z, 100, 0.07571614508816123, 3469.58303618, 54.0761599538, 58.6774916519, -0.877907030011, 0.822841830253, 40, 2019
N, -100, -0.5744429916854962, 205.720428386, 20.2996726748, 11.0492153868, 0.828362874359, 3.59332717347, 40, 2019
E, -100, -0.4956825852485137, 2933.33592238, 29.0619942741, 101.186482536, -1.85480296635, 0.77576073599, 40, 2019
Z, -100, -0.08421736305602459, 24981.3924491, 38.932417188, 639.435593459, 1.49818446923, 3.10254372056, 43, 2019
N, -100, -0.18660438523304446, 1039.11033725, 21.4654004516, 45.7655062435, 1.55830728944, 2.8897090002, 43, 2019
E, 100, -0.6814442829066872, 4345.55508669, 26.9141176448, 132.996860717, -2.60780772106, 1.18904743481, 43, 2019
Z, -100, -0.5444155363043273, 27046.7192265, 94.6412246471, 213.663525348, 0.382965260284, 2.5241965638, 46, 2019
N, -100, -0.6649385480695045, 793.663343114, 45.3556698393, 15.4324992829, 0.454501299188, 3.54847574689, 46, 2019
E, 100, -0.6486058475026137, 2836.20839494, 64.0325247849, 29.7224296588, -0.612263528854, 2.32433285742, 46, 2019
Z, 100, 0.29213322948043574, 2081.95712133, 123.590852319, 14.4893509733, -2.74957803439, 1.8266306271, 49, 2019
N, -100, 0.235947869565424, 159.995732975, 54.0425164809, 2.22424071742, 3.56222972841, 2.1827966836, 49, 2019
E, -100, -0.2162799958508151, 955.955077519, 78.2890804829, 9.08327632432, -0.83510172057, 1.51130896842, 49, 2019
Z, 100, 0.871307753715098, 14216.2263468, 85.3061147685, 162.147613809, -0.281440141393, 0.244855882331, 52, 2019
N, 100, 0.8091196619169708, 1369.98885344, 33.017873041, 43.0498723832, -0.209126413301, 0.391536995445, 52, 2019
E, 100, 0.035458967305443706, 3398.79402588, 51.0960883355, 66.1969455931, -1.4132412896, 0.221725776777, 52, 2019
Z, -100, 0.07024391170201881, 1884.17598447, 30.0078250451, 40.7329051759, 1.41655414733, 1.21160575427, 55, 2019
N, 100, -0.07257526482977468, 212.504870787, 17.6958180294, 11.904371559, 1.11326937139, 0.470509700122, 55, 2019
E, 100, -0.332392908312829, 1997.23373186, 20.4096085801, 86.080631031, 2.65212866706, 0.935091134301, 55, 2019
Z, 100, 0.7447527654014396, 3225.52414939, 73.2201793565, 37.3106447025, -0.420358247633, 0.283307030572, 58, 2019
N, -100, -0.44968688988163635, 529.916819693, 35.2485030282, 12.4570497444, 1.28903381173, 2.58683663589, 58, 2019
E, -100, -0.44003171618611436, 2089.48059757, 49.3876512375, 36.2315223711, -2.0092982805, 0.314164844578, 58, 2019
Z, 100, 0.23200696545179697, 5518.40513695, 88.447504969, 43.2464030625, -1.65784818131, 0.557782068821, 61, 2019
N, -100, -0.8682659392599932, 2327.29189411, 39.048941881, 61.3167197267, 0.489166238689, 3.10757476146, 61, 2019
E, 100, -0.4353349388925875, 14749.0114924, 56.3136396178, 243.128015479, -1.04119293376, 3.2632299287, 61, 2019
Z, 100, 0.821833597208164, 3769.61342417, 77.3272285053, 47.2575254617, -0.577321010551, 0.00811981618841, 64, 2019
N, -100, -0.8073072436470224, 1632.30086227, 31.1526138046, 32.1063166591, 2.88730508557, 0.638142264912, 64, 2019
E, -100, 0.508483437369376, 12519.1774659, 46.8767329475, 156.768233047, 0.556764932793, 0.466048757284, 64, 2019
Z, 100, 0.4639835101391703, 2540.43855218, 42.942918769, 52.7003931825, -1.21406100591, 0.231243541343, 67, 2019
N, -100, -0.22829611818881068, 528.705935379, 14.9768529634, 42.0917028005, -1.51472037205, 0.354877338384, 67, 2019
E, 100, 0.724860032298863, 1059.35365, 23.7674432228, 43.9456894436, -0.316642250934, 0.297039342181, 67, 2019
Z, 100, -0.7141946742335012, 3747.51899932, 30.9238989517, 114.62047106, -0.85872152592, 2.42629635439, 70, 2019
N, 100, -0.647234051681728, 845.140435716, 17.0214328357, 51.0221447324, -0.999197736987, 3.38241571426, 70, 2019
E, -100, -0.5711347252705854, 2013.95953138, 20.7184219119, 79.9059827525, 0.486152634474, 2.34621785915, 70, 2019
Z, 100, -0.9568113119601909, 3560.84670418, 77.3782670927, 42.7140503141, -0.079541737048, 3.0550585998, 73, 2019
N, 100, -0.7985697716567361, 1487.55570528, 36.5272458448, 38.954365283, -0.707537363477, 3.26128650432, 73, 2019
E, -100, -0.8063977989047962, 3265.83966774, 51.8118969244, 59.6456827845, 0.429151521004, 2.86799119744, 73, 2019
Z, 100, 0.07056919846450518, 540392.071952, 99.9646688548, 4528.03607512, 1.6059883815, 3.18539585713, 76, 2019
N, -100, 0.5175365831683393, 798.771835223, 44.3389846256, 17.0281150273, 0.846239623357, 0.164122603013, 76, 2019
E, -100, -0.24261732255575913, 2748.28808053, 64.676276392, 41.5079475577, 1.25591180098, 2.98112781707, 76, 2019
Z, -100, -0.774103336459722, 1594774.37635, 73.1129188846, 14280.8164173, -3.23092364702, 0.369313080913, 79, 2019
N, 100, 0.3951552601512102, 953.980487962, 28.5388364946, 29.3912869633, 1.94040478455, 2.99137765346, 79, 2019
E, 100, 0.4103196432812185, 1564.59674919, 44.8296606866, 36.9819643337, 2.24959610536, 3.45026832753, 79, 2019
Z, 100, -0.632891897053146, 2489.71640015, 30.5790885987, 83.2406565811, -0.88878117243, 2.99317147015, 82, 2019
N, -100, 0.0993110890169708, 595.464006518, 17.9789634811, 31.4199581602, -2.02106691557, 3.46844823822, 82, 2019
E, 100, -0.47279783695710526, 2954.41625191, 22.9500642285, 140.991388246, 2.04657180959, 0.601229983404, 82, 2019
Z, -100, 0.8495091933982475, 2356.02231361, 75.2431006323, 27.7571700309, 0.12580704226, 0.00324608566736, 85, 2019
N, 100, -0.6019212431813991, 487.789351429, 35.4510752393, 10.7824335393, 2.03892348227, 0.36884647423, 85, 2019
E, -100, -0.9244155814940263, 1469.38838728, 51.1084531342, 24.4454377674, 3.23134896617, 0.266970431697, 85, 2019
Z, -100, -0.39015486551163875, 1812.84446269, 81.8401257046, 18.3239872603, -1.10165422233, 1.24048686592, 88, 2019
N, 100, -0.8267571464740018, 343.897416486, 35.9632075241, 7.97173020033, 0.127717572209, 2.60897820308, 88, 2019
E, -100, -0.11563355260791273, 1333.71570723, 53.4228363443, 19.9759800216, -1.62057058344, 0.755371804774, 88, 2019
Z, -100, -0.10705621684400497, 5614.20396954, 63.7715934793, 90.579364722, -1.592379794, 0.230019813705, 91, 2019
N, -100, -0.8346188490476522, 583.15354882, 25.6423909174, 18.66108673, 0.579230266577, 2.84522572609, 91, 2019
E, -100, -0.3339320930665624, 8146.59502548, 38.5544279517, 184.153913468, -1.5813525397, 0.7521752299, 91, 2019
Z, -100, -0.31806906988152756, 5693.76792347, 28.6919847084, 161.150944208, -2.45683493831, 1.06448989286, 94, 2019
N, -100, -0.14662979472666293, 1000.36901675, 8.13501559346, 172.19176001, 1.88923370986, 2.31531686306, 94, 2019
E, -100, -0.42571636102130916, 22132.2982062, 16.2604805363, 1509.71953187, 1.1855963559, 3.46201208342, 94, 2019
Z, 100, -0.7438313121252247, 5636.81062193, 42.3997696371, 137.457125913, -0.864631007408, 2.72174495504, 97, 2019
N, -100, 0.28834538120275865, 626.259292551, 22.1160351431, 25.9703608556, 0.962885799135, 0.495833987702, 97, 2019
E, 100, -0.31751165292648137, 2233.05251588, 29.8156350377, 66.5587264294, 1.54665244555, 0.449423955346, 97, 2019
Z, -100, -0.9861848603069621, 4922.15697641, 86.5913245767, 57.425784754, -0.0610984994643, 2.97684923413, 100, 2019
N, 100, -0.1927260885217214, 464.400289044, 40.253058112, 11.0760508431, -1.42126334088, 3.21963628487, 100, 2019
E, 100, -0.9179660550270994, 2237.54538776, 56.7894592714, 37.2537314157, 2.72071403802, 0.0668431575388, 100, 2019
Z, -100, -0.777781082095313, 4247.08905838, 97.9268288597, 41.1901907513, 0.735173067824, 3.22823572455, 103, 2019
N, 100, -0.45624388972077157, 530.391886722, 42.9447562146, 11.7603651286, 2.14326676501, 0.124850206847, 103, 2019
E, -100, -0.9395139735060066, 2308.99115655, 64.4317124273, 35.218223408, 3.46855767701, 0.00878171177501, 103, 2019
Z, -100, -0.39865624229749547, 4958.8062905, 66.8537466255, 73.1304071403, -1.93079504174, 0.0394819515383, 106, 2019
N, 100, -0.7504250470626417, 576.855873824, 27.0722807867, 22.3794693103, 2.58620375492, 0.191903631714, 106, 2019
E, -100, -0.5791535236172426, 2543.19095139, 40.5535340522, 64.9680359575, 1.04819730599, 3.25301096254, 106, 2019
Z, 100, -0.7306694347677913, 3723.93887469, 37.2614575891, 118.768094602, -0.865366389827, 2.61866629196, 109, 2019
N, -100, 0.7288834167707634, 305.947027012, 21.4926466481, 15.117462629, 0.0629943544027, 0.541975934408, 109, 2019
E, 100, -0.09814057442325554, 1934.18310381, 29.3773182401, 65.5503458166, 1.3466193101, 0.394755200854, 109, 2019
Z, 100, -0.9664009872613329, 4896.30291225, 91.909048884, 52.9692212683, -0.212488774238, 3.17728070968, 112, 2019
N, 100, -0.5765856155491689, 220.032050425, 43.7264326223, 4.06090476455, -0.212551176991, 2.39954550932, 112, 2019
E, 100, -0.7330244028580591, 1465.1133825, 60.7734774437, 21.4933413757, 2.54104182855, 0.126366448614, 112, 2019
Z, 100, -0.761890026664316, 4618.05235459, 99.1312788514, 36.9179753239, -0.471751402649, 2.49621375705, 115, 2019
N, 100, -0.24992031212034233, 256.492065069, 43.4658824668, 4.81106838619, -1.10587881036, 2.8286792689, 115, 2019
E, 100, -0.6289533169176894, 13720.0613495, 65.5857911673, 181.291533246, 2.72185763207, 0.55312710801, 115, 2019
Z, 100, 0.5861706183656318, 3222.13231198, 72.8888447495, 31.8861335919, -0.454463086146, 0.356404272829, 118, 2019
N, -100, -0.2951295699649194, 220.452167947, 30.3680843656, 6.27977816957, 1.35813209957, 2.43283757482, 118, 2019
E, 100, -0.41318341548080006, 15773.8886506, 46.438406793, 268.89698672, 1.85088124116, 0.348375240465, 118, 2019
Z, 100, 0.22801456638255505, 6000.23289567, 32.6426016995, 225.563217006, -0.873234664695, 0.824323872453, 121, 2019
N, 100, -0.6389237884690853, 2007.15322892, 11.5611268798, 193.113968058, 1.23575853967, 1.88657535962, 121, 2019
E, 100, -0.12488570014725278, 10025.2774331, 17.8219849351, 650.700903993, 3.20234869121, 1.31915049868, 121, 2019
Z, 100, -0.41559585267596155, 6964.19777273, 51.3927979104, 112.850225051, 1.49147246706, 0.815284371315, 124, 2019
N, -100, 0.3138384554006766, 2389.91745823, 26.9775466857, 74.6828002525, 0.854682664592, 0.590739969102, 124, 2019
E, 100, 0.5541003864145302, 11844.9274471, 36.474141658, 273.408610586, -0.862719559484, 0.793559446556, 124, 2019
Z, 100, -0.8960301542321466, 2692.28151135, 103.31016205, 26.3384837722, -0.52610437899, 2.97362828437, 127, 2019
N, 100, -0.5921070842582562, 3808.9728535, 48.6535254964, 63.2443818233, -0.49932106173, 2.62554698245, 127, 2019
E, -100, 0.4641894287458024, 3631.4262561, 67.3445993112, 49.1219163986, 1.2539936153, 0.362257475954, 127, 2019
Z, -100, -0.8137846437141161, 2516.74198217, 117.43366114, 17.3123821177, 0.808371496631, 3.64589290895, 130, 2019
N, 100, -0.328730800998445, 4328.98332709, 51.3617178733, 68.3739407577, 1.78290811549, 0.343849420934, 130, 2019
E, -100, 0.7033822275273122, 3451.45796702, 76.3555228381, 33.3867242777, 0.413090740765, 0.451668380765, 130, 2019
Z, -100, -0.5561814723567984, 3346.236433, 80.8419495733, 39.3359728746, 1.21339364458, 3.41388210289, 133, 2019
N, 100, -0.6049660649545854, 312.148395576, 33.5623591096, 6.4710850746, 2.25490342772, 0.502665560589, 133, 2019
E, 100, -0.5863594272728878, 649.188879369, 52.058962006, 8.62641125901, 1.95108129459, 0.942444798267, 133, 2019
Z, 100, -0.3681985899136041, 5112.0998925, 37.1969132795, 161.469099675, -1.19249748497, 2.07570921422, 136, 2019
N, -100, -0.352709551584312, 497.353613671, 21.7846006443, 19.1612482338, -0.351763117847, 2.10555813581, 136, 2019
E, 100, -0.35630822872767415, 702.886706484, 28.8965135725, 27.428192585, 1.37691996858, 1.05860494135, 136, 2019
Z, 100, -0.6707023794759612, 2387.88779032, 99.862819028, 18.9136340703, -3.14367772373, 0.745612905835, 139, 2019
N, -100, -0.39408883912993736, 144.613357296, 47.8657765338, 2.4363988622, -1.8560668475, 0.418890894556, 139, 2019
E, 100, -0.7203288257570767, 363.297576883, 65.8521162207, 5.60095179011, -0.854470486035, 3.28251115064, 139, 2019
Z, 100, -0.9294681550348171, 4360.62847486, 120.462665217, 36.2459419625, -0.114747975109, 3.35945186912, 142, 2019
N, -100, -0.5199215864800194, 547.203172289, 53.393221014, 6.2642316277, -2.51555892554, 0.468892305695, 142, 2019
E, 100, -0.9738946493378942, 585.177782076, 76.8237025384, 7.73861562492, 2.88413987615, 0.0956908178752, 142, 2019
Z, 100, -0.24797194916081916, 7296.55410441, 96.8815366843, 76.0904456022, -1.32361666098, 3.11877866697, 145, 2019
N, 100, -0.12485276325034268, 1001.11951849, 40.9521341956, 12.8742464254, 1.58562283736, 0.687481052862, 145, 2019
E, -100, -0.6419731694075649, 362.265753105, 62.6516721431, 4.97272605875, 1.66568099325, 1.86022712959, 145, 2019
Z, 100, 0.8497841509499277, 8016.0295399, 53.7187515094, 159.726454403, -0.46519261342, 0.0632448317257, 148, 2019
N, -100, -0.7387935603463325, 7533.8937853, 22.2466757528, 344.838259694, 0.920810592545, 2.56650184015, 148, 2019
E, -100, -0.7005118211977256, 478.659925043, 33.4858950723, 15.2482940599, 1.01938758357, 2.7270020062, 148, 2019
Z, 100, -0.9606393993143889, 3158.45497223, 48.6685617314, 57.8509391397, 0.212189287581, 2.73177679789, 151, 2019
N, 100, -0.5861587086154049, 443.165738469, 26.0983481916, 18.4898012558, -0.817545574981, 3.16061564483, 151, 2019
E, -100, -0.9702355685952087, 142.09614883, 34.7633852506, 3.84382562887, -0.176631976837, 3.31796443706, 151, 2019
Z, 100, -0.9013515552861641, 5602.30606287, 107.934151925, 48.350503468, 2.65313331224, 0.289676301027, 154, 2019
N, 100, -0.08744216553553197, 631.571599327, 51.3656143443, 7.90885424403, 0.905463155529, 1.14812657128, 154, 2019
E, -100, -0.6436123851199884, 195.983671093, 70.5889109173, 2.26890324561, 0.856102393556, 3.05505595951, 154, 2019
Z, 100, -0.842117712343002, 3591.50703205, 137.360499537, 25.1728829509, -0.578101741224, 3.06820652629, 157, 2019
N, 100, -0.9558655688814972, 479.771379097, 60.9787929321, 7.39382952041, -0.251930197974, 3.22767348402, 157, 2019
E, -100, -0.25357690169233654, 274.735370814, 86.8791317386, 3.00202474586, 1.24223965708, 3.24491483355, 157, 2019
Z, 100, -0.6346068906146906, 2933.28255587, 104.3981956, 20.2949162356, -1.73926290677, 1.45471663999, 160, 2019
N, -100, -0.607465322817909, 271.834451102, 43.6849979545, 5.82872435642, 0.769122262084, 2.47888039154, 160, 2019
E, 100, 0.23092553380604622, 136.035158662, 68.206163705, 1.61780201326, 2.88913165637, 2.16287068619, 160, 2019
Z, -100, -0.7927999762071037, 3902.23830106, 39.8752416938, 100.45059578, 0.00849024600742, 2.44685371217, 163, 2019
N, 100, -0.11425540331420612, 447.544139457, 19.4936075425, 29.1654799948, 0.804163711953, 0.9320759765, 163, 2019
E, 100, -0.40545334779306985, 725.974631432, 24.2903977064, 30.3057790233, 1.79994904828, 1.20108628809, 163, 2019
Z, -100, -0.7735610734759165, 8404.83268415, 92.7245372797, 91.6583789065, 0.618674936435, 3.23963826993, 166, 2019
N, 100, -0.6863002254158853, 13442.4800077, 45.3003699376, 235.271087076, 0.207455276875, 2.42535977267, 166, 2019
E, -100, 0.7098849507522214, 6182.43207754, 62.9035795455, 87.2173849301, 0.216067616843, 0.277666976408, 166, 2019
Z, -100, -0.2636092425360496, 6725.94331861, 127.004624152, 44.0156941994, -1.87138899251, 0.0412175599155, 169, 2019
N, 100, -0.6321917643763612, 38609.7103019, 57.5458567972, 575.325270854, -0.941803186643, 3.27396979178, 169, 2019
E, -100, -0.8874573388319615, 44588.8643832, 79.4211405803, 543.203338714, 0.463503993241, 3.04167364905, 169, 2019
Z, -100, -0.8838064621753512, 3043.06720553, 115.002150478, 22.9144185524, 0.595992849175, 3.47748094044, 172, 2019
N, -100, -0.27336461935090356, 7615.14844355, 49.713384878, 100.335283097, -2.18812403162, 0.571588483751, 172, 2019
E, 100, -0.1360871941040722, 6629.52061487, 72.0712891375, 65.2983486566, 1.54106366176, 0.437184464658, 172, 2019
Z, -100, -0.9604173354873838, 2868.25797172, 74.1576476455, 41.5142410688, 0.209267044929, 3.24202754955, 175, 2019
N, 100, -0.46779722446918715, 53726.693007, 31.3636839512, 1673.27205352, -0.75230054584, 2.75157168549, 175, 2019
E, -100, -0.4239960217888303, 19270.4479903, 48.1475222638, 420.073438209, 1.48387482334, 2.40666751889, 175, 2019
Z, 100, -0.7704685317837413, 2014.91874225, 38.3555039848, 56.4236735996, -0.64677715237, 3.20825430269, 178, 2019
N, 100, 0.11749065534541041, 27145.3581728, 21.2057944249, 1546.92370884, -1.43496973844, 0.252763558117, 178, 2019
E, 100, -0.5573399524058882, 37842.0190714, 26.5535907755, 1574.99445217, 1.69965390418, 0.621174161678, 178, 2019
Z, -100, 0.3361812276918698, 2129.07318401, 94.7367190681, 15.6111653617, 0.537869540111, 0.767775061504, 181, 2019
N, 100, -0.8348201140966593, 14669.9194871, 46.156811491, 328.017647092, -3.36113354039, 0.129444867779, 181, 2019
E, -100, 0.11198248118929231, 280597.407521, 64.4617247774, 3702.61893199, -1.47972594379, 2.80187473829, 181, 2019
Z, -100, -0.7323456120497528, 2729.03574222, 141.005228367, 13.6534667777, 0.123348627462, 2.84416266731, 184, 2019
N, 100, -0.5021173210447587, 14838.8224252, 63.9409099737, 174.565874315, -1.23138997992, 3.66103412589, 184, 2019
E, -100, 0.3290835309695977, 375530.741629, 88.9549158702, 2981.864285, 0.861018425506, 0.52352571036, 184, 2019
Z, 100, -0.8365831209916159, 3637.64991363, 125.319009243, 27.4426962003, -0.214093151829, 3.5052423105, 187, 2019
N, 100, -0.9047567373743818, 6218.67562079, 53.1296097327, 108.565171575, -0.393625629194, 3.12183867211, 187, 2019
E, -100, -0.48073890479099207, 15641.554548, 78.9739801385, 196.940849036, 1.11507014148, 2.9934302767, 187, 2019
Z, 100, 0.16063656851848204, 655913.920897, 56.1505649301, 9499.09450114, 1.75184463866, 3.27846879131, 190, 2019
N, 100, -0.12743436983782772, 3715.44576643, 23.7989838295, 162.640349155, 0.920367980627, 0.991032086134, 190, 2019
E, 100, -0.8257299313478126, 5217.17554607, 38.6511414605, 182.446543082, 0.297541608179, 2.48214975761, 190, 2019
Z, -100, 0.256620586246078, 628676.769989, 75.4442510395, 8449.31425674, 1.20064217148, 0.0526280167091, 193, 2019
N, -100, 0.5429289172674325, 11468.3669814, 37.8942846554, 289.856351227, 0.731235097568, 0.292567882189, 193, 2019
E, 100, -0.031233950956760147, 2834.86454854, 52.6797472928, 48.8465422411, 0.210656324909, 1.42134090464, 193, 2019
Z, -100, -0.6648163193270233, 9927.70878573, 116.826726485, 65.2545964339, 3.51657875931, 0.403466013145, 196, 2019
N, -100, 0.6204316617834125, 564.067375891, 53.5080862302, 6.67276486744, -2.28888450958, 3.01181742728, 196, 2019
E, -100, 0.8942497302193458, 10456.5382059, 74.9335673191, 130.149566069, 0.238962817066, 0.104992099098, 196, 2019
Z, 0, -0.9177893359559941, 2057.95876279, 117.971360589, 12.5065597008, 0.0341041564935, 3.16989764818, 199, 2019
N, 100, 0.3089661472226483, 4410.89088771, 51.733921744, 78.7809763536, -1.13265074139, 0.217267112618, 199, 2019
E, 100, 0.8066469872685362, 7059.77893199, 72.5684366702, 60.9722664713, -0.670084017705, 0.519951353147, 199, 2019
Z, 100, -0.8278902778681474, 1962.40571684, 86.0313364274, 21.0353917112, -0.538144296144, 2.91223287562, 202, 2019
N, -100, -0.060449354793828104, 2821.58665243, 36.2183428496, 53.2212107611, -1.95904613598, 0.510765243257, 202, 2019
E, -100, -0.14355252172864905, 956.533375723, 54.0470281806, 11.2513224147, 0.72958108025, 2.15676189782, 202, 2019
Z, 100, -0.5927364570553167, 658.695428445, 39.8889609582, 18.716597675, -0.210081128918, 3.71729221974, 205, 2019
N, -100, -0.0897482445429682, 1122.25528389, 17.9140422361, 66.3986911593, -1.73629542133, 0.0711340884653, 205, 2019
E, -100, 0.6402588230173185, 8057.32987354, 26.9941154434, 334.056719019, 1.12630886037, 0.937683032694, 205, 2019
Z, -100, 0.006334414663947708, 1294.24809407, 71.2774329037, 14.8773776462, 1.70033050596, 0.17553129997, 208, 2019
N, -100, -0.5278307278037853, 758.672841275, 35.3702947644, 22.1047960517, 0.875520788527, 2.9577186175, 208, 2019
E, -100, -0.06949302150058999, 5006.03450646, 49.0242425013, 59.6175692933, -2.31149852034, 1.0049668289, 208, 2019
Z, -100, 0.5452171220084681, 1913.29055382, 123.803331423, 12.4272588676, 0.654930177938, 0.392125769419, 211, 2019
N, -100, 0.051083973483750655, 6351.40758203, 56.7084244429, 98.1191749311, -1.52169034972, 2.97095024402, 211, 2019
E, 100, 0.9777194522504652, 13692.5637891, 80.9379394518, 150.025735772, 0.0384547774334, 0.0984795157171, 211, 2019
Z, 100, -0.025711270171033633, 919.768210264, 130.253192615, 5.785084386, -3.34333883772, 1.29643954784, 214, 2019
N, -100, 0.4667150651196705, 3956.44192942, 56.2984275992, 39.3104516452, 0.668909714467, 0.612755400907, 214, 2019
E, 100, 0.6285955512585313, 8593.95232362, 79.3504602235, 62.8353544452, -0.675845801285, 0.600190979171, 214, 2019
Z, 100, -0.7608064662203695, 2769.08591397, 68.4545664641, 46.6716702919, -0.031218154969, 3.71264091718, 217, 2019
N, -100, -0.23353793989840577, 891.731966078, 27.9181245118, 37.3832848657, -1.45381942597, 0.466554964113, 217, 2019
E, 100, -0.9038709430203092, 801.157335953, 44.8523751819, 19.9861276926, 0.255441374111, 2.7821632693, 217, 2019
Z, -100, 0.1399958102994988, 2693.53566825, 57.0727713799, 48.2815835177, 1.32504370528, 0.10375189169, 220, 2019
N, -100, 0.7052058216399211, 8779.0106728, 29.5785729614, 295.41961364, 0.705145431002, 0.0660492660701, 220, 2019
E, 100, 0.5949834558272414, 15842.7853917, 38.812953895, 399.537130328, -0.94586096398, 0.139348698028, 220, 2019
Z, -100, 0.05359869547269698, 2131.21562552, 97.6751058298, 19.4522834197, 1.34265423386, 0.22742122051, 223, 2019
N, -100, 0.6349365682417498, 9626.98724353, 44.4124808133, 132.814533081, -0.149969880436, 0.761345459493, 223, 2019
E, 100, 0.4072312474751064, 16931.2382634, 64.3855486189, 159.33892417, -1.73296937284, 1.01715606615, 223, 2019
Z, -100, 0.014186245906409574, 3102.54325334, 106.63457152, 27.821070844, 1.43512626977, 0.209556900482, 226, 2019
N, 100, 0.19593217341029553, 2776.79791976, 46.324975393, 45.8921060293, -0.823673310661, 1.07932759964, 226, 2019
E, 100, 0.8533810873873597, 8871.19318626, 64.9184602075, 110.027644986, -0.582365124573, 0.380588163278, 226, 2019
Z, -100, -0.5026699813618595, 4047.7954224, 83.5108408742, 32.5350629103, 0.510998549915, 2.97371159914, 229, 2019
N, -100, -0.39990698349391973, 9080.53223259, 35.1826611759, 250.862367109, -1.9950996065, 0.0269248306467, 229, 2019
E, 100, 0.7691602579219149, 6173.74033917, 49.6283494403, 112.232247185, -0.590496150025, 0.133751746386, 229, 2019
Z, 100, -0.31732660644369465, 1342.65684442, 38.6224113538, 34.0209267352, 0.418950573457, 4.56171010593, 232, 2019
N, 100, 0.014830564570344413, 2358.95826578, 16.7747312417, 131.294570121, -0.211123544903, 1.80530332108, 232, 2019
E, -100, 0.09238345513105867, 4863.96871541, 26.0394516148, 200.519587576, 1.64180672624, 1.18031941893, 232, 2019
Z, -100, 0.7133542420606698, 3039.36027355, 49.8549046683, 67.7437359983, 0.524285548308, 0.280241578484, 235, 2019
N, 100, 0.1381965573087818, 3169.73250972, 25.6835616359, 127.132861793, 1.69409648938, 2.77088181689, 235, 2019
E, -100, -0.30391521751329326, 5373.03790572, 33.2127244375, 137.05366372, -2.65960611197, 0.759688866897, 235, 2019
Z, -100, 0.6487639110128501, 2262.31228637, 98.9101516933, 19.1403681397, 0.713504532725, 0.141710640882, 238, 2019
N, -100, -0.88432368531455, 2316.26318813, 45.3401880486, 49.23864698, 0.188110383788, 2.85062533214, 238, 2019
E, 100, 0.7722751041767019, 10913.4156918, 65.5817357345, 137.230367586, -0.189941110281, 0.435584728098, 238, 2019
Z, 100, -0.13013772277390814, 2253.50619991, 115.919476981, 9.85231186614, 0.627939534141, 1.30622928546, 241, 2019
N, -100, -0.10740990692725316, 811.656730664, 49.6124884019, 12.1648312541, -1.41094563822, 0.939689927616, 241, 2019
E, 100, 0.39757863801742394, 13323.8410103, 71.2548210352, 149.484942432, -1.2429556433, 0.330294555843, 241, 2019
Z, 100, -0.3945105484573908, 634.086334025, 71.0774386651, 9.24948935015, -0.386970234614, 3.84076647289, 244, 2019
N, 100, 0.21089285638438773, 13396.4752699, 28.6425615887, 477.953183089, -0.484766971816, 0.989354374846, 244, 2019
E, -100, 0.277270803565035, 13500.4058907, 40.5789300215, 316.053076109, 1.45781776391, 0.965462230541, 244, 2019
Z, -100, 0.8995112432780792, 2902.07898217, 45.845654954, 68.8516346901, 0.13514735734, 0.246933815033, 247, 2019
N, 100, -0.7414788173554107, 16867.2335852, 23.9893184158, 689.388563616, -0.889440800958, 2.41190711847, 247, 2019
E, -100, -0.2884981367880976, 14953.2941765, 30.1178910417, 450.325196566, 0.127128166717, 2.16543274032, 247, 2019
Z, -100, 0.9370525114230699, 2183.16096245, 83.4901817148, 24.1114774454, 0.225027993375, 0.1203169058, 250, 2019
N, -100, -0.7744451198435964, 5238.56184935, 37.6281184606, 115.588438406, -0.359555705655, 2.29715881016, 250, 2019
E, -100, 0.5380516331915405, 9671.92916823, 54.495864115, 158.038009485, -2.03002227797, 2.58424786652, 250, 2019
Z, -100, 0.5428413048166845, 2515.04827007, 88.542065319, 22.0473025417, 0.650059649697, 0.365815083363, 253, 2019
N, -100, -0.11778424944085399, 8475.37170691, 37.5287413024, 208.825304206, -1.70600224844, 0.00691706135543, 253, 2019
E, -100, 0.9342948137538614, 25097.6559268, 55.1314316803, 390.845879935, 0.201185341805, 0.180825211757, 253, 2019
Z, 100, -0.01018087030762876, 2848.17198094, 69.0597297222, 41.641538131, 1.63718212878, 0.0587086154006, 256, 2019
N, -100, -0.08470947792271588, 3523.42977939, 28.4997906755, 117.322387782, -1.34833860086, 0.438784722782, 256, 2019
E, -100, 0.47387468791282744, 10378.6726264, 39.1170159925, 226.571721109, 0.989347999348, 0.146873970645, 256, 2019
Z, 100, -0.5832844994021739, 2123.27355509, 29.4200044088, 94.5125524322, -0.454759531891, 3.67423549313, 259, 2019
N, -100, -0.6067545968927222, 3330.88161089, 13.2269155829, 233.8049996, -2.32351264875, 0.178363284628, 259, 2019
E, -100, 0.3043596976588537, 12896.7023067, 16.6778534469, 889.02896853, 0.747700306221, 0.844541894786, 259, 2019
Z, 100, 0.7448343398027715, 4291.35798042, 45.1806491757, 84.0519532365, -0.929450471139, 0.68981438642, 262, 2019
N, 100, -0.6956906382271753, 1995.5621034, 22.5242766969, 93.5480012942, -0.740949086538, 2.5791524438, 262, 2019
E, 100, -0.21902933057160692, 9448.90553805, 29.3018488148, 215.752758472, -1.24498525185, 2.20598920553, 262, 2019
Z, 100, -0.26698645330957893, 1119.0407403, 84.8717454733, 7.93815861912, -1.04320988869, 3.16836643067, 265, 2019
N, 100, 0.6588518498998026, 10510.8153058, 38.4749005237, 222.117661108, -0.451853812309, 0.434953424473, 265, 2019
E, -100, -0.5176611332026089, 12473.932365, 54.6917898371, 189.178603525, -1.9705199905, 0.361971803863, 265, 2019
Z, -100, 0.09142582564078436, 1538.79732228, 96.2469228466, 13.8609671338, 1.31662465168, 0.312545087465, 268, 2019
N, 100, 0.4051087676391738, 16022.1064988, 40.412621521, 329.654036603, 1.88984729851, 2.91288182351, 268, 2019
E, -100, -0.786477493006781, 18539.0800126, 60.9731390683, 241.004138144, -2.74283271841, 0.317378006406, 268, 2019
Z, 100, -0.8280867900738106, 1825.24107078, 61.8256818726, 34.1768358472, 3.01729930672, 0.459430663302, 271, 2019
N, 100, -0.17727750023483727, 5559.53445364, 23.9675424613, 234.621962216, -0.0420407818504, 1.85493262732, 271, 2019
E, 100, -0.16904775431453223, 2489.92116876, 32.2887540213, 76.5227927816, -1.25644222037, 2.04243520404, 271, 2019
Z, -100, 0.3601149167130146, 1064.69680199, 50.1309630287, 14.8108290407, -1.96420723168, 2.11139315147, 274, 2019
N, 100, 0.5574423644745835, 15690.7642862, 25.6524082609, 613.791289533, -1.19772690595, 0.579962032819, 274, 2019
E, -100, -0.7190429926043327, 6892.02671136, 34.8482529844, 196.597678788, 0.151815479094, 2.5784436939, 274, 2019
Z, 100, 0.9842463266191136, 1119.42737713, 89.3788669214, 12.3522957238, -0.184628212454, 0.116512771244, 277, 2019
N, 100, -0.8675601368126227, 428.479741015, 39.8724683842, 9.12737209544, -0.18213029473, 3.29518179365, 277, 2019
E, -100, 0.4942024908595821, 749.848795967, 56.1013286267, 12.2452996904, -2.07372643153, 3.12617748189, 277, 2019
Z, -100, 0.3061589670700803, 3273.87305664, 83.6660667394, 34.7343584985, 1.29570750983, 0.260407891576, 280, 2019
N, -100, -0.6926464127880633, 599.903222748, 34.1913569663, 15.5176457172, 1.01989088056, 3.52820943863, 280, 2019
E, -100, 0.12000604560339675, 1805.23624965, 52.4021421177, 33.2362450596, -1.66672637871, 3.1179460446, 280, 2019
Z, -100, 0.7786948554593207, 2205.60280461, 56.0458190683, 36.7161243011, 0.954812273446, 0.542752773976, 283, 2019
N, 100, 0.23520823065219304, 2939.18331291, 21.695507414, 134.467167781, -1.04935185418, 0.475202412813, 283, 2019
E, -100, -0.5205101382692328, 5187.7603261, 32.1580967982, 142.517634329, 1.12333791404, 2.62257162061, 283, 2019
Z, 100, 0.1232025491954506, 928.477507854, 18.964093549, 40.7176110951, 0.778118189567, 1.52803024051, 286, 2019
N, -100, -0.4617107125167628, 3295.05123573, 9.52273548529, 389.528560223, -2.24200231204, 1.28341833884, 286, 2019
E, 100, -0.232368806206651, 7425.36030976, 10.9292115578, 611.023989635, -0.877674039075, 1.6581748646, 286, 2019
Z, 100, 0.25547398061130483, 2865.90843119, 57.868819904, 34.6844834667, -1.92143862861, 0.86844643055, 289, 2019
N, 100, -0.08721242588679215, 1560.21220581, 28.1864414209, 51.3787435726, -1.45800415566, 3.16222297085, 289, 2019
E, 100, 0.7225897293756938, 1364.37529239, 39.4456913505, 29.7632054988, -0.0346290710104, 0.614936713938, 289, 2019
Z, 100, 0.3907143092222474, 1946.49716739, 95.1556637399, 15.4625730382, -1.47660911475, 0.557747253427, 292, 2019
N, 100, -0.230141332839153, 1523.88546109, 42.6222136053, 32.9394780847, -1.24547252041, 3.26585863372, 292, 2019
E, -100, 0.965832328063695, 1853.86739298, 59.662698806, 27.8887231077, 0.181065856022, 0.168179283036, 292, 2019
Z, 100, 0.9277177747726191, 3943.74468118, 96.2960750426, 37.1733365844, 0.106513356175, 0.294173393091, 295, 2019
N, 100, -0.6957763514642189, 4359.82804943, 39.9758671032, 77.3282239795, -1.01054545982, 2.58248638027, 295, 2019
E, -100, 0.5001706902363886, 3084.00028732, 60.260161251, 47.337716484, -2.03017957197, 3.06975152558, 295, 2019
Z, 100, 0.7292662117166931, 3460.57724654, 55.4051318914, 47.3237114659, -0.710203369169, 0.0172560920988, 298, 2019
N, -100, -0.2451455796285834, 25251.8127434, 19.8934584452, 1346.70719967, -1.44102449123, 0.73520339587, 298, 2019
E, 100, -0.525731049456833, 4913.09843977, 32.3599818628, 164.186334811, -0.507314993324, 2.63113468091, 298, 2019
Z, -100, 0.497434417583811, 2077.50994095, 57.866343665, 29.3683980739, 0.570216704938, 0.572565474433, 301, 2019
N, 100, -0.5320692787723005, 2206.92424785, 30.0199456477, 71.2797303955, -2.8632569798, 1.12282339244, 301, 2019
E, -100, 0.09449464171054855, 5787.08491276, 41.9478567251, 116.324913912, 1.73354784039, 0.809436692784, 301, 2019
Z, 100, -0.8190437450983796, 3515.86418966, 109.131580639, 29.7038903265, -0.535665741972, 3.11376968214, 304, 2019
N, 100, -0.8924191513473615, 6270.63470199, 49.1627097459, 114.465796157, -0.500885266009, 2.9143657336, 304, 2019
E, -100, 0.48552316612503743, 15844.1006584, 69.9174390679, 195.12714073, 0.8639859756, 0.228248825431, 304, 2019
Z, -100, -0.8570636036336318, 2881.59697557, 104.125184625, 22.9020585051, 0.122321479256, 3.47982964617, 307, 2019
N, 100, 0.6720674288233386, 489.461794797, 43.1919525919, 7.6847218709, -0.754400822035, 0.524172784687, 307, 2019
E, 100, 0.16112520536641933, 9278.39066716, 63.7353485088, 115.942388163, -2.29478318384, 1.07701715811, 307, 2019
Z, 100, 0.24954402589611974, 1990.73834929, 65.9520726522, 35.2720463446, -1.28802014998, 0.104878046971, 310, 2019
N, -100, -0.6851346882487146, 278.598273086, 25.3096740503, 12.68128484, 0.52323554812, 3.46887436582, 310, 2019
E, 100, 0.7070354374217089, 17971.6284239, 39.8360217793, 430.118060415, -0.778608819763, 0.0380769622613, 310, 2019
Z, -100, -0.4001138920994977, 1611.83140606, 23.6098079822, 74.5814240985, -0.289646889033, 1.78519576163, 313, 2019
N, 100, -0.7020800772686239, 597.739171806, 12.7265714203, 45.7322084183, -2.720149102, 0.583810567409, 313, 2019
E, -100, 0.23785790068311133, 6924.35247672, 15.1459772342, 417.987524919, 0.897440020358, 0.595164573492, 313, 2019
Z, 100, 0.37822177483071695, 5998.6963458, 69.4584383653, 69.5095773797, -3.53661809673, 2.47669362138, 316, 2019
N, 100, -0.4043050717138104, 1841.54257158, 34.3474041, 52.2080984891, -1.39178967754, 2.73747761195, 316, 2019
E, -100, 0.7736132200998737, 20748.2223298, 48.3656852448, 399.892547434, 0.210171928767, 0.403185837182, 316, 2019
Z, 100, 0.12364860395456398, 19769.7280346, 113.949668742, 162.196508814, -1.6085388873, 0.298840696837, 319, 2019
N, 100, 0.08906148293895942, 892.335394991, 51.436613841, 9.89056385511, 1.20632625432, 2.26198884372, 319, 2019
E, 100, -0.5634391501767145, 3973.22760538, 72.9237499095, 33.6483340552, -0.653464248625, 2.41020154417, 319, 2019
Z, 100, -0.35353398542043957, 3726.67874175, 117.287932618, 27.9549664709, -0.881910192821, 2.79286675881, 322, 2019
N, -100, 0.10189974988694928, 7238.30700796, 49.5960598171, 128.019449841, -1.49515340451, 3.4522322515, 322, 2019
E, -100, 0.9017073097073844, 42024.8234124, 72.3452184738, 517.08812589, -2.83334333878, 2.80341794659, 322, 2019
Z, -100, 0.04469719895811865, 886081.47831, 72.128881801, 13330.2359516, 1.38740653866, 0.239748050263, 325, 2019
N, 100, -0.0625063360448969, 6383.33617311, 27.0769251428, 175.064739506, 0.124678564853, 4.67340915548, 325, 2019
E, 100, 0.9069457478647116, 38616.4103565, 42.9311307431, 637.056271011, -0.438076167606, 0.458121140226, 325, 2019
Z, -100, -0.25373934974609574, 312691.733351, 56.3706797076, 4085.89942186, -0.199104770157, 2.04459908309, 328, 2019
N, -100, 0.49571451807890055, 13619.9279264, 30.6231624548, 433.848995898, 1.1373597307, 0.0894545261638, 328, 2019
E, 100, 0.6939624990528861, 20848.9812918, 41.4569505748, 566.539605716, -1.09050955166, 0.388082260004, 328, 2019
Z, 100, -0.12424676668595906, 3148.39391781, 120.990897931, 16.2690666273, -1.78302216914, 3.92351655722, 346, 2019
N, -100, 0.3261627037439072, 11713.5684892, 55.762798687, 174.210397387, -2.24287618922, 2.66614451469, 346, 2019
E, 100, 0.7470260164926315, 17342.062689, 79.5045501072, 182.124276354, 2.44118835387, 2.68609185082, 346, 2019
Z, 100, 0.009826050949506945, 2610.89524474, 139.334916275, 11.5032735895, -1.84572578961, 0.752790192678, 349, 2019
N, 100, 0.9699862177678101, 85.6664986748, 59.8385491323, 1.44167853662, -0.277304057329, 0.142760214987, 349, 2019
E, -100, -0.2684589109201215, 1410.95439104, 86.4374766161, 9.62759309368, 0.751548290913, 2.37429470415, 349, 2019
Z, 100, -0.40732980211490216, 1129.02098239, 97.6776812015, 10.2194558607, 0.347604491157, 1.83426300305, 352, 2019
N, -100, 0.2674364144974596, 156.045813611, 38.4965135229, 3.55880284086, -1.02454309423, 4.32161121267, 352, 2019
E, -100, 0.10032853677198111, 1029.71301813, 57.6412751964, 13.584292722, 0.17579607212, 1.42308320695, 352, 2019
Z, -100, -0.4920330431022093, 8434.11789431, 46.8232073134, 187.386102043, 1.16118958281, 3.42164383475, 355, 2019
N, 100, 0.5144477448748032, 247.487331384, 26.6384726341, 9.05457681004, 1.83498725357, 3.61569416003, 355, 2019
E, -100, 0.275365347080796, 1603.07743189, 33.5134880015, 36.0448148269, 1.82440174123, 1.9274731543, 355, 2019
Z, 100, -0.8404315084011061, 14567.3047559, 111.467064591, 130.900800565, -0.568331204179, 3.28493556839, 358, 2019
N, 100, 0.371834369201437, 365.731986592, 53.4015944429, 5.0591216888, 1.74828370371, 3.77130747052, 358, 2019
E, -100, 0.6300455372468152, 10892.4788307, 74.6431157215, 126.447060183, 1.07266416669, 0.340862386637, 358, 2019
Z, -100, 0.23214865669465118, 29280.2132054, 138.767758783, 198.435446748, -1.66027509763, 2.8440840358, 361, 2019
N, -100, 0.7199897668795853, 591.266218354, 60.5566959099, 8.69962016077, -2.74129261413, 2.91613089404, 361, 2019
E, -100, 0.8019367474127623, 9852.85544172, 87.2523218046, 113.087819887, 0.551255238524, 0.0149827884791, 361, 2019
Z, -100, 0.8154847536516533, 38149.9720159, 115.584230082, 271.388834416, 0.360808778265, 0.250428018907, 364, 2019
N, 100, 0.6844782167096303, 249.473626868, 47.4225914024, 4.32233642019, -1.00276077637, 0.414999801712, 364, 2019
E, 100, 0.7037944135273984, 5453.68649003, 68.6863345246, 65.4660098148, 2.26795953127, 2.90890295995, 364, 2019
