Chan, Phase Shift, Correlation, ptp-data, ptp-synthetic, rat, phasem, phasestd, DOY, Year
Z, 100, 0.9992614688336381, 87.7099749307, 87.7678737737, 0.990875892317, -0.0235609069626, 0.011518411265, 1, 2019
N, -100, 0.4953752526039328, 39.8135381442, 27.70980123, 1.51114991792, -2.00160417042, 3.2571493606, 1, 2019
E, -100, 0.5599356954645079, 50.7336993057, 29.7847979117, 1.80679386736, 0.893714273139, 0.107013504521, 1, 2019
Z, 100, 0.9993391213101801, 147.24396059, 146.608641351, 0.998981354944, -0.028090300764, 0.00415476106519, 4, 2019
N, -100, 0.8367433829011339, 103.091539588, 43.7556930944, 2.39114832203, 0.495326041628, 0.0965387596249, 4, 2019
E, -100, 0.8541066366920324, 56.7889392791, 51.5762118055, 1.1084988644, 0.557826557868, 0.0106221852034, 4, 2019
Z, 0, 0.9999583077690305, 158.537256415, 157.692918671, 1.00636462595, -0.00747375429743, 0.00114900323294, 7, 2019
N, -100, 0.8854011900009692, 104.091197038, 45.8344877465, 2.30721674975, 0.38328352175, 0.101576990841, 7, 2019
E, -100, 0.8525601918201022, 65.9919277127, 61.5987860967, 1.05006831001, 0.565140178028, 0.011084528883, 7, 2019
Z, 0, 0.9998014918039481, 130.266081833, 130.861015049, 1.00364024788, 0.00951404143388, 0.01683083748, 10, 2019
N, -100, 0.9038667344135412, 81.4227610237, 35.4525631639, 2.327234419, 0.311574002982, 0.120284890444, 10, 2019
E, -100, 0.8082536752898106, 55.2525651056, 51.5344938847, 1.07289583211, 0.694270449667, 0.0769137076186, 10, 2019
Z, 100, 0.9997384653746536, 77.107944904, 77.6004956974, 1.00951605598, 0.0169546101012, 0.03091189314, 13, 2019
N, -100, 0.9110641387637035, 40.2360633331, 20.7008561977, 1.8056660314, 0.29479237866, 0.119202319755, 13, 2019
E, -100, 0.826704732892223, 30.766893605, 28.593563183, 1.08419350151, 0.807621911409, 0.206411956566, 13, 2019
Z, 100, 0.9990207835704271, 84.3845533124, 84.3758826996, 0.988230985992, -0.0181140346727, 0.0284324330941, 16, 2019
N, -100, 0.4892719233820758, 58.2644550097, 25.2022769428, 2.33491375406, -2.05682251848, 3.15698917952, 16, 2019
E, -100, 0.7420211757476354, 40.517963528, 29.6070077344, 1.40682641984, 0.73178599622, 0.0288253360222, 16, 2019
Z, 100, 0.999423374568777, 166.467577885, 165.928354727, 0.997973333307, -0.0304059370092, 0.00539603781532, 19, 2019
N, -100, 0.7094821768241423, 117.31139706, 48.2429773674, 2.51747892919, 0.716152752268, 0.0761275485556, 19, 2019
E, -100, 0.8035424814754419, 76.0384072966, 57.7891124512, 1.35407362784, 0.614297947829, 0.0351471811811, 19, 2019
Z, 53, 0.999822358753214, 186.50209731, 185.114105155, 1.00692169532, -0.019707627932, 0.00276641575398, 22, 2019
N, -100, 0.8736372503771932, 120.890750666, 51.7105422891, 2.40193841906, 0.437731576833, 0.0763423227798, 22, 2019
E, -100, 0.8477529059758353, 84.6633541562, 72.3129320329, 1.18650462738, 0.583224470986, 0.0278315155323, 22, 2019
Z, 80, 0.9998918397495445, 126.437927042, 126.648151979, 1.00591131373, -0.00583873369208, 0.00971249835074, 25, 2019
N, -100, 0.9184642721292802, 67.130966275, 24.6978321938, 2.66855165157, -0.0304063593037, 0.282295216235, 25, 2019
E, -100, 0.9077145618814193, 69.4968696835, 50.6369314771, 1.40545792453, 0.484978850932, 0.0611283283199, 25, 2019
Z, 0, 0.9999714195367417, 57.7525650697, 57.705796944, 1.00037595083, 0.0160315638652, 0.0173588362366, 28, 2019
N, -100, 0.46124201679614163, 43.322663226, 19.697977424, 2.17551842446, -1.98873057409, 3.21978860736, 28, 2019
E, -100, 0.8765160624714423, 17.368959008, 20.3698643616, 0.861644536887, -2.43649603055, 2.82887946683, 28, 2019
Z, 100, 0.9996708716800787, 119.252801062, 118.842008138, 0.998030804464, -0.0195226223521, 0.00952938715257, 31, 2019
N, -100, 0.6510100742311966, 91.3343497551, 36.7572506315, 2.54432489281, -2.35063075525, 3.05317120255, 31, 2019
E, -100, 0.800704171556826, 44.5557009318, 40.4936879006, 1.17443392223, 0.62049774404, 0.0266943947459, 31, 2019
Z, 100, 0.9994658736862186, 142.585963032, 141.839877562, 1.00292045222, -0.0322075685472, 0.00267129877265, 34, 2019
N, -100, 0.7720716497578963, 100.813992749, 42.4595705742, 2.43718492629, 0.63139092719, 0.0657993108854, 34, 2019
E, -100, 0.8346719288559002, 59.8566766975, 51.7697506643, 1.15095726833, 0.645124345849, 0.0935135304535, 34, 2019
Z, 50, 0.9998452438983415, 125.281447585, 123.685952861, 1.01381763162, -0.0173469371987, 0.000582238723838, 37, 2019
N, -100, 0.8874766805462017, 79.7446976252, 35.0547109101, 2.28571236573, 0.368599806359, 0.0951916439254, 37, 2019
E, -100, 0.8579793701288554, 65.1278974965, 50.8099166794, 1.24882162835, 0.528137927432, 0.0371931468709, 37, 2019
Z, 0, 0.9991301441517068, 80.4147637134, 81.3920968718, 1.01843782854, 0.0303358794829, 0.0427089960487, 40, 2019
N, -100, 0.8980201327577229, 43.4779358975, 18.3094304339, 2.20171757302, -0.139543331373, 0.365509106764, 40, 2019
E, -100, 0.8681114637938854, 40.6570404607, 33.6424666063, 1.2689027862, 0.598983002701, 0.0948402352893, 40, 2019
Z, 100, 0.9993813046887933, 48.2670036772, 48.6227544219, 0.992011935517, -0.0249012266097, 0.0160990197506, 43, 2019
N, -100, 0.5545376656763159, 35.5246424109, 15.1350791804, 2.14171843503, -2.01132741829, 3.31210209386, 43, 2019
E, -100, 0.9503325173982108, 19.3107475409, 18.4064681503, 1.03476841968, 0.374053569217, 0.0880489251534, 43, 2019
Z, 100, 0.9993748304498059, 123.73721998, 124.077697461, 0.988594734531, -0.0240965955479, 0.0149486093864, 46, 2019
N, -100, 0.7077575901840014, 88.0843087476, 36.923751359, 2.49927747878, -2.43052250338, 3.03421078277, 46, 2019
E, -100, 0.8622163487915557, 50.0518937052, 43.5488951741, 1.18095551468, 0.509600177488, 0.0356430753918, 46, 2019
Z, 100, 0.9992514062963657, 163.240842359, 162.946686571, 0.996968128301, -0.0333930826508, 0.00456958555729, 49, 2019
N, -100, 0.7696088827964818, 105.848387692, 47.4710548792, 2.27876707198, 0.653235863193, 0.0392327491341, 49, 2019
E, -100, 0.8756496159012191, 63.0106394623, 58.1653819545, 1.10563136994, 0.489510963427, 0.0258961579281, 49, 2019
Z, 0, 0.9997945522181053, 119.500258761, 119.090157342, 1.00919451699, -0.0125250920261, 0.00928017182974, 52, 2019
N, -100, 0.9077881114171666, 74.4902846184, 27.6833338799, 2.57471234473, 0.110162093586, 0.256118814294, 52, 2019
E, -100, 0.9152084573368585, 49.1233527733, 53.9188201692, 0.922749404415, 0.430708447564, 0.0242041864505, 52, 2019
Z, 0, 0.9999359356967512, 47.2929689686, 48.7961120908, 0.980970416252, 0.00771896074021, 0.00453589768778, 55, 2019
N, -100, 0.3127781228231932, 34.7998142349, 14.1792444002, 2.23025863814, 1.34726463074, 0.457632303818, 55, 2019
E, -100, 0.9429034119865648, 24.7485851972, 19.8400538589, 1.19458487456, 0.258035544293, 0.0695600869955, 55, 2019
Z, 100, 0.999281689166142, 88.0879649783, 90.3944029002, 0.965372621802, -0.020485978511, 0.0220919649424, 58, 2019
N, -100, 0.635614206650627, 74.2873942867, 30.3917250525, 2.5428691653, -2.27618138572, 3.10607268584, 58, 2019
E, -100, 0.7854202800493859, 35.4509460304, 32.2637349245, 1.13405410702, 0.667341433626, 0.0157132407586, 58, 2019
Z, 100, 0.9984426377456574, 113.557527229, 115.071241972, 0.977515654994, -0.0371113034117, 0.0175282395941, 61, 2019
N, -100, 0.6602988322976672, 95.7692573794, 35.2076492812, 2.69189669593, -2.43235670338, 2.95736313523, 61, 2019
E, -100, 0.7505858983511784, 54.3116679643, 39.4890610582, 1.36433576937, 0.670103969381, 0.0532246043267, 61, 2019
Z, 100, 0.9801498483076311, 109.845295807, 100.929843235, 1.18109911377, 0.0589144100296, 0.194779338989, 64, 2019
N, -100, -0.23511304659395035, 6699.63292627, 29.7110542201, 179.799565617, -1.5007662653, 0.756021004724, 64, 2019
E, 100, 0.46093919298742386, 2306.09576835, 39.8662221827, 45.9668129625, 2.99611745893, 2.21566798693, 64, 2019
Z, 100, 0.9152336888240491, 191.467711214, 61.8831270245, 3.28112365371, -0.128279405023, 0.260007462273, 67, 2019
N, -100, -0.8550932613031087, 28117.442817, 13.8074848947, 2097.02265732, 0.509960616592, 3.12246518904, 67, 2019
E, 100, 0.3571970670417901, 9633.71060491, 32.2141876203, 345.01931877, 2.08254376857, 2.79076043648, 67, 2019
Z, -65, 0.9989785690715767, 38.7214082787, 40.2932319277, 0.959645559324, 0.00771938073614, 0.0427206956859, 70, 2019
N, -100, 0.45245767417842053, 36.4959679101, 12.4892964488, 2.88139349438, 1.26397557715, 0.344544032952, 70, 2019
E, -100, 0.8498556137831351, 18.702407936, 13.5340754287, 0.970438341586, 0.385360171499, 0.588279797662, 70, 2019
Z, 100, 0.9994919981095399, 96.9779842102, 96.5116522449, 1.00219554754, -0.0305651814988, 0.00934038835911, 73, 2019
N, -100, 0.8662492803343543, 73.4818602377, 30.3383166605, 2.60691795438, 0.415999692463, 0.0830799514672, 73, 2019
E, -100, 0.8710150856844908, 64.9280499933, 35.7740509128, 1.7671917874, 0.528076512976, 0.0323546506126, 73, 2019
Z, 100, 0.9992300433196516, 130.675044107, 131.205038878, 0.99043497901, -0.0374107638332, 0.00720208196463, 76, 2019
N, -100, 0.8291256872816958, 80.1276669945, 39.1170692216, 1.9301620585, -2.48307771316, 3.22978156686, 76, 2019
E, -100, 0.9046128216863903, 67.6997620945, 45.4039972128, 1.49534716326, 0.282125536257, 0.179079418731, 76, 2019
Z, 100, 0.9991007464107647, 99.4530831852, 99.6241313391, 1.00528251175, -0.0332265707164, 0.0107986354414, 79, 2019
N, -100, 0.7791198539657992, 73.4521231827, 26.9466177928, 2.66996991028, 0.632660300677, 0.0303022685207, 79, 2019
E, -100, 0.8858118286307077, 47.3228068888, 41.1244046269, 1.19181435018, 0.507884498039, 0.0448525957974, 79, 2019
Z, 0, 0.999067310031758, 37.8901078351, 39.1320756994, 0.964912411218, 0.00416274992454, 0.0281161414547, 82, 2019
N, -100, 0.30608717209048814, 32.8746632534, 12.7221457921, 2.40571084314, 1.08835833802, 0.256688724567, 82, 2019
E, -100, 0.9584651011497898, 33.2818314675, 25.1793570269, 1.34302947654, 0.0593181288396, 0.312355820259, 82, 2019
Z, 100, 0.9995425370813484, 89.0542248268, 90.1247206195, 0.997121515342, -0.0234828508134, 0.0182410469658, 85, 2019
N, -100, 0.7486338085845041, 80.3742437826, 35.4478650122, 2.3083109651, 0.812746762202, 0.194167295877, 85, 2019
E, -100, 0.8963565772596178, 35.4191432758, 32.2666125848, 1.09915190914, 0.437673202022, 0.0557775998838, 85, 2019
Z, 100, 0.999680303021799, 101.453611478, 102.605332982, 0.983786059014, -0.00946098560379, 0.0177822400833, 88, 2019
N, -100, 0.7796147691653778, 99.9324388491, 34.0604330544, 2.96509220464, 0.606988817296, 0.103179602122, 88, 2019
E, -100, 0.8837698067510231, 47.6086550726, 36.7265423356, 1.31468727531, 0.475172094393, 0.031235781859, 88, 2019
Z, 100, 0.9982340935583593, 83.537951956, 84.4979491577, 0.986659859099, 3.09180489401, 3.12534178513, 91, 2019
N, -100, 0.7766414567284231, 68.4457885811, 25.1038658268, 2.74149217305, -2.55326848724, 3.02970773439, 91, 2019
E, -100, 0.8941038174866004, 43.3924524102, 29.2025210563, 1.48736657938, 0.463665994868, 0.00232470017723, 91, 2019
Z, 0, 0.9980784532470179, 41.6538778237, 41.7845380989, 1.0240776571, -0.038991126796, 0.0442918702543, 94, 2019
N, -100, 0.8615570928497921, 30.8450309163, 9.64597415607, 2.60098523226, 0.0733677266456, 0.323950124106, 94, 2019
E, -100, 0.8961310715471565, 25.666566416, 23.5853198896, 1.18443493463, 0.468839832353, 0.0419721296433, 94, 2019
Z, -100, 0.999921829563397, 57.0041511995, 58.3901664332, 0.975509622758, 0.0152653798913, 0.00527941823772, 97, 2019
N, -100, 0.5820258440844659, 47.1313271804, 15.5167029126, 2.93926236129, 0.99398860366, 0.183896448387, 97, 2019
E, -100, 0.8097942553190929, 18.8006550568, 18.2708820093, 0.824206346081, 0.400635228418, 0.29972354234, 97, 2019
Z, 100, 0.9998880980735331, 107.14350701, 108.517373453, 0.988443872342, -0.0153008576077, 0.00247997564155, 100, 2019
N, -100, 0.7132968641906176, 93.4489935303, 35.5881748709, 2.57614428076, 0.858519784495, 0.170504879588, 100, 2019
E, -100, 0.8505900412959018, 40.5880764073, 38.3641459722, 1.05199561397, -2.58751946067, 3.16466468389, 100, 2019
Z, 100, 0.9998653519746376, 123.055636319, 123.179801926, 0.999736236467, -0.0221941066721, 0.000582243139159, 103, 2019
N, -100, 0.7502790392296683, 108.160435663, 40.6651931614, 2.75639793348, 0.706268357732, 0.0308257210003, 103, 2019
E, -100, 0.8479237091520053, 58.5767111482, 45.0589316179, 1.33442616257, 0.544260646161, 0.0330938011482, 103, 2019
Z, 100, 0.9978434160004896, 88.5779274656, 92.2353913233, 0.966203471287, -0.0557038706196, 0.0172593436726, 106, 2019
N, -100, 0.6132169748371539, 81.1000515449, 25.2881704225, 3.19895616743, -2.29847781393, 3.07235079885, 106, 2019
E, -100, 0.8973271465564112, 47.1922898815, 30.7658841341, 1.53908035512, 0.467334156035, 0.022478011844, 106, 2019
Z, -8, 0.999086507852027, 47.6555478901, 48.9756666911, 0.975913499337, 0.0260003915672, 0.000580006091098, 109, 2019
N, -100, 0.7452402449047264, 37.4257302898, 16.0895316548, 2.16782139049, 0.554127733818, 0.174778904829, 109, 2019
E, -100, 0.8233947766448736, 25.5815655637, 19.8708999815, 1.10245886291, -0.0287464235075, 0.753953199717, 109, 2019
Z, 100, 0.999863245529371, 112.957828248, 114.822369722, 0.982984902024, -0.0141595857723, 0.0019619507714, 112, 2019
N, -100, 0.7477180022103047, 94.3926801953, 39.8377808454, 2.32984893145, 0.820798732381, 0.219025066581, 112, 2019
E, -100, 0.9009209242636593, 37.5352755326, 37.7008470473, 0.967742434426, -2.64860426425, 3.0413772947, 112, 2019
Z, 100, 0.9998822781011013, 118.901825752, 120.451193323, 0.990895347332, -0.0222903824282, 0.00676162659061, 115, 2019
N, -100, 0.7782576635521065, 116.317376148, 45.2700160568, 2.65068555373, 0.726685632306, 0.083134451247, 115, 2019
E, -100, 0.9140869537526951, 49.4652835073, 44.0622708734, 1.12300370952, 0.420448548242, 0.0129851166352, 115, 2019
Z, 100, 0.9993412040462275, 89.5367820552, 92.3547154728, 0.969235039307, -0.03712168122, 0.00810023035072, 118, 2019
N, -100, 0.7502750776727337, 91.6216512315, 30.405245497, 3.03008099053, 0.636300229337, 0.11201787771, 118, 2019
E, -100, 0.9044054085981273, 44.6111338582, 33.2705458695, 1.35741968494, 0.438891995806, 0.0114288235919, 118, 2019
Z, 100, 0.9979324321638832, 44.7665360523, 49.3669941647, 0.907023194649, -0.0678791486536, 0.000662553787119, 121, 2019
N, -100, 0.6014358238479571, 46.3838274734, 11.3571676498, 4.02933363969, 0.744945640443, 0.166136933976, 121, 2019
E, -100, 0.8942396892014421, 25.8709744962, 17.0240975762, 1.70945397712, 0.661269418665, 0.362134814247, 121, 2019
Z, 100, 0.99986390853655, 134.344463485, 133.274775708, 1.00332838299, -0.00885711752027, 0.00334782711464, 127, 2019
N, -100, 0.7220761119233937, 105.083286829, 40.8474941345, 2.54354736755, 0.815909847285, 0.113328221355, 127, 2019
E, -100, 0.8578111649365631, 50.0713217299, 44.5478332123, 1.1085595592, -2.56823435523, 3.11427874237, 127, 2019
Z, 100, 0.9997328656713791, 146.163795351, 145.057161968, 1.01315000768, -0.0266429463615, 0.0152516901495, 130, 2019
N, -100, 0.753646619326372, 123.409008787, 51.1780040884, 2.49481653103, 0.756583554078, 0.0906810689097, 130, 2019
E, -100, 0.8802020622321104, 56.1760853809, 52.5190390898, 1.10255514696, 0.463321252647, 0.0617949127112, 130, 2019
Z, 100, 0.9998760495442773, 100.634310596, 102.848436634, 0.976334342674, -0.0106522785504, 0.00436553023288, 133, 2019
N, -100, 0.7780037330635985, 99.4674043906, 34.007299015, 2.97957106224, 0.624710189643, 0.0555916798588, 133, 2019
E, -100, 0.9024827432639891, 43.7600653395, 37.1810521126, 1.13349739273, 0.40719430507, 0.0775730842125, 133, 2019
Z, -45, 0.9990004851571066, 49.4028503503, 48.9751677188, 0.984155820157, -0.115250657847, 0.132873400855, 136, 2019
N, -100, 0.776942811108539, 51.9585657496, 16.0881738866, 3.16750519497, -2.56695574833, 2.89372964938, 136, 2019
E, -100, 0.9465937517422267, 23.2857359814, 16.2221132872, 1.4560646915, -0.980354706607, 1.16168272575, 136, 2019
Z, -16, 0.9999808541698171, 126.609351661, 127.677315936, 0.990682589843, 0.00661859008052, 0.00379787012447, 139, 2019
N, -100, 0.8808084344533588, 107.432206832, 40.5635640237, 2.5539157527, 0.525965348645, 0.0507366627857, 139, 2019
E, -100, 0.9371967668120572, 39.407615451, 41.3989141083, 0.880212905538, 0.490197276222, 0.282568013923, 139, 2019
Z, 100, 0.9995186195049648, 148.145107749, 148.668454542, 0.998270588871, -0.0347404618417, 0.0133000529005, 142, 2019
N, -100, 0.7601000699745928, 124.910061747, 52.6824758035, 2.42120642094, 0.765496822606, 0.127868093337, 142, 2019
E, -100, 0.9109342688508462, 53.4723710864, 50.7196692502, 1.07540999828, 0.402876456135, 0.0433111368765, 142, 2019
Z, 100, 0.9996498111091301, 116.879217477, 117.317495094, 0.997442991254, -0.0367945006187, 0.0132988778244, 145, 2019
N, -100, 0.7936864483653103, 101.268003252, 43.6328767239, 2.40540090042, 0.680592971986, 0.0454192115727, 145, 2019
E, -100, 0.8859892289043408, 44.3024520042, 43.0504052128, 1.04432718247, 0.452460619798, 0.0589218360908, 145, 2019
Z, 100, 0.9997304462195693, 63.7550787472, 68.021861284, 0.933172733342, -0.0205864621905, 0.00551105764418, 148, 2019
N, -100, 0.7068492109603197, 67.9603168477, 21.7264928105, 3.08693243239, 0.648729367104, 0.142752982459, 148, 2019
E, -100, 0.9554303470521565, 30.0914436416, 25.0056353976, 1.14188736983, 0.219962929497, 0.0807716121325, 148, 2019
Z, -23, 0.9996031565313782, 66.2504214142, 67.0165951204, 0.986749396339, 0.0229646020392, 0.016539343895, 151, 2019
N, -100, 0.8083345322673414, 59.2164681786, 19.2665774026, 2.94109295336, 0.588312931637, 0.102408427547, 151, 2019
E, -100, 0.9316749464180127, 26.102212593, 22.9968215886, 1.1046886815, 0.591354880525, 0.265413339173, 151, 2019
Z, 100, 0.999769607544561, 142.130499442, 142.089710996, 0.996104729803, -0.00512972837914, 0.00957881629639, 154, 2019
N, -100, 0.8318394217414607, 112.336727597, 42.0452082768, 2.63522599165, 0.592824905766, 0.0159223355816, 154, 2019
E, -100, 0.8786924695665628, 49.9186615551, 47.2680242093, 1.05021900182, 0.489239000171, 0.0211057422013, 154, 2019
Z, 100, 0.9998028340611508, 176.645502031, 172.397414949, 1.02576119985, -0.0222217006492, 0.00964442363178, 157, 2019
N, -100, 0.7689793407909224, 133.651361992, 56.4222544899, 2.36240340575, 0.754798735406, 0.134025427965, 157, 2019
E, -100, 0.7522947642674176, 66.7525708289, 58.7809150416, 1.14327840464, -2.41356011571, 3.14625893866, 157, 2019
Z, 100, 0.9996864678986076, 128.773030385, 126.685189777, 1.01550208442, -0.0342624300212, 0.0186174354629, 160, 2019
N, -100, 0.7812385871800113, 115.782872734, 49.4398309422, 2.51101611438, 0.71699758137, 0.0814148678129, 160, 2019
E, -100, 0.8597784118201793, 54.7017406012, 47.0026358722, 1.16957536288, 0.520225391124, 0.0359980831562, 160, 2019
Z, -100, 0.9991855905272711, 54.4028116725, 55.2409434812, 0.992338753585, 0.0195866836781, 0.020954178941, 163, 2019
N, -100, 0.6743363234133578, 61.532936361, 13.8246807777, 3.61942098564, 1.22014189793, 0.696527579472, 163, 2019
E, -100, 0.8252408309743537, 28.7728697593, 22.3887539272, 1.19159167958, 0.381897748829, 0.251473905512, 163, 2019
Z, 99, 0.9998048134733635, 127.28940336, 119.976855546, 1.06813757077, -0.0280813842369, 0.0187454085856, 166, 2019
N, -100, 0.7947590202763364, 84.2833796224, 37.9693284289, 2.07932063056, 0.689681690414, 0.0966118006848, 166, 2019
E, -100, 0.7701850418793775, 57.6020689828, 40.4708631546, 1.45248765601, 0.679870915799, 0.0210966699944, 166, 2019
Z, 56, 0.9997907288553045, 166.615629978, 159.985381161, 1.03781447151, -0.0109678362725, 0.000730448160169, 169, 2019
N, -100, 0.7540475731018103, 116.406634255, 51.5001756885, 2.27041452148, 0.747677088635, 0.090336102232, 169, 2019
E, -100, 0.7010576540078556, 60.0432731086, 53.5279496298, 1.14801542952, -2.36494628934, 3.17970897948, 169, 2019
Z, 100, 0.9997347083131178, 150.720891328, 139.181302099, 1.07754103426, -0.0296662616267, 0.0115159930219, 172, 2019
N, -100, 0.8268706127098052, 115.319425464, 51.5997545791, 2.33822535653, 0.637115695309, 0.123527965049, 172, 2019
E, -100, 0.6275346485650699, 44.8746561848, 49.364837275, 0.921026836132, -2.24591609863, 3.15328968164, 172, 2019
Z, 100, 0.9996064228558925, 87.8858016218, 87.6498580063, 1.00407331012, -0.0315493433125, 0.0283525391419, 175, 2019
N, -100, 0.8035202861514384, 81.7099991554, 35.4138614127, 2.40530604022, 0.632880728956, 0.0145047477336, 175, 2019
E, -100, 0.800924891438151, 30.1165290295, 33.1068148717, 0.89947505549, 0.526520374246, 0.17731666058, 175, 2019
Z, -100, 0.9991769985806218, 58.1146472102, 52.8628262298, 1.11078191833, 0.0508870388881, 0.0208440594638, 178, 2019
N, -100, 0.6692083247850026, 43.4370105468, 15.6412514355, 2.37280236246, -1.27892205194, 1.87211334239, 178, 2019
E, -100, 0.6310245847033873, 30.40981544, 19.7460942592, 1.5172254098, -1.91185573502, 2.7829664071, 178, 2019
Z, 0, 0.9999046775414223, 132.148359348, 126.665111237, 1.04118565399, 0.00318839503228, 0.002875420405, 181, 2019
N, -100, 0.8519715366517082, 85.6832511549, 37.5734239402, 2.19651007904, 0.5626319434, 0.0298597951242, 181, 2019
E, -100, 0.7886506962893001, 48.4741449278, 43.5228545388, 1.12468154233, 0.650673729815, 0.0148239269248, 181, 2019
Z, 0, 0.9997769739544502, 188.02437762, 181.154076207, 1.0386202076, -0.0185742748659, 0.0152592029274, 184, 2019
N, -100, 0.8046600217351065, 130.129175256, 55.5096267071, 2.3159456901, 0.675248539682, 0.0976417350155, 184, 2019
E, -100, 0.7705175129648005, 67.5333297875, 61.1964890357, 1.163332262, 0.657168033445, 0.0450111848687, 184, 2019
Z, 100, 0.9995570201445503, 154.749181228, 152.480757842, 1.01039189972, -0.0278131088095, 0.0214771451875, 187, 2019
N, -100, 0.8160521759389792, 127.252930455, 56.6226737753, 2.36621996615, 0.674616000308, 0.151593650997, 187, 2019
E, -100, 0.9109864663100162, 52.0215734694, 53.4751392596, 0.957476607105, 0.421226859016, 0.0224987793676, 187, 2019
Z, -100, 0.9996983575337074, 67.6608992255, 62.8655570884, 1.08657512119, 0.0333227852564, 0.0175739183824, 190, 2019
N, -100, 0.8307899610561004, 64.926710957, 31.5285158364, 2.08101778669, 0.443683133419, 0.0881357720994, 190, 2019
E, -100, 0.49582814620356186, 32.7971628803, 25.410936593, 1.39947653573, -1.87281294788, 2.91186555806, 190, 2019
Z, 40, 0.9998439121634934, 104.805356557, 98.887463032, 1.06163041915, -0.00355994827348, 0.00717952268071, 193, 2019
N, -100, 0.7971369351113802, 68.6972000992, 30.8827964571, 1.96145005906, -2.49539162074, 2.91408002864, 193, 2019
E, -100, 0.8364897443484896, 50.9329859531, 34.7378195165, 1.37901004885, 0.778264894749, 0.241742959942, 193, 2019
Z, 64, 0.9997646428870366, 154.67737519, 149.898687468, 1.03145388739, -0.011767880156, 0.00269192573969, 196, 2019
N, -100, 0.9657600307225739, 99.7143795485, 47.3286249636, 2.05907270481, 0.23386008718, 0.0382458395215, 196, 2019
E, -100, 0.5077936075394032, 46.140286502, 51.3906305426, 0.83919870897, 1.22104156033, 0.227196926778, 196, 2019
Z, 52, 0.99940470616103, 154.878611653, 146.364029519, 1.0570218326, -0.0269638627101, 0.0213052852165, 199, 2019
N, -100, 0.7734098648263922, 87.5455898785, 49.4261521959, 1.72776404961, 0.73460731816, 0.2718157147, 199, 2019
E, -100, 0.4220384859874532, 69.5526595204, 49.6618639677, 1.51786286997, -2.16712639966, 3.35545096698, 199, 2019
Z, 0, 0.9997147799554271, 110.043577167, 100.345425529, 1.09897686649, -0.0134006028507, 0.0178313875175, 202, 2019
N, -100, 0.9012011258025562, 59.5082209886, 42.4941343801, 1.35236088223, 0.362941234108, 0.0780868962746, 202, 2019
E, -100, 0.3806355630075513, 48.9344130687, 35.1903842012, 1.47817405254, -1.9044379372, 3.07434622168, 202, 2019
Z, 100, 0.9993297658323427, 50.3648598618, 43.4596479738, 1.15023048816, 0.0102388557716, 0.0269650446189, 205, 2019
N, -100, 0.32250451351754783, 21.4858839524, 22.239949083, 0.844973713657, 0.784720525111, 0.542684996279, 205, 2019
E, -100, 0.5575487682242557, 35.2665870906, 17.1370168577, 2.04015105511, -1.8472741781, 2.8080455143, 205, 2019
Z, 100, 0.9990169240348292, 100.672879966, 95.2438944796, 1.05810076008, -0.0606365900365, 0.0169647974251, 208, 2019
N, -100, 0.633437593983586, 62.1553721752, 27.5734948021, 2.05703045473, -2.11183236105, 2.85260013822, 208, 2019
E, -100, 0.8794598844036523, 55.1096509904, 34.3827654443, 1.64987130004, 0.50250928837, 0.0209782926853, 208, 2019
Z, 100, 0.9994343932158535, 165.157548215, 162.437044883, 1.01326017403, -0.0228744853115, 0.00634010745446, 211, 2019
N, -100, 0.876627729682095, 120.109343744, 49.0638229779, 2.39073562513, 0.507240855632, 0.00346627178733, 211, 2019
E, -100, 0.9213625031051393, 68.1882876576, 56.7367656647, 1.22440434944, 0.353335403777, 0.0628529977984, 211, 2019
Z, 51, 0.9994741630794556, 167.905154693, 162.729016389, 1.0238368622, -0.018484982917, 0.0101553287931, 214, 2019
N, -100, 0.8638000235015735, 117.038821103, 52.7358025533, 2.22569555025, 0.551294520992, 0.0910321595022, 214, 2019
E, -100, 0.7987278064158868, 56.4796705732, 55.4103969354, 0.959503534544, -2.55609027914, 3.24033372674, 214, 2019
Z, -30, 0.9994782705078924, 81.843389873, 72.4582272206, 1.13398989389, -0.00325964472999, 0.0135482402491, 217, 2019
N, -100, 0.8753564543575946, 46.0238355358, 42.7643714877, 1.11184591672, 0.404975304825, 0.0494271940614, 217, 2019
E, -100, 0.02603987067037958, 36.547631425, 25.8065786148, 1.63909690511, -1.44753237107, 2.95896210804, 217, 2019
Z, 100, 0.9943293183232772, 73.8708669144, 72.6289553577, 0.992951261598, -0.0759128557476, 0.0340494079542, 220, 2019
N, -100, 0.4907703265576228, 61.9927325141, 21.7766713501, 2.97271454715, 0.984802785239, 0.103257482825, 220, 2019
E, -100, 0.946554945564472, 43.3169949316, 25.9266446874, 1.7241679129, 0.19361952337, 0.12214742068, 220, 2019
Z, 100, 0.9989255091738471, 131.266938645, 127.41315942, 1.02504462795, -0.0446992727812, 0.00660127660646, 223, 2019
N, -100, 0.7979389376048412, 92.6139471346, 39.8525293801, 2.17881329193, 0.663079091214, 0.0500485115156, 223, 2019
E, -100, 0.8378039446891696, 59.7727484394, 45.3793970486, 1.23918550013, 0.617683972912, 0.0556718652843, 223, 2019
Z, 100, 0.9995953124189338, 134.921146826, 134.343137338, 1.00113163345, -0.0262709739295, 0.00360905574512, 226, 2019
N, -100, 0.8893625514727865, 104.778144121, 43.2226208184, 2.35108178886, 0.517613634495, 0.0769535999819, 226, 2019
E, -100, 0.8459578564947187, 45.2255140297, 45.7049627598, 0.987414025614, 0.580513549161, 0.0285421901135, 226, 2019
Z, 0, 0.9990000925683654, 100.891032482, 98.1229760146, 1.02158912016, -0.0132321849615, 0.0108498225958, 229, 2019
N, -100, 0.8859755489161034, 74.9483872928, 38.1054353931, 2.05126111064, 0.469879265799, 0.111992626834, 229, 2019
E, -100, 0.49713550863188427, 26.1710067127, 32.5099417492, 0.770396586323, -2.01308714892, 3.08698428333, 229, 2019
Z, 100, 0.9960094391926684, 40.0036252049, 34.6698134946, 1.13680333708, -0.0702155178517, 0.0484145299851, 232, 2019
N, -100, 0.8370244047475525, 31.0852426314, 28.0786917644, 1.24173746083, 0.443155498082, 0.0920434535229, 232, 2019
E, 100, -0.02232449831765216, 19.3802136026, 11.1086075822, 2.19161980231, -1.4814256143, 3.02460151442, 232, 2019
Z, 100, 0.9964480632440295, 66.6529873207, 65.5570635387, 0.99016208533, -0.0495760451105, 0.0327890997875, 235, 2019
N, -100, 0.3170325458164406, 49.8742069763, 17.6964401125, 3.17670762728, 1.1249159779, 0.27261341378, 235, 2019
E, -100, 0.882553598911437, 34.4310982973, 24.1144931533, 1.50798176437, 0.219027603997, 0.2616708701, 235, 2019
Z, 100, 0.9997659252951753, 131.452506745, 130.476024871, 1.00290060229, -0.0120528401112, 0.0130740028597, 238, 2019
N, -100, 0.7978706887944226, 96.2936027128, 38.7391813847, 2.29546983878, -2.46774665941, 3.06616978639, 238, 2019
E, -100, 0.9214483888374774, 50.3168160723, 47.1179834431, 1.03414675266, 0.470428086221, 0.107801713399, 238, 2019
Z, 100, 0.9995902737750183, 153.61849823, 149.006890885, 1.02393065765, -0.0206552869529, 2.67121650027e-05, 241, 2019
N, -100, 0.8816415073577326, 102.432434893, 45.6395786477, 2.18209998427, 0.511628883729, 0.0360052298724, 241, 2019
E, -100, 0.8628150726738519, 57.773028935, 51.7135567423, 1.08806113865, 0.543822716062, 0.0115768426876, 241, 2019
Z, 0, 0.9980314226124609, 84.3328204123, 79.954197217, 1.03481133892, -0.0211142611889, 0.0402144155943, 244, 2019
N, -100, 0.7997084506329626, 50.8894954821, 35.3562129855, 1.71435350649, 0.429761012599, 0.294938207431, 244, 2019
E, -100, 0.3846446366107042, 15.9382623315, 25.0102029828, 0.557206480151, 0.816570690198, 0.547155174113, 244, 2019
Z, 100, 0.9908018436731924, 56.8370223608, 56.5941062442, 0.962600417129, -0.0745462229596, 0.0648225539438, 247, 2019
N, -100, 0.29552284897687925, 58.9901493372, 18.8435917309, 4.03156279753, 0.973783543243, 0.809108216966, 247, 2019
E, 100, 0.9514943369367601, 39.1757028227, 19.997004261, 2.07725450106, -0.242399348555, 0.23740356283, 247, 2019
Z, 100, 0.9986843278108726, 111.69087052, 110.988356032, 1.00019915428, -0.0156220879313, 0.0356647099798, 250, 2019
N, -100, 0.7465724241435509, 76.2206471318, 32.2905115929, 2.25334127658, -2.42959905677, 3.16202785438, 250, 2019
E, -100, 0.8974835719870424, 48.5990690117, 39.6177060299, 1.16381035445, 0.430671253213, 0.00423634673991, 250, 2019
Z, 100, 0.9978088913017557, 116.134819466, 113.699024854, 1.01967119657, -0.0727922512613, 0.00847988168608, 253, 2019
N, -100, 0.7241188020796862, 84.5419482778, 36.7255513936, 2.19051359911, 0.799219458326, 0.0900186858334, 253, 2019
E, -100, 0.8721480595674153, 61.6888924868, 40.5994879991, 1.50388754889, 0.435868206771, 0.0866769900105, 253, 2019
Z, 100, 0.9974244447013725, 83.2235541378, 82.010381696, 0.999804534508, -0.0861631921228, 0.0347924360621, 256, 2019
N, -100, 0.7930463303526781, 72.4309739197, 29.3724643307, 2.59018073621, 0.71038079683, 0.190636240246, 256, 2019
E, -100, 0.9024880456114682, 33.4830426181, 26.6353984174, 1.26429161871, 0.350096365109, 0.00876185898991, 256, 2019
Z, 100, 0.9836578819371985, 21.3189144704, 22.6686320616, 0.930705272796, -0.0922380109571, 0.0638541485933, 259, 2019
N, -100, 0.7721351502847655, 38.9945738428, 22.3371929905, 2.10882388891, 0.302057336611, 0.297891341217, 259, 2019
E, 100, 0.40258525153391644, 16.0099419568, 8.53730633665, 3.36097237561, -1.12874060978, 0.22867123514, 259, 2019
Z, 46, 0.9975514734066248, 59.6711865505, 60.7210777116, 0.957150810441, 0.0349998872311, 0.0500008974468, 262, 2019
N, -100, 0.541928089895448, 55.7796902024, 14.996786083, 4.14314706447, 0.485322640211, 0.498413091943, 262, 2019
E, 100, 0.36956192232687674, 14.9897015907, 22.1583012754, 0.470269027153, -0.907937951636, 0.593516261768, 262, 2019
Z, -100, 0.9993572845609944, 114.89697589, 112.836719676, 1.00999451887, 0.0435020385834, 0.0229130183074, 265, 2019
N, -100, 0.6613365062203153, 66.287671847, 30.8833702227, 2.07199396392, 0.90229757251, 0.0961054254616, 265, 2019
E, -100, 0.1715645261686343, 12.4909396687, 41.1866614837, 0.249829517378, -1.80914110054, 3.53485569658, 265, 2019
Z, 0, 0.9998158614840309, 129.109614805, 127.272540534, 1.01228084974, 0.000823003715082, 0.0152196466548, 268, 2019
N, -100, 0.7297201773180148, 80.6425338909, 38.5738583797, 1.98614021753, 0.780102095071, 0.0480101761586, 268, 2019
E, -100, 0.8404449166070163, 21.0404941879, 46.0815929007, 0.480633010136, 0.670714138795, 0.170803596743, 268, 2019
Z, 100, 0.9984417416425551, 78.7206273384, 74.2223289486, 1.05912353685, -0.059258619016, 0.00339182677028, 271, 2019
N, -100, 0.7254704927549436, 51.2486389194, 25.7271168521, 2.07477646085, 0.797939675189, 0.127795669603, 271, 2019
E, -100, 0.8232739472141845, 20.6181759994, 23.139619925, 0.883558905143, -2.47422764882, 3.05319094518, 271, 2019
Z, -100, 0.9960109108635437, 64.9194445335, 65.2215407144, 1.00221644279, 0.0702988535356, 0.00356684281968, 274, 2019
N, -100, 0.6602899136304937, 47.976235058, 19.3499407298, 2.53692448991, 0.169919867463, 0.168840663607, 274, 2019
E, -100, 0.9602608596380428, 18.5230032263, 22.7683101705, 0.691230256528, 0.0125173402074, 0.135530076251, 274, 2019
Z, -100, 0.9992528730738746, 119.588890088, 120.458151847, 0.99266179144, 0.0408650909399, 0.0286007114518, 277, 2019
N, -100, 0.8904317144451869, 79.6616851564, 31.6363028186, 2.59445620197, 0.293274373678, 0.129655967219, 277, 2019
E, -100, 0.8612255193252563, 37.4314990965, 43.4938200359, 0.791602667888, -2.56021877509, 3.24562380876, 277, 2019
Z, 100, 0.9997493019977299, 108.921180693, 112.623938244, 0.965449513663, -0.00598914707114, 0.0112800259864, 280, 2019
N, -100, 0.8953571628075008, 86.7224649783, 33.6690430227, 2.46217009107, -2.64787991595, 3.06855465157, 280, 2019
E, -100, 0.8792582149211526, 39.3269458715, 40.8626135707, 0.88110150848, 0.423779514879, 0.0894522891763, 280, 2019
Z, 0, 0.9998274378357159, 67.6364699901, 68.4467412372, 0.988097653873, 0.01067019803, 0.0134668992324, 283, 2019
N, -100, 0.9574741248810712, 53.3132323629, 25.9431700623, 1.89801949443, 0.231632524485, 0.0528459352226, 283, 2019
E, -100, 0.44388204569871337, 14.504098905, 24.1297378036, 0.572044994825, 1.24618633289, 0.216039995553, 283, 2019
Z, 100, 0.976811736448293, 18.5195033426, 18.615504962, 0.96873061424, 0.146780173226, 0.165105076046, 286, 2019
N, 100, -0.2018197356056074, 34.7307793515, 12.827586521, 2.70145823381, 1.78861860872, 0.0648025842434, 286, 2019
E, 100, 0.22127099809998688, 9.46417780871, 6.73026256429, 1.19781938073, -1.53231768402, 1.31902715278, 286, 2019
Z, -100, 0.9990574359652084, 82.3196780865, 80.7263400998, 1.02308958339, 0.0390413205306, 0.00752829406557, 289, 2019
N, -100, 0.7876665249663832, 42.4276031059, 20.8481575229, 2.09923111645, 0.480543867918, 0.0815329151337, 289, 2019
E, -100, 0.7773845589862219, 24.0914629243, 30.3531328362, 0.733024375603, 0.722484057667, 0.0943100263963, 289, 2019
Z, -100, 0.9996620462565075, 126.990505623, 127.086908234, 0.993971592619, 0.0259002560747, 0.0159576643139, 292, 2019
N, -100, 0.8370348125347438, 84.971608362, 33.2378122735, 2.64093243606, 0.511289358715, 0.0583895076566, 292, 2019
E, -100, 0.8294099044209864, 42.3575842325, 47.5109291145, 0.857435602053, -2.5156954092, 3.18643818128, 292, 2019
Z, 100, 0.9998353296153134, 128.341397018, 131.057806462, 0.981462898563, -0.0160466399447, 0.00937130014305, 295, 2019
N, -100, 0.8230652798533048, 92.6130531275, 36.3110874198, 2.47107021031, -2.4925477067, 3.0601697495, 295, 2019
E, -100, 0.9182312446098367, 50.4148242584, 47.8216498785, 1.03098343651, 0.417965494685, 0.00134307941514, 295, 2019
Z, 0, 0.9995212187877147, 71.4455125496, 72.8011487262, 0.974166039202, -0.0121251391391, 0.00675068869424, 298, 2019
N, -100, 0.9584370573158351, 54.5582266932, 26.4022794923, 2.1415593337, 0.279536894424, 0.151269882932, 298, 2019
E, -100, 0.82204815314133, 24.0738001398, 26.9144051646, 0.797287248389, 0.48773413608, 0.183660538699, 298, 2019
Z, 0, 0.9998838885734445, 78.7896274483, 77.7589200583, 1.01681684053, -0.0016244752511, 0.00650529564442, 301, 2019
N, -100, 0.7871518951876793, 46.2561250826, 23.2992048277, 2.02730345343, 0.545496321324, 0.0756292774607, 301, 2019
E, -100, 0.8369813467764504, 22.1491880719, 26.104701102, 0.850505636135, 0.579386695586, 0.0224576528082, 301, 2019
Z, 0, 0.9999082697322732, 145.424517391, 144.438385886, 1.00885369422, 0.010202555221, 0.00712534547043, 304, 2019
N, -100, 0.8539058832036978, 92.7758324172, 40.0411558368, 2.39316683295, 0.388822330703, 0.124082144986, 304, 2019
E, -100, 0.8330922827061845, 50.5608027272, 55.527704361, 0.896208050342, 0.582970467704, 0.0141733538231, 304, 2019
Z, 81, 0.9999284593125877, 141.569829003, 142.228168771, 0.997850257369, 0.000195375064986, 0.00906081436054, 307, 2019
N, -100, 0.8517329908682686, 90.8409869266, 37.5937169397, 2.41181824438, 0.547721866426, 0.000579873714364, 307, 2019
E, -100, 0.8589577720841283, 56.1904794443, 52.536717523, 1.04430050926, -2.57831746695, 3.16421818225, 307, 2019
Z, 100, 0.9998655728771111, 87.1243851294, 88.7797446239, 0.979092346572, -0.0219496771774, 0.0014507731338, 310, 2019
N, -100, 0.9191338700870872, 58.0522458747, 29.0521541991, 1.96014966367, -2.68294244547, 2.97319234624, 310, 2019
E, -100, 0.9487187793481088, 34.7262894332, 32.8993328417, 1.03844728049, 0.344034100175, 0.0165541445858, 310, 2019
Z, -100, 0.9946597915905678, 27.7879709069, 28.7288378723, 0.968838104301, -0.0208081858725, 0.0756558147444, 313, 2019
N, -100, 0.8821388774362908, 24.6394673354, 17.8833047, 1.43829278812, 0.223965084915, 0.315962808928, 313, 2019
E, 100, 0.6433078870022866, 15.0652581581, 9.5725146032, 1.33610359359, -0.100063428812, 5.67218080184, 313, 2019
Z, 0, 0.9999569892493201, 98.8265504125, 96.9298305108, 1.02146959384, 0.00198112442086, 0.00120016860029, 316, 2019
N, -100, 0.7756013643897082, 61.4309783739, 26.1372593673, 2.4866305482, 0.491998012791, 0.187811402028, 316, 2019
E, -100, 0.7347271106475778, 38.9711045642, 34.7863772698, 1.07017281323, 0.846336780662, 0.139090608961, 316, 2019
Z, 0, 0.9999608216747102, 155.72093006, 152.693216431, 1.02076356381, -0.00189039392058, 0.000483284018027, 319, 2019
N, -100, 0.8404658199641788, 95.8045621584, 41.6342132671, 2.34730908308, 0.470405959532, 0.0897687258766, 319, 2019
E, -100, 0.7840240684407004, 67.5620854792, 57.9489121125, 1.13383819342, 0.672690496734, 0.0114957864484, 319, 2019
Z, 100, 0.9998647178244106, 161.346868531, 159.29322772, 1.01428056912, -0.0143825727592, 0.00190033081571, 322, 2019
N, -100, 0.8141246556274468, 102.063827401, 41.9267329307, 2.47122808324, 0.618332535206, 0.00232516786655, 322, 2019
E, -100, 0.8249621572482658, 68.4507121666, 59.6497242163, 1.16438604114, -2.51573323684, 3.16592594008, 322, 2019
Z, 100, 0.9995755035719531, 98.7142545032, 102.106980311, 0.966736824191, -0.0230737568342, 0.00425018991838, 325, 2019
N, -100, 0.9575746285938089, 64.4206817169, 29.083111099, 2.18273242193, 0.305852152172, 0.0622732567013, 325, 2019
E, -100, 0.9772485016132354, 44.911297797, 37.9536070012, 1.07445298857, 0.0739566694597, 0.0938948519514, 325, 2019
Z, 100, 0.9997158726418189, 75.8037034176, 74.6442255441, 1.0111487641, -0.0186566995578, 0.0103517161459, 328, 2019
N, -100, 0.4972437730350485, 41.6141328025, 22.8319413236, 1.9561308122, 0.871549327175, 0.186076848032, 328, 2019
E, -100, 0.7766741359531447, 24.9713688608, 24.635830382, 1.0229095209, 0.750535255118, 0.0571880806545, 328, 2019
Z, 45, 0.9999151328000995, 160.122578976, 157.713438528, 1.01519096558, -0.0118421726985, 0.00190904049352, 331, 2019
N, -100, 0.8167887617499545, 106.858743231, 46.0385652635, 2.37327845606, 0.566731466661, 0.0496090997665, 331, 2019
E, -100, 0.76406791267966, 64.2301554845, 57.8423803246, 1.08046384232, 0.737185476862, 0.0489338970285, 331, 2019
Z, 0, 0.9999539421533078, 173.780869169, 172.261853504, 1.00772593588, -0.00105781598947, 0.0042429742826, 334, 2019
N, -100, 0.8662307535328905, 115.045489169, 47.2662982847, 2.50586104125, 0.40109831968, 0.117711870506, 334, 2019
E, -100, 0.7884260027785053, 70.6806465578, 66.9142780522, 1.04271847319, 0.681494047816, 0.00742145579629, 334, 2019
Z, 70, 0.9999675579750497, 129.376825419, 129.062992578, 1.00606196201, -0.00022509723081, 0.0074541255543, 337, 2019
N, -100, 0.9010418474649338, 73.4570562343, 35.022290139, 2.08084726558, 0.453743075577, 0.0126476136389, 337, 2019
E, -100, 0.7772027861439879, 54.2267459385, 47.5881723876, 1.13835371693, -2.42883516241, 3.15571038183, 337, 2019
Z, 100, 0.9998141557257243, 58.2245439429, 57.9867838669, 1.00543958177, -0.00817617192137, 0.0146249014772, 340, 2019
N, -100, 0.9097181740619115, 31.4802786683, 23.057036702, 1.28591537065, -2.75015522132, 3.17121145431, 340, 2019
E, -100, 0.7715410965705628, 20.8564539413, 21.7297543155, 0.848539637715, -2.92971024503, 2.62640728322, 340, 2019
Z, 100, 0.999597440593852, 92.7243709393, 92.1582283478, 0.998580512986, -0.0194466359791, 0.0114628225873, 343, 2019
N, -100, 0.5019998828584039, 59.2487349723, 26.0155623826, 2.44136484016, 0.964658877418, 0.0803911625444, 343, 2019
E, -100, 0.6898310655336516, 35.8126061735, 31.8471181365, 1.19949880777, 0.801436616308, 0.00782387128107, 343, 2019
Z, 100, 0.9997279166388501, 163.163691353, 162.063000716, 1.00485767047, -0.0210757398415, 0.00220831160291, 346, 2019
N, -100, 0.8147730902861441, 101.501308039, 46.0491082233, 2.28103424914, 0.578188886244, 0.0492682675931, 346, 2019
E, -100, 0.8431703664847268, 65.3416928179, 59.3005453884, 1.11712170017, 0.530529704416, 0.0610755002282, 346, 2019
Z, 0, 0.9999699682915434, 186.058934903, 184.53425771, 1.00893505623, 0.00475024122861, 0.0049664772564, 349, 2019
N, -100, 0.8911704191156403, 119.865986889, 50.6685719504, 2.44941361597, 0.376748558109, 0.0919284679673, 349, 2019
E, -100, 0.8796466836883692, 74.7817153471, 71.3566111863, 1.05064505662, 0.520378174471, 0.0249818568403, 349, 2019
Z, 7, 0.9998060953859463, 140.47889556, 140.15865915, 1.00737962679, 0.0118847516317, 0.0183879817902, 352, 2019
N, -100, 0.9291670335526585, 79.5179034624, 34.1542787037, 2.24798144585, 0.213845261533, 0.163640165719, 352, 2019
E, -100, 0.9390471274482491, 53.10028998, 52.1832333921, 0.962067821994, -2.8074133661, 3.12609582127, 352, 2019
Z, 70, 0.9996192199891235, 60.3681182258, 59.9411746381, 1.00837375495, -0.0242534672259, 0.0280656427759, 355, 2019
N, -100, 0.5276284087552607, 37.6173875762, 20.3449629578, 1.77940769894, 1.73129920091, 0.719438842494, 355, 2019
E, -100, 0.7116266669426349, 21.9650973829, 20.2368067889, 0.774922885489, 0.330311021685, 0.0317493470393, 355, 2019
Z, 100, 0.9994953176185326, 146.845079936, 146.594211158, 0.995466557609, -0.0247278110165, 0.00438346708854, 358, 2019
N, -100, 0.7252089362470284, 107.126023995, 43.9268500949, 2.56973556198, 0.701982199392, 0.0549323512867, 358, 2019
E, -100, 0.7379905017248751, 57.6633135952, 50.3930270721, 1.15895514013, 0.777202413413, 0.0482172538486, 358, 2019
Z, 0, 0.9999219597362325, 182.874543568, 180.837799608, 1.01242905892, -0.0122394022622, 0.000203935272792, 361, 2019
N, -100, 0.8824203144393261, 128.080963868, 52.5052289424, 2.49635984794, 0.401427707749, 0.0913162473342, 361, 2019
E, -100, 0.781253296213713, 80.7469548348, 68.8767421763, 1.17352045714, 0.67818121216, 0.00946462523368, 361, 2019
Z, 100, 0.9999100447401178, 155.544263948, 153.787389413, 1.01384241354, -0.0123127383913, 0.00310364476653, 364, 2019
N, -100, 0.9043790808731326, 100.362959229, 41.7213557203, 2.39598961729, 0.307618087023, 0.128442084122, 364, 2019
E, -100, 0.8184397590221472, 70.484650283, 60.1171857484, 1.15031081572, 0.609801415094, 0.029967349652, 364, 2019
