Chan, Phase Shift, Correlation, ptp-data, ptp-synthetic, rat, phasem, phasestd, DOY, Year
Z, 100, -0.6178799858335817, 1399.4132258, 18.4568836408, 92.8634809411, 0.815118431152, 2.80173585736, 1, 2019
N, 100, 0.7317069626557148, 40.1225290895, 32.3079732355, 1.01396732071, -0.207383132438, 2.77075497877, 1, 2019
E, 100, 0.6654308489415138, 77.906072679, 31.3235332338, 2.70158826339, 0.815652469656, 1.17786565716, 1, 2019
Z, 100, -0.845973920764237, 1483.22842857, 26.5865210103, 55.7717494215, -1.09473156951, 2.8259577993, 4, 2019
N, 100, 0.8112690370476269, 60.6887381359, 42.2841864907, 1.71959852628, -1.70919963527, 0.968995537658, 4, 2019
E, 100, -0.2973427756273361, 661.477694668, 47.1418488139, 12.3245378955, 1.50979508679, 1.92772824182, 4, 2019
Z, 100, 0.10071856705627477, 355437.692606, 29.0891969846, 10759.3392621, -0.167617742154, 2.22018023084, 7, 2019
N, -100, -0.6350456948788229, 660.159421492, 43.1096241496, 14.0068743109, -0.793225315922, 1.60595621401, 7, 2019
E, 100, 0.1712441844401413, 1827.5355189, 52.7322199218, 30.3301981123, -1.99452441635, 1.22480234586, 7, 2019
Z, -100, 0.2050768564049783, 92376.0185559, 24.7853633373, 4446.96540449, 0.597849866177, 1.24759156245, 10, 2019
N, -100, -0.5954557794751261, 1061.40742924, 34.7855554552, 27.3817564639, 0.930011131389, 3.13831197208, 10, 2019
E, 100, 0.9459320508544855, 6126.61836451, 45.7732490893, 105.961924638, 0.452721422803, 0.914318335763, 10, 2019
Z, 100, 0.5341000157802818, 241728.709655, 15.6906229907, 14383.8322842, -0.479094810149, 1.16999019614, 13, 2019
N, -100, -0.4036644345607464, 366.25804684, 21.9713680236, 13.9897548189, -1.40192903798, 2.04823775417, 13, 2019
E, 100, -0.38329580303312927, 2457.24768827, 30.003854853, 69.8630285406, -2.39883252681, 2.62678598951, 13, 2019
Z, -100, 0.031144032470521874, 2193.19475964, 15.754498556, 133.952214694, 1.96405539508, 0.699299378129, 16, 2019
N, 100, -0.8048123671842201, 409.983614007, 26.0934165739, 16.3512654318, 1.53894866701, 1.60133857361, 16, 2019
E, 100, 0.07999866203060417, 592.129435141, 26.4211329668, 21.2938955744, 0.310263532374, 1.37143763459, 16, 2019
Z, 100, 0.6552486442208446, 1046.75657159, 29.8076034175, 35.2937043441, -0.254064045654, 0.683151361744, 19, 2019
N, -100, -0.32776794742127247, 470.696542609, 47.1156948198, 9.63585536727, 1.39633236262, 2.89518969984, 19, 2019
E, 100, 0.16607672160397746, 281.87188547, 51.9357160187, 5.85052386174, 1.32529023881, 2.95568225924, 19, 2019
Z, 100, 0.3787011713442715, 748.644657917, 37.2544208696, 18.2636498353, -0.836881353672, 1.20998750943, 22, 2019
N, 100, 0.7384163406011064, 149.310622228, 57.5368784328, 2.61659580922, -0.996903678652, 0.463841230103, 22, 2019
E, -100, -0.4917516805996285, 1044.73332235, 66.6383393886, 14.0731995542, -2.08926761557, 1.78146544697, 22, 2019
Z, 100, -0.677705491819283, 1027.10457747, 31.077917854, 29.3833631535, -1.69468531123, 2.71668864233, 25, 2019
N, 100, -0.3338090566035898, 140.185753984, 47.4744252418, 2.46591152537, 2.0398148505, 1.86179026017, 25, 2019
E, -100, 0.13681439692029987, 1050.57301588, 56.8759949813, 15.8026834449, -2.78139501047, 2.60733100886, 25, 2019
Z, -100, 0.3594325417291981, 679.016841171, 16.2634256091, 34.2105724484, 0.949172652698, 0.429361215, 28, 2019
N, 100, 0.5085779188687536, 79.8055332464, 25.8036797192, 2.69019657786, 0.0972406523442, 1.6624296549, 28, 2019
E, 100, 0.6446936838751604, 812.782283618, 30.1607347749, 23.4381008156, 0.969824873561, 2.84027379096, 28, 2019
Z, -100, -0.8731961272002009, 606.977220041, 17.0568692526, 35.7244321141, 0.667219701116, 3.14625971254, 31, 2019
N, 100, 0.29628181977635076, 69.5344983137, 29.8236426963, 2.56716451506, -0.128790301252, 2.62020512657, 31, 2019
E, -100, 0.32380436505838683, 382.38911504, 28.7437006936, 12.0889743478, 0.866002968889, 0.627784357055, 31, 2019
Z, -100, -0.6611762741857276, 2976.93949036, 26.8440520151, 86.1529623544, -1.48810864539, 2.76547440467, 34, 2019
N, -100, 0.5962915712108823, 839.215552145, 42.0417633823, 14.7001558892, -0.106504609702, 2.86594622848, 34, 2019
E, 100, 0.5829072315758294, 4225.19814797, 47.9373935632, 68.6381081445, 0.00262910880813, 1.35678872925, 34, 2019
Z, -100, -0.5582612053548028, 3437.02308327, 30.8711529737, 115.709491208, -1.6474290135, 2.55609638271, 37, 2019
N, -100, 0.35957389102024767, 949.910395284, 45.0603223317, 19.272942648, 0.72191643359, 0.472459118336, 37, 2019
E, 100, 0.7223590680013338, 4869.97661225, 56.0836054307, 80.5349216877, -0.640706659063, 0.368218259897, 37, 2019
Z, 100, -0.2716709578167502, 1386.98475836, 27.3356143421, 39.1538383828, 0.549699682935, 2.63836617879, 40, 2019
N, -100, 0.08456063570818288, 34.6253944022, 38.1785902809, 0.895666669775, 1.35009244488, 2.33462415756, 40, 2019
E, -100, 0.6897343674568853, 1476.82384558, 50.313591857, 21.0877837259, -1.7626820663, 2.54865164043, 40, 2019
Z, 100, -0.647926143818263, 14727.1576372, 17.5320763672, 604.19178387, 0.534896167027, 2.90780442089, 43, 2019
N, 100, -0.724520602393936, 593.39470287, 24.1077070103, 20.3773209026, -1.65448287999, 1.60449136102, 43, 2019
E, -100, 0.5464975104356284, 2661.15311393, 32.5815862341, 80.309007592, 0.607992093213, 1.39151673382, 43, 2019
Z, -100, -0.3953900202184945, 15748.543882, 17.6262445045, 892.093742294, 1.58423520071, 2.91868995552, 46, 2019
N, -100, -0.40636886524882154, 730.451177018, 29.7223318028, 26.670681384, -0.979305675942, 2.70110911025, 46, 2019
E, 100, -0.10917737392656461, 3242.06498252, 28.8213814981, 112.116858376, -0.23074829743, 3.25548641308, 46, 2019
Z, -100, 0.6987035526285834, 1478.86796661, 34.0191258028, 43.691621127, 0.3503797732, 0.621396797425, 49, 2019
N, 16, 0.8060309138080867, 173.52580476, 54.0893284385, 3.01455518071, -0.654669767969, 1.87285730931, 49, 2019
E, 100, 0.4580483838701953, 609.924084998, 60.132897141, 10.2941891996, 0.194080777578, 3.13760747183, 49, 2019
Z, -100, 0.594019577593906, 7366.78351055, 39.9286178507, 135.830576559, 0.245877323667, 1.50363119643, 52, 2019
N, -100, 0.5802467628135335, 806.284346163, 61.5760885733, 9.68928253851, 0.624429816927, 1.33779216784, 52, 2019
E, 100, 0.6655316542429203, 1380.17579455, 71.8442687176, 13.9273802865, -0.717178247317, 0.803944851866, 52, 2019
Z, -100, 0.6752332964691787, 1295.387918, 29.6582739379, 38.4453012046, 0.60167694824, 1.66328030063, 55, 2019
N, -100, 0.8365567463383712, 171.444916761, 44.3632050792, 3.5363712585, -2.73936736777, 2.94323265481, 55, 2019
E, 100, 0.19753090138998664, 905.007389653, 54.770994176, 14.4406281904, -1.0330903563, 1.77574374949, 55, 2019
Z, 100, -0.0916227524021204, 1979.53561632, 13.46225413, 101.095895393, 1.17589956804, 3.06093741732, 58, 2019
N, 100, 0.6783674126029428, 159.866326049, 18.8109098682, 5.17749998691, -0.474181140667, 0.927976687309, 58, 2019
E, -100, 0.9080544772022903, 354.32262055, 22.8102102914, 13.5321157894, 0.491647837955, 0.482249179077, 58, 2019
Z, 100, -0.49805458619249826, 1973.37155362, 18.9217772284, 112.110547612, 0.243125388736, 2.05338989733, 61, 2019
N, 100, 0.6938412375019138, 1281.1399962, 32.0458317747, 37.5617936288, 0.262419543797, 3.19753776772, 61, 2019
E, -100, -0.780651837828384, 8272.03100757, 32.3472491343, 208.530402044, -0.591418761268, 2.25336412647, 61, 2019
Z, 100, -0.4360858239287302, 421.95497458, 29.6279070298, 17.0920289586, 0.0136503976517, 2.49516836437, 64, 2019
N, 100, 0.5273379902119988, 1460.46824121, 45.3620634419, 30.711203591, -0.756761991895, 0.668139190084, 64, 2019
E, -100, -0.449247720231688, 10358.4962151, 53.189813688, 189.50862695, 1.00194608052, 3.19739256356, 64, 2019
Z, 100, -0.38120757645189474, 889.586006381, 33.6038185438, 23.8545177057, -2.20643206888, 2.60573252551, 67, 2019
N, -100, 0.9296996549567957, 124.00095471, 48.4516012449, 2.52176300269, 0.226099017929, 0.128431633561, 67, 2019
E, -100, 0.042588463568345065, 331.960130163, 60.9727958439, 5.73311584437, -2.84309540945, 2.48855149603, 67, 2019
Z, 100, -0.7322985238833, 1925.88159636, 28.4732970661, 60.4567342956, -1.63274665307, 2.70012179977, 70, 2019
N, -100, 0.1619407188474609, 189.26164316, 39.5401925696, 4.71051647056, 1.30528415452, 1.4452627451, 70, 2019
E, 100, -0.26544770348646946, 1410.69574385, 52.3949511676, 23.8896690746, -2.71238155674, 2.60400807008, 70, 2019
Z, -100, 0.2543034141336354, 1396.29007962, 16.8086718671, 70.7398459571, -0.234156079325, 2.75305273635, 73, 2019
N, 100, -0.42301772429509316, 257.522581146, 22.2519445993, 10.6920877041, -2.59547915, 2.80659421375, 73, 2019
E, -100, -0.0825246651113361, 624.158855097, 29.5309910112, 22.3422932216, -0.0211152894838, 3.06922336053, 73, 2019
Z, -100, -0.026716488216264055, 261299.531759, 23.3678180736, 11441.8221878, 0.963001527335, 2.57198878729, 76, 2019
N, 100, -0.3158832479647748, 668.602132103, 38.861256527, 15.6903863714, -0.507376490207, 2.87280058519, 76, 2019
E, -100, 0.3136581247967749, 355.984552605, 39.1175631403, 11.4835158845, 0.450580377332, 0.82784761891, 76, 2019
Z, -100, 0.2468072178702934, 697109.60445, 38.5417143579, 15777.3260577, 0.375947285588, 1.34593729891, 79, 2019
N, 100, -0.1822591930527983, 791.459510034, 60.8081320643, 12.1911140977, 0.394711401225, 3.45451366846, 79, 2019
E, 100, -0.3018340355387193, 213.59390771, 68.5952286976, 3.18090271981, 1.0283593134, 2.19884119868, 79, 2019
Z, 100, 0.4608415591564053, 2237.54173702, 38.853232774, 50.116595405, -0.471607976187, 1.13467078237, 82, 2019
N, -100, 0.8513970941810028, 147.457755119, 58.9749475578, 2.93433559871, -0.161434593367, 0.252107791504, 82, 2019
E, -100, -0.8868390036936473, 935.31355519, 70.4606728928, 12.7119016915, -0.389234644751, 2.6031688618, 82, 2019
Z, -100, 0.642858150132491, 2028.29213899, 24.8503726576, 64.4906894528, 1.19453074655, 0.572507943741, 85, 2019
N, 100, -0.16503526839749577, 150.294226164, 35.3935639236, 4.5714084814, -2.92937331215, 2.75123845643, 85, 2019
E, -100, -0.6175885816722818, 417.412419776, 45.9270216657, 8.86987881441, -1.73771025177, 2.54829212285, 85, 2019
Z, 100, 0.34524647894191973, 859.2872266, 10.4198080305, 67.2492535567, -1.52761286493, 0.324789276692, 88, 2019
N, 100, 0.16114922429444076, 92.4716973676, 16.9597233257, 5.73481340227, -0.469642787022, 2.75939621785, 88, 2019
E, 100, 0.05079338511953153, 309.874099636, 14.883812878, 19.4894642516, -1.18915989577, 2.95441013545, 88, 2019
Z, -100, -0.5633360680121288, 689.489991769, 22.1249636846, 34.0263186258, -2.17455828971, 1.47149630226, 91, 2019
N, 100, 0.225821185712271, 241.663712953, 36.0078759651, 6.91937109139, -1.71960696146, 1.21380702164, 91, 2019
E, -100, 0.21353847103345028, 5963.47480175, 38.3896807157, 132.611342324, -0.469988113558, 1.3906647733, 91, 2019
Z, 100, -0.6164361259855006, 689.16395887, 32.3931417733, 20.6864278833, -2.28815893205, 2.67757860983, 94, 2019
N, -100, 0.7756870056939588, 138.588144643, 48.6567566649, 3.08221905809, 0.279250243392, 1.38218807991, 94, 2019
E, 100, -0.15581472418684802, 12272.7600258, 58.1898694002, 175.265911793, 0.44144174181, 2.17006426709, 94, 2019
Z, 100, -0.4249572636045559, 618.784093397, 34.5571640974, 17.8869877007, 1.18854370892, 1.27251653418, 97, 2019
N, -100, 0.9067191626708991, 152.438055938, 49.5942339456, 2.9836520434, 0.789201909696, 0.340350116442, 97, 2019
E, -100, 0.08282838690517301, 803.178859657, 62.6314441824, 12.234132017, -3.04105013894, 2.51835608774, 97, 2019
Z, 100, -0.11179948464237302, 315.372025408, 26.5016563218, 11.474725309, 0.705191440881, 1.88164219245, 100, 2019
N, -100, 0.8026727267758827, 144.636973362, 36.5681310713, 4.30697231177, 0.0145620205118, 1.80539766821, 100, 2019
E, 100, -0.8736375245877682, 223.457808744, 48.7163740171, 4.72908149745, -1.63990292316, 2.68261135131, 100, 2019
Z, 100, -0.11040329380869993, 522.103288331, 14.7863935122, 27.4333677551, 0.272178670123, 3.06034288639, 103, 2019
N, 100, -0.5471537767047625, 164.450566233, 21.3148515159, 6.78701649446, -2.3921019069, 3.1790903614, 103, 2019
E, 100, 0.5161741483376023, 234.076922931, 22.7533855675, 9.8617462519, 0.757276603936, 2.96543568365, 103, 2019
Z, 100, 0.6347949130341567, 956.121349339, 29.1980628648, 32.4419419117, 2.37876982207, 3.11603480314, 106, 2019
N, -100, -0.1944943321064856, 198.78428587, 47.7972547334, 4.79548000607, -0.547169381842, 2.57908237328, 106, 2019
E, -100, 0.7799986157931306, 252.083945921, 50.2134953609, 5.31590086409, -0.383871544333, 0.94709248495, 106, 2019
Z, 100, -0.14174014298247223, 520.59268734, 38.4974877708, 14.2119349663, 0.921297731447, 1.04005220061, 109, 2019
N, 100, 0.7407380905607197, 188.26111898, 60.1765892399, 2.84137204016, -0.582228425969, 1.34395581536, 109, 2019
E, -100, 0.5956458921024521, 707.59634065, 68.8928735203, 9.64345498469, -1.01810620872, 1.83462368779, 109, 2019
Z, -100, -0.21808651251547262, 105.248311543, 33.2562598194, 3.82802602059, -0.46198832449, 2.88830705486, 112, 2019
N, 100, 0.9524130770802597, 190.197512188, 49.3204007373, 3.69683965818, 0.307977356482, 1.75813097806, 112, 2019
E, -100, 0.02770508114564166, 228.073144711, 61.0536949146, 3.25064897911, -2.46273783014, 2.54707909691, 112, 2019
Z, 100, -0.41330574620201094, 1109.81152387, 19.4547575851, 44.2594635153, 0.39479177449, 3.00845894309, 115, 2019
N, -100, 0.7619151838498115, 271.032096139, 25.9706418205, 10.2171844775, -3.62792296579, 2.7595383799, 115, 2019
E, -100, -0.49392467729914824, 7839.38455813, 35.3057093989, 150.957158597, -0.624422015115, 1.94719598465, 115, 2019
Z, 100, 0.03572019339521687, 1915.16375865, 11.4114674814, 153.880632999, 2.06943953174, 2.83186387882, 118, 2019
N, 100, -0.2987304915246118, 124.104138901, 20.8258930519, 5.97781807725, -2.11075337975, 2.66372421912, 118, 2019
E, 100, 0.23083713563509536, 8868.38259497, 18.9467362166, 455.952980162, 0.0248350700214, 2.99825631298, 118, 2019
Z, 100, -0.04860100662739019, 1235.68419412, 24.7458931983, 54.9897616296, -2.27639915424, 2.85812066285, 121, 2019
N, -100, 0.5067406235859576, 1142.40121054, 38.8767583031, 23.3706176281, -0.212861813215, 2.746093456, 121, 2019
E, 100, 0.7766150582262245, 6200.81514675, 42.9845788386, 120.741721513, -0.691722883339, 0.354583174088, 121, 2019
Z, 100, -0.35147867757907414, 1399.9584246, 33.5160795636, 38.7159939781, -2.13001655265, 2.64751028168, 124, 2019
N, -100, 0.16835784168037057, 1253.24287174, 49.8173381392, 22.8361037886, 0.213458350705, 2.2186816229, 124, 2019
E, 100, 0.7660849299261354, 6660.72845514, 59.9162290157, 102.915719335, 2.533245063, 3.36247229359, 124, 2019
Z, 100, 0.26672163396620896, 316.651439872, 32.9550711691, 9.61853251896, -0.693437640402, 0.607949564627, 127, 2019
N, 100, -0.47954501308225167, 2307.64447309, 47.3823600337, 36.6781040188, 0.792305366837, 2.55097508184, 127, 2019
E, -100, 0.6469952199876406, 2124.98373682, 59.7357453364, 27.7791299393, -2.57554893457, 2.70792103448, 127, 2019
Z, -100, 0.08873872883000082, 630.767715658, 23.2467472326, 21.2137913321, 1.73394221968, 0.974618164675, 130, 2019
N, 100, -0.8475812587472599, 2372.47223183, 31.9136862461, 64.3434157192, -1.75555819588, 3.22900804923, 130, 2019
E, -100, 0.3820083636692054, 2175.77742742, 41.7735124033, 44.0237910218, 0.300753967379, 1.20966910936, 130, 2019
Z, 100, -0.8041271125586622, 1282.0990891, 17.6615517658, 51.5229388376, 1.74075319237, 2.99013936748, 133, 2019
N, -100, -0.34553052368167725, 94.9376473442, 30.8362908804, 3.33912179986, 0.470257481564, 2.80890773753, 133, 2019
E, -100, -0.2942840440342601, 305.296518388, 29.7158616226, 8.98562347499, -1.38492663575, 2.73966045806, 133, 2019
Z, -100, -0.49939569605249334, 1787.62734119, 30.5155161131, 55.6328479693, -0.663730308045, 2.70943230579, 136, 2019
N, -100, -0.26891587533545347, 224.49411889, 49.5795329303, 4.55477132998, 0.783233224797, 3.09442191679, 136, 2019
E, 100, -0.05347207475060724, 158.640127026, 53.3933341293, 2.70735246661, 1.22905963485, 0.828406337659, 136, 2019
Z, 100, 0.5351949479516787, 193.523868714, 34.081349926, 5.50834055007, 0.548328318078, 0.848105918932, 139, 2019
N, 100, 0.852018450780507, 87.9910378006, 52.584229293, 1.55011653001, -0.325234492152, 1.24798364207, 139, 2019
E, 100, 0.547979119407141, 86.1021039735, 61.1449309597, 1.32010140031, -0.000172819993729, 2.83912856285, 139, 2019
Z, -100, -0.04094194456975187, 742.469789283, 27.2699204634, 21.0217537103, 0.245666592122, 1.42788740035, 142, 2019
N, -23, 0.8282143370357367, 318.159771241, 39.2943560161, 7.64787870379, -0.506409357637, 0.358710605366, 142, 2019
E, -100, -0.0191381926857772, 166.538752395, 50.3369444707, 3.05814163464, -1.19334674405, 1.42506038855, 142, 2019
Z, 100, 0.37907291073450256, 2295.22060248, 16.5578631892, 126.04909551, -1.76539412824, 1.59034217118, 145, 2019
N, -100, -0.6933682350111356, 477.466845995, 21.1325031342, 18.83923071, -0.518918926297, 2.66374266081, 145, 2019
E, 100, -0.5556006018401743, 144.628396878, 28.8449485874, 4.32822585123, -2.34929224732, 2.57517508423, 145, 2019
Z, -100, 0.7424198936499232, 1607.71297346, 13.8955348833, 110.369200685, 0.853591276702, 0.515069951894, 148, 2019
N, 100, -0.23530915503852665, 4192.04979967, 23.3960975993, 137.097613575, -0.425529009249, 1.35876256501, 148, 2019
E, 100, 0.25833200390764693, 114.58641815, 23.6253373392, 4.79923417065, -1.61617214577, 1.97293673326, 148, 2019
Z, 100, 0.9133039977669111, 1118.69822544, 25.9404609709, 36.9671973966, -0.273371090018, 1.01232855952, 151, 2019
N, 100, 0.6815013462387305, 141.070992399, 40.0896292651, 3.24384106635, -1.83493985832, 0.677897838975, 151, 2019
E, 100, 0.7247680332565795, 83.1336749877, 45.1442136179, 2.19373347628, -0.994522939556, 1.02874397696, 151, 2019
Z, 100, 0.8324993876113737, 1219.58470882, 33.0227997045, 38.3847267682, 0.586956413311, 1.29903771872, 154, 2019
N, -100, 0.5245703747577644, 220.485004488, 49.3839595265, 4.0436790774, 0.946318350578, 0.53409339571, 154, 2019
E, 100, 0.9695294567773647, 83.3143395087, 58.9337359363, 1.19222563906, 2.56146283973, 2.93141217655, 154, 2019
Z, -100, 0.7389145376144584, 521.919154721, 30.819035785, 16.3152562666, -0.216152527341, 0.373099559678, 157, 2019
N, -100, 0.8205539108489054, 95.5958205016, 44.8347234835, 2.25181931632, -0.0186735012179, 0.332966737452, 157, 2019
E, 100, 0.920080191560325, 35.2318036453, 55.8585817468, 0.610666544947, -0.889137349074, 0.492455782612, 157, 2019
Z, -100, 0.10166525083754216, 2782.1580611, 22.1232553507, 96.8977533337, 1.06952161374, 3.09675352339, 160, 2019
N, -100, 0.22010343261443296, 116.384313793, 31.0574338103, 3.3193162232, -3.09702904203, 2.63976813961, 160, 2019
E, 100, 0.9091621305986569, 51.6802898624, 37.527229348, 1.38875269207, -0.787386905255, 0.195372322262, 160, 2019
Z, 100, -0.051001367490466416, 2996.80988927, 19.777740588, 136.457752431, 1.19021306659, 0.573455444949, 163, 2019
N, 100, 0.7199058121988835, 123.998706699, 34.2012356348, 3.74722672496, -0.313892810673, 2.89954004208, 163, 2019
E, -100, 0.8313283167384216, 401.505252508, 33.8177912465, 8.87222621359, -1.673552897, 1.23818257191, 163, 2019
Z, -100, 0.9537999217942278, 3374.8853123, 27.8323825639, 111.64918487, 0.0868024537094, 0.231953221584, 166, 2019
N, 100, -0.5806798369534726, 8967.29917781, 45.0984923797, 153.154031283, 0.339962207664, 3.02636750529, 166, 2019
E, 100, -0.11698181667951171, 1834.1028473, 49.08745035, 31.495635279, 0.147974693939, 2.02241981385, 166, 2019
Z, 100, -0.5160254848235424, 4498.72436624, 29.6855376111, 132.21658113, 0.551204686219, 1.21517846993, 169, 2019
N, -100, -0.9236169237543597, 20481.4225882, 45.032070276, 341.382191447, 0.973936076065, 2.83483929702, 169, 2019
E, -100, -0.6359012774846181, 18017.056999, 53.4301607538, 266.073858232, -1.52397684737, 1.33041306986, 169, 2019
Z, 100, -0.8551884989056331, 813.340274687, 24.3978186907, 30.4809126098, 2.07891985789, 1.30585400238, 172, 2019
N, 100, 0.5045137631141008, 3186.01904375, 34.4405111095, 76.0304930991, -0.963027360335, 1.5097442454, 172, 2019
E, -100, 0.2774461979247058, 4452.98901569, 44.9502689539, 91.1152470459, 0.69667217519, 1.09095837225, 172, 2019
Z, -100, 0.18481231835726797, 306.75813201, 16.5216091861, 18.309538787, -0.317083471295, 3.0772835786, 175, 2019
N, -100, -0.7549717296343819, 31628.8189131, 21.1787296048, 1052.83873693, -1.62273553867, 2.06840640358, 175, 2019
E, 100, 0.1115658582407802, 7205.03360104, 28.4446176195, 203.994954547, -0.430544652115, 2.38763392486, 175, 2019
Z, -100, 0.5085294351994704, 504.159761684, 15.0437671694, 31.5138017207, -0.927345990248, 1.60188616641, 178, 2019
N, -100, -0.7621870930310684, 24074.5542822, 24.5311830149, 1057.03061445, -0.549649478128, 2.86347107332, 178, 2019
E, 100, 0.7376635511945359, 19081.3426279, 25.8240786869, 598.484293143, -0.753183837527, 1.97338396542, 178, 2019
Z, -100, 0.5378451765435442, 777.559976495, 26.3915801525, 27.9428015069, -0.271664096281, 1.78288837187, 181, 2019
N, 100, -0.897060146954271, 8231.31017557, 41.0285719638, 236.251111818, 1.23846818529, 2.94603834002, 181, 2019
E, 100, -0.42004160743126095, 175317.967096, 45.9332896562, 2982.14432651, 1.70941540677, 3.414060436, 181, 2019
Z, 100, 0.13626408561951242, 1363.03036166, 33.3813862079, 35.3757620215, 0.28451020823, 2.56645735018, 184, 2019
N, -100, -0.7967477575681042, 8255.41347231, 50.6042213026, 157.539676824, 1.14589531269, 3.04353374681, 184, 2019
E, 100, -0.689634701985433, 230679.063121, 59.4280664048, 3859.09428667, -0.422164771201, 3.05156493341, 184, 2019
Z, -100, 0.7078663922892806, 297.797135473, 30.9884082657, 10.7230851312, 0.318465127203, 0.304193224185, 187, 2019
N, -100, -0.25603613711254414, 3287.04334485, 45.8185446213, 55.5294199922, 1.81711387197, 2.96229733112, 187, 2019
E, 100, 0.8275045845957454, 7021.64236395, 55.9677918397, 95.4209550915, -0.440210719229, 1.46167256736, 187, 2019
Z, -100, 0.5321473769350955, 385619.601212, 22.1332379591, 14463.6706725, 0.0701643025659, 2.42235412084, 190, 2019
N, 100, 0.08754035396620816, 2704.23949426, 31.9931316739, 68.3354755471, -1.70837560363, 1.7161335629, 190, 2019
E, -100, -0.6130260332914278, 1718.30511892, 36.8706346345, 37.6611668372, -1.04611772883, 3.01393321927, 190, 2019
Z, -100, 0.8995952781892185, 154603.195618, 17.9838386673, 7316.74287301, 0.810495012697, 1.53434292134, 193, 2019
N, -100, 0.8476930433406689, 6773.13265007, 31.6713009449, 165.987088689, -0.617940727737, 0.793188183609, 193, 2019
E, -100, -0.15717038141861825, 3933.74522409, 30.8002264709, 93.3371430293, 1.18616219261, 2.52034629542, 193, 2019
Z, 100, -0.2857461615849187, 2960.06589253, 25.8614999781, 109.530914226, -1.76355817479, 2.51819930359, 196, 2019
N, -100, 0.5842133482543994, 1370.03415682, 41.5690012552, 28.6940906223, 0.292819604968, 1.91578244748, 196, 2019
E, 100, 0.8328009722284198, 7014.07066162, 45.8814577093, 121.629514518, -0.162611557996, 1.71742102756, 196, 2019
Z, 100, 0.5929955130873107, 946.980825598, 28.6825988742, 27.3653731759, -0.573243647107, 0.394204537581, 199, 2019
N, 100, 0.5824342673960532, 2112.12521831, 42.7127494313, 38.9027370877, 0.627581575024, 0.922311248811, 199, 2019
E, -100, 0.8412740354027062, 5022.32243572, 51.9728187448, 93.0469278393, -0.154669732592, 0.400419987801, 199, 2019
Z, 100, 0.5736043008881558, 1145.1649433, 24.9605961224, 40.0022450282, 1.1546525151, 2.80774295603, 202, 2019
N, 100, 0.6483282142676691, 1515.72971365, 34.6697340836, 39.4627333429, 2.49414601467, 3.41802197824, 202, 2019
E, -100, 0.4595877051046859, 1320.18043409, 45.8939363629, 24.3202792354, 0.430298940099, 1.05919732567, 202, 2019
Z, -100, 0.16703425727491622, 191.826784101, 17.4917156162, 9.48861865475, 0.855463870936, 2.95484455582, 205, 2019
N, -100, 0.8033100575360216, 229.291519432, 22.6485277468, 8.79900133756, 0.345575944887, 1.19468045301, 205, 2019
E, 100, -0.40697313018691267, 4639.84525052, 30.677489628, 101.424453322, -1.00483001034, 2.90341965654, 205, 2019
Z, 100, -0.26491377615123685, 819.921455683, 15.4648867597, 48.1064658916, 0.946546296505, 2.32274611634, 208, 2019
N, -100, -0.7516624880148308, 136.159881741, 25.4551098547, 5.94128982606, -1.71553286979, 3.29703028501, 208, 2019
E, 100, -0.5209685274058905, 3274.11379469, 26.1501439928, 116.965532658, 0.778402429116, 2.78161513771, 208, 2019
Z, -100, 0.49417593249633507, 505.761547684, 28.7691552801, 16.5517996975, 0.202756997775, 1.42414663945, 211, 2019
N, -100, 0.34641125036312614, 3708.49338881, 45.3374563564, 63.6881282169, -0.0245648966496, 2.77361023554, 211, 2019
E, 100, 0.86869237248499, 7794.67110644, 50.3158078775, 122.970448091, 0.0264392134928, 1.7567264227, 211, 2019
Z, 100, 0.7937953271989424, 397.349428438, 36.6227898703, 10.2867742788, -0.440182478972, 0.461549199668, 214, 2019
N, 100, -0.12903229569327476, 2389.79040425, 56.0006531624, 37.2847620743, 1.64475372882, 0.554122484375, 214, 2019
E, -100, 0.5891000385690824, 5137.06869808, 65.2692182968, 69.9023538709, -0.348611574236, 1.47932273171, 214, 2019
Z, 100, 0.5272922024224885, 461.036683035, 32.070767279, 12.6775099697, 0.232992553059, 1.14030783067, 217, 2019
N, -100, 0.827419826845619, 222.343504597, 47.5113251425, 4.84622370901, 3.03220342559, 2.9647080274, 217, 2019
E, 100, 0.8119975915721244, 127.571280786, 57.949660669, 1.89462752105, -0.490840693867, 1.42132057109, 217, 2019
Z, 100, -0.4542357468240763, 292.355928467, 17.9024594751, 17.3534111542, 0.520412068121, 3.11187289016, 220, 2019
N, -100, -0.10499169881338015, 5000.128815, 26.5372282709, 122.729511506, -1.43341921931, 1.74727955091, 220, 2019
E, 100, -0.630099950569695, 9240.07525615, 31.1394970338, 202.495148493, -0.984088329878, 3.00500586007, 220, 2019
Z, -100, -0.7997317085404649, 852.015050297, 17.7420620388, 42.1080004167, 0.283736082401, 3.00581920782, 223, 2019
N, 100, 0.6314560269859446, 4591.24644895, 31.1435142114, 142.92592906, 1.3720137373, 2.76322924511, 223, 2019
E, 100, 0.11564000583464844, 8314.15662568, 30.3564617307, 281.261672935, 1.64584485873, 3.07531300136, 223, 2019
Z, 100, -0.829374010665251, 559.562174296, 27.3757564791, 22.4050398044, -2.07512587587, 2.61522074053, 226, 2019
N, 100, -0.35798477253478633, 1123.19547456, 42.8995150509, 23.1254637299, 0.320977329979, 1.87297368983, 226, 2019
E, 100, 0.678764967777746, 5411.33175984, 48.8791354531, 109.545724171, 2.29647864028, 3.31456564026, 226, 2019
Z, 100, 0.23217980811513167, 2077.0739429, 30.6630925648, 58.6347278414, -0.586672157139, 1.11662664849, 229, 2019
N, -100, -0.5870197445161095, 3493.91505586, 44.6299565151, 61.8244702793, 2.14149577798, 2.77774485241, 229, 2019
E, 100, 0.45172936167472333, 4324.4123114, 55.7723384141, 56.7711166135, -1.00584496664, 1.53522151283, 229, 2019
Z, 100, 0.5017625865160337, 422.398068375, 26.567598321, 14.6874146404, 1.02730119477, 0.983846621761, 232, 2019
N, 100, -0.23368023099949703, 2391.83541436, 36.4137618545, 47.2217604766, 2.19518439942, 3.16071333924, 232, 2019
E, -100, 0.5202144181706917, 4145.82563084, 48.7711681556, 58.8742577887, -1.71172366531, 2.4940264906, 232, 2019
Z, 100, 0.4642865773480591, 309.27103901, 16.669403418, 17.1716077593, -0.787584108261, 0.373341913738, 235, 2019
N, 100, -0.8005169379293725, 2692.87860362, 21.9140616367, 107.77661443, -1.82433798796, 2.95738966785, 235, 2019
E, -100, 0.3672259665839444, 4439.2924575, 29.9955030613, 128.647810319, 0.288308086769, 1.2095679509, 235, 2019
Z, -100, -0.6226823480479093, 522.017255255, 18.4206253495, 35.1723751209, 0.882737054528, 3.08262733228, 238, 2019
N, -100, -0.770676531399189, 604.921373611, 30.8167419397, 19.3806565261, 2.09658169142, 1.38508758368, 238, 2019
E, -100, -0.36477125105119523, 7212.14080959, 30.7122285019, 198.652847326, -1.62622389556, 1.39337447894, 238, 2019
Z, 100, -0.020516017791658993, 1359.21727118, 34.6008451856, 35.4529931355, -2.61987216923, 2.50013286651, 241, 2019
N, 100, -0.01658114385004163, 681.534122971, 54.5296189403, 11.4218864371, 0.0868434177872, 3.20934659871, 241, 2019
E, 100, 0.16003931998304177, 8195.66331966, 61.116346872, 132.953854043, 1.68000846642, 2.69470760015, 241, 2019
Z, 100, 0.7112107446536111, 222.572085409, 39.9742523291, 6.79315016199, -0.0625273169684, 0.618895950514, 244, 2019
N, 100, 0.5094816367975167, 7598.64488013, 60.7598510047, 94.6763936252, -0.277603544653, 1.60043463543, 244, 2019
E, -100, 0.6766698147163038, 9240.95074936, 71.5897521272, 96.4334369523, -2.64114960371, 2.70623985126, 244, 2019
Z, 100, 0.576791019219913, 798.501613806, 29.1017847585, 25.5658385004, 0.477908189293, 1.69489555509, 247, 2019
N, 100, 0.9067398198108446, 8443.6153105, 42.5478199109, 179.384722432, 0.816753379008, 2.50287917198, 247, 2019
E, -100, 0.49774696499711846, 9684.30188647, 53.0481283506, 156.545253036, 0.565432872693, 0.312741330048, 247, 2019
Z, -100, 0.2569366178162381, 286.465678907, 9.89658926199, 24.4266676603, 0.110772333447, 3.16809954706, 250, 2019
N, 100, -0.07982010030786678, 1844.5667231, 17.0606665757, 111.931929545, 0.00541026599601, 1.98791890112, 250, 2019
E, 100, 0.41125162767031637, 6862.66822241, 19.6701098575, 254.920624727, -1.42266225489, 2.65207499821, 250, 2019
Z, -100, 0.48558102114924456, 1010.21822557, 20.8430952525, 47.5947799493, 0.465819365085, 1.01412564877, 253, 2019
N, 100, 0.6581658150159475, 3719.61909896, 35.1373334368, 87.6514804935, -0.184017791555, 1.58387147264, 253, 2019
E, -100, 0.4682876707779613, 14462.6583858, 36.2010435865, 371.51472029, -0.132083302356, 1.43886792746, 253, 2019
Z, 100, -0.15375792861588278, 605.140625494, 30.7703716725, 18.647782392, -2.22809583117, 2.90725692062, 256, 2019
N, -100, -0.0742373577658002, 1107.11456766, 46.6707065484, 20.3885090734, 2.10034082969, 2.85759672498, 256, 2019
E, 100, -0.3857848165503213, 6451.20668563, 55.0670668411, 99.7437058698, 0.269375181756, 2.58001031638, 256, 2019
Z, 100, 0.05849362890337431, 633.57901134, 32.9929113371, 16.3273361632, -0.0517484966913, 1.94155333729, 259, 2019
N, -100, 0.6574159726252491, 1248.84750462, 47.0764098518, 30.395598379, 2.30968733646, 2.89537633406, 259, 2019
E, 100, 0.8506258631931285, 8489.65051241, 59.9151649164, 98.5884552575, -2.79774708799, 2.28668784068, 259, 2019
Z, 100, -0.5094857317560596, 1518.11530687, 26.4104980197, 49.6315162347, -1.57390774798, 2.66664819577, 262, 2019
N, -100, 0.7783420066889208, 1157.16688825, 35.9444525496, 30.4258241481, 0.50300670812, 1.39936765018, 262, 2019
E, 100, 0.6819324644907935, 7695.92434614, 48.3850267703, 138.09017916, -0.217874846742, 0.43950061872, 262, 2019
Z, -100, 0.6324355067629716, 1102.84736721, 12.785714948, 73.2620175943, -0.368472396081, 2.73739204279, 265, 2019
N, 100, -0.5908127921057517, 7474.09500971, 17.6781650689, 275.456981551, -0.532160005178, 2.90757991023, 265, 2019
E, -100, 0.3319874702871289, 8657.67673356, 24.1567535499, 256.759414545, 1.27417208755, 1.23442191146, 265, 2019
Z, -100, 0.7382930456774481, 531.929884794, 25.1751597776, 22.50082374, -2.80639320811, 3.0287904289, 268, 2019
N, -100, -0.5451106966837018, 9737.40371333, 41.5232092271, 238.190738346, -0.467031193595, 2.98580053909, 268, 2019
E, 100, -0.3640132430713179, 11124.3767378, 42.7695285524, 264.868899198, -0.380633310471, 3.04667304486, 268, 2019
Z, -100, 0.4920189925467212, 411.535053402, 39.9103418407, 8.9457685819, 0.399894944746, 0.399620350946, 271, 2019
N, 100, -0.28331711691342304, 3403.35820766, 62.2530802651, 44.7807694313, -0.178299867715, 2.83022408112, 271, 2019
E, -100, 0.7462939902791985, 1492.91983188, 70.7371680516, 18.9339727495, 0.653356615914, 2.5953995885, 271, 2019
Z, 100, -0.6098660507502137, 302.926946877, 38.4105334254, 7.69322099959, -2.0014864301, 2.71489972486, 274, 2019
N, 100, -0.806465336332878, 8619.08000207, 57.6495300687, 110.999139102, 0.430676498372, 2.62615100573, 274, 2019
E, -100, 0.5677493360745288, 3696.7786629, 69.565060459, 39.1853595833, -1.60748292371, 2.89467734844, 274, 2019
Z, -100, -0.7913327459694541, 348.030057008, 21.857402653, 12.4960810079, 2.4701673307, 1.48368116059, 277, 2019
N, -100, 0.8410563186055645, 335.989427373, 31.5337522059, 9.03094465468, -0.586887450245, 0.528458214319, 277, 2019
E, -100, -0.43500361322116315, 544.011093913, 40.850654469, 9.85181024663, -1.04316837379, 2.51950648348, 277, 2019
Z, -100, 0.11218950881604137, 915.719050838, 10.7655187459, 103.512723384, 0.076294281173, 3.17511166893, 280, 2019
N, 100, -0.8539197297167779, 386.887003735, 21.1560360419, 16.3103479707, 1.10598767674, 1.46423065834, 280, 2019
E, 100, -0.09644330404163554, 341.074799086, 17.8209772459, 22.2003742258, 0.179505261794, 2.97549497325, 280, 2019
Z, -100, 0.6665370456485804, 1094.83353897, 24.6073918968, 43.9022153058, 0.528816123508, 0.890256387214, 283, 2019
N, -100, -0.4370525306250429, 1678.59478538, 39.4666061129, 32.1224047872, 0.533643276841, 1.49913919541, 283, 2019
E, 100, -0.8636925147448088, 3866.32850119, 42.7987344426, 69.7019923733, 1.29396269782, 3.25712189204, 283, 2019
Z, 100, 0.2351748829345084, 1711.64356268, 33.3662891344, 45.5402223515, -0.925051972399, 1.77121256407, 286, 2019
N, -100, -0.059626138164324716, 2026.32075113, 49.374290957, 38.6911019689, 1.7986890275, 3.18466787885, 286, 2019
E, 100, -0.6479646246514458, 5588.262939, 59.5673102188, 88.5968385236, 0.619745787936, 2.90769570644, 286, 2019
Z, 100, -0.3578996600068317, 1277.11498623, 33.2676289518, 34.0205130359, 0.193410275305, 2.57339652821, 289, 2019
N, -100, -0.1357135392212721, 354.278392338, 46.9943825499, 9.40622519935, 1.18861937112, 2.75006826278, 289, 2019
E, -100, 0.14069553078193198, 1207.67085327, 60.2248697327, 17.4681582595, -3.25023166036, 2.51743919798, 289, 2019
Z, 100, -0.7168581659183025, 753.612880169, 23.3058515911, 28.6903214846, 1.90277671084, 1.58806836402, 292, 2019
N, 100, 0.4247160641067763, 637.351617228, 31.9766940927, 20.9108884384, 1.65196187746, 2.7671915069, 292, 2019
E, -100, -0.3118828317383696, 821.53343498, 43.0327184957, 17.0537090132, -2.39483013068, 2.56612966241, 292, 2019
Z, 100, -0.2677504151327293, 1287.03966589, 12.8648926196, 81.0167076698, 0.361758501477, 1.54269542413, 295, 2019
N, -100, 0.12098011622062084, 2426.62315873, 23.1546649672, 105.115890446, 0.79777746009, 1.25041366594, 295, 2019
E, 100, 0.7185659278919312, 1384.93148498, 21.7129548974, 63.998199924, 0.539689032414, 3.13449190567, 295, 2019
Z, 100, -0.5944376432171177, 1490.32057127, 31.1965988107, 49.3902510365, -0.864308243511, 2.72323373946, 298, 2019
N, 100, 0.752872559355111, 13950.554732, 50.5655931999, 212.257510281, -0.862210012498, 2.27753974496, 298, 2019
E, -100, -0.45049559757828117, 2915.60775806, 53.8629472091, 43.5932012898, 0.684309879006, 1.15332861398, 298, 2019
Z, -100, -0.5654646564223801, 566.971870084, 39.7501531914, 15.8558967313, -0.851384782885, 1.67533715301, 301, 2019
N, 100, 0.3390985713350863, 1480.40820995, 61.3782309573, 22.3499376077, 1.09065075353, 3.18128548235, 301, 2019
E, -100, -0.17298363769313732, 4226.52716055, 70.6243274042, 52.1604870376, 0.995111374267, 2.62355347275, 301, 2019
Z, -100, 0.5756355665251666, 1757.7947687, 32.0893316322, 55.2628152784, 0.435324592689, 2.55193526607, 304, 2019
N, -100, 0.6739344432172718, 3333.60672542, 47.6052633903, 53.5238393424, 0.437491672797, 1.18448509884, 304, 2019
E, 100, 0.46367896432249545, 9315.76116878, 58.7677310446, 120.387850534, -1.13803704014, 1.6715200601, 304, 2019
Z, 100, -0.42370850108810965, 1873.07447106, 15.0115166564, 125.806581006, 1.56926801686, 1.28176902372, 307, 2019
N, -100, -0.2725485751046058, 247.418586776, 21.6665248573, 10.4357201506, -1.49081487298, 2.22664242567, 307, 2019
E, -100, -0.511607556939685, 4945.11949858, 28.9908298566, 188.05709146, -2.15251407059, 2.48580675867, 307, 2019
Z, 100, 0.2652817663972957, 1045.82274063, 13.6928801455, 91.3147184637, 2.21412845872, 3.38494463301, 310, 2019
N, -100, 0.27027162418008466, 208.399906138, 24.5738007439, 9.14070308024, 0.177603861834, 1.77649452583, 310, 2019
E, -100, 0.6830193893656025, 9687.24377213, 23.0140210585, 385.553992281, -0.87913823865, 1.60363841882, 310, 2019
Z, 100, 0.547346757878614, 562.921967316, 26.5867002261, 16.8310530813, 0.273085408992, 1.27691473757, 313, 2019
N, 100, 0.49945849459334996, 443.709515085, 41.3852394769, 8.6071466608, 0.133164386152, 2.25359642145, 313, 2019
E, -100, -0.564769040622997, 4549.43905197, 46.3720283909, 83.9377348023, 0.797144526599, 2.79053400259, 313, 2019
Z, -100, 0.1640175005501809, 4075.17498293, 33.7325631625, 101.53415787, -0.281415293721, 1.67085998017, 316, 2019
N, 100, 0.8102480378239796, 947.198058069, 49.5129515622, 16.3118626708, -0.597999059477, 1.28788328326, 316, 2019
E, -100, -0.4048419696210247, 10538.9125455, 60.1415732406, 143.611751001, 1.25790311974, 3.09567721879, 316, 2019
Z, 100, -0.500702580319323, 10662.1728609, 31.2598248382, 291.159230909, 1.25166514395, 1.73436875543, 319, 2019
N, 100, -0.40336705601183825, 531.621686099, 44.5201194369, 10.3629692714, 0.780845075777, 2.80400181, 319, 2019
E, -100, 0.4174040538628876, 2022.33463417, 56.6082258469, 30.9165854876, -3.27754043121, 2.53045392679, 319, 2019
Z, -100, 0.567899086540688, 1787.86440111, 19.2596215381, 83.3937380385, 1.40745709073, 2.76092879818, 322, 2019
N, -100, -0.2528969137744541, 4177.51129275, 27.5755047958, 103.863038634, 1.26741568147, 3.74456539397, 322, 2019
E, 100, -0.6007354362466792, 24605.2697622, 36.0000596477, 480.191939092, -0.300960380296, 2.58470822492, 322, 2019
Z, -100, 0.4171947134134918, 410736.544614, 18.3461332407, 23310.3158165, 0.0478519360027, 2.83379435337, 325, 2019
N, 100, -0.09988699551916486, 4790.17839899, 31.89806994, 169.148535868, -0.697274647329, 1.62621796445, 325, 2019
E, 100, 0.02519187561488346, 29065.7209084, 31.1926018374, 991.272900675, -1.13513525935, 2.49173282306, 325, 2019
Z, -100, 0.5646345239855246, 162935.624809, 31.7989705366, 4699.23920669, -0.0987840709853, 0.953420400835, 328, 2019
N, 100, -0.680104954428235, 8529.29393541, 51.2068796298, 156.619194844, 1.04817853784, 2.95124761152, 328, 2019
E, -100, 0.5955442627630053, 13732.2949616, 55.4417106619, 274.67966401, 0.921760352072, 0.473472773188, 328, 2019
Z, 100, 0.3223754831569322, 1491.96522401, 32.7878484395, 41.0845964382, -0.866832860274, 1.54245991379, 346, 2019
N, -100, -0.24093279571546986, 6492.87907507, 48.5428170174, 118.194558741, 1.83293086355, 2.89884901486, 346, 2019
E, 100, -0.718309182271393, 9094.55376709, 58.459174567, 143.917769494, 1.04110014164, 2.25629765935, 346, 2019
Z, 100, -0.6102605547762564, 925.66547938, 29.5938888401, 28.0946051111, -1.98928946487, 2.64198211109, 349, 2019
N, -100, 0.9242883022256444, 38.3976567045, 43.231132641, 0.910643006718, 0.109421375675, 0.16753836795, 349, 2019
E, -100, 0.43651402934607214, 268.591612168, 53.6258424723, 4.50123976957, -2.97889415116, 2.41064264624, 349, 2019
Z, -100, 0.22817094618359163, 371.896031695, 18.2397542463, 18.7601253355, 1.63761292754, 2.44918355298, 352, 2019
N, -100, -0.5256877725562376, 16.8124253091, 28.4395159533, 0.544120016229, -1.47564112089, 2.6059990694, 352, 2019
E, 100, 0.4029462208826138, 543.75340436, 34.4437308284, 13.6444783305, -0.603093412626, 1.69636043424, 352, 2019
Z, 100, -0.6114026358544892, 4356.26183659, 19.2548035004, 199.831004679, 0.589585366538, 2.7826844167, 355, 2019
N, -100, -0.3449121360893019, 30.5086716001, 33.4856484078, 0.971454257878, -0.301762218118, 2.43807570026, 355, 2019
E, -100, 0.413666327235025, 565.553477213, 32.8751576689, 15.9059405739, -0.202026027029, 3.10355383211, 355, 2019
Z, -100, -0.7128756428046158, 6464.20340343, 28.3847571562, 196.17100538, -1.36185920033, 3.0153671686, 358, 2019
N, -100, 0.2581379742641031, 66.0092684494, 45.9469209046, 1.60864177934, 1.1861511896, 2.80380689334, 358, 2019
E, -100, -0.4140007555573492, 5880.76323355, 49.9291188208, 93.5200487117, 0.265817873832, 2.86104457123, 358, 2019
Z, 100, -0.5551026746103799, 17812.0764085, 30.4025141805, 438.22849271, -0.987250910047, 1.79351984206, 361, 2019
N, 100, 0.6257344253634486, 164.142247252, 46.6663881555, 3.30825184756, -0.832439922347, 0.502825289296, 361, 2019
E, 100, 0.2367156700696129, 3973.40326359, 55.0402330452, 63.5754227948, -1.22518166434, 2.12550667861, 361, 2019
Z, -100, -0.8325600733917295, 25033.5886733, 24.2848343671, 952.116721192, -1.0475988113, 3.01466562962, 364, 2019
N, 100, -0.3564398247243148, 71.6091522527, 35.216703593, 2.02494590349, 1.4083965577, 1.65141551134, 364, 2019
E, 100, -0.3433904958500236, 3453.64865005, 44.9898395162, 67.6018754111, -2.40423332455, 2.67385366017, 364, 2019
