Chan, Phase Shift, Correlation, ptp-data, ptp-synthetic, rat, phasem, phasestd, DOY, Year
Z, 100, 0.9919345613385112, 597.858987964, 61.4447642908, 8.91352705249, -0.289709949606, 0.229839922423, 1, 2019
N, 100, 0.6306873698447889, 23.3444729768, 18.0088419774, 1.30596464095, 0.27351278286, 1.26184301211, 1, 2019
E, -100, 0.6810373770787883, 96.143129674, 105.102380514, 0.878433177584, -0.521808710414, 2.08232573983, 1, 2019
Z, 100, 0.9909793036664123, 900.553773892, 89.1208072075, 10.6130699803, -0.301121550116, 0.21624075351, 4, 2019
N, 100, 0.851641243141458, 48.4194224563, 32.3518410621, 1.46488580113, -0.0606230093972, 1.33431077299, 4, 2019
E, 100, 0.9597542414748362, 137.520002177, 157.160944611, 0.818379118751, -0.196437216391, 0.183447337518, 4, 2019
Z, 100, 0.9958528846988405, 963.661771731, 97.3485981365, 9.00956516332, 0.0635493161767, 0.115292602339, 7, 2019
N, 100, 0.9069334394806392, 82.0810600332, 38.9135157007, 1.74216010771, 0.532147407717, 0.936477622393, 7, 2019
E, 100, 0.9814718374178264, 240.493104661, 195.345298701, 1.11833812239, 0.0326469862386, 0.227577238127, 7, 2019
Z, 69, 0.9981974882447829, 752.173455559, 82.4657321491, 8.75281567705, -0.0887594534592, 0.0706060197746, 10, 2019
N, 100, 0.888690887617119, 77.2898801756, 34.6603245707, 2.5435058358, -0.511315397682, 0.157973553901, 10, 2019
E, -100, 0.9934908598305808, 328.934544314, 187.593984143, 1.71783039912, -0.0863145858967, 0.0679979917406, 10, 2019
Z, -42, 0.9957740946389136, 485.354768926, 51.9755903668, 9.39896962814, -0.0462979354541, 0.050264408445, 13, 2019
N, -100, 0.8528841694521202, 95.3899362121, 21.5847742489, 4.62295787541, 0.308854343101, 1.25118277993, 13, 2019
E, -100, 0.8275029496282771, 264.197994732, 139.730077782, 1.93538084414, 0.420626247137, 0.142214844939, 13, 2019
Z, 100, 0.7834275660606546, 493.327684356, 52.0268048223, 10.8598145072, -1.48843359634, 2.62385602953, 16, 2019
N, 100, 0.1099078803632299, 28.1009825344, 15.179502733, 2.26557593186, -1.50836462365, 0.937403253979, 16, 2019
E, -100, 0.6549749574300665, 110.785400401, 82.9040992433, 1.3079085325, 0.0582989235913, 1.17840900251, 16, 2019
Z, -100, 0.9932333615953927, 977.921837793, 99.1572459772, 10.201306647, 0.549399744872, 1.15898724475, 19, 2019
N, 100, 0.9054784347928925, 90.281919139, 32.9919116383, 2.8986902333, 0.494867024008, 0.545473265266, 19, 2019
E, 100, 0.9746334031093005, 203.17969516, 145.764129966, 1.34573271205, 0.566206702203, 0.457670832169, 19, 2019
Z, -73, 0.9950284670643539, 1199.52831322, 124.314781675, 8.83733482512, 0.142541440124, 0.180520556151, 22, 2019
N, 100, 0.7152712452676299, 164.843311912, 41.888003336, 3.93498199586, -0.95917710087, 0.392086365744, 22, 2019
E, 100, 0.9750700466860333, 291.177762766, 220.149731662, 1.6251347112, -0.138048118625, 0.187935614655, 22, 2019
Z, -100, 0.9969780130496801, 1049.24744134, 103.044144785, 10.4147520798, 0.109759305583, 0.066288364862, 25, 2019
N, 100, 0.9772277767518968, 73.4888143989, 35.6717984535, 1.96713602878, -0.197219449151, 0.12024570632, 25, 2019
E, -100, 0.9949632606005968, 341.79530262, 228.307381609, 1.41038554635, -0.230249702209, 1.32702424559, 25, 2019
Z, -100, 0.9481082020477258, 442.174431468, 50.6880483682, 9.10902662887, 0.511380204282, 0.188721306584, 28, 2019
N, -100, 0.636370321356788, 32.6593077018, 18.4821667989, 1.80603414728, -0.806138464714, 1.44190737404, 28, 2019
E, -100, 0.9184834564940335, 223.85498424, 160.379386042, 1.41892780523, 0.0173819845799, 0.12483765016, 28, 2019
Z, 100, 0.9870369859232948, 556.274613703, 56.8523860428, 9.36473610249, -0.353470035375, 0.162652070247, 31, 2019
N, -100, -0.3566134454687642, 55.2709824558, 17.6939379534, 3.07142224017, -0.326336347107, 1.9016951642, 31, 2019
E, 100, 0.1488574191268972, 111.305027048, 91.1860124187, 1.26713596326, -2.98549515388, 2.9836075329, 31, 2019
Z, -100, 0.9938285616758259, 897.78376543, 90.5358459853, 9.49272269806, 0.287420005291, 0.22117695799, 34, 2019
N, 100, 0.6894046968302504, 57.2110661637, 34.0359117896, 1.54106697169, -0.998824826143, 1.48652168979, 34, 2019
E, 100, 0.8842737920529369, 205.523120167, 157.386999021, 1.267073133, -0.715765078038, 0.119825171977, 34, 2019
Z, 100, 0.9960979503431263, 1052.89008269, 103.50255686, 10.8615586855, -0.145621562554, 0.107851663771, 37, 2019
N, 100, 0.9219861486686945, 74.7016038986, 41.8483905596, 1.73913411845, -0.441370635933, 0.0681224317547, 37, 2019
E, 100, 0.9741486825063944, 254.608755956, 201.367578821, 1.18819997589, 0.174433671862, 1.95090309147, 37, 2019
Z, -100, 0.9841428984759548, 1037.06923958, 90.8925796567, 12.1881822424, 0.238516371907, 0.177281346181, 40, 2019
N, -22, 0.9580961609454237, 67.7891378394, 37.4959026563, 1.42881750515, -0.0536775347016, 0.508886848949, 40, 2019
E, -100, 0.9843957665666558, 282.246147512, 195.81301955, 1.35014851341, -0.162475672869, 0.0866609276169, 40, 2019
Z, 100, 0.9890561597267874, 544.433547616, 56.527319492, 9.47243446302, -0.276216060729, 0.0995913096438, 43, 2019
N, -100, 0.7893063029724331, 36.0849241734, 22.5252176138, 1.65387989632, -0.00734965803091, 0.185745057368, 43, 2019
E, -100, 0.9402527566437404, 168.252040977, 144.129830022, 1.14579091047, 0.0674407503444, 0.204729541233, 43, 2019
Z, -100, 0.9610455195593994, 549.417559227, 58.3185298624, 13.0199774321, 0.00453366944834, 0.362935320423, 46, 2019
N, -100, -0.11672168438872056, 90.0071862457, 17.3573033046, 5.57815663069, 0.793831654388, 2.88445997213, 46, 2019
E, 100, 0.34070268240059925, 50.4947070003, 76.3406704649, 0.744909217983, 1.29812456367, 2.94586350423, 46, 2019
Z, 100, 0.9982799855215074, 1125.42234889, 114.644896882, 9.76800413274, -0.158688133707, 0.104721456954, 49, 2019
N, 100, 0.7310837829474511, 69.2749232397, 37.9210295311, 1.96814057986, -0.932266860354, 1.51074797593, 49, 2019
E, 100, 0.8348409997489125, 206.256317273, 168.349654142, 1.34417506509, -0.936133855227, 0.330154922398, 49, 2019
Z, -29, 0.9980936466104914, 1329.7716524, 133.654351881, 10.4481531895, -0.0394785782046, 0.0756932075487, 52, 2019
N, 100, 0.9449343969708643, 80.5283625923, 45.982843148, 1.69794194463, -0.1882385658, 0.150835117052, 52, 2019
E, -100, 0.9903821824874852, 334.315300482, 244.989444536, 1.28573872758, -0.115101727664, 0.107221124118, 52, 2019
Z, -100, 0.999077401362778, 928.574851253, 97.7161227696, 9.57184183986, 0.0458763292522, 0.0162548994106, 55, 2019
N, -100, 0.8606948796575082, 68.4062292871, 36.233337576, 1.78373931712, -0.344748389706, 0.29032239443, 55, 2019
E, -100, 0.9736544484402184, 309.755749919, 232.282820814, 1.27785647809, 0.0704666275373, 0.115498698132, 55, 2019
Z, -100, 0.9726371498009002, 312.722293354, 35.7726803468, 8.83878279694, 0.303734519222, 0.144384664082, 58, 2019
N, -100, 0.36056081724133915, 19.6580218549, 15.7038339789, 1.17574737088, 0.253341797717, 1.63944657466, 58, 2019
E, -100, 0.8320263312171171, 87.8903721049, 136.812576021, 0.642514556417, 0.314485540636, 0.147317652383, 58, 2019
Z, 0, 0.9946575494032563, 637.487935787, 63.7684189997, 10.509099289, 0.521834038051, 1.22246343891, 61, 2019
N, -100, -0.3416452238496166, 59.4413048438, 21.5140528536, 2.879597187, -1.70824555742, 1.39479642124, 61, 2019
E, 100, 0.33822072886982835, 290.854409696, 93.4639379095, 2.36085403565, -1.13661098204, 2.46036920418, 61, 2019
Z, 56, 0.9997699306598292, 998.362816113, 100.248641585, 9.76973144313, 0.0177143634095, 0.0296686321968, 64, 2019
N, 100, 0.2653467008454313, 99.6232674395, 38.7583300177, 2.29939220589, -1.49782663962, 1.46788827524, 64, 2019
E, 100, 0.9220097719458893, 501.129502914, 171.672898395, 2.83014304531, -0.684873757637, 0.273894098961, 64, 2019
Z, 100, 0.1769147788145661, 10432.4974334, 112.465167974, 68.223031072, 0.127917463029, 1.80622551024, 67, 2019
N, 100, 0.9550916685170144, 75.7188940103, 45.3738828401, 1.63847287247, -0.595752498877, 0.153804004308, 67, 2019
E, 100, 0.9932957275465936, 280.913710229, 213.598406643, 1.26872991744, 0.355857120097, 1.90820511089, 67, 2019
Z, 100, 0.4356121664102374, 12334.9213073, 94.0297939091, 124.453821591, -1.13020253594, 0.271496318077, 70, 2019
N, 100, 0.9109832431885254, 105.649996212, 37.8629297475, 2.48956154131, -0.227559627031, 0.251020274836, 70, 2019
E, -100, 0.8047792070930502, 463.375324177, 199.582996916, 1.90971405602, -0.282627414275, 1.1076652667, 70, 2019
Z, 100, 0.905740868872447, 444.908042352, 49.912908049, 9.36186599697, -0.741107875985, 0.375419662083, 73, 2019
N, -50, 0.8333444008477743, 80.2964238374, 19.0220968639, 4.63849552427, -0.557154039048, 1.13470777687, 73, 2019
E, -100, 0.22081862785807976, 317.384864498, 133.740930384, 2.4592406315, 0.559293557977, 1.25125366953, 73, 2019
Z, 100, 0.997560882089122, 766.631935014, 78.2222297556, 10.3990161654, 0.0918407941577, 0.114069627282, 76, 2019
N, -100, -0.7017618380586158, 84.4400464681, 24.7030553965, 4.34519092377, -0.0332264727337, 2.74634414938, 76, 2019
E, -100, -0.1933867256030532, 440.723425528, 94.8892632886, 4.22565752037, -0.254218679771, 2.785511851, 76, 2019
Z, -100, 0.9897655244628921, 1266.41722683, 130.2291922, 9.39560126084, 0.381749948173, 0.287403177078, 79, 2019
N, 100, 0.0727345571155187, 133.694741448, 44.1097825798, 2.71838085958, -1.51272829341, 1.94679475388, 79, 2019
E, 100, 0.8762690892062635, 650.678224676, 204.362364372, 3.2141528949, -0.779424387517, 0.260965589985, 79, 2019
Z, 81, 0.9990094910060884, 1293.79100965, 129.062088198, 10.2663842294, -0.0969444372369, 0.0585783397926, 82, 2019
N, 100, 0.70289632847767, 79.5351065714, 46.7444519501, 1.70283413259, -0.773868131735, 2.03042454598, 82, 2019
E, -100, 0.9934135866169065, 375.539944055, 255.797729292, 1.59904668333, 0.120677545276, 1.36572339995, 82, 2019
Z, -100, 0.9661858679760482, 936.345651551, 79.269153307, 12.0187994267, 0.38580399278, 0.15899914474, 85, 2019
N, 100, 0.8147622973030406, 64.9573076044, 32.111206847, 1.85946952318, -0.726380526652, 0.388390160661, 85, 2019
E, -100, 0.8622624661180315, 381.798262466, 208.738309205, 1.70296721028, 0.192191776712, 0.141720668248, 85, 2019
Z, 100, 0.9369378928388674, 310.364675052, 28.4794466263, 8.86954681198, 0.20656221204, 0.910926037254, 88, 2019
N, 100, 0.4051910972688487, 51.1500497712, 10.5673020183, 5.24419974594, -0.46388312229, 0.342226339242, 88, 2019
E, 100, -0.26309063795653925, 214.983195161, 102.344841265, 2.07649350022, 0.876246242736, 1.29088551086, 88, 2019
Z, -100, 0.986736287615792, 757.637772477, 74.9004822923, 10.8979214245, 0.683404283789, 1.18273327897, 91, 2019
N, -100, -0.5946955187958965, 41.2189177994, 26.9529884843, 1.70548377992, -1.12398650619, 2.71734868867, 91, 2019
E, 100, 0.26469656263748365, 292.981105638, 110.70486164, 2.29522335582, -2.1292317125, 1.43874273081, 91, 2019
Z, -11, 0.9970342740795741, 1077.84242542, 109.262582215, 9.37984306816, 0.176222292243, 0.154912299648, 94, 2019
N, 100, 0.8319032454398064, 66.2608392535, 42.5888819542, 1.34028767802, 0.3455808984, 1.56136274108, 94, 2019
E, 100, 0.8650333304042737, 190.923884561, 186.512052679, 0.842109421073, 0.360793872829, 0.845274983999, 94, 2019
Z, 79, 0.9944322550130712, 1210.22697008, 114.763983872, 11.4066476116, -0.379541306423, 1.29581266269, 97, 2019
N, 100, 0.6704049358261466, 77.7448326555, 45.5337646787, 1.32208796527, 0.521235998858, 1.45338544396, 97, 2019
E, 100, 0.9256835640910678, 289.412892543, 217.939289897, 1.16577578551, 0.314636359272, 2.35082103525, 97, 2019
Z, -100, 0.9692963105862621, 933.739437721, 85.4850351777, 11.3695313446, 0.289747016888, 0.143778668875, 100, 2019
N, 100, 0.8655978598177523, 97.0058925219, 33.2285014463, 2.98793108901, 1.15861095233, 2.88439196132, 100, 2019
E, -100, 0.928856335240139, 318.136781916, 189.161882789, 1.55958565995, -0.296612693331, 1.2264816264, 100, 2019
Z, -100, 0.7930157689522267, 340.129901966, 39.2644296835, 7.99458827487, 0.427012428256, 1.76614763158, 103, 2019
N, -100, -0.25708342010679136, 19.2333463733, 11.8030865271, 1.54029026988, 0.768798182032, 3.2437713623, 103, 2019
E, -100, 0.3317423570042069, 170.617027114, 110.083194367, 1.46075720892, 0.313119620827, 0.296473079336, 103, 2019
Z, 100, 0.9943182741152171, 950.560324315, 98.3139693992, 9.46556916835, -0.271757868007, 0.12066042875, 106, 2019
N, 100, 0.8438842892472089, 38.6274310242, 31.8616398606, 1.1671801373, 0.28203467549, 0.468692015694, 106, 2019
E, 100, 0.7425563302713412, 165.978563021, 133.721285474, 1.27152004709, 0.46070455152, 1.4030135748, 106, 2019
Z, -100, 0.9811393736194053, 1237.2710753, 129.309019124, 9.17787871242, 0.813079481038, 1.1128145109, 109, 2019
N, 100, 0.22373177154720675, 51.895417048, 45.3406319041, 1.23046153742, -0.765277148661, 1.36824185539, 109, 2019
E, 100, 0.9633759372542174, 612.160112425, 224.523424228, 2.36422606746, -0.450337107306, 0.194960375859, 109, 2019
Z, 100, 0.9900199076253515, 992.370857486, 108.677844925, 8.19511280852, 3.05606624941, 2.99319537679, 112, 2019
N, 100, 0.28892158989488836, 49.1543851854, 41.8418479494, 1.06272025413, -1.09247316924, 2.51742806461, 112, 2019
E, -100, 0.9779705192033568, 428.523273636, 237.254977181, 1.7949409509, 0.302444476638, 0.12936563847, 112, 2019
Z, -100, 0.9951462076889559, 540.921482785, 58.4339274192, 9.18022330451, 0.0795321847152, 0.0311580339723, 115, 2019
N, 100, 0.3667326334181737, 94.1001892689, 25.33119743, 3.57435503897, 0.212213901494, 2.93342207898, 115, 2019
E, -100, 0.5111080720032934, 436.466888037, 170.293477299, 2.37833867259, 0.0922759533267, 1.21645479346, 115, 2019
Z, 100, 0.9659343786557911, 348.647493201, 38.7835666029, 8.27365268104, 0.36958792519, 1.63299003993, 118, 2019
N, -100, 0.018774550367645824, 102.568841454, 10.8945225345, 10.3868764591, -0.812128041973, 0.834112296448, 118, 2019
E, 100, -0.7051558869301496, 363.681601368, 77.9124978427, 4.07337268332, 0.641286834724, 2.075597586, 118, 2019
Z, 100, 0.9790679601560404, 787.981177561, 83.106432378, 9.72078912007, -0.51327290487, 0.32736683927, 121, 2019
N, 100, -0.6174649928184918, 92.1508966541, 30.6606805121, 3.37147133844, -2.12715638986, 2.64262530753, 121, 2019
E, 100, 0.5506475482057926, 634.063454907, 127.459852503, 4.62868969587, -1.37366252515, 0.329570098418, 121, 2019
Z, 100, 0.999155491191344, 1113.65484537, 111.900961011, 9.94496997933, -0.0781478768815, 0.0316788353685, 124, 2019
N, 100, -0.9094688628123544, 57.3972781675, 43.0126475939, 1.32700910105, -1.74956693105, 2.63633289338, 124, 2019
E, 100, 0.9603941138943536, 659.849486595, 192.964725888, 3.20901732737, -0.563717249402, 0.234872235479, 124, 2019
Z, -31, 0.986203651553396, 1009.33224055, 107.631425436, 8.13738086825, 0.444160940994, 1.26217325274, 127, 2019
N, -100, -0.518210441112701, 126.599625613, 41.2552450707, 2.68774814444, -1.00467701328, 2.92580382841, 127, 2019
E, -100, 0.9339739364625492, 758.579102649, 211.20377633, 3.38535150673, 0.118061466969, 0.105120163049, 127, 2019
Z, 100, 0.9874430559365137, 653.037248753, 71.2797736736, 8.8575410963, -0.302582812289, 0.104722177764, 130, 2019
N, 100, 0.14153267143092108, 141.021263138, 25.5590892333, 5.28135642429, 0.0315865539648, 3.08980574933, 130, 2019
E, -100, 0.46903446006832644, 615.76122692, 168.851653102, 3.41277072397, -0.292322164543, 2.09088884738, 130, 2019
Z, 100, 0.9819377834142794, 577.549267297, 59.4436506639, 8.83192114436, 0.276709002056, 0.369092372475, 133, 2019
N, -100, 0.3209868607664964, 94.6371952564, 15.4040658984, 6.97660207627, -0.756816322098, 1.02135043531, 133, 2019
E, 100, -0.6453852473340328, 372.718649229, 96.0637255421, 3.34177905787, 1.30320280553, 1.34969388032, 133, 2019
Z, 100, 0.9634116202014756, 1051.61963162, 102.616991129, 10.6840356264, -0.686922878651, 0.448811491693, 136, 2019
N, -100, 0.9266727982315522, 49.9396871082, 33.9281499254, 1.64904933791, -2.86307453755, 2.47973391608, 136, 2019
E, 100, 0.8299214117642464, 126.301113734, 160.441263984, 0.801147702033, -2.35906574061, 2.92543156073, 136, 2019
Z, 97, 0.9962699209647752, 1137.86487851, 112.561619462, 10.7405940414, -0.117895270498, 0.102531845654, 139, 2019
N, -100, 0.4311911480342975, 36.6881526921, 41.2999517144, 0.879125360024, 0.0761459152517, 1.26475088906, 139, 2019
E, 100, 0.9508719523948128, 472.84551495, 216.198768734, 1.81597627477, -0.23747543474, 0.152475969191, 139, 2019
Z, -100, 0.9990308804356647, 861.108228062, 87.2751775118, 9.94999077737, 0.0429070773578, 0.0215410136016, 142, 2019
N, -100, -0.27535803449984547, 26.1951377775, 35.2919898035, 0.577730543262, -0.469395660615, 2.90473975583, 142, 2019
E, -100, 0.981131840124019, 406.660024767, 205.430611871, 1.98489644092, -0.575769261757, 1.83650509239, 142, 2019
Z, 58, 0.9970402445688248, 417.004141304, 47.1843145814, 8.67092598123, -0.0922820594127, 0.0437757724019, 145, 2019
N, -100, -0.015678456826197427, 38.1762970685, 20.1922819906, 1.90348986197, -0.0151418910493, 2.88066539229, 145, 2019
E, -100, 0.7843962197834744, 347.178911521, 140.444040134, 2.42872528297, 0.534994717887, 0.119679788935, 145, 2019
Z, 100, 0.989585069288084, 450.457722176, 46.5679472235, 9.27994190675, -0.224209115563, 0.113715508318, 148, 2019
N, -100, 0.42458767949434917, 29.9711056609, 14.3040622955, 2.13426279163, -0.655375646436, 0.855431700541, 148, 2019
E, -100, 0.06422227321041776, 136.525154176, 78.4027370778, 1.69294189168, 0.0307827506172, 1.23293575732, 148, 2019
Z, -100, 0.983693522985005, 857.693181379, 86.4561621921, 10.734829007, 0.688505454183, 1.14724089194, 151, 2019
N, 100, -0.02822189787172638, 57.7871087227, 31.466237201, 1.87881280905, -1.67993285295, 2.69272059812, 151, 2019
E, 100, 0.5097408591276563, 427.736257337, 134.704822515, 2.49549882453, 0.349785681948, 0.870434086415, 151, 2019
Z, -45, 0.9926819057649838, 1061.59935603, 109.166267937, 9.1285348649, 0.318918935706, 0.280321783073, 154, 2019
N, 100, -0.820463609212105, 54.4222765149, 40.2786570757, 1.25565133411, -2.48821753074, 2.76634493196, 154, 2019
E, 100, 0.9551450563293497, 671.586509791, 191.288102491, 3.38893969312, -0.580545775925, 0.198676485572, 154, 2019
Z, -11, 0.9931778908207437, 1075.23903562, 98.6983584305, 11.6750071306, -0.271740268377, 1.3352253107, 157, 2019
N, -100, -0.4302038780895493, 51.204598656, 35.5858571235, 1.4403341148, -1.50489750567, 2.69757311315, 157, 2019
E, -100, 0.9583453639825573, 520.872742694, 201.598448306, 2.4722354827, -0.00196216136177, 0.174718115702, 157, 2019
Z, -100, 0.9821997151132889, 624.216013862, 64.5787345601, 9.82193422535, 0.327808427531, 0.0966028799955, 160, 2019
N, 100, 0.3490079420462305, 52.0632746381, 20.0753526711, 2.30004271488, 1.1469508663, 2.96885255826, 160, 2019
E, -100, 0.5938974261548677, 266.851935154, 156.537990847, 1.59172489283, -0.456999509196, 1.1831683056, 160, 2019
Z, 0, 0.9332530396882522, 932.664562068, 65.9591378546, 15.6427996207, 0.0805241574327, 0.919854577809, 163, 2019
N, -100, 0.6240356337439188, 81.5337375979, 17.9823630424, 4.51948688068, -0.32200537182, 1.49154698496, 163, 2019
E, -100, -0.7076661911679892, 344.209117073, 112.571020051, 2.73744406548, 0.755867890547, 2.28722389551, 163, 2019
Z, -100, 0.988728388872015, 869.358531688, 92.9104808706, 9.38435428464, 0.640018775413, 1.11807875268, 166, 2019
N, -100, 0.1897857538609321, 68.6147801106, 31.6512434548, 2.23490105043, -2.38670376437, 2.9761965897, 166, 2019
E, 100, 0.6026031714469485, 513.923258138, 161.557282692, 2.89658321105, -1.28133594702, 0.286792300608, 166, 2019
Z, 100, 0.9937089071455045, 1011.99867222, 96.6986550658, 11.3963278685, -0.469717315674, 1.25482618216, 169, 2019
N, 100, -0.4153955441129641, 51.0386276399, 37.0323571537, 1.31492375011, 1.16306888718, 1.23717760605, 169, 2019
E, 100, 0.9762623868327863, 554.526486297, 197.83681933, 2.63282220362, -0.472227871655, 0.226396509624, 169, 2019
Z, -100, 0.9754349504179698, 970.776642297, 77.6956565473, 13.2045160572, 0.275602584683, 0.197444688524, 172, 2019
N, -100, -0.062363216282159024, 27.9987297324, 32.012585092, 0.791245443935, 1.17312486028, 1.21595429527, 172, 2019
E, -100, 0.9903348637066023, 308.958461567, 184.167719637, 1.60100907725, -0.463609791569, 1.27199612783, 172, 2019
Z, -100, 0.9650245702466672, 438.661084077, 47.7818919151, 9.28525925779, 0.421837507363, 0.10000337731, 175, 2019
N, 100, 0.4330058716571409, 61.0460287195, 19.2991820233, 3.16136183369, 0.557064517551, 2.50857236865, 175, 2019
E, -100, 0.6937937051445289, 251.662272564, 130.73122578, 1.82664202167, -0.0180230317291, 0.253693864976, 175, 2019
Z, 100, 0.9989821468528522, 492.620468754, 49.9657235204, 10.1206897266, -0.0190551002367, 0.0751369054157, 178, 2019
N, -100, 0.791554385562056, 79.7304461267, 15.310113094, 5.64827331912, -0.49894661172, 0.610075513204, 178, 2019
E, -100, -0.774756114042013, 151.117641829, 86.2498710522, 1.5895443028, 1.03815635929, 2.24578033329, 178, 2019
Z, 100, 0.9980079453902078, 848.005724254, 87.4735911044, 9.77554597214, -0.17385575042, 0.087338618859, 181, 2019
N, -100, 0.5195678605234759, 54.0439986232, 30.4938614197, 1.56052024225, -1.22663203567, 1.36904796664, 181, 2019
E, 100, 0.6914958113399186, 339.973056039, 135.226517015, 2.0175249257, 0.260711670856, 0.457950134894, 181, 2019
Z, -56, 0.9992728321329692, 1067.53134261, 109.428674565, 9.44996780911, 0.0713095440539, 0.0716319004243, 184, 2019
N, -100, 0.9253296244641195, 38.1096800537, 38.2222476491, 0.922612235536, 0.726504173975, 0.472287976746, 184, 2019
E, 100, 0.971103915035042, 281.909380599, 193.598736167, 1.62907237038, -0.443199402779, 0.167932212341, 184, 2019
Z, -74, 0.9995684412542273, 937.239827206, 98.7975249408, 9.26858771426, -0.0364477228927, 0.0382910530153, 187, 2019
N, 100, 0.6290162652404492, 20.7566511054, 33.325624424, 0.646099692878, 0.588700983153, 2.85196458677, 187, 2019
E, -100, 0.9784828348034253, 357.193346846, 204.719144816, 1.62792189684, -0.286712105312, 1.25263202498, 187, 2019
Z, 100, 0.9957291192978381, 621.836874449, 64.4892436715, 9.5218299761, -0.194011114732, 0.09860129768, 190, 2019
N, 100, 0.27368479223072956, 39.2976779625, 19.3766182984, 1.65573944992, -0.719040894, 0.780296585376, 190, 2019
E, -100, 0.7139559741247665, 230.048921361, 160.265413588, 1.37596633714, 0.209185504556, 0.235583509799, 190, 2019
Z, 97, 0.9963186658896304, 565.338530024, 59.9779596782, 10.3786283347, 0.30380547537, 1.19828783063, 193, 2019
N, -100, 0.4366502173882007, 36.1956176072, 16.9576813008, 1.87572476667, 1.21602432817, 2.66156128007, 193, 2019
E, 100, 0.4251445314272053, 137.757690585, 110.967442952, 1.30001291877, -0.467639976424, 2.46018672777, 193, 2019
Z, 100, 0.9993269408302189, 841.95339959, 85.9697421066, 9.61523111456, 0.357870610917, 1.28947237075, 196, 2019
N, 100, -0.17392108841613604, 30.8204848483, 30.6092614037, 1.03294757255, -2.55811611123, 2.55611292541, 196, 2019
E, 100, 0.7775447603782824, 318.614691203, 154.841061286, 1.86128378, -0.88101815298, 0.235718021964, 196, 2019
Z, 61, 0.999054930813021, 933.267157199, 93.7669266407, 10.3243775457, -0.357658846363, 1.31669933512, 199, 2019
N, 100, 0.17205355232385441, 32.0345114953, 37.105589569, 0.874369570772, -1.3321893875, 0.156429448754, 199, 2019
E, 100, 0.9695631372362856, 336.230760337, 191.812724316, 1.58701067475, -0.31009740737, 0.275423132341, 199, 2019
Z, -30, 0.999836974016079, 797.979760975, 80.2401911367, 9.84994339001, 0.0328921563218, 0.0239981942462, 202, 2019
N, -100, -0.3210332982837741, 86.1275153045, 33.1727003655, 2.28955993151, 0.334694703057, 3.19165186705, 202, 2019
E, -100, 0.8253671075676979, 489.566991749, 181.669159049, 2.38589364671, -0.467352729119, 1.68194176381, 202, 2019
Z, -100, 0.768978724670217, 730.283581955, 52.7682008553, 12.4824097425, -0.298871691584, 0.461315277204, 205, 2019
N, 100, 0.27560152792241777, 85.6338213753, 20.6814991738, 4.28085509857, -0.554023552778, 1.55255950959, 205, 2019
E, -100, 0.20357466312908495, 356.705024373, 132.796180872, 2.62780031601, 0.18870614491, 1.70206913792, 205, 2019
Z, -100, 0.5394690172417532, 582.731485687, 51.3002170353, 12.4256193565, 1.05833329593, 0.557619658534, 208, 2019
N, -100, 0.6521966916563672, 139.246400504, 15.2037732201, 8.85805256896, -0.569528569249, 0.831804957143, 208, 2019
E, -100, -0.7374244394199199, 396.226458762, 83.3817148934, 3.92199313143, 0.686794860152, 2.33579396227, 208, 2019
Z, 100, 0.9976720159133684, 925.603433551, 95.5654969414, 9.40083733315, -0.0889062750123, 0.0325127709141, 211, 2019
N, -100, 0.04871517132226209, 84.3350418171, 32.1819462676, 2.48233038738, -2.43561629041, 2.73438335468, 211, 2019
E, 100, 0.6509872006979662, 458.858061113, 143.26959475, 2.85209000938, -1.20942762234, 0.34351118363, 211, 2019
Z, 100, -0.5049547456226676, 141377.435654, 120.167656498, 1080.77346993, 1.13728163218, 2.5630516524, 214, 2019
N, 100, -0.7120483808800305, 43.9876752894, 40.8309314334, 1.01036438117, -0.505530038321, 1.7340752779, 214, 2019
E, 100, 0.9762984092178028, 568.97790568, 214.292105303, 2.34038481311, -0.396072917264, 0.305691843328, 214, 2019
Z, 100, -0.6617001204295965, 340316.406715, 102.351864486, 3292.53581284, -1.67679322058, 1.57039483872, 217, 2019
N, -100, -0.5887751434392308, 77.6576297019, 34.8577289153, 1.87912825635, 0.751487922267, 2.99051092007, 217, 2019
E, -100, 0.8426958236850408, 563.600898942, 220.66743986, 2.29406712884, -0.153666867738, 1.23256970421, 217, 2019
Z, 100, -0.5628458157376034, 983628.966976, 53.8365920967, 15886.8726725, -2.36881745083, 2.54635457289, 220, 2019
N, -100, -0.316975387116082, 56.0473950535, 18.0887135095, 3.05927035517, -2.16343214941, 0.370384049766, 220, 2019
E, -100, 0.6578639348055682, 257.500417023, 155.732625927, 1.59698884872, 0.607864215747, 0.265967490307, 220, 2019
Z, 100, 0.9569949820736641, 595.003873654, 59.7333976776, 9.62710687407, -1.47496249147, 1.11895614303, 223, 2019
N, -100, 0.4170748556082101, 38.2637621519, 18.5228245476, 2.78504565069, 0.790576167656, 1.74028563961, 223, 2019
E, 100, 0.7563660237012861, 160.692702717, 97.1449612889, 1.60992215312, -2.75570869388, 2.88186893495, 223, 2019
Z, 25, 0.9964017928431599, 896.260702326, 91.2678530005, 9.61401931777, 0.250276052466, 0.20200722323, 226, 2019
N, -100, 0.08268460163741172, 94.1972437202, 34.1960656381, 2.37175819126, -0.079867611819, 1.43185686267, 226, 2019
E, 100, 0.9204996685951201, 488.270567892, 162.590296143, 2.73824551173, -0.412570709988, 0.0885409288451, 226, 2019
Z, 100, 0.9987625251361105, 1006.29313699, 101.063848585, 9.53106993456, 0.240118436892, 1.32489862846, 229, 2019
N, 100, -0.2967339033051869, 70.4569654008, 40.9247837817, 1.67051214194, 1.33259107513, 1.30805839332, 229, 2019
E, -100, 0.9743815133641986, 459.209397957, 201.241058582, 2.29137793433, -0.0673726584889, 0.171965820858, 229, 2019
Z, -100, 0.9928900508294961, 909.374749766, 86.2960486199, 10.9480166526, 0.200756618997, 0.111010543756, 232, 2019
N, 100, -0.6677211977722318, 37.8604162215, 35.4913839919, 1.08153756101, 1.4424550655, 1.25850735839, 232, 2019
E, -100, 0.8927699329361793, 294.919984015, 187.501750766, 1.44113179532, -0.306824948516, 1.79518853277, 232, 2019
Z, -100, 0.9683882198333572, 503.204673445, 52.1026269258, 9.69533720455, 0.328354722305, 0.0970028844806, 235, 2019
N, -100, -0.110925136435616, 65.2330611351, 20.02281067, 3.47545207054, -1.22207247749, 0.995419810522, 235, 2019
E, -100, 0.5699398751792019, 148.395198621, 131.280206556, 1.1424220448, 0.450295292483, 0.273165474405, 235, 2019
Z, 100, 0.9941804150822654, 583.018270271, 61.8757320472, 10.1823583875, -0.172318697803, 0.187089514758, 238, 2019
N, -100, 0.4460480094380805, 118.715779165, 19.2245064836, 6.23260757798, 0.464406508199, 1.32649472678, 238, 2019
E, -100, -0.3543121565348096, 189.446713982, 79.6337779465, 1.86685820762, 0.714113897677, 2.35253873392, 238, 2019
Z, -100, 0.9925268519855464, 1182.06775434, 115.739112598, 10.0786012027, 0.352913406524, 0.24211837748, 241, 2019
N, -100, 0.4479748249580571, 101.475777144, 38.8891624215, 2.59174828621, -1.14134643784, 2.89444433103, 241, 2019
E, 100, 0.8671661973681771, 307.715950297, 174.186546761, 1.79039534689, -0.817890121186, 0.396277777815, 241, 2019
Z, -100, 0.988779765739454, 1447.0663208, 130.935449877, 11.28509951, -0.303210724923, 1.30046414085, 244, 2019
N, -100, 0.5169969746209351, 128.011418105, 45.4122416926, 2.76958883007, -0.150807755588, 1.1766806408, 244, 2019
E, -100, 0.9084832308752049, 315.510862459, 244.721315741, 1.28451055289, 0.591277423592, 0.16022875962, 244, 2019
Z, -100, 0.903816337082473, 785.456142353, 93.3053748051, 8.15169103852, 0.386600115604, 0.108617834541, 247, 2019
N, 100, -0.468242259941598, 113.019445199, 34.0610184631, 3.04873465138, 1.35916830057, 1.33570992823, 247, 2019
E, -100, 0.7665132103792013, 277.291398025, 223.718187696, 1.16459277659, 0.514041109761, 0.206076051302, 247, 2019
Z, 100, 0.35860015071475837, 361.126013235, 32.809139391, 7.99813125933, -0.963383519775, 2.81864843752, 250, 2019
N, 100, -0.6468006125478322, 157.371810383, 13.3400290672, 11.2084870392, 0.658021416479, 2.77308490136, 250, 2019
E, 100, 0.6321266421807094, 174.514246113, 129.33476574, 1.20030242153, -0.444160613784, 1.65370023484, 250, 2019
Z, 100, 0.9247751854969046, 742.523760148, 70.780271393, 11.8984685722, -0.85399881382, 0.530833314752, 253, 2019
N, 100, 0.8758236524221248, 41.2040407629, 24.2650040231, 2.19300519236, -0.78832302927, 0.517689489446, 253, 2019
E, 100, 0.987742107366164, 120.098181815, 106.80523458, 1.35018698344, -0.244828279688, 0.176924046493, 253, 2019
Z, 100, 0.9931121223709481, 1037.07296929, 102.702351076, 10.7949736367, -0.221830188147, 0.126203126322, 256, 2019
N, 100, 0.9289723279887094, 116.412163763, 39.9985419548, 2.60330919481, -0.30694185542, 1.43903814128, 256, 2019
E, -100, 0.98367862154633, 317.987198869, 181.49207724, 1.59086127236, 0.20794487042, 0.075668603494, 256, 2019
Z, -100, 0.9964926531060194, 1152.70152597, 109.059965282, 10.8769229562, -0.250619283828, 1.31528832705, 259, 2019
N, -100, 0.9967675923195041, 100.637209197, 44.408433533, 2.17752486327, -0.10152991935, 0.10218788786, 259, 2019
E, -100, 0.9847152545404733, 268.547679598, 212.570527631, 1.21598678026, 0.334565594872, 0.149115594989, 259, 2019
Z, -100, 0.9859837446800656, 964.68263316, 86.1508822953, 11.757214545, 0.314425880959, 0.148983390627, 262, 2019
N, -100, 0.9388532989389814, 64.4439083144, 35.0006773298, 1.86921039061, 0.154665549992, 0.161197805104, 262, 2019
E, 3, 0.9908869925827453, 235.35135723, 187.344492414, 1.21985176521, -0.0894159888273, 0.0917798809797, 262, 2019
Z, -100, 0.9511736055319774, 387.496878472, 42.0329865471, 8.45137132732, -0.433834345058, 1.234913587, 265, 2019
N, -100, 0.6849516166753175, 28.4339458097, 15.5457371066, 1.94014206904, -1.09809723084, 2.99837190377, 265, 2019
E, -100, 0.8476636233215583, 162.113773518, 118.912607429, 1.31721438025, 0.266094755243, 0.151767443546, 265, 2019
Z, 100, 0.9844298733304411, 890.137379251, 85.170049752, 10.4426745976, 0.24498780444, 1.89483477394, 268, 2019
N, 100, 0.19746231902393024, 30.7447559673, 27.7325110283, 1.29662055971, -1.30102223999, 2.69717595436, 268, 2019
E, 100, 0.6305958861552016, 156.736130493, 105.66579234, 1.34363587288, -1.10956855996, 2.88528336475, 268, 2019
Z, 100, 0.9932004479321991, 1439.25487127, 133.082725939, 11.3477734284, -0.594902162987, 1.25182963856, 271, 2019
N, 100, 0.8537850662770571, 59.1338593602, 45.6556743688, 1.12532303719, 0.679929315622, 1.24958068037, 271, 2019
E, 100, 0.9563838677410288, 300.672690992, 214.948874477, 1.45102544776, -0.38519066666, 0.134475641974, 271, 2019
Z, -100, 0.9819506856006986, 1760.90000205, 125.651443724, 15.1931771606, -0.586745495111, 1.72561094855, 274, 2019
N, 100, 0.9318289593805043, 78.9712025624, 45.6095590144, 1.56885827461, -0.230481082866, 0.198861947104, 274, 2019
E, -100, 0.9803695698379739, 378.580228198, 256.240612273, 1.30907976988, -0.0888130974144, 0.163505608315, 274, 2019
Z, -100, 0.9035508261462691, 848.409521525, 71.2006715607, 11.6396494897, 0.432193829892, 0.128336478865, 277, 2019
N, 100, 0.967319625300632, 62.3160994969, 28.8303875338, 2.13060086705, -0.315648002717, 1.44337666833, 277, 2019
E, -100, 0.9558539004320371, 302.324417334, 200.521903645, 1.45891506193, 0.133953590523, 0.0707982583895, 277, 2019
Z, 100, 0.9252921715897825, 596.019286595, 37.7575921435, 16.9772540338, -0.755626503545, 0.543981793316, 280, 2019
N, -100, -0.17618789235892088, 48.1536112469, 9.85510549656, 4.81101046805, -0.909754676355, 2.6903718857, 280, 2019
E, -100, 0.4539676761685733, 113.1487072, 95.0807362905, 1.11093171889, 0.31840173214, 0.320657627326, 280, 2019
Z, -100, 0.9888338280534419, 1031.74514292, 82.9095580787, 12.9891973643, 0.176095265135, 0.0718458433283, 283, 2019
N, 100, 0.01809297540810556, 60.5318010561, 30.3500183307, 1.81140589923, -1.9481608898, 2.01336544161, 283, 2019
E, 100, 0.7003159306186966, 203.440338696, 127.655823062, 1.3811922166, -0.96392398691, 0.309697265289, 283, 2019
Z, -100, 0.9923870117640681, 1136.66436459, 111.065542569, 11.0766767189, -0.312721851395, 1.2565059745, 286, 2019
N, 100, 0.6619778567907498, 82.8521062592, 44.0246181893, 1.74145909049, -0.857177927423, 1.43449725203, 286, 2019
E, 100, 0.968401962552203, 250.910143931, 196.255510702, 1.28712287563, -0.380496925, 0.125068088085, 286, 2019
Z, -100, 0.9754359900520956, 956.747096126, 109.790295432, 7.90533743665, 0.122647035993, 1.40526501972, 289, 2019
N, 100, 0.9225756205565521, 79.7577433989, 44.2692055698, 1.62201559433, -0.393753545896, 0.0804434407738, 289, 2019
E, 100, 0.9970842182046566, 296.708048515, 214.298064645, 1.3482272697, -0.0884918859727, 0.0441420718792, 289, 2019
Z, -100, 0.9581682242190933, 537.865558407, 76.6046967998, 6.29171014641, 0.0670858044982, 0.101998565031, 292, 2019
N, -100, 0.9773127667485643, 43.7904174937, 30.2717394159, 1.43896736767, -0.203674532683, 0.202416258281, 292, 2019
E, -100, 0.980238858156127, 227.664525362, 176.224484135, 1.22072436867, -0.317135344543, 1.26377512408, 292, 2019
Z, 100, 0.8250496952604959, 568.122424739, 44.5857877539, 11.389475289, -1.46791560948, 1.07159084484, 295, 2019
N, 100, 0.12584519824944052, 28.6912300187, 11.4608993897, 2.65529910424, -0.12909392924, 1.3564210964, 295, 2019
E, -100, 0.8010323956813736, 130.121563333, 100.256204372, 1.21363106517, 0.222808571163, 0.229969163287, 295, 2019
Z, -100, 0.9978689754215934, 1200.24150766, 105.039955221, 11.9541028737, 0.408379179092, 1.29291223399, 298, 2019
N, 100, 0.09392754517142464, 58.0696912613, 34.8280263705, 1.46604646817, -0.694291176248, 1.2450137044, 298, 2019
E, 100, 0.675511281226403, 180.784663649, 145.553205243, 1.06419813858, -0.270922079299, 1.30291652363, 298, 2019
Z, -100, 0.9885744196088343, 1422.11353407, 131.731502166, 11.5210903346, -0.18871035971, 0.176443944908, 301, 2019
N, 100, 0.5694169709257109, 97.1064210463, 46.4700563218, 1.73064789091, -0.267896043561, 1.299879973, 301, 2019
E, 100, 0.9678904117496788, 372.219753837, 233.528608619, 1.47393582676, -0.296753904031, 0.0864092112396, 301, 2019
Z, -100, 0.9793548852601234, 1325.35012931, 105.609099343, 13.2000285787, -0.52205320965, 1.70831407298, 304, 2019
N, 100, 0.8255626914038092, 125.480074623, 40.338781733, 2.72850072105, -0.720272390207, 0.210668322248, 304, 2019
E, -100, 0.9877041902399033, 407.772486868, 237.660297654, 1.61185660667, -0.0931067081119, 0.126133801885, 304, 2019
Z, -100, 0.9884093368399682, 466.094551579, 50.2785027099, 9.15369865754, 0.172307949755, 0.0490244788185, 307, 2019
N, 100, 0.9305050547463696, 113.887882965, 22.2637001875, 5.11006385024, -0.39552598129, 0.263454441143, 307, 2019
E, -100, 0.8724950796125283, 304.551103234, 166.538603417, 1.76526317443, 0.18471577876, 0.128900665711, 307, 2019
Z, 100, 0.9379013237443611, 469.426640545, 47.2519886094, 14.1024822149, 0.121976903156, 1.2648717792, 310, 2019
N, -100, -0.3167970677863366, 64.7754752596, 14.3309062493, 5.47043099647, 0.410434487453, 1.43159491219, 310, 2019
E, -100, 0.24899053585479788, 117.949238811, 74.0756444616, 1.32848989514, 0.847495657819, 0.408421424279, 310, 2019
Z, -100, 0.9958048512119093, 876.215006213, 89.0552582924, 9.93848489228, 0.264148029788, 0.147990418012, 313, 2019
N, 100, 0.11894797330974269, 47.4604548285, 33.5039415365, 1.33212919066, -1.43263619975, 1.4467128778, 313, 2019
E, 100, 0.8359175314143911, 133.527446106, 140.371854257, 0.829764946624, 0.0736364434039, 0.32098045898, 313, 2019
Z, -100, 0.9843401416636887, 1073.47126337, 112.114107253, 9.05567069977, 0.769303124708, 1.16411863334, 316, 2019
N, 100, 0.6955731605925661, 71.8711898056, 43.7489790512, 1.47432499439, -0.5510320674, 1.37812779996, 316, 2019
E, 100, 0.9563692781482886, 250.422519457, 197.507250861, 1.20397468036, -0.262410647481, 0.0640262717067, 316, 2019
Z, -55, 0.9979310354291511, 969.614635788, 103.30744926, 8.83122816474, 0.011581230819, 0.0781163391478, 319, 2019
N, 100, 0.8949889514504196, 58.7781751266, 40.209109972, 1.43091217639, -0.561064125536, 0.0493179230273, 319, 2019
E, 100, 0.9885450646242523, 256.026611415, 205.750335772, 1.20855545839, 0.976176290909, 2.5259157496, 319, 2019
Z, -100, 0.9960380831901499, 597.029897019, 64.0118662035, 9.18604802244, -0.0528168385819, 0.0396953557064, 322, 2019
N, 100, 0.9242868994900573, 33.2054816287, 23.7434107802, 1.42010221188, 0.875425059754, 2.84079387147, 322, 2019
E, 0, 0.9944020460589225, 210.102659293, 162.44830391, 1.28401304919, -0.0608833743012, 0.0863718103026, 322, 2019
Z, 100, 0.9408462527734873, 614.530389338, 62.636336332, 9.48571925791, 0.812139675783, 1.18363371149, 325, 2019
N, -100, -0.5004365793128513, 34.1547593287, 17.2162934672, 2.20843790849, -1.05737946383, 1.21495005442, 325, 2019
E, -100, 0.5851886192075618, 128.462068073, 92.1579614872, 1.11317847195, 0.126089478059, 0.331280485386, 325, 2019
Z, 100, 0.9296546814750977, 1076.06478958, 106.287443269, 11.3116522059, -0.870096124923, 0.542664994866, 328, 2019
N, 100, 0.29319104799794365, 49.9924492629, 35.5256843102, 1.38167223629, -1.27455206725, 1.44106607663, 328, 2019
E, 100, 0.8666085614682286, 136.999264853, 166.489007265, 0.778642777093, 0.510606231493, 1.34529132533, 328, 2019
Z, 100, 0.9961963205629576, 1212.57952728, 115.383393286, 10.9794513062, -0.152356516832, 0.10112907642, 331, 2019
N, 100, 0.8607188896053971, 51.9936704485, 41.7765600543, 1.15976888396, -0.396676000052, 0.245168492531, 331, 2019
E, 100, 0.9765563399489919, 259.048645269, 221.350600669, 1.11542847523, -0.296484347435, 0.119074643922, 331, 2019
Z, -100, 0.984361997782185, 1095.6461201, 86.4236728239, 13.1820208708, -0.59907471488, 1.74228711135, 334, 2019
N, 100, 0.9222861330961885, 69.3795405744, 34.3831355539, 1.7127632182, -0.54977307825, 0.162047232459, 334, 2019
E, -100, 0.9946143538386767, 310.664667401, 208.815969097, 1.38036601942, -0.0982905597626, 0.0869216252232, 334, 2019
Z, -100, 0.9921630297868608, 379.492311829, 41.4425490759, 9.00764247652, 0.105365234913, 0.0327976530573, 337, 2019
N, -100, 0.9871074328853268, 36.886867671, 18.6351599922, 2.09853433526, 0.0362843281949, 0.0758704947803, 337, 2019
E, -100, 0.976670035843559, 195.970941998, 143.831879986, 1.33730394971, -0.0591322323305, 0.0884266265174, 337, 2019
Z, 100, 0.9288121300277937, 497.506446725, 49.7567932834, 13.5136044379, 0.204050057629, 1.0756979872, 340, 2019
N, 100, 0.005147323052560235, 28.1142097811, 15.7959793212, 2.06236257802, 1.19563132347, 1.03076539564, 340, 2019
E, -100, 0.8289623089113121, 82.739480435, 79.8929180606, 1.01951215044, 0.0607924571679, 1.29791799112, 340, 2019
Z, -100, 0.9612305748368735, 848.388858265, 88.0224856176, 10.7475992445, 0.914215710015, 1.03445166942, 343, 2019
N, 100, 0.8268497408864766, 35.742000604, 32.6371076177, 1.1585728141, -1.2981228163, 0.598343661868, 343, 2019
E, 100, 0.9962300007637359, 125.125518388, 138.264946444, 0.900046391292, -0.155956859501, 0.101051523201, 343, 2019
Z, -15, 0.9968712023622527, 1020.13013237, 109.014398985, 8.86778242259, 0.462291420262, 1.2435995305, 346, 2019
N, 100, 0.8354378528213996, 58.814961981, 40.8244533182, 1.69376587608, -0.988933032336, 0.401071446102, 346, 2019
E, 100, 0.983492360965849, 209.297307627, 190.989653203, 1.06840191232, 0.0221501274464, 0.196777441062, 346, 2019
Z, 100, 0.32205620773438315, 20407.4870156, 97.8791515843, 156.600159964, 1.39650413009, 2.79455731236, 349, 2019
N, 100, 0.9291139072151325, 44.6157155302, 35.8660557305, 1.27568498849, 0.691548847721, 0.679954282608, 349, 2019
E, 100, 0.9877241605259297, 278.904648833, 200.234029601, 1.42639591948, 0.0564275737004, 1.35450911472, 349, 2019
Z, 100, 0.8423493246984299, 42371.3343346, 60.7663354468, 514.942194552, -0.668519864601, 0.434277290135, 352, 2019
N, 100, 0.9519740504824608, 35.9302792194, 20.435784913, 1.62253760889, 1.03066172744, 2.82121357083, 352, 2019
E, -100, 0.9878066070677936, 239.324004827, 160.789917777, 1.41723818196, -0.145949842207, 0.0940776989205, 352, 2019
Z, 100, 0.989091975392372, 617.971668385, 64.4362090275, 11.1650360334, 0.118535171854, 1.21849379281, 355, 2019
N, -100, -0.23428730094839292, 64.5091002706, 17.6300709181, 3.70435940883, 1.58352465841, 1.12145858255, 355, 2019
E, 100, 0.9512384970730514, 201.054837346, 108.210896332, 2.03706818293, -0.193503851755, 0.126760917162, 355, 2019
Z, -100, 0.9978502738462536, 927.857936743, 94.9138717086, 9.48890481587, 0.136019963044, 0.111705681301, 358, 2019
N, 100, 0.7221868578846122, 62.1255464492, 32.0783424257, 1.95230816293, 0.254700170198, 0.784221921529, 358, 2019
E, 100, 0.8557021223107923, 227.694241684, 160.665399058, 1.57348010301, -0.454896714838, 0.609891988119, 358, 2019
Z, 100, 0.9894736235064896, 1095.57426403, 101.887131694, 11.5232471719, -0.48781634908, 1.2055737812, 361, 2019
N, 100, 0.921164387300932, 51.296159557, 38.0728976002, 1.20735677723, -0.0647816908323, 0.209505767502, 361, 2019
E, 100, 0.954494912830988, 294.812961106, 203.468748184, 1.34967242929, -0.46539611856, 0.150734743969, 361, 2019
Z, -100, 0.9998490831387696, 755.985228304, 80.7464051907, 9.28226106413, -1.16088278331, 2.45536539094, 364, 2019
N, 100, 0.9546388515811037, 47.2072273206, 32.9857795137, 1.50595484508, -0.458018874752, 0.112655764302, 364, 2019
E, 100, 0.9827344607587489, 254.081926946, 194.352662923, 1.27126871656, -0.292523685192, 0.119059176472, 364, 2019
