Chan, Phase Shift, Correlation, ptp-data, ptp-synthetic, rat, phasem, phasestd, DOY, Year
Z, -100, 0.4495197537623959, 0.928548163795, 118.757361968, 0.00737214778713, 0.00909953226424, 1.29391406195, 1, 2019
N, -100, -0.5223791614546511, 0.845476136895, 31.2354570921, 0.02610061927, 0.862709675784, 2.85573900448, 1, 2019
E, 100, -0.6191955519550463, 0.832557145552, 66.367774137, 0.0122103745043, -2.31092071343, 3.04499839991, 1, 2019
Z, 100, -0.6157802761929082, 0.720428898192, 171.990915914, 0.00488504978874, 2.08781821118, 1.39442401484, 4, 2019
N, 100, 0.5117202932738919, 0.666537541868, 49.6657821275, 0.0154754351076, -0.838225072072, 0.301735269942, 4, 2019
E, -100, -0.8686678010507879, 0.668294325154, 96.954987348, 0.0077106002738, -0.480241488929, 2.88851481893, 4, 2019
Z, 100, -0.56657936546268, 1.5095002574, 186.637885471, 0.00795804772441, 0.111830784589, 3.42021570801, 7, 2019
N, 100, 0.5110223423055972, 1.42653767422, 56.5723826527, 0.0240950759602, -1.01091434408, 1.58910260579, 7, 2019
E, -100, -0.5051734611059842, 1.39113584036, 105.194709149, 0.0134072292533, -1.32475090917, 2.60136392795, 7, 2019
Z, -100, -0.3061398764591505, 1.1250140648, 158.115328252, 0.00645275219035, 2.24774097457, 2.85920225216, 10, 2019
N, -100, 0.44659076737162534, 1.05733529529, 49.6052515408, 0.018825223841, 0.772679464113, 1.39844018022, 10, 2019
E, 100, 0.7951653228901844, 1.04056273425, 88.1878725804, 0.0108336674809, 1.09648928021, 2.67960895751, 10, 2019
Z, -100, -0.09939096257171441, 1.20775319922, 102.329253394, 0.0122059039626, 1.82700668207, 2.9498624844, 13, 2019
N, -100, 0.4109603285310722, 1.12492891887, 32.1832126545, 0.035375236103, 0.447852260521, 1.24536441706, 13, 2019
E, 100, 0.8752813301699406, 1.12028423693, 54.4584231833, 0.0205617865421, -0.601172102727, 0.263435763957, 13, 2019
Z, -100, 0.7221936615210525, 0.828952656508, 96.5621421963, 0.0100332062996, 0.170267991077, 1.35479820691, 16, 2019
N, -100, -0.8088334752361298, 0.765114603621, 21.623006306, 0.0393889769439, 0.838426761853, 2.93995690959, 16, 2019
E, 100, -0.4870460519281162, 0.77765357236, 53.5923270523, 0.0175588553697, 0.801990852606, 1.83942910679, 16, 2019
Z, 100, -0.5496725506673521, 1.65911286245, 187.192232586, 0.00846361211359, 1.28432637177, 1.30081372983, 19, 2019
N, 100, 0.4555705368116286, 1.54854591068, 49.090045136, 0.0304791737063, 1.6359528701, 2.74792125666, 19, 2019
E, -100, -0.8252235941282585, 1.52306457011, 102.507074011, 0.0136864579004, -1.68666009772, 2.64392389572, 19, 2019
Z, 100, -0.15489292625149917, 1.28781065455, 232.848518756, 0.00558686710902, 0.790383995669, 3.08441468626, 22, 2019
N, 100, 0.14058518549013677, 1.20065686144, 66.2459741847, 0.0179548041869, -0.372988489141, 0.643861416436, 22, 2019
E, -100, -0.09345813686306137, 1.19087205655, 127.784223243, 0.00958334285862, -0.682349254414, 2.72812191885, 22, 2019
Z, 0, 0.2654734616539164, 2.13634045369, 195.640454933, 0.0106053235968, 0.955119124975, 0.720143636751, 25, 2019
N, 100, -0.24383266076479018, 2.01340380212, 59.7095017298, 0.0316363455569, -0.620082324003, 2.92414741187, 25, 2019
E, -100, 0.085814780486784, 1.85721416896, 106.212438825, 0.0172100634228, 1.31447215917, 2.55172877681, 25, 2019
Z, 100, 0.6540385787884717, 3.46573061607, 105.496603704, 0.0267178895113, -1.10372993009, 1.23146160503, 28, 2019
N, 100, -0.4475690280770862, 3.20883375465, 31.9357157973, 0.0831008767376, 0.972893412186, 1.18316612501, 28, 2019
E, -100, 0.5176895288136939, 3.1035490782, 53.6540775269, 0.0453428909793, -0.504982239218, 1.06578398293, 28, 2019
Z, -100, 0.6122662709311142, 1.70568676756, 110.783652428, 0.0184133673156, 0.827402188782, 0.915151789309, 31, 2019
N, -100, -0.6739784572586004, 1.58631579373, 29.8063572173, 0.0656610226037, 1.72507962031, 2.78724204472, 31, 2019
E, 100, -0.3978405199843974, 1.53224040753, 62.867129663, 0.0297469905172, -1.71796017713, 2.84805069561, 31, 2019
Z, 100, -0.5165252653414852, 2.29995518234, 174.130998946, 0.0122181791256, -0.661926605965, 2.96010639557, 34, 2019
N, 100, 0.5101997710784385, 2.1345865479, 50.8726873983, 0.0384100076897, -2.35897288972, 1.0955734235, 34, 2019
E, -100, -0.10096085398304133, 2.0996899142, 99.100995838, 0.0196666656576, 0.600885396754, 1.95582684623, 34, 2019
Z, 100, -0.97694840632207, 2.60271876345, 197.286056683, 0.0126866757303, 1.05160727114, 3.00670577151, 37, 2019
N, 100, 0.9517544625949994, 2.41891115795, 59.6791735458, 0.0381291628472, -0.0934019576498, 0.183345947115, 37, 2019
E, -100, -0.33773366532807403, 2.36875221678, 111.815760612, 0.0210638331127, -0.0786971433308, 3.08272164549, 37, 2019
Z, -100, -0.054306065556676365, 1.17794212612, 172.751807377, 0.00832342360779, 1.81892468142, 2.72271497607, 40, 2019
N, -100, 0.223824874659623, 1.08441649986, 53.4584442826, 0.0245000482625, 0.299190978349, 1.39839197365, 40, 2019
E, 100, 0.7786325125794988, 1.07593231061, 96.1586289938, 0.0137826098028, 0.0531265517628, 2.13774059084, 40, 2019
Z, -100, -0.3433591705159451, 2.09365661374, 109.336539733, 0.0206794754353, 1.82435066051, 2.92689173133, 43, 2019
N, -100, 0.42257574870333475, 1.96652150676, 33.9423992817, 0.0617815338428, 0.451335217463, 0.932834847165, 43, 2019
E, 100, 0.4544124051165385, 1.89232834683, 57.8102413951, 0.0348590634064, -0.615657440008, 0.482792050647, 43, 2019
Z, -100, -0.23425144341514628, 3.32480933803, 107.867603936, 0.031919187191, -0.399321722064, 2.58360877687, 46, 2019
N, -100, 0.40683228687250367, 3.09744802956, 24.3718474728, 0.133349981119, 0.312994146663, 1.30849925079, 46, 2019
E, 100, 0.5244755437369842, 2.98986797834, 60.2543962143, 0.0546905641668, 2.76510016088, 2.70149445807, 46, 2019
Z, 100, -0.516243538481705, 1.3943333858, 215.464934638, 0.00694387946482, 2.26800122203, 1.46236957687, 49, 2019
N, 100, 0.4482403239794313, 1.2884649346, 58.1600449398, 0.0240157873249, -0.0468206395983, 1.80972949516, 49, 2019
E, -100, -0.5763572193344193, 1.23927893366, 118.857753331, 0.0110802340183, -0.560704231123, 2.72476866026, 49, 2019
Z, 100, 0.6246081369432425, 1.52276800263, 251.475435365, 0.00471412298269, 1.61208804164, 2.89778733625, 52, 2019
N, 100, -0.5480300268454621, 1.41687292595, 73.6731459621, 0.0147724339903, 0.448113341568, 1.11252724677, 52, 2019
E, -100, 0.4549467512479419, 1.38209001656, 138.68115004, 0.00803801491565, 0.50371966219, 2.76914998093, 52, 2019
Z, 100, -0.8374830476241334, 1.59397546581, 186.807934226, 0.00914917238809, 1.33692091016, 2.84995442074, 55, 2019
N, 100, 0.7467796994766203, 1.46940496716, 58.2702393671, 0.0267893918451, -0.213979058665, 0.601968511208, 55, 2019
E, -100, -0.42926906802912457, 1.47362628622, 102.4499541, 0.0152144212441, -1.32575181937, 0.967498383767, 55, 2019
Z, 100, -0.14229704385973396, 2.16642718279, 77.6962180038, 0.0253794141596, -2.64060342193, 2.89111715888, 58, 2019
N, -100, -0.11652319225238612, 2.0514075765, 24.0395223854, 0.0812145031176, -0.1836863593, 2.97706735298, 58, 2019
E, 100, -0.7364602610868458, 1.95779507999, 38.9394040545, 0.0441219507773, 0.625270861337, 2.95347792193, 58, 2019
Z, -100, -0.5496554308216777, 3.29932315982, 123.252032835, 0.0293685806712, 0.197106644373, 1.44827303406, 61, 2019
N, -100, 0.5974650599064193, 3.05370965854, 34.2169776059, 0.0996318159083, 0.913037346199, 2.88192060604, 61, 2019
E, 100, 0.4685180287248226, 3.05901279612, 70.831142866, 0.0462835278262, -2.31707277722, 2.74226067968, 61, 2019
Z, 100, 0.21990173487867554, 4.8234307007, 191.4654038, 0.0286259384312, -1.84984729773, 1.04946259424, 64, 2019
N, 100, -0.17602252208491403, 4.42538740164, 56.1127130394, 0.0895217095527, -3.2385186184, 2.56002954587, 64, 2019
E, -100, 0.611259599016472, 4.35025019402, 109.409147873, 0.0454657023227, -0.616641931003, 1.05402322036, 64, 2019
Z, -100, 0.9821623628024257, 5.80671043121, 213.203978614, 0.0311459109855, -0.161052043258, 0.248944412208, 67, 2019
N, 100, -0.9754884637525549, 5.47397679548, 63.88029413, 0.0966374412764, -1.31482579469, 2.87503143253, 67, 2019
E, -100, 0.17455332947728855, 5.21094978904, 120.31538196, 0.0509694295318, 0.825844968343, 1.32210572419, 67, 2019
Z, 100, 0.9032938252614038, 6.57236397518, 177.572413356, 0.0307068831743, 0.602191717703, 1.19281734694, 70, 2019
N, 100, -0.8040989710022763, 6.19465446204, 54.2020202067, 0.0939095372063, -0.943553448204, 3.00658619646, 70, 2019
E, -100, 0.5691671978673427, 5.85489151682, 98.0469857652, 0.0497611303459, 0.958891177025, 2.17435336196, 70, 2019
Z, -100, 0.10021039729355409, 6.4474001614, 96.2584514548, 0.0735393866285, 2.39874707151, 3.53893605047, 73, 2019
N, -100, -0.30727169267441545, 6.00577285103, 29.1878691247, 0.234454797614, 1.00262155367, 2.35452966726, 73, 2019
E, 100, -0.110839029149014, 5.80441195637, 49.7415744914, 0.123384683124, 1.13507805573, 0.598430292868, 73, 2019
Z, -100, 0.6079470091094308, 2120.89444599, 146.022738015, 13.769400657, 0.255902265184, 0.725853122365, 76, 2019
N, 100, -0.2792643888569432, 624.751564879, 35.9838299169, 15.1127165919, 1.34896216505, 2.31802892873, 76, 2019
E, -100, 0.8711352203127453, 625.239205672, 81.591647003, 6.53876529396, -2.06530741551, 2.0777889604, 76, 2019
Z, -100, -0.49745217225402966, 35684.6728916, 245.088399085, 111.639157216, 0.385375247547, 2.07339520174, 79, 2019
N, 100, -0.28567962186209717, 1011.94322091, 68.8109668066, 15.2104076133, -2.15337534374, 2.88489043028, 79, 2019
E, 100, 0.9798199958008283, 953.958265375, 135.99377592, 7.11798000519, 0.112542392576, 0.206945779596, 79, 2019
Z, -100, -0.13936502323981834, 54177.40373, 246.698407877, 195.163549574, 1.84987417773, 2.98482737144, 82, 2019
N, 100, 0.5411551768333799, 522.479838552, 74.1897417486, 6.51852774913, -0.603203376532, 1.37406133184, 82, 2019
E, -100, 0.08636157009090391, 116.257293946, 135.80119581, 0.858230431847, 1.32434804096, 1.45518611395, 82, 2019
Z, -95, 0.9996954633250557, 155.031247859, 153.901798591, 0.995080229714, 0.0222619789047, 0.0102469174574, 85, 2019
N, -100, 0.9659347117429203, 39.4830513536, 48.2962488691, 0.775932022291, 0.543007167126, 0.277479980311, 85, 2019
E, -100, 0.985991893370193, 104.864691763, 84.3436095826, 1.2594301153, 0.271832670697, 0.0930675648357, 85, 2019
Z, 100, 0.9994260091366769, 48.2149791465, 53.8523035438, 0.894262486428, 0.0103807232547, 0.0555380859964, 88, 2019
N, 100, 0.25967656612285944, 19.0509236747, 14.4428738984, 1.05759860525, -1.56149813315, 1.80305369988, 88, 2019
E, 0, 0.9538301545653808, 36.1940622833, 32.2679262203, 1.06708951725, 0.342969805372, 0.321129067761, 88, 2019
Z, 100, 0.9976276091640109, 144.83928354, 143.331554107, 0.968096162278, -0.0251648075834, 0.0681013834203, 91, 2019
N, 78, 0.999764412853915, 40.0996179108, 40.2511017628, 0.999059048446, 0.0122154140672, 0.0732942930901, 91, 2019
E, -100, 0.9967602485131047, 89.7969057744, 82.7569703491, 1.11195362023, -0.126462955114, 0.107637850867, 91, 2019
Z, 100, 0.999926629751388, 213.539839824, 207.35961498, 1.04097164725, -0.00568518408808, 0.012658433774, 94, 2019
N, 100, 0.9974273002647512, 65.8601122885, 60.1713389147, 1.08054062871, 0.090262584411, 0.101422914325, 94, 2019
E, -100, 0.9985531999203023, 126.096495974, 117.902499237, 1.07752096576, 0.0999549515769, 0.0487748708003, 94, 2019
Z, 0, 0.9999490862663026, 221.335821898, 217.266050031, 1.02270067672, -0.0139418684559, 0.00905493420724, 97, 2019
N, 100, 0.9980747740358588, 68.1147508601, 64.0575714161, 1.09231367704, -0.062271133135, 0.0528995177379, 97, 2019
E, -100, 0.9973666160284812, 133.775028139, 121.110239027, 1.09893314657, 0.0291725379959, 0.0251052670328, 97, 2019
Z, 0, 0.9998662831226711, 167.137817015, 162.013454981, 1.02166201399, -0.0056572093604, 0.00884314346796, 100, 2019
N, -100, 0.9976122634445912, 48.9283632793, 48.4315295893, 0.982361842327, 0.129579309328, 0.0809156167754, 100, 2019
E, -100, 0.9947197021222023, 100.726173445, 87.8194383494, 1.15468534358, -1.02378954364, 2.50996614799, 100, 2019
Z, 100, 0.9997026521884634, 72.2868148447, 72.0114417707, 0.983506591523, 0.0010039954715, 0.0294228955362, 103, 2019
N, 100, 0.8020612295436268, 17.9174110154, 19.7928356132, 0.702664494527, -0.203443938264, 1.54691812845, 103, 2019
E, -100, 0.981361460286891, 40.2701094218, 39.4394034721, 1.08464208478, 0.259416540618, 0.112410079187, 103, 2019
Z, 37, 0.9999801373212679, 189.156439864, 185.080402897, 1.01844315813, 0.00637627627354, 0.0142513727133, 106, 2019
N, 100, 0.9954907881474978, 54.2309480572, 49.0564342571, 1.13285128918, -0.180674744491, 0.0760757860817, 106, 2019
E, -100, 0.9993226119166989, 110.690460384, 103.156398928, 1.05921729896, 0.0112721870028, 0.021491395426, 106, 2019
Z, 98, 0.9997610181502391, 249.955149338, 245.993835989, 1.00125113217, -0.0532127493506, 0.0279897517084, 109, 2019
N, 100, 0.995951014356437, 74.2033445024, 71.4424194571, 0.997684971901, -0.224339426022, 0.109637449197, 109, 2019
E, -100, 0.9983130397770272, 145.613943253, 136.676290169, 1.06594077874, 0.0674026814936, 0.0259158113739, 109, 2019
Z, 100, 0.9994651660695033, 218.127519046, 212.230289479, 1.02524426266, -0.0642768939741, 0.0333362010595, 112, 2019
N, 100, 0.9948454592921924, 64.9045058184, 64.5557687777, 1.00486594041, -0.16466544939, 0.0774870134675, 112, 2019
E, -100, 0.9983039114993713, 124.998961712, 116.259138447, 1.07868176799, 0.0774287832927, 0.0199366783695, 112, 2019
Z, 0, 0.9990914249202502, 119.377023091, 115.511121686, 1.04176754018, -0.0519488158617, 0.0266948359323, 115, 2019
N, -6, 0.9858916050064613, 32.5122073064, 35.5221127584, 0.936307218415, -0.193556127139, 0.0941412145658, 115, 2019
E, -100, 0.9966887390603516, 69.7486124765, 62.5734450005, 1.10535992202, 0.0882017793279, 0.0266322693504, 115, 2019
Z, 100, 0.9991193523926674, 72.0620653388, 72.929771129, 0.972851160316, 0.005352857053, 0.0750434771596, 118, 2019
N, 100, 0.9014338728536205, 18.2216728523, 18.3163586973, 0.821155368854, -0.47729815312, 1.17989469456, 118, 2019
E, -100, 0.9963805434594606, 41.6839323369, 43.398282306, 0.967120433518, 0.214697872875, 0.117865695336, 118, 2019
Z, 100, 0.9998565347863225, 165.139605436, 158.292490397, 1.03390254879, -0.0355669691679, 0.0187351106009, 121, 2019
N, 100, 0.9952879308528854, 49.708465551, 43.7418746298, 1.13064755668, 0.375173996981, 1.84414400972, 121, 2019
E, -24, 0.999528443913705, 93.7697218253, 90.4435764302, 1.01696059298, -0.00479084369289, 0.0218540630854, 121, 2019
Z, 100, 0.9999394623495816, 219.10049353, 212.151491103, 1.03225240207, -0.0281001455593, 0.00948256173604, 124, 2019
N, 100, 0.9971689114270672, 66.1840344333, 60.3715119842, 1.10226490046, -0.0765907384764, 0.0336596166025, 124, 2019
E, -100, 0.999120281053675, 128.635062965, 118.832053974, 1.07358993345, -0.0148893503012, 0.0258057111138, 124, 2019
Z, 100, 0.999584687827374, 210.186404114, 205.249938404, 1.01830219767, -0.0556099363628, 0.0217578533671, 127, 2019
N, 100, 0.9944529821463415, 60.0958409221, 59.3640824191, 1.00225964472, -0.138099906738, 0.0363841474519, 127, 2019
E, -100, 0.9975892589981876, 120.296475102, 112.295580946, 1.08114300613, 0.0925384935598, 0.0259409984929, 127, 2019
Z, 0, 0.9999374793336774, 139.479471549, 135.523336797, 1.03160811211, -0.0141605201879, 0.00823520191632, 130, 2019
N, 100, 0.9955569643324862, 36.9809697884, 38.8657573625, 0.945887509865, -0.00350606256042, 0.0453326368976, 130, 2019
E, -100, 0.9842569473693084, 84.7138583348, 71.6646836626, 1.17479479309, 0.105565442658, 0.0342353608634, 130, 2019
Z, 56, 0.9999459563835791, 111.162788597, 109.322269448, 1.02515457108, -0.0052164513331, 0.0149505863375, 133, 2019
N, 100, 0.9523938754702355, 29.2228779623, 25.8322357956, 1.04462216058, -0.399257033772, 0.174687329999, 133, 2019
E, -100, 0.9959706842467613, 63.9756457779, 61.3880820763, 1.02236374361, 0.150894804134, 0.0895523255744, 133, 2019
Z, 16, 0.9999812369493187, 201.688593585, 195.576233559, 1.03190716362, -0.00505662925993, 0.00550511546071, 136, 2019
N, 100, 0.9972258232010026, 60.1803447429, 54.3220531104, 1.13699848206, -0.149669002531, 0.0782957423442, 136, 2019
E, -38, 0.9997849620626246, 113.153179353, 108.758992115, 1.05155408451, -0.0280804766877, 0.0248788182573, 136, 2019
Z, 37, 0.9999146253089621, 225.993291349, 218.762774166, 1.03291812956, 0.00177446363958, 0.0111501489939, 139, 2019
N, 100, 0.9982161321511462, 71.0615862343, 64.5659241794, 1.12173932932, 0.000694425755982, 0.0414409962295, 139, 2019
E, -100, 0.9996612618014689, 130.14469846, 121.172372625, 1.07882114176, -0.0350082202571, 0.0340654636027, 139, 2019
Z, 0, 0.9998169202530677, 184.40048549, 173.503929951, 1.05459919068, -0.0294908658062, 0.0173988013113, 142, 2019
N, 14, 0.996688987643158, 61.0780730875, 52.2269204472, 1.13931895908, -0.0714321028389, 0.0557203381987, 142, 2019
E, -100, 0.9981209667347906, 103.802997214, 94.5794430165, 1.11301221613, 0.0560129459782, 0.0223733780752, 142, 2019
Z, 6, 0.9998579345860013, 97.166555481, 93.3243043119, 1.04756286474, -0.013145977215, 0.0113243927643, 145, 2019
N, 100, 0.9943210768753531, 24.9560301975, 27.8606003125, 0.912557832844, 0.0227707548979, 0.0552054345965, 145, 2019
E, -100, 0.9835803708181705, 54.2655214, 49.9760899182, 1.07172180554, 0.136882213111, 0.0344386586017, 145, 2019
Z, 63, 0.9993494450815407, 89.9890501172, 87.7737354417, 1.0234920048, 0.0553155356453, 0.0485259614122, 148, 2019
N, 100, 0.9787283386333647, 24.9321912239, 21.8208113672, 1.08159379589, -0.0232666051229, 0.10074703862, 148, 2019
E, 81, 0.9972126766914404, 46.6962752324, 50.7236732138, 0.9084871608, -0.160672737325, 1.34607926481, 148, 2019
Z, 100, 0.9998765135697512, 168.128109828, 164.020780894, 1.03755113456, -0.0272828571752, 0.0173525856309, 151, 2019
N, 100, 0.9848028282827512, 48.8115521328, 44.1085919607, 1.18888871508, -0.23835494265, 0.0901332704445, 151, 2019
E, 85, 0.9980399293482499, 98.5861643611, 92.1813813065, 1.03933678287, -0.0910457847428, 0.0468593143968, 151, 2019
Z, 78, 0.9997904774229295, 213.619360848, 207.124738635, 1.01600249346, -0.0393051166881, 0.0200242930179, 154, 2019
N, 100, 0.9939619384809569, 64.1887485976, 57.8245991276, 1.05782057106, -0.273669127196, 0.139476791674, 154, 2019
E, -100, 0.9990038280960892, 127.146230208, 114.455245058, 1.11784681893, 0.0208256196608, 0.0166398619927, 154, 2019
Z, 0, 0.9997633732048556, 196.852199789, 190.015611007, 1.03427414489, -0.0259001069028, 0.0171724077517, 157, 2019
N, -100, 0.9959466109045263, 60.178259083, 53.6497626468, 1.1164674448, -0.0506330065928, 0.0410323323597, 157, 2019
E, -100, 0.9977667551706174, 116.970149335, 101.862434885, 1.17062077631, 0.0911093389162, 0.0398641312951, 157, 2019
Z, 100, -0.5932631566207616, 18843.3518504, 122.010103438, 130.343016903, 1.43252768067, 2.46024065855, 160, 2019
N, -100, 0.3989503208466153, 396.70402266, 33.8380684307, 13.8389905571, 0.338790191428, 1.89931838128, 160, 2019
E, -100, 0.604678823733619, 172.212607148, 63.3151168592, 2.38622203683, -0.304514395304, 1.68082105609, 160, 2019
Z, 100, -0.7295479796026986, 15976.3675401, 125.342824203, 115.925833362, -0.626973960168, 1.82237455738, 163, 2019
N, 100, -0.886535720894602, 1862.37530513, 32.1594380496, 43.7914922987, 0.914818967665, 2.6365207178, 163, 2019
E, 100, -0.3699744308115042, 901.715157966, 69.2863139812, 10.2813827542, 0.240129139847, 1.47465424561, 163, 2019
Z, 100, -0.36159476319776046, 37962.9048335, 180.297394763, 205.80862611, 1.71073363026, 1.40653272703, 166, 2019
N, 100, -0.15048312200373876, 1133.10070376, 51.2580311406, 22.1194358079, 1.00756731774, 1.38521710772, 166, 2019
E, -100, 0.7516139415633702, 182.481369926, 100.178150133, 1.85208253211, 0.751216991955, 0.77526169782, 166, 2019
Z, 36, 0.9997187271808159, 195.604304852, 190.75965186, 1.01466876519, -0.0466548153677, 0.0197035467842, 169, 2019
N, -100, 0.9825833377085923, 62.7367804975, 56.4318640706, 1.15842366123, 0.133723497216, 0.161512775934, 169, 2019
E, -100, 0.999439455970226, 115.972742777, 105.815664291, 1.09254202689, 0.0433077795417, 0.0121607525474, 169, 2019
Z, 0, 0.9998458524936317, 159.740507065, 153.662845406, 1.03923218572, -0.0292495180717, 0.0199137212613, 172, 2019
N, -100, 0.6808047859665524, 64.6174200008, 45.939603346, 1.16261490765, -0.346862278299, 1.33661038912, 172, 2019
E, -100, 0.9780330801556848, 94.3467362125, 84.3318437741, 1.10876121125, 0.0179181871474, 0.127271243201, 172, 2019
Z, -100, 0.9997172138775886, 93.6456368059, 93.3655793239, 0.992022726562, 0.02602860389, 0.00771010559969, 175, 2019
N, 100, -0.042400318985108126, 210.041919367, 27.5574294962, 8.44238365538, -0.190962482388, 1.38086560164, 175, 2019
E, -100, 0.4093277261119395, 124.285755928, 49.6610269705, 2.10940580428, 0.314036826453, 1.97914622936, 175, 2019
Z, 100, 0.9985062233578539, 94.1975283378, 93.616016817, 0.994305503709, -0.0834832109878, 0.0249808032982, 178, 2019
N, 100, -0.6981129455311358, 359.73337511, 22.3394283968, 15.8091292019, 0.14643376437, 3.24946937036, 178, 2019
E, -100, -0.20430917359963763, 161.235130749, 52.5417158243, 3.21290400537, 1.05973648384, 2.95917368095, 178, 2019
Z, 83, 0.9999044042680478, 170.9657217, 165.841369284, 1.02340346542, -0.0340060995513, 0.0198548378634, 181, 2019
N, -100, -0.209014087521458, 265.085461332, 43.4253955842, 5.68275312345, 1.16372864844, 1.21230906306, 181, 2019
E, 100, 0.8494436102476597, 218.249365166, 91.5814511923, 1.81845253021, -0.321363396556, 2.62583808912, 181, 2019
Z, 100, 0.9998384066081951, 213.012781289, 207.682820005, 1.01851375965, -0.0411789793014, 0.0144396542096, 184, 2019
N, 100, 0.13149948686754445, 430.405400585, 57.4859799422, 7.35280152314, -0.677341735751, 0.868079759265, 184, 2019
E, -59, 0.7601368711645193, 230.871994096, 113.757948893, 2.43268551259, 0.497527640363, 0.838761828454, 184, 2019
Z, 0, 0.9999179176834417, 195.436809547, 189.253564752, 1.03401865945, -0.0287135668356, 0.0195351576948, 187, 2019
N, 100, 0.03663687645639638, 328.335039075, 53.418082996, 6.0712795209, -0.559506348859, 2.5755728166, 187, 2019
E, 100, 0.8854863185287726, 251.498024069, 101.26759043, 2.44721786976, 1.18077686664, 2.67002238908, 187, 2019
Z, 70, 0.9997140753146739, 130.273550142, 123.705117654, 1.05881833202, 0.272782339228, 1.33880177965, 190, 2019
N, -100, 0.6129850045724649, 345.935178662, 35.1389228818, 10.4365980712, 0.453990387912, 0.225382904356, 190, 2019
E, 100, -0.44277434530331883, 124.414326695, 63.8491203294, 1.96538705829, -0.126949091445, 3.15450531967, 190, 2019
Z, 100, 0.9992732593070575, 118.141456109, 116.583010992, 1.00916311755, -0.0953329246533, 0.0967933396091, 193, 2019
N, -100, 0.08899023488684626, 434.440446265, 30.9025416587, 12.4098926532, 0.984238737467, 0.393679705875, 193, 2019
E, -100, -0.03009186454275288, 177.411147754, 64.4384282888, 2.59060068657, 0.87172003473, 2.65906846591, 193, 2019
Z, 100, 0.45736947577134646, 7552.10365858, 168.376025461, 36.7695089757, 0.875588027907, 2.60146197281, 196, 2019
N, 100, 0.4030241553150402, 9001.70893761, 48.5877435238, 155.755059686, 0.807727194994, 2.44527315402, 196, 2019
E, -100, -0.5001951790695708, 2999.78497947, 94.3951569888, 27.7959869, -1.29995180214, 2.68657933437, 196, 2019
Z, 100, 0.92344227453431, 15290.3152182, 183.890334967, 64.3968891574, -0.239290718404, 0.353933358936, 199, 2019
N, 100, 0.8979330127438002, 18741.2669266, 54.6268541489, 276.282092996, -0.374378633205, 0.360033582266, 199, 2019
E, -100, -0.21707934436451493, 6113.21278398, 103.015090775, 49.9859251381, -0.213528345781, 3.15636657934, 199, 2019
Z, 52, 0.9997761579633729, 161.204324519, 156.296099518, 1.03657445307, -0.0454372442715, 0.0260912778368, 202, 2019
N, 100, -0.8402102359565139, 608.1221376, 46.7106538346, 12.8134106531, -1.07260986238, 2.80455788594, 202, 2019
E, -100, -0.01675242989211595, 271.24554791, 86.3343686878, 3.28013987086, 0.844846347708, 2.83164713834, 202, 2019
Z, 36, 0.999942410845509, 105.671643547, 101.196187447, 1.05082250918, -0.0142149123385, 0.012458244071, 205, 2019
N, -100, -0.7667258656920308, 921.581643548, 29.9373079421, 30.4913060619, -1.48693176751, 2.73141456149, 205, 2019
E, 100, 0.23875646562131397, 438.061697766, 53.5514875341, 7.76065653356, -1.4927835391, 0.405716688626, 205, 2019
Z, 26, 0.9999627213123101, 97.3834580073, 95.0775905079, 1.02521202832, 0.000924175263052, 0.0084046511516, 208, 2019
N, 100, -0.09978618771303473, 709.121383848, 21.4312711087, 31.888694937, -0.635937883859, 3.1370424574, 208, 2019
E, -100, -0.47775517149557584, 306.144925631, 52.8107532899, 6.24537996388, 0.337222505087, 2.96739971451, 208, 2019
Z, 23, 0.9999698610780202, 185.770354025, 181.354944632, 1.03064481924, -0.0160631243377, 0.0144401991487, 211, 2019
N, 100, 0.6279351676492142, 174.399900086, 47.6788693391, 3.49792157369, 1.8178819903, 3.59745717611, 211, 2019
E, -100, 0.9678407777535024, 129.444892163, 99.4846788268, 1.4948084724, 0.192230578218, 1.46443460011, 211, 2019
Z, 17, 0.9999673727628141, 233.204948418, 228.163903421, 1.01862129139, -0.0154531194353, 0.00531703295326, 214, 2019
N, -100, -0.35387668730683136, 569.28627004, 64.0286002889, 8.11992628286, -1.55659024504, 1.80822998259, 214, 2019
E, 100, 0.9424628432968513, 391.82913797, 124.842354331, 2.9257791321, -0.530696892259, 0.24768659845, 214, 2019
Z, 25, 0.9998816553305719, 202.174764996, 196.258703033, 1.0319399886, -0.0293291150252, 0.0138432127953, 217, 2019
N, 100, 0.015610027388114334, 671.470249558, 57.1961018892, 11.1762762743, 0.1586532354, 2.82201311395, 217, 2019
E, 100, 0.8994156139170453, 406.055056279, 105.603997507, 3.75295614793, 0.655134251359, 1.73542469279, 217, 2019
Z, 86, 0.9999951468938588, 108.113162866, 106.55504673, 1.01479716222, -0.0198232834944, 0.0083050358552, 220, 2019
N, -100, -0.779384261401435, 509.790616808, 32.0570364292, 16.9339718235, 2.0607178242, 2.007115871, 220, 2019
E, 100, 0.5001624214436032, 244.592590301, 54.1584088871, 4.72652591244, -1.22165800766, 1.38669139689, 220, 2019
Z, 81, 0.9998672733849496, 120.33473199, 116.676377411, 1.03672131172, -0.0461364007362, 0.0272785581262, 223, 2019
N, 100, -0.32060331768043604, 375.634634563, 31.8206009336, 13.0433704847, -0.54088860987, 0.899161525268, 223, 2019
E, 100, 0.30881231222101857, 178.686001394, 65.8173747243, 2.85940875078, -2.48397137833, 2.83281258839, 223, 2019
Z, 58, 0.9999431410365718, 182.120254204, 177.572664551, 1.01750038272, -0.0277407588894, 0.0170237137577, 226, 2019
N, 100, 0.25750695065648566, 275.691133119, 51.9862164523, 5.0079105054, -1.43030422848, 0.750111430764, 226, 2019
E, -53, 0.8093321740066066, 199.331346346, 100.815649935, 1.81932751304, -0.0497985997479, 0.510001536588, 226, 2019
Z, 100, 0.9997895354569534, 201.002903556, 195.568042647, 1.02342195424, -0.0427150202665, 0.0141347528003, 229, 2019
N, -100, 0.3154385004220134, 489.252722245, 58.2548642483, 8.97860203996, 0.473377467462, 1.18607540444, 229, 2019
E, -100, 0.3957522897181991, 185.726446215, 110.17850796, 1.97657780959, 1.57993755889, 1.12240881521, 229, 2019
Z, 20, 0.9998362198789944, 169.212811894, 165.143626175, 1.0243763015, -0.0392681206062, 0.0206695004475, 232, 2019
N, 100, -0.627949651196172, 429.794266111, 49.6031681186, 7.42006289669, -1.78840152485, 2.96217124886, 232, 2019
E, 100, 0.18620249730745364, 169.091962699, 91.2455433602, 1.71066761601, -0.572151075685, 2.63724491707, 232, 2019
Z, 13, 0.9999148278210275, 99.6006322568, 98.0894084569, 1.01401886332, -0.0232881924515, 0.0098584466081, 235, 2019
N, 100, 0.13100088173070942, 638.020190082, 29.6026125885, 17.7101016736, 0.432902771497, 2.0139023109, 235, 2019
E, -100, 0.771948911067241, 334.939156406, 51.2716718084, 5.06641732969, -0.861540014335, 1.44753829705, 235, 2019
Z, 100, 0.9997826239495854, 118.037775027, 114.453196, 1.01754933984, -0.0232020736495, 0.0155459024043, 238, 2019
N, -100, 0.5531627405224738, 742.097394403, 26.6306167085, 29.6897944892, -0.8892831174, 0.772844972409, 238, 2019
E, 100, -0.3091285506465748, 337.135427067, 64.2166599943, 5.85782849579, -0.318496347088, 2.2993050037, 238, 2019
Z, 12, 0.9999427052686958, 223.523270036, 218.654409295, 1.03419943748, -0.00806727644148, 0.0128559924436, 241, 2019
N, 100, -0.20952856663742261, 596.542211325, 59.5497804673, 9.28247173955, 0.50310411127, 2.26767760775, 241, 2019
E, -100, -0.7290234849979431, 165.323654137, 120.737287353, 1.19218562189, -0.858201270347, 2.7145931436, 241, 2019
Z, 19, 0.999860275123533, 257.605053881, 250.56211163, 1.02450170277, -0.0343777132221, 0.0138717392529, 244, 2019
N, 100, -0.8987632243196733, 482.151006201, 72.4928611377, 5.88253326983, -2.12102815832, 2.63973344838, 244, 2019
E, 100, 0.4095759789779091, 273.455718933, 137.074393924, 1.66099336646, 0.137234723978, 2.99973165144, 244, 2019
Z, 0, 0.9998669077866121, 183.74276594, 179.869960693, 1.02450608789, -0.000105203393801, 0.0117878952294, 247, 2019
N, -100, -0.255210491100819, 466.11716303, 55.2164488662, 9.55156370054, -0.541248667139, 2.94815280004, 247, 2019
E, 100, 0.8907308714505514, 302.798276922, 97.5245313512, 3.38293936731, -0.456801425882, 0.185932300912, 247, 2019
Z, 100, 0.9995479759027371, 67.1461055744, 69.2483686062, 0.975451510718, -0.0253420985394, 0.0196235908753, 250, 2019
N, -100, -0.40455104379531454, 516.767613631, 22.0607974142, 19.8016492768, -0.986292703443, 2.57537923672, 250, 2019
E, 100, 0.5513000132445859, 255.782790822, 33.0173194628, 5.99883551821, -1.04320998913, 0.376730898785, 250, 2019
Z, 63, 0.9999476827263517, 140.795229874, 136.675249354, 1.0228555482, -0.00264396315094, 0.0119767919145, 253, 2019
N, -100, 0.043678791851711356, 607.864163012, 38.6360079784, 20.3455279207, 0.546501838005, 2.75377933552, 253, 2019
E, 100, -0.37708986741471207, 280.037515082, 78.5417335994, 3.74291070912, -1.06146928712, 1.66473209836, 253, 2019
Z, 35, 0.999976193619925, 203.242735467, 197.369090331, 1.02686100551, -0.0148109112394, 0.00713068902323, 256, 2019
N, 100, -0.7111627371799425, 605.170529386, 58.0265712598, 10.5223983171, -1.17575437994, 2.81123132191, 256, 2019
E, -100, -0.3483578025994714, 217.948601287, 112.688803074, 2.16879264296, -0.577758773533, 2.13416255312, 256, 2019
Z, 0, 0.9999591821519269, 213.183396852, 208.190927913, 1.01868568935, -0.0157736141393, 0.00721430978186, 259, 2019
N, 6, -0.5483977931851075, 570.786719256, 61.8556829466, 9.49791944879, -2.2564340386, 2.50721758289, 259, 2019
E, 100, 0.466599232351037, 238.026856414, 117.012503454, 2.56480238989, -1.11128741394, 2.42503679374, 259, 2019
Z, 10, 0.9998205980106694, 167.088861689, 162.649419173, 1.03038714433, -0.0366075039622, 0.021725233491, 262, 2019
N, 100, -0.778367515299962, 914.634150148, 49.3053238108, 15.7199226085, -0.521334929576, 2.76394456838, 262, 2019
E, 100, 0.10957102928503824, 402.326323762, 89.0213529639, 4.3964264212, 0.6194985457, 2.17678340119, 262, 2019
Z, 0, 0.9998997356797169, 80.1570737558, 78.7488493715, 1.0173205042, -0.00791032143693, 0.0064063830828, 265, 2019
N, -100, -0.2523132268511574, 365.531954977, 24.6118044798, 17.31016175, 1.42717717487, 1.39273396673, 265, 2019
E, 100, 0.22314259541948306, 182.345302548, 39.7130942021, 4.51647261602, 1.64608860119, 3.08672770412, 265, 2019
Z, 68, 0.9999313683957047, 163.219857408, 158.535811792, 1.02844581069, -0.0433997272239, 0.0230991557096, 268, 2019
N, 100, -0.19641658463288847, 415.096662863, 40.1645900913, 10.6016962126, 1.59593025838, 3.4946142024, 268, 2019
E, -100, -0.20814171162700632, 141.370025191, 89.1666818342, 1.71380870547, 0.118447186801, 1.23313438495, 268, 2019
Z, 29, 0.9999927059743977, 258.785854819, 252.184459671, 1.02371116489, -0.0116737441422, 0.0071435158339, 271, 2019
N, 100, -0.7292512117231473, 610.660894319, 71.4433770014, 9.4865844896, -1.64313513302, 2.95316254296, 271, 2019
E, 100, 0.23570873100746742, 266.992549977, 139.807030671, 2.03292473036, -0.503332253814, 2.727680466, 271, 2019
Z, 0, 0.9999645908132483, 250.419812436, 243.416569463, 1.02595992251, -0.0136140667872, 0.00544192589997, 274, 2019
N, 100, -0.695082572720153, 153.431016135, 73.0874692546, 2.09366829953, -2.03464543499, 2.74863172682, 274, 2019
E, 100, 0.8379898606336481, 153.010527515, 132.694396108, 0.925452856164, -0.82379655842, 0.541997931195, 274, 2019
Z, 0, 0.9999155114375831, 142.651979553, 137.933083798, 1.03529432361, -0.0180595525182, 0.00818254654066, 277, 2019
N, 100, -0.736297124997293, 466.896245969, 45.2388573203, 10.2498423499, -2.48119184872, 2.69503939882, 277, 2019
E, 100, 0.17177778481854628, 176.059313215, 75.2818160809, 2.80173558332, -2.29978131822, 0.865772143988, 277, 2019
Z, 94, 0.999880359155545, 72.8116782849, 71.0724924549, 1.01659183869, -0.00335513497285, 0.00808599536171, 280, 2019
N, -100, 0.5822179729388682, 316.598974002, 18.0735676385, 19.6971404158, -0.735949598279, 0.68736013262, 280, 2019
E, 100, -0.058353730806877536, 134.525029056, 42.2719174049, 4.37534069313, 0.72928857404, 0.774215108423, 280, 2019
Z, 92, 0.9999402245546712, 163.230897902, 158.901682077, 1.03644673275, -0.0155661377555, 0.0110649971663, 283, 2019
N, -100, 0.19856863697222127, 313.313895344, 45.0761835698, 7.61196575438, 2.28966049849, 3.72821966619, 283, 2019
E, -100, 0.4412193658130238, 154.797960607, 91.4584509433, 1.70035762342, 0.406617429554, 1.14084636467, 283, 2019
Z, 100, 0.999922716411638, 218.085738143, 211.775989875, 1.02257605873, -0.0275938248101, 0.0121642830926, 286, 2019
N, 100, -0.5833964074973248, 542.384677456, 61.5069429661, 8.89645077383, -2.38234197209, 2.70573049096, 286, 2019
E, -100, -0.12868001697896372, 211.429185373, 120.07821582, 1.70318079308, -1.2956326203, 2.75249845501, 286, 2019
Z, 54, 0.9997468238223896, 215.343428441, 207.862454327, 1.03168327813, -0.0444861085643, 0.0186595181339, 289, 2019
N, -100, -0.8415325090988421, 403.308536452, 61.5172221457, 6.55468634311, -0.92407637864, 2.93827911747, 289, 2019
E, 100, 0.7199677307586451, 245.768651159, 115.393593304, 2.3043690528, -0.0687133617003, 2.72094212059, 289, 2019
Z, 0, 0.999953781755077, 147.961555293, 142.880403653, 1.03532460244, -0.00530186683427, 0.0065298346526, 292, 2019
N, -100, -0.6660181567909603, 801.072142867, 44.421995296, 14.1640147294, -0.966768573338, 2.92268006763, 292, 2019
E, 100, 0.8131764002543902, 441.13099213, 77.2807979701, 4.86142133382, -0.273475847386, 1.38509543131, 292, 2019
Z, 100, 0.999935550058653, 82.9718043479, 79.6684327816, 1.05011579524, -0.00935192353671, 0.0284778988438, 295, 2019
N, -100, -0.13539716503240876, 281.192571938, 17.1841269582, 14.3059545931, -1.33355042046, 3.17571633933, 295, 2019
E, -100, 0.7492838983026219, 151.134053608, 45.7624482007, 3.68618389177, -1.0257747458, 0.792760555894, 295, 2019
Z, 48, 0.9999816207577591, 202.963177836, 197.796887426, 1.02303813161, -0.00278013322579, 0.00662998314948, 298, 2019
N, -100, 0.21863078140565495, 463.692068262, 53.2075739033, 9.94033213707, -0.752005769938, 1.16885481728, 298, 2019
E, 100, -0.39174798872710825, 155.22953146, 110.582125469, 1.64779703845, 0.443034484264, 1.53376055844, 298, 2019
Z, 12, 0.9999908332260916, 258.69245475, 252.160323077, 1.02402530143, 0.0026984319828, 0.00448708158149, 301, 2019
N, 100, -0.3726934816299805, 426.342292076, 73.6668375034, 5.61275872464, -2.81520090854, 2.7266181715, 301, 2019
E, -100, -0.062367551589219604, 155.863899629, 139.472533984, 0.997265369417, 0.285894495634, 1.9255270704, 301, 2019
Z, 29, 0.999765106487953, 207.873601016, 205.298169648, 1.0095923637, -0.0472893199465, 0.0242980063969, 304, 2019
N, 100, -0.7517973727141813, 359.498183784, 64.4028217045, 6.07385155782, -2.52573693319, 2.6014600204, 304, 2019
E, 100, 0.42975341330523625, 207.983323772, 111.977676953, 1.78764936131, -1.35989918178, 2.30733630965, 304, 2019
Z, -67, 0.99985750513479, 102.519597676, 98.5608912732, 1.03901743043, 0.00440206372079, 0.00465227355478, 307, 2019
N, -100, -0.5637635665540541, 875.239089525, 33.8991294269, 22.30567737, 0.250289324099, 3.01788627018, 307, 2019
E, 100, 0.6751404384914439, 431.473818815, 53.5342703167, 7.38631458198, 0.209990226014, 0.714416029431, 307, 2019
Z, 0, 0.9998957517148387, 92.529791034, 88.8017242168, 1.0389546363, -0.0302974077171, 0.0211124284413, 310, 2019
N, 100, 0.3229810025677312, 382.405218147, 22.974362673, 20.2569540145, -1.1899745729, 0.501685343793, 310, 2019
E, -100, 0.7892070443612516, 190.921335889, 52.5957998475, 4.99016296445, -0.318345466822, 1.91908052371, 310, 2019
Z, 88, 0.9999495465165054, 174.679686458, 169.3615919, 1.02412318104, 6.88075698728e-05, 0.0162797447755, 313, 2019
N, -100, 0.10815375631957695, 545.083726958, 47.1512867651, 15.4240480745, -1.01200081747, 1.85925197224, 313, 2019
E, 100, -0.3377343808689562, 249.761399205, 97.0165716152, 2.88348146919, 0.959150678098, 1.03748605195, 313, 2019
Z, 39, 0.9999554330724619, 218.868236778, 211.618750572, 1.03843213611, -0.00718136350487, 0.00720703691626, 316, 2019
N, 100, -0.32521670732387303, 918.606709828, 60.4262275654, 14.5741195758, -1.06803796559, 2.72742562959, 316, 2019
E, 100, 0.13201026188374604, 440.476671233, 118.914337377, 3.47793188349, 0.134266577527, 2.82472172627, 316, 2019
Z, 45, 0.9997102985442061, 197.848710175, 193.880198755, 1.01692038521, -0.0506545907141, 0.0224763179229, 319, 2019
N, -100, -0.14517937479527684, 373.046093969, 57.4097107356, 6.56283992423, 0.588890666055, 1.22333239418, 319, 2019
E, 100, 0.6974288778968595, 227.884467921, 106.303880887, 2.16520325767, 1.47918362098, 0.982472169817, 319, 2019
Z, -93, 0.9996503988117396, 123.345250977, 119.784987814, 1.0274242035, 0.00345431405192, 0.00775357879041, 322, 2019
N, 100, 0.04913174511885029, 469.23083819, 37.8324541955, 11.9779110216, -0.750944490302, 0.784378725189, 322, 2019
E, -100, 0.7894032111040545, 266.177508398, 63.581215571, 4.04983226004, -0.742095916459, 2.854046604, 322, 2019
Z, 100, 0.9995715168321697, 116.778363519, 115.29723771, 0.99904605144, -0.0377765637469, 0.0161202963421, 325, 2019
N, -100, 0.161323864885229, 624.040900731, 27.6792972129, 20.8480983006, -1.09772276404, 1.97141255699, 325, 2019
E, -100, -0.7940209216559646, 248.322212518, 65.1267809132, 3.67195677672, 0.535804361529, 1.90304440725, 325, 2019
Z, 82, 0.9999156114066863, 207.387079434, 202.965362039, 1.02959478735, -0.0419364240295, 0.0219692836264, 328, 2019
N, -100, 0.7635917954858322, 374.543396267, 56.7126460126, 8.74960836666, 0.124638676018, 1.33228673958, 328, 2019
E, -100, 0.0900485184971334, 152.898374604, 112.84597281, 1.52891304108, -2.01590828939, 2.59112824865, 328, 2019
Z, 4, 0.999960111953175, 226.279775314, 221.890223086, 1.01404963723, -0.0175075898044, 0.00996356424625, 331, 2019
N, -100, 0.633963061549066, 1235.27460937, 66.4254706959, 18.2636141987, -2.63886412532, 2.86698711304, 331, 2019
E, 100, -0.627389039612871, 474.29412713, 122.621701901, 3.8752508481, -1.55796052653, 3.16921056657, 331, 2019
Z, 73, 0.999737359679987, 172.557588135, 167.743097699, 1.02650837984, -0.0513282026509, 0.0282340645187, 334, 2019
N, -100, 0.08700930606107014, 1337.32132496, 54.0164287136, 23.5432679036, 0.755615149271, 1.24359723758, 334, 2019
E, 100, -0.9433233206053563, 528.828127695, 92.0018992571, 5.78200174238, 2.24298446144, 1.24910770378, 334, 2019
Z, 41, 0.9996846259697909, 85.1861607302, 83.7919909551, 1.01128733696, -0.00776984168431, 0.00517659291572, 337, 2019
N, -100, 0.8774137551376926, 566.092097863, 28.1924132307, 20.039147539, -0.118327909689, 0.82484014463, 337, 2019
E, -100, 0.027397696397851907, 261.078880685, 44.846593679, 5.54110568859, -0.222747210839, 3.21056351861, 337, 2019
Z, 100, 0.9994001840296404, 96.989344231, 93.5940317784, 1.02173765486, -0.0529293963581, 0.0422701915848, 340, 2019
N, 100, 0.9375643206204635, 902.742530192, 23.3716263113, 37.4169537016, -0.015436649277, 0.226034937447, 340, 2019
E, -100, 0.3890015922503816, 434.661602627, 54.3953650981, 7.72310928423, 0.741361513661, 2.00725781596, 340, 2019
Z, 19, 0.9999532875865605, 170.509994427, 166.350137966, 1.01583631124, 0.00256547339096, 0.0132293665411, 343, 2019
N, 34, 0.6535530392671905, 1400.32262013, 44.6939631594, 32.7026444193, -1.0161456806, 1.81174271086, 343, 2019
E, -100, 0.28496564701660854, 662.106330817, 94.0130401947, 6.99313742416, -2.78302232621, 2.57014819421, 343, 2019
Z, 9, 0.9999933541986913, 208.853190669, 204.185295758, 1.02099400422, -0.00654581153483, 0.00294278263516, 346, 2019
N, 100, 0.9994864737284619, 62.6493719224, 57.3516098199, 1.10146262777, -0.0166696989896, 0.0160484211235, 346, 2019
E, -100, 0.9973052196396064, 124.379802096, 113.408492703, 1.11018732115, 0.0380604641838, 0.0290010217453, 346, 2019
Z, 0, 0.9999805203863138, 186.795552324, 183.671827144, 1.01667073816, -0.00572408209719, 0.00330507004113, 349, 2019
N, 100, 0.43692708392819113, 253.714913844, 54.5347459005, 4.05160954135, -0.916960897171, 1.76898103163, 349, 2019
E, -100, 0.9387520522292698, 193.454186218, 99.4745728679, 1.99475050893, -0.0440127438015, 0.252559156538, 349, 2019
Z, 71, 0.9999554160384173, 119.555970622, 117.46528898, 1.01697669619, -0.01790164257, 0.00627063401758, 352, 2019
N, 100, 0.4036570852274269, 577.883385956, 35.6879700741, 14.6448063777, -0.085733943992, 1.66478633563, 352, 2019
E, -100, 0.5489780202355422, 296.558630906, 61.0990469577, 4.36224164613, -0.18936537538, 2.72152276113, 352, 2019
Z, 0, 0.9999160511071825, 126.463252713, 122.931013797, 1.02879457045, -0.0136220473738, 0.0314703838919, 355, 2019
N, 100, 0.29154150283436703, 860.812988605, 31.3013911515, 25.0914479145, 0.551443432259, 0.857225389405, 355, 2019
E, -100, 0.8608445134792025, 459.062296257, 67.9098494184, 6.17084306114, 1.50655754551, 1.36173034014, 355, 2019
Z, 0, 0.9999764402798592, 186.202013533, 183.378336792, 1.01244045042, 0.0159746675867, 0.0151839549206, 358, 2019
N, 100, 0.7595026495933668, 1398.39238725, 52.1352210155, 27.8729701982, 2.30098422402, 3.80035627698, 358, 2019
E, -100, 0.40635234942102905, 672.774385601, 101.648960083, 6.58799995292, 0.517792153416, 1.47382901519, 358, 2019
Z, 0, 0.9999797910339183, 200.679248237, 196.017056052, 1.019359489, -0.0114598185879, 0.00548708532375, 361, 2019
N, 100, -0.811104189944907, 351.278104552, 59.4912082877, 5.62496270005, -0.776408895087, 2.65158232875, 361, 2019
E, 100, 0.5246910612318185, 200.187801732, 109.128409576, 1.81876591788, 0.264639090258, 2.73427536845, 361, 2019
Z, 56, 0.9998620156845094, 159.065828331, 156.063614362, 1.02033162738, -0.0349452058667, 0.0182583877824, 364, 2019
N, 100, -0.029124073597731587, 1148.87823257, 49.9587593481, 19.7245998327, -2.75460356474, 2.62110376487, 364, 2019
E, -100, -0.6408978523164507, 474.951519831, 86.7656054641, 4.74078235878, -1.05655804031, 2.53667615825, 364, 2019
