Chan, Phase Shift, Correlation, ptp-data, ptp-synthetic, rat, phasem, phasestd, DOY, Year
Z, 0, 0.391594669114578, 31.2678329505, 123.825182574, 0.208028674254, 2.40731539879, 1.95087933638, 4, 2019
N, 100, 0.7075197197254356, 62.9891556681, 85.8736910201, 0.518706853524, -0.705144739442, 0.580324048209, 4, 2019
E, 100, 0.7158280984558594, 78.8383705569, 223.369035228, 0.249237444944, -0.707758238602, 0.60431862138, 4, 2019
Z, -100, -0.49943260903703274, 515.100211089, 106.812562933, 2.82934063464, 0.125970647559, 2.24160257951, 10, 2019
N, 100, 0.9356488767763045, 178.018377324, 71.8254469401, 2.14785820078, 0.0859371434731, 0.258613993437, 10, 2019
E, 100, 0.9738205467020453, 324.947779812, 184.480218756, 1.6809661326, -0.240260378474, 0.182526804823, 10, 2019
Z, -100, -0.7362040912726808, 395.655920088, 58.7253719115, 6.54155929898, 0.571152814082, 3.21226141933, 13, 2019
N, -100, 0.987908310444722, 115.372952834, 34.1451866043, 3.37266832843, 0.146685128774, 0.00967631273703, 13, 2019
E, 100, 0.9911664046398146, 164.537689928, 91.9715665725, 1.77976660083, -0.127786673791, 0.00590480518602, 13, 2019
Z, -100, 0.9713132190895689, 78.8751571748, 74.3572505413, 1.07483362876, -0.11219791611, 0.103379074918, 16, 2019
N, 100, 0.9494856396547534, 118.381133309, 37.6150871551, 3.17798631113, -0.381019876977, 0.0720031174998, 16, 2019
E, 100, 0.996892644262002, 159.771985976, 119.619376161, 1.35053816117, -0.0898796042301, 0.0118098522919, 16, 2019
Z, 100, 0.997743815721326, 153.68505983, 144.172154783, 1.08588162393, -0.0367312364652, 0.00644456251369, 19, 2019
N, 100, 0.9825805417551267, 294.926068373, 100.897378297, 2.93813554492, -0.199733808134, 0.0113200413793, 19, 2019
E, 100, 0.9950121855494203, 343.211062883, 262.10185759, 1.3012732953, -0.0964892023002, 0.0134960708742, 19, 2019
Z, 100, 0.9576709522253496, 136.0591734, 159.567785349, 0.842747300328, -0.0800688130705, 0.0476997139921, 22, 2019
N, 100, 0.9897110293423308, 359.181328094, 124.307257814, 2.88187352699, -0.145023686922, 0.0150705649074, 22, 2019
E, 100, 0.9928711250087268, 396.42024336, 298.339667665, 1.32229000712, -0.117405475868, 0.00568260920555, 22, 2019
Z, 100, 0.8822080848510383, 98.6761220891, 100.742162028, 0.716688145508, 2.5448711163, 2.75489426105, 25, 2019
N, 100, 0.9947330748729707, 213.4450062, 66.4112612275, 3.22031350149, -0.0695507431593, 0.0353896657814, 25, 2019
E, 100, 0.9813333705660829, 218.467139766, 161.920706548, 1.34474051998, -0.202513837591, 0.0148145746613, 25, 2019
Z, 100, 0.989915950364438, 52.7974416062, 48.0365641797, 1.09568532992, -0.212292987541, 0.164171083057, 28, 2019
N, 100, 0.8449271804420379, 73.2039831563, 29.570456505, 2.27963724031, -0.408944120738, 0.220727966214, 28, 2019
E, 100, 0.9939159516786203, 108.819674073, 84.657761832, 1.29438591837, -0.108900264221, 0.0291296761347, 28, 2019
Z, -100, 0.9741001157272747, 98.9289146741, 101.071238094, 0.998560494828, 0.159200056398, 0.0785703624297, 31, 2019
N, 100, 0.9701481093340923, 197.64953791, 72.6533132192, 2.70490174007, -0.237270521051, 0.0198854650347, 31, 2019
E, 100, 0.9923891843483772, 237.210067636, 186.162565609, 1.26440348331, -0.114469213741, 0.0202019745544, 31, 2019
Z, -100, 0.9623311701333883, 113.843012439, 120.48609416, 0.972622226467, 0.0559023765575, 0.0159617931135, 34, 2019
N, 100, 0.9867240651526232, 252.967262923, 87.6836777555, 2.85413071838, -0.159405028218, 0.00123637052545, 34, 2019
E, 100, 0.9908183529783937, 289.250945802, 219.970646742, 1.30545120264, -0.128043879576, 0.0162677479492, 34, 2019
Z, -100, 0.6512485755059326, 25.7879749372, 102.769695584, 0.189977646148, -0.066345723618, 0.486621754504, 37, 2019
N, 100, 0.9890653484633906, 227.554656953, 73.3210338864, 3.09547160199, -0.146057438324, 0.0147047264349, 37, 2019
E, 100, 0.980659442060644, 233.334048171, 184.016811434, 1.25216721379, -0.214685113674, 0.0288915561106, 37, 2019
Z, 100, -0.3701224164704628, 76.397474958, 59.22263987, 1.12444318342, -1.27837650884, 3.02679164487, 40, 2019
N, 100, 0.966914152594033, 111.791281177, 37.4904128018, 2.90199662578, -0.152774556551, 0.0897591830548, 40, 2019
E, 100, 0.9761082454306389, 102.605055795, 97.1032894529, 1.04524557788, -0.228226275995, 0.0179221828318, 40, 2019
Z, -100, 0.15623004063581789, 58.8314736769, 44.0878516433, 1.55851642784, -1.73928148801, 2.9874091303, 43, 2019
N, 100, 0.9195584240284909, 65.9542656223, 24.1523808027, 2.56955966316, -0.282031461296, 0.147521458965, 43, 2019
E, -100, 0.99355825808672, 95.4968221801, 74.8043482597, 1.30465439824, 0.0774878335782, 0.0386186806101, 43, 2019
Z, 100, 0.8817037413408942, 124.593912956, 109.088849277, 1.06857871406, -0.192377713642, 0.285946239499, 46, 2019
N, 100, 0.9293971935687472, 157.823543432, 77.0627711525, 1.96650194174, 2.72272045476, 2.94340007866, 46, 2019
E, 100, 0.9899712570454615, 346.932616332, 199.714818771, 1.70588185505, 0.0112018900069, 0.104889447374, 46, 2019
Z, -100, 0.5512279286416603, 168.710947736, 141.961330807, 1.01532486185, 0.454564756216, 0.77203347747, 49, 2019
N, 100, 0.9574814131700488, 241.435487822, 113.10395582, 1.95410738476, 0.0136909894183, 0.232818785852, 49, 2019
E, 100, 0.9815365197330288, 450.19349029, 270.846335728, 1.59885800749, -0.210060337061, 0.109321325112, 49, 2019
Z, 100, 0.8490052566371424, 369.556223033, 101.098563687, 3.57301902604, -0.502452364413, 0.0725523986046, 52, 2019
N, 100, 0.992076921403994, 216.634650368, 81.0443754348, 2.70464753714, -0.119936281453, 0.0311683151249, 52, 2019
E, 100, 0.9926737941856422, 231.60626837, 182.301401789, 1.26101584613, -0.111142734893, 0.00905484254725, 52, 2019
Z, -100, 0.9465842112612589, 37.7462655508, 26.8450892308, 1.30022831325, -2.88402736496, 3.25912453928, 55, 2019
N, -100, 0.9064599267051866, 60.3197247229, 27.077332911, 2.31031097415, 0.0383657810706, 0.0711201668188, 55, 2019
E, -100, 0.962662220444663, 76.4801788305, 62.9848369978, 1.26427544038, 0.169439402728, 0.120533228857, 55, 2019
Z, 100, -0.16590481930573892, 1432.93509879, 78.17262271, 15.1354559503, 1.83733739838, 0.326243152131, 58, 2019
N, 100, 0.7594703868978817, 243.769919078, 65.6202463402, 3.76298904258, 2.48916591631, 2.97654680091, 58, 2019
E, 100, 0.7672337258488914, 309.463942235, 156.258996547, 1.72752017768, -0.533522763586, 0.385794213652, 58, 2019
Z, -100, -0.2733147313229776, 16302.8064559, 98.2456907533, 101.359258066, 1.00603025653, 2.66166347463, 61, 2019
N, 100, 0.44056200935564155, 246.862128883, 76.8360854826, 2.02025311365, -2.54212340928, 1.70904539634, 61, 2019
E, 100, 0.39808096298989876, 207.757493415, 184.115103131, 0.809271672525, 3.5454425171, 1.99052726571, 61, 2019
Z, 100, -0.31060144470646783, 62568.2573793, 84.1947002579, 653.565434931, -1.11833640486, 3.38126478062, 64, 2019
N, 100, 0.9625334603091772, 205.088169031, 65.5797605796, 3.10573793055, -0.302807971368, 0.0476094472138, 64, 2019
E, 100, 0.9213125820927693, 173.953451057, 157.978519953, 1.04272569452, -0.429487907233, 0.117497833351, 64, 2019
Z, 100, -0.4313398272770558, 160.30841309, 45.4221006851, 3.77057881432, -1.09248840869, 3.3621622785, 67, 2019
N, 100, 0.8588319842327591, 110.060827766, 34.639262048, 3.16515052212, -0.538451803152, 0.0956021431112, 67, 2019
E, 100, 0.8797877886159529, 100.394427908, 81.9391729491, 1.15197990583, -0.496777875853, 0.127654617731, 67, 2019
Z, -100, -0.06387628430081273, 656.259722343, 36.3346464391, 17.8430471658, 1.62276289297, 3.0415664414, 70, 2019
N, -100, 0.9591415739547072, 109.500257478, 25.9043996716, 4.31596690026, 0.101024939381, 0.0510661897168, 70, 2019
E, -100, 0.9634725743499017, 161.141964765, 70.2164976375, 2.22632852101, 0.287377830867, 0.102675012866, 70, 2019
Z, -100, -0.6762992616408047, 2039.12392125, 87.0673987346, 21.7479805248, 0.670710127588, 3.34589148355, 73, 2019
N, -100, 0.9810216617032371, 305.467551731, 68.2428666312, 4.32147378174, 0.151956218801, 0.00107143618053, 73, 2019
E, 100, 0.9814622995583101, 451.49259098, 167.968073656, 2.63034809309, -0.0737748598436, 0.0945641501581, 73, 2019
Z, 100, 0.007921979869668751, 1139.13413802, 115.737889375, 5.83128207237, 1.23003805232, 2.40015449715, 76, 2019
N, 100, 0.9930810279569008, 281.627462559, 96.492341528, 3.00183696335, -0.0585892561727, 0.0339940399149, 76, 2019
E, -100, 0.9683990086069515, 361.80781719, 223.734958738, 1.67948444828, 0.020847028937, 0.129137552465, 76, 2019
Z, 100, 0.7291013411157977, 269.297867051, 86.2464951073, 2.2233917064, -0.854533476143, 0.40409517084, 79, 2019
N, 100, 0.9963832208052928, 219.609183638, 79.3075249776, 2.76171010178, -0.084793494943, 1.00663048318e-05, 79, 2019
E, 0, 0.9968449089088455, 219.939016439, 170.136945532, 1.31280776636, 0.0125924552291, 0.027439335277, 79, 2019
Z, -100, 0.3149385463061737, 55.7540298231, 31.0727698616, 1.42594056752, -2.98444083418, 1.92698559086, 82, 2019
N, -100, 0.9402006403238563, 75.1689285875, 33.7451941117, 2.49350792733, -3.0856461396, 2.95521642075, 82, 2019
E, 100, 0.983582417961928, 89.8932038513, 72.7460088033, 1.29743720579, 0.00584177081013, 0.129281274423, 82, 2019
Z, -100, 0.7869764091925671, 133.426303917, 78.9660195337, 1.62617413787, 0.646727708049, 0.183103639642, 85, 2019
N, 100, 0.9781623265386987, 183.208784635, 72.8360458644, 2.5019979434, -0.152292079378, 0.0622776328309, 85, 2019
E, 100, 0.9996317242998131, 211.028048901, 165.8509689, 1.27035752461, -0.0176972409638, 0.015097813072, 85, 2019
Z, 100, 0.9176440126124831, 101.943445336, 90.2528490214, 0.989105447958, -0.0699078776077, 0.0613292909383, 88, 2019
N, 100, 0.9802793809187464, 212.055978238, 78.5180496847, 2.6776756002, -0.169001605536, 0.0461416734286, 88, 2019
E, 100, 0.998087933395976, 231.971800495, 174.748923955, 1.33251548214, -0.0713613831131, 0.00846756140254, 88, 2019
Z, -100, 0.9041560095175435, 88.0692596953, 70.6340598992, 1.10588986416, -3.13349455618, 2.9692217069, 91, 2019
N, 100, 0.9949321635082782, 177.467807607, 59.3815186336, 2.9794247715, -0.106347761277, 0.00466531463197, 91, 2019
E, 100, 0.9916417936378432, 170.321634342, 133.038818307, 1.29768058365, -0.0893952064084, 0.0570959665473, 91, 2019
Z, -100, -0.39271579691360076, 18.2397724031, 30.180356782, 0.513825988458, 1.02655915859, 3.92619235246, 94, 2019
N, 100, 0.9817315584080286, 92.9202550198, 28.8288501786, 3.0386252102, -0.166238042648, 0.086922813318, 94, 2019
E, 100, 0.9428834237812451, 85.5402642962, 61.2369736657, 1.40668967718, -0.340666914909, 0.0130071903242, 94, 2019
Z, 100, 0.36024731865233095, 132.723548139, 52.2956460853, 2.86957634082, -1.39032958658, 0.555656309368, 97, 2019
N, 100, 0.9598487017425391, 95.2764622265, 34.283459272, 2.98117701783, -0.280469563351, 0.133067261721, 97, 2019
E, 100, 0.9906166301070363, 131.270648775, 93.3088375813, 1.49248625335, -0.0887870259694, 0.102327230066, 97, 2019
Z, 100, 0.9806341522853642, 84.98158283, 97.3777105612, 0.930407167652, -0.161770842475, 0.169364636312, 100, 2019
N, 100, 0.9879420498679183, 197.269602821, 75.7640344636, 2.57835462233, -0.099543849422, 0.0515437348899, 100, 2019
E, 100, 0.9959366500715163, 239.096667962, 186.068097617, 1.28459873157, -0.0837398717357, 0.00682462941365, 100, 2019
Z, 100, 0.06122337095984043, 162.125306299, 111.826740981, 0.779626946357, 3.5745280624, 1.54923580382, 103, 2019
N, 100, 0.9916040781769923, 263.073925834, 96.7852435689, 2.70709286055, -0.119061047892, 0.0243408616888, 103, 2019
E, 100, 0.9935951329148063, 290.577386555, 217.065899546, 1.34990418155, -0.131261216531, 0.0293362288614, 103, 2019
Z, 100, 0.7994528664564517, 84.2356830793, 80.1905339912, 0.97551955186, 2.50254836927, 3.22763743167, 106, 2019
N, 100, 0.9984103062159632, 206.007016141, 74.6651760688, 2.75588134146, -0.0552040123857, 0.00986150198029, 106, 2019
E, 100, 0.9953307429357844, 203.769458607, 153.941112264, 1.33323191907, -0.0960868525103, 0.0142274265799, 106, 2019
Z, 100, 0.24321524762915236, 175.097856547, 39.2631178432, 3.0849638182, 1.17023176709, 1.47781946226, 109, 2019
N, -94, 0.9828385442922595, 72.8866652198, 32.834462965, 2.19280004149, 0.0208858273616, 0.00355103882816, 109, 2019
E, -100, 0.9906792537498895, 94.615667731, 78.0584939735, 1.17035873226, 0.0329632364974, 0.101471056505, 109, 2019
Z, 100, 0.747923845746054, 264.573571245, 98.107181422, 1.95683660114, -0.882769985805, 0.634820307631, 112, 2019
N, 100, 0.9910518640686202, 210.290279823, 81.5521881524, 2.59209337997, -0.0723386577044, 0.0405890129795, 112, 2019
E, 22, 0.9965511048476473, 249.595396456, 194.450570406, 1.30175966186, -0.00872003161516, 0.00297930969267, 112, 2019
Z, -100, 0.930614840048637, 208.401786969, 107.702599297, 1.64057156641, -0.167948544875, 0.333374754743, 115, 2019
N, 100, 0.994580473156392, 243.731648828, 94.6048206364, 2.56066353644, -0.073002772823, 0.0331242878042, 115, 2019
E, 100, 0.9935622895290982, 259.496779259, 208.85398735, 1.2437050776, -0.103267104142, 0.020564878497, 115, 2019
Z, 100, -0.16172990320987396, 346.078044352, 81.1184465326, 3.50382606089, 0.465260101708, 1.84913040685, 118, 2019
N, -100, 0.9847181838625615, 187.091243167, 68.8377718242, 2.7724051429, 0.14031715852, 0.0586053289682, 118, 2019
E, 100, 0.9499129159271209, 173.017994027, 146.362293896, 1.19166081875, -0.158766015288, 0.186424253357, 118, 2019
Z, 100, -0.3733808009511364, 564.734777941, 36.8671995418, 15.8671346329, 2.00394658086, 0.260724771368, 121, 2019
N, -100, 0.9040860124173546, 170.66867736, 30.1169739145, 5.77158385817, 0.42210754502, 0.0253151143915, 121, 2019
E, -100, -0.24715556899660993, 89.9052575215, 60.2564184124, 1.79701338754, 1.04440958688, 2.80093536837, 121, 2019
Z, -100, 0.2328859825957647, 194.78402534, 63.4096694151, 2.36778620967, 1.00497568393, 0.666286006076, 124, 2019
N, 100, 0.9654191187799134, 136.815671825, 36.0216375746, 4.15547537874, -0.24057405512, 0.183875994571, 124, 2019
E, 100, 0.9736755576217065, 135.868340465, 105.17715053, 1.27735243783, -0.169951242489, 0.0204521321134, 124, 2019
Z, -100, 0.5965531506705826, 122.009544943, 117.429208144, 1.0263940266, 0.680221134231, 0.101799198345, 127, 2019
N, 100, 0.9935539534909178, 233.992410558, 84.8454961824, 2.74903821516, -0.0873794116086, 0.0161580780568, 127, 2019
E, 100, 0.9899466343471887, 279.178992194, 216.288294955, 1.30123559836, -0.159890528523, 0.0347620891951, 127, 2019
Z, -100, 0.37595908621227103, 151.333441839, 130.899326896, 0.827707124282, 0.56073681753, 0.550848043257, 130, 2019
N, 100, 0.9974746037933568, 295.191873552, 109.543536016, 2.68590553858, -0.0599801007587, 0.018091656238, 130, 2019
E, 100, 0.9898605568780889, 338.646556382, 250.650164949, 1.3534385038, -0.174144734906, 0.0645330744044, 130, 2019
Z, 100, 0.9343722022338853, 87.0787730734, 94.930704779, 0.883492580277, -0.193491634011, 0.11967492214, 133, 2019
N, 100, 0.9996870969553013, 233.880970581, 86.2153941435, 2.7162810474, -0.0235307835724, 0.00239600636274, 133, 2019
E, 100, 0.9962445360088072, 240.258048585, 175.678831991, 1.38246534555, -0.0911224891247, 0.00268400498097, 133, 2019
Z, 100, 0.5444361856688746, 149.6696288, 38.8909310155, 2.97933935109, 0.684566389288, 1.23760866665, 136, 2019
N, -100, 0.8986008497823408, 68.034151823, 23.8687046496, 1.74539127743, 0.72391158551, 0.505480195679, 136, 2019
E, 100, 0.9645901808483844, 73.0078848563, 66.0920498164, 1.07836061908, -0.000826065521689, 0.098262777306, 136, 2019
Z, 100, 0.8595172950744705, 214.915531609, 108.870855709, 1.8466002938, -0.591393091574, 0.207031443825, 139, 2019
N, 100, 0.9914632488998437, 212.315143618, 82.267218803, 2.55251577605, -0.1140062023, 0.0327092468039, 139, 2019
E, -91, 0.9885374475467251, 258.761811572, 206.16335468, 1.2943920636, 0.00695529406877, 0.0125871674492, 139, 2019
Z, 100, 0.6911785294606732, 239.373946318, 129.801648347, 1.63008018727, -0.971416535639, 0.392433627822, 142, 2019
N, 100, 0.9949577710778034, 267.458551204, 104.939386937, 2.55424756699, -0.0120226372915, 0.0598911473388, 142, 2019
E, 100, 0.9939355146360765, 304.990544948, 244.890061691, 1.24366952501, -0.101015145358, 0.0162507823584, 142, 2019
Z, -100, 0.6313630400760044, 93.2347328502, 104.377795135, 0.793410988243, 0.511960661378, 0.688305280161, 145, 2019
N, 100, 0.9970550524202243, 228.284832295, 88.0952329346, 2.64578867033, -0.0177943088756, 0.0539981839089, 145, 2019
E, 100, 0.9895577656610601, 249.253690907, 189.734629593, 1.30316002621, -0.171654599652, 0.0356549355795, 145, 2019
Z, 100, 0.8157676674097528, 143.249283178, 57.9600292837, 2.05015446536, -0.583367508398, 0.194994257843, 148, 2019
N, -100, 0.9905676581809327, 159.300346945, 45.7098234756, 3.32837017936, -0.045051015403, 0.0949804002118, 148, 2019
E, 100, 0.9888678041161254, 112.550135456, 91.2138564238, 1.26340750955, -0.0442407631904, 0.105633605697, 148, 2019
Z, 100, 0.5489131313088818, 221.427835353, 59.7890715753, 2.5611693385, -1.67211485504, 1.27052111759, 151, 2019
N, 100, 0.9372186446264544, 67.2325928415, 26.7761309299, 2.52928962786, 2.79710213628, 3.17185290644, 151, 2019
E, 100, 0.9566410343152831, 117.840384312, 90.6062207232, 1.37301164953, 2.9962451672, 3.03792920646, 151, 2019
Z, 100, 0.9259563877386625, 104.551592671, 125.016873352, 0.866753130031, -0.0556048938871, 0.065924725574, 154, 2019
N, 100, 0.9857466373343552, 228.385794112, 84.5794659429, 2.74763965582, -0.0654428864323, 0.0225398399713, 154, 2019
E, 100, 0.9848611113928548, 279.462005467, 223.167686029, 1.23095408167, -0.151875790961, 0.0237960202487, 154, 2019
Z, -100, 0.41485930716084374, 131.505376222, 152.507058873, 0.666592709105, 0.69627796398, 0.290613502283, 157, 2019
N, 100, 0.9872835016074452, 315.765336769, 119.486807712, 2.64847514881, -0.170379427371, 0.0106205521543, 157, 2019
E, 100, 0.9886506567111779, 365.957334769, 287.386288549, 1.28196457625, -0.173592234254, 0.0431678452964, 157, 2019
Z, 100, 0.9786419782379265, 101.712379373, 117.980361091, 0.82726221513, -0.193931169159, 0.0439140012377, 160, 2019
N, 100, 0.9977946927929674, 279.66921395, 107.00953799, 2.63448385692, -0.0354347257255, 0.0338770769592, 160, 2019
E, 100, 0.9923746737777789, 300.870943862, 223.06945826, 1.35404027505, -0.135373065299, 0.0100470076612, 160, 2019
Z, 100, -0.026234910069966668, 93.4154672192, 48.501028228, 2.56536588601, 2.25381888139, 0.843564250564, 163, 2019
N, -100, 0.9606457107041342, 115.491532227, 40.2827777167, 2.81546897758, 0.214824917241, 0.198208305009, 163, 2019
E, 100, 0.945857443392441, 99.3585089933, 61.1521363467, 1.42147929631, -0.260314983532, 0.259635274309, 163, 2019
Z, -100, 0.883123074560292, 115.589713398, 101.826515182, 1.21154666195, 0.345206071705, 0.0728067629696, 166, 2019
N, 100, 0.972476087110428, 190.115340229, 72.0293632276, 2.53267466197, 2.95456852152, 3.06523025508, 166, 2019
E, 100, 0.9914002502554602, 218.603648648, 188.557075184, 1.14482110136, -0.107852953376, 0.0397119986221, 166, 2019
Z, -100, 0.35156187656419746, 327.281863601, 138.73649607, 2.19101788361, 1.08274480781, 0.082261952766, 169, 2019
N, 100, 0.9744994664542327, 274.922132704, 105.888820698, 2.62388390209, -0.226374770631, 0.00865531220649, 169, 2019
E, 100, 0.9664247963840011, 305.273832273, 258.903401522, 1.18048984256, -0.278110012728, 0.0440748016562, 169, 2019
Z, -100, 0.8064818134908969, 849.364477715, 123.596201666, 6.27480161457, 0.665768569043, 0.0835924978733, 172, 2019
N, 100, 0.9462999752941221, 276.926680975, 98.4580911955, 2.7858637865, -0.303135736804, 0.027316738345, 172, 2019
E, 100, 0.9657660818343494, 224.961567551, 226.75437051, 0.999664452531, -0.27643178475, 0.0228106563374, 172, 2019
Z, 100, 0.8385493641651672, 352.092286386, 78.6235086091, 2.96140468751, -0.549622684491, 0.464762460266, 175, 2019
N, 100, 0.9985414619492049, 178.441646508, 66.2385437817, 2.64305492918, -0.0498715592292, 0.0249519670658, 175, 2019
E, 100, 0.9811690800539072, 135.530521588, 135.571898632, 0.999320238328, 0.0423486882899, 0.163500161611, 175, 2019
Z, 100, 0.8202313725387532, 138.819361643, 46.0080731446, 2.28495104873, -1.54335872471, 1.29140041863, 178, 2019
N, -100, 0.9108056247200276, 65.9346786898, 17.8416983221, 4.01463868436, -0.00207236753207, 0.124007373534, 178, 2019
E, 100, 0.9751439830467707, 70.5992421702, 58.4227121647, 1.2162575374, -0.147018438102, 0.201871896407, 178, 2019
Z, 100, 0.9789929427834749, 131.842540045, 111.484048847, 1.20704003951, -0.258371559993, 0.162079315063, 181, 2019
N, 100, 0.981873197556863, 189.486928544, 69.6042691, 2.71930669758, 2.9524304188, 3.12505932176, 181, 2019
E, 100, 0.9920617352068523, 230.707366086, 193.287200401, 1.18666748502, -0.122114520977, 0.0163991948649, 181, 2019
Z, -100, 0.7232674018599387, 181.087247986, 159.300274761, 1.18504960291, 0.45248454094, 0.0496732777164, 184, 2019
N, 100, 0.9871514010255834, 326.894329152, 120.387077702, 2.69202351517, -0.161167204032, 0.00644260304755, 184, 2019
E, 100, 0.9875836527345194, 366.270785178, 297.294748803, 1.22186366038, -0.149377884657, 0.00503213781733, 184, 2019
Z, -100, 0.5953610331897199, 124.708298964, 139.43860517, 0.787848758605, 0.54316402444, 0.476966713532, 187, 2019
N, 100, 0.9982192572126302, 317.536368819, 119.340191343, 2.66296994036, -0.0406280473898, 0.0226785806871, 187, 2019
E, 100, 0.9890510287007621, 354.994922015, 264.764947794, 1.33849255892, -0.167824281156, 0.0372902411204, 187, 2019
Z, 100, -0.6585347051719862, 263.12319188, 64.5018925372, 2.87229769756, 2.5976399285, 0.0468423140212, 190, 2019
N, -100, 0.9972392018835866, 193.953451924, 69.1976732162, 2.80265036582, 0.0501970268222, 0.0247554769639, 190, 2019
E, 100, 0.9761023881032311, 219.26379829, 111.66663294, 1.91096893212, -0.189188926008, 0.0685675192492, 190, 2019
Z, 100, 0.5757826067082222, 248.062385518, 82.4793339859, 1.98210356617, -1.80455367769, 1.12872447421, 193, 2019
N, 100, 0.95994919585344, 134.518140243, 55.6158218249, 2.33805259446, -0.260508618132, 0.0682574069345, 193, 2019
E, 100, 0.9872030303708597, 180.993239786, 150.725090566, 1.28695128657, 3.08955169546, 3.05171604202, 193, 2019
Z, 100, 0.8806104633966857, 224.771814533, 129.50895763, 1.33207665613, -0.596328286742, 0.436033842203, 196, 2019
N, 100, 0.9843806503468486, 256.934364852, 98.203449826, 2.59148331638, -0.156398844429, 0.0391188435499, 196, 2019
E, 100, 0.9965295593466501, 296.591158343, 243.335777669, 1.23230993147, -0.0599790906091, 0.0195045081962, 196, 2019
Z, -100, 0.9900215175596718, 134.679026987, 127.242364217, 1.05598472995, -0.00998619175265, 0.114148856903, 199, 2019
N, 100, 0.9940702267994097, 270.429930511, 98.8369568609, 2.74426345364, -0.104307360737, 0.011857525077, 199, 2019
E, 100, 0.9915746134699076, 297.200853548, 235.149302252, 1.26477662261, -0.14308939406, 0.0114932715253, 199, 2019
Z, -100, 0.5192633039568211, 101.456300103, 89.0115849142, 1.14372129057, 0.869800416818, 0.364291432367, 202, 2019
N, 100, 0.9974976924639845, 199.341757164, 75.8931871378, 2.64114970244, -0.0564118261648, 0.0220324169483, 202, 2019
E, 100, 0.9832517535756378, 209.845587262, 162.150863274, 1.26840745562, -0.227177509111, 0.0698487445364, 202, 2019
Z, 100, 0.07775663859587331, 64.2769320872, 38.5722806337, 1.74179303105, -0.898364328086, 0.742717908798, 205, 2019
N, -100, 0.9895645777781718, 96.392170987, 38.7406626382, 2.71610669453, 0.0783678991467, 0.0555191937258, 205, 2019
E, 100, 0.973312741868352, 87.9801557231, 57.5823140995, 1.50989496359, -0.111320789399, 0.180077288018, 205, 2019
Z, 100, 0.8432391886819608, 81.9050780899, 83.2135801653, 0.875650406428, -2.90770240282, 2.57107490465, 208, 2019
N, 100, 0.9614197190187227, 133.603170847, 49.1585647486, 2.65701655993, -0.263186888139, 0.0483651264646, 208, 2019
E, 100, 0.995871161431049, 175.488672027, 142.263325357, 1.23736632244, -0.0649664258077, 0.0152614537014, 208, 2019
Z, 100, 0.9577224345556711, 101.48614261, 142.558673227, 0.731440741073, -0.263453164324, 0.106303015366, 211, 2019
N, 100, 0.9817996323403483, 278.859225971, 105.726532118, 2.60768943071, -0.183833798984, 0.021767493092, 211, 2019
E, 100, 0.9938515230428674, 325.099912382, 264.739790627, 1.22607442517, -0.108488505119, 0.0149237527502, 211, 2019
Z, 100, 0.9026977694852981, 205.92999686, 145.804041226, 1.12011613243, -0.47754296994, 0.364310039569, 214, 2019
N, 100, 0.9952723187729957, 319.943662872, 121.538153556, 2.61807457686, -0.095703060113, 0.00290351183089, 214, 2019
E, 100, 0.9970443379958595, 355.866546763, 280.44415663, 1.270204949, -0.0821152397859, 0.000945436232931, 214, 2019
Z, -100, 0.6364959881236563, 140.063938169, 76.028477259, 2.11791219701, 0.630979188339, 0.24990693097, 217, 2019
N, -100, 0.9954727015256183, 219.953149445, 86.399568008, 2.66795244459, 0.0717248574507, 0.050838037535, 217, 2019
E, 100, 0.990974962248397, 216.808170712, 154.318018917, 1.41586008476, -0.132115448922, 0.0238512349499, 217, 2019
Z, -100, 0.46059674685750424, 866.696251314, 58.9910404658, 11.790539916, 0.349074011191, 0.555775156195, 220, 2019
N, 100, 0.7224162962572875, 100.758018425, 42.383767053, 1.49707128599, 2.3997753069, 2.31043300444, 220, 2019
E, -100, 0.6878655316282983, 118.058220663, 114.246310837, 0.801790564267, 0.174916662656, 0.550586505209, 220, 2019
Z, 100, 0.6337519191225025, 1410.06498407, 109.107678331, 11.3799788784, -0.70231438191, 0.00990508171167, 223, 2019
N, -23, 0.7996417695728771, 141.536658951, 84.0103096437, 1.39223662317, 0.426061038623, 0.636117733299, 223, 2019
E, -100, 0.838862285655557, 263.250585619, 209.56964656, 1.0769919666, -2.63486600052, 2.67500713902, 223, 2019
Z, -100, -0.13371428584236664, 2321.00974027, 116.460554067, 10.2224246005, -1.45230832985, 1.15170260264, 226, 2019
N, -100, 0.9506572570336093, 358.34948689, 91.231405881, 4.01791762892, 0.0978428078124, 0.0867147167111, 226, 2019
E, -100, 0.8412673827241509, 395.404554237, 218.195394405, 1.86676500212, 0.0903132932995, 0.0373018157805, 226, 2019
Z, -100, 0.04753687908302718, 2544.90228463, 86.2061609591, 18.8944588812, 1.29371714994, 0.443310820358, 229, 2019
N, 100, 0.8882554459333489, 329.424063962, 72.4033540591, 3.70519785152, -0.585119941311, 0.269006338303, 229, 2019
E, 100, 0.6555128406795891, 299.102176393, 160.749921293, 1.24145355598, -1.13976463069, 0.510584474597, 229, 2019
Z, 100, -0.738623201078829, 206.751899603, 34.3886017363, 4.03313344581, 2.48723587168, 0.19625526123, 232, 2019
N, 58, 0.9990710706018048, 127.681358374, 48.1093424932, 2.76744283953, -0.00505612745002, 0.020681975338, 232, 2019
E, 100, 0.9678648967153495, 142.579807559, 74.1318558215, 1.84098368798, -0.255547846939, 0.0295515377738, 232, 2019
Z, -100, 0.8714814109465495, 74.9041164277, 56.9203728826, 1.31832486383, 0.437243383583, 0.0597551874305, 235, 2019
N, 100, 0.9536727979297757, 95.5121100188, 36.1656727406, 2.65817354264, -0.303795282767, 0.030405425632, 235, 2019
E, 100, 0.9967401448374752, 132.486694023, 102.397834628, 1.3122329262, -0.0897850589631, 0.041715088776, 235, 2019
Z, 100, 0.2887760132685007, 263.053461604, 113.825380426, 1.28629063008, -1.98107892187, 1.07555524578, 238, 2019
N, 100, 0.9800570633799345, 215.675143917, 84.0910064528, 2.50873821768, -0.183574871046, 0.0363531439148, 238, 2019
E, 100, 0.9937707037282085, 275.669620931, 213.943095092, 1.34853044382, 3.05172828609, 3.06713044835, 238, 2019
Z, 100, 0.6653988062495336, 275.905914203, 132.452781733, 1.29856413634, -1.11525363326, 0.707359685922, 241, 2019
N, 100, 0.9903275350608555, 284.862372333, 111.988779938, 2.52291094313, -0.126933102728, 0.0127470491806, 241, 2019
E, 0, 0.9984275698099179, 321.437576532, 258.701485091, 1.25530732106, -0.012667423688, 0.00391709237262, 241, 2019
Z, -100, 0.8000839138788309, 73.0183190015, 78.7533670662, 0.98192507864, 0.673622324617, 0.0968651935359, 244, 2019
N, -100, 0.9948221317428313, 202.527768194, 81.9588218911, 2.53394072146, 0.0659556121904, 0.0632394280987, 244, 2019
E, 100, 0.9966357581928194, 202.957523066, 162.546271983, 1.23698358311, -0.082974570413, 0.0243705598911, 244, 2019
Z, 100, 0.323531259860661, 79.5672988711, 44.1868304958, 1.73031563488, 1.3191857076, 2.52906997997, 247, 2019
N, 100, 0.9033348493640018, 209.874602705, 46.5961290432, 4.68383352753, -0.296914892787, 0.10851978182, 247, 2019
E, -100, 0.977145850031599, 93.5184354344, 101.842198325, 0.909174303209, 0.217925037139, 0.0313397959991, 247, 2019
Z, -100, 0.8512551270816444, 236.631987923, 91.8104522726, 2.01870741212, -0.0359895025108, 0.403183618747, 250, 2019
N, 100, 0.6591890840529727, 296.701934151, 73.9488242962, 3.52522022346, -0.935310619821, 0.230352925337, 250, 2019
E, -100, 0.9793977473863709, 206.244978048, 181.559982034, 1.09187467776, 0.0962758679227, 0.143186198299, 250, 2019
Z, -100, 0.5275738570419185, 348.370968912, 98.5230869748, 2.53351780084, 0.715504928621, 0.368887880908, 253, 2019
N, 100, 0.9800233009027001, 206.769884407, 81.428717046, 2.4921171989, 2.96943339664, 3.10252463468, 253, 2019
E, 100, 0.9511463956328332, 219.471749017, 190.598620552, 1.1024703915, -0.234445504162, 0.0643366182803, 253, 2019
Z, -100, 0.49009564419232765, 118.305216941, 71.482504497, 1.36205139621, 0.724468213923, 0.00644933023759, 256, 2019
N, 100, 0.9869588722112683, 162.876182797, 62.6775707676, 2.58968466208, -0.171008250363, 0.0130503731915, 256, 2019
E, 100, 0.974291997040919, 173.148624769, 138.567610381, 1.22883925093, -0.237242060192, 0.0417918017442, 256, 2019
Z, 100, 0.26229548691533383, 130.750240877, 24.1169428801, 7.28455370478, 1.7962521962, 2.32391164924, 259, 2019
N, 100, 0.98740568716614, 89.1485870686, 40.4844905989, 2.3033790766, -0.148563818766, 0.0503259675489, 259, 2019
E, 0, 0.9972344584937568, 79.4164315408, 66.6106334817, 1.24623071684, -0.031989207249, 0.0456816349742, 259, 2019
Z, -100, 0.7078148873116921, 137.727209937, 52.8774020928, 2.52408457815, 0.158343287261, 0.474716025597, 262, 2019
N, 100, 0.9482818524008685, 109.034169036, 38.2848662546, 2.73125302929, -0.292806869805, 0.0416049717698, 262, 2019
E, 100, 0.9924734171377423, 133.126511119, 100.455607284, 1.30907433436, -0.128002899627, 0.00618841916481, 262, 2019
Z, -100, 0.8185426605288879, 94.1072430099, 96.7112670095, 0.943243131558, 0.686604624651, 0.178353561118, 265, 2019
N, 100, 0.9902942837741461, 182.052643303, 72.5859879068, 2.48403642566, -0.140621950594, 0.0121140206859, 265, 2019
E, 100, 0.9959169581420464, 221.327621865, 184.444350014, 1.18365181668, -0.063831292009, 0.0384503621629, 265, 2019
Z, -100, 0.7240793440208667, 316.350103065, 112.450238445, 2.0778868767, 0.419010813126, 0.385448626205, 268, 2019
N, 100, 0.9969820640912771, 232.535519667, 95.2804204292, 2.43538980069, -0.0701622658925, 0.0227013255793, 268, 2019
E, 100, 0.9876700489098641, 265.015771129, 220.470098855, 1.16766533312, -0.107019667727, 0.0598018819254, 268, 2019
Z, -100, 0.4081649836628464, 45.3032826454, 70.4856326284, 0.694511099936, 0.964473381487, 0.15732055422, 271, 2019
N, 100, 0.982601186967431, 182.119414211, 73.7027812775, 2.49302406213, -0.191662321306, 0.00369487012809, 271, 2019
E, 100, 0.9939894509365349, 185.855238756, 148.643972128, 1.26410024292, -0.110564212437, 0.00646731201242, 271, 2019
Z, -100, 0.2876737589190995, 177.63179446, 53.0626649353, 2.31209271117, -1.76494609668, 2.3378604877, 274, 2019
N, 100, 0.9848388298959603, 125.302776487, 49.9777749126, 2.4266969507, -0.138617184863, 0.0641489877489, 274, 2019
E, 100, 0.9882350334077584, 139.718570811, 116.781506306, 1.15105674786, -0.0808610295785, 0.0782297847579, 274, 2019
Z, 100, 0.918238438543056, 119.935094923, 97.4775671948, 1.07171058118, 0.0213345876253, 0.323961240754, 277, 2019
N, 100, 0.9879264517797927, 204.051741887, 80.0439651434, 2.55476967115, -0.153178068388, 0.0235811278937, 277, 2019
E, 100, 0.9940746848848535, 241.919260382, 194.243079632, 1.25266267907, -0.121531910222, 0.021362227417, 277, 2019
Z, -100, 0.9927730702346006, 137.685564959, 94.6342301707, 1.43552280633, 0.0467322906037, 0.0251344480457, 280, 2019
N, 100, 0.9969795686809801, 208.080955249, 76.9736900328, 2.6828405138, -0.0834704109243, 0.00600203337577, 280, 2019
E, 100, 0.9940538410322586, 232.215628985, 180.826802025, 1.2762627913, -0.0953632653713, 0.0282411369403, 280, 2019
Z, 100, 0.05594832543027735, 145.256539082, 60.2322332251, 1.39295586632, -1.82574334168, 0.678824748477, 283, 2019
N, 100, 0.996499624666732, 137.539842676, 56.0524722217, 2.45124210275, 3.05341735924, 3.13965441876, 283, 2019
E, 100, 0.9981059357747308, 164.35233816, 118.944416348, 1.38659215562, -0.0542450792117, 0.0142668822855, 283, 2019
Z, -100, 0.4298019256853249, 65.003489252, 17.6063266461, 2.89943199884, 0.643946033482, 0.871733415071, 286, 2019
N, 100, 0.9387769762394997, 51.3242339799, 25.6316710891, 2.14010067671, -0.372771697199, 0.143398172266, 286, 2019
E, 0, 0.9899183952714334, 51.1447999553, 38.4287073453, 1.13576485619, 0.0866095136039, 0.14418137618, 286, 2019
Z, 100, 0.7044487420890901, 210.006346065, 70.6078415985, 2.14015504189, 2.1436201976, 2.39067520996, 289, 2019
N, 100, 0.972619339138269, 138.76281442, 47.2511596377, 2.83179165817, -0.179570223591, 0.0534347923735, 289, 2019
E, 100, 0.9945922997409352, 160.724305098, 127.969059975, 1.24690661121, -0.0647168663221, 0.0357267968866, 289, 2019
Z, -100, 0.7809396552636585, 80.5425308936, 108.40583338, 0.676127277756, 0.457544073195, 0.340681365909, 292, 2019
N, 100, 0.9802111837952785, 216.799858761, 80.204532338, 2.70301598513, -0.191317605616, 0.052465641642, 292, 2019
E, 100, 0.988859418927878, 253.630459405, 202.980499451, 1.23882423565, -0.151697104038, 0.0165659201953, 292, 2019
Z, -100, 0.9264024789647073, 315.010799154, 112.170030885, 2.36076587969, -0.12318128139, 0.252933834719, 295, 2019
N, 100, 0.9946348980537176, 233.016178325, 88.3994204903, 2.62683687615, -0.116423431716, 0.0280124255082, 295, 2019
E, 100, 0.9957877581672863, 255.452009524, 210.868235603, 1.19817252527, -0.0503607355884, 0.0465919665408, 295, 2019
Z, -100, 0.7349592434407254, 107.64968232, 68.9229918392, 1.84524341368, 0.600226525997, 0.308696488152, 298, 2019
N, 100, 0.9888487768517528, 152.61927395, 67.2804673322, 2.22389516777, 2.99771083331, 3.14296401068, 298, 2019
E, 100, 0.9861837800458502, 164.015375855, 137.678678397, 1.1930271085, -0.162295823207, 0.0247091946668, 298, 2019
Z, -100, 0.4248985273647373, 143.809135753, 63.0899470064, 1.67834705183, -2.16176529977, 2.48593504489, 301, 2019
N, 100, 0.9704864299082745, 131.353398394, 47.4619756324, 2.74863201097, 2.90849171634, 3.17670737894, 301, 2019
E, 100, 0.9914503422668441, 148.483295378, 122.26152703, 1.18160833819, -0.0546510577028, 0.0896255529299, 301, 2019
Z, -100, 0.9240096007019587, 115.469331371, 120.565873302, 0.877188319927, 0.250058426645, 0.231327401714, 304, 2019
N, 100, 0.9803622303690026, 245.398658147, 95.1007907571, 2.54958564419, -0.17438651792, 0.0156859958654, 304, 2019
E, 100, 0.9898044569879223, 283.851071839, 234.261985896, 1.20015419477, -0.138923445508, 0.00737991578126, 304, 2019
Z, 100, 0.883381774253278, 1180.9828769, 117.025656981, 7.15091334503, 2.80593557144, 2.91240464135, 307, 2019
N, 100, 0.9881293775314295, 200.796748446, 87.6366819865, 2.13284086094, -0.0282180022615, 0.00380714789199, 307, 2019
E, -100, 0.9534703144385898, 223.548685254, 213.434637557, 0.981694656149, 0.204329955669, 0.0865749653283, 307, 2019
Z, 100, 0.44530005052843313, 1538.06442258, 75.270714338, 21.2965787617, -1.02997210356, 0.13727594622, 310, 2019
N, -100, 0.39140805943451984, 97.3334648755, 58.9874594032, 1.51509861691, 1.29129261544, 0.547041440567, 310, 2019
E, -100, 0.524112579295625, 202.457962076, 134.772697387, 1.3977584066, 0.994172225911, 0.440231004024, 310, 2019
Z, -100, -0.47332552763877367, 920.394491313, 25.9715646194, 27.4028711163, -2.0017931833, 1.0730106445, 313, 2019
N, -100, 0.735948126633523, 125.052198834, 24.7368410702, 4.90323749828, 0.758708743473, 0.198701886196, 313, 2019
E, -100, 0.7602272356253142, 193.845329347, 39.6580389298, 4.25026941158, 0.280459400992, 0.615820800365, 313, 2019
Z, 100, 0.1666407961537015, 632.221948916, 84.6153526432, 4.43527812429, 1.29850810368, 2.16036022964, 316, 2019
N, 100, 0.9416680397690466, 137.141063607, 49.8769508626, 2.65729714523, -0.269115969974, 0.0553474097234, 316, 2019
E, 100, 0.9629962713594437, 174.407484056, 143.321262711, 1.16097871039, -0.165315218817, 0.0833292870288, 316, 2019
Z, -100, 0.847766336724704, 6232.06491373, 130.982961199, 41.6490374062, 0.584270403912, 0.146778182368, 319, 2019
N, 100, 0.9766073658173634, 293.498557673, 92.463083652, 3.09326172949, -0.209390970789, 0.00113057683853, 319, 2019
E, 100, 0.9893177875658385, 280.817838252, 238.750529421, 1.1742227609, -0.144669085023, 0.00432819739185, 319, 2019
Z, 100, -0.5169463044839324, 1321.39824348, 134.517008517, 9.36305130833, -0.901886191612, 3.24502211099, 322, 2019
N, 100, 0.93480972044459, 355.876891104, 100.511850201, 3.80400990973, -0.360119927412, 0.0378699593259, 322, 2019
E, 100, 0.8605516051588419, 397.95321621, 243.759258032, 1.65225616706, -0.563585687083, 0.138637723172, 322, 2019
Z, -100, 0.5376849580501836, 1226.31980776, 88.3072656977, 12.907433226, -2.22661078829, 3.14381424647, 325, 2019
N, 100, 0.8796288026574287, 260.499170024, 69.298220555, 3.45578541553, -0.513218260848, 0.0813458297836, 325, 2019
E, 100, 0.7783052831719431, 177.064417232, 155.809747502, 1.03458113778, 2.4289078339, 3.05157770592, 325, 2019
Z, 100, 0.5146790479848493, 411.582223849, 60.2244967562, 5.02038316422, 1.45624035375, 1.77209685586, 328, 2019
N, 100, 0.9146738538356866, 86.9823622325, 34.8594409243, 2.60985228162, -0.175452886947, 0.240961054181, 328, 2019
E, -100, 0.8678723134565246, 109.792455898, 101.277375115, 1.22625992357, -3.06486782258, 2.77905155919, 328, 2019
Z, 100, 0.7298754448369082, 339.463898442, 132.180791011, 1.88331426952, -0.969294066493, 0.603071251731, 331, 2019
N, 100, 0.9841475113403577, 258.817937324, 97.9991316385, 2.61711734541, -0.17520771157, 0.0129911441139, 331, 2019
E, 27, 0.9964677932840315, 278.650888691, 249.054255262, 1.12537014586, 0.00777692124197, 0.0264101961614, 331, 2019
Z, -100, 0.9974191714167793, 143.698442627, 143.966366258, 1.02610011044, 0.0276191485077, 0.0113890038801, 334, 2019
N, 100, 0.9787505092377774, 292.929521966, 107.102829334, 2.74285968622, -0.206556210889, 0.0322094108926, 334, 2019
E, 100, 0.9865668215567662, 306.723551533, 263.178576989, 1.16110222972, -0.159490411867, 0.0123735136793, 334, 2019
Z, 100, 0.985546341104599, 116.040116471, 105.294005018, 1.1215569757, -0.133665586545, 0.0399677787276, 337, 2019
N, 100, 0.9869740415141924, 206.651243291, 72.6807123297, 2.83285064494, -0.167635201983, 0.0501409179807, 337, 2019
E, 100, 0.9835323914255485, 213.196409951, 178.334996142, 1.19476864777, -0.191043397217, 0.0113237579836, 337, 2019
Z, 100, 0.9316347951173403, 75.3165751985, 49.6966885558, 1.21396795211, 2.50417564825, 2.69836633692, 340, 2019
N, 100, 0.9924399646338558, 90.9230421719, 33.6322370193, 2.58065160551, -0.0591514148302, 0.108217389163, 340, 2019
E, 100, 0.98759918670486, 87.3270352246, 78.9495718764, 1.06151240445, -0.216961803476, 0.149231257581, 340, 2019
Z, 100, 0.9753860935687869, 88.9532822129, 80.6475319632, 1.11490737824, -0.234140115962, 0.0866335289066, 343, 2019
N, 100, 0.9747473284187403, 129.312806636, 41.1512574316, 3.21900819941, 2.87116263213, 3.07197071152, 343, 2019
E, 100, 0.9952199230171752, 160.867626185, 127.681611529, 1.26265136768, -0.0995254998857, 0.0077492013967, 343, 2019
Z, -100, 0.9911248409121161, 152.433623977, 139.615699019, 1.08988081919, 0.0307107928359, 0.0625085622335, 346, 2019
N, 100, 0.9851361080732661, 272.988631122, 94.0561800511, 2.90506102249, -0.180857743693, 0.0157135638064, 346, 2019
E, 100, 0.9916489227088816, 311.96562894, 249.334761655, 1.23660910629, -0.118442640008, 0.019231543546, 346, 2019
Z, -100, 0.9524312468611875, 175.69166573, 156.692384238, 1.10416230887, 0.246183397957, 0.147942210977, 349, 2019
N, 100, 0.9898163989187674, 333.014977604, 116.578421096, 2.84600832254, -0.14204340126, 0.0174400026383, 349, 2019
E, 100, 0.9920705314411342, 369.426330426, 288.875116006, 1.27448886934, -0.123774307751, 0.00310637812102, 349, 2019
Z, 100, 0.9888086121018096, 113.741775693, 116.620732977, 0.921729788807, -0.11085951576, 0.0910840394464, 352, 2019
N, 100, 0.9942048246730022, 243.818721905, 82.541382462, 2.94948996642, -0.101607585398, 0.0495318790468, 352, 2019
E, 100, 0.9902330565233449, 260.029268614, 196.926176849, 1.32077223078, -0.144545115132, 0.00175773869399, 352, 2019
Z, 100, 0.927676352436877, 91.6450902209, 48.7814283866, 2.26620706561, -0.925904377646, 0.833746344058, 355, 2019
N, 100, 0.8527523210423154, 75.4731600165, 24.8074044127, 3.21194070538, -0.201371670802, 0.303810130471, 355, 2019
E, 100, 0.9832689996773771, 77.9229229948, 70.520571159, 1.14610801448, -0.0642109828588, 0.119891125661, 355, 2019
Z, -100, 0.9220773245658472, 113.394539039, 123.518120881, 0.879173104259, 0.456695547406, 0.107118408151, 358, 2019
N, 100, 0.9875485206406573, 227.156302975, 84.6783855045, 2.68716369307, -0.161844501256, 3.36331015967e-05, 358, 2019
E, 100, 0.9963649181087774, 270.737041911, 224.829565302, 1.19547281542, -0.0707895750807, 0.0259073473825, 358, 2019
Z, -100, 0.964313406717662, 197.844180957, 153.768155774, 1.3244479762, 0.17978924471, 0.010489138473, 361, 2019
N, 100, 0.9916119353505246, 329.202187299, 113.630434388, 2.88954538737, -0.128170515194, 0.00712357964604, 361, 2019
E, 100, 0.9936473320383788, 359.014928752, 284.021036722, 1.25807439334, -0.102598312694, 0.0210333982484, 361, 2019
Z, 100, 0.9956522318174811, 120.83741329, 127.450778837, 0.935452704997, 0.0277275346099, 0.0529599254139, 364, 2019
N, 100, 0.986786300729331, 270.660737235, 88.6132551307, 3.01968221979, -0.164601857433, 0.0406643548611, 364, 2019
E, 100, 0.9907835867044517, 287.926755073, 222.58776673, 1.28791205163, -0.14194962431, 0.00956238164376, 364, 2019
