Chan, Phase Shift, Correlation, ptp-data, ptp-synthetic, rat, phasem, phasestd, DOY, Year
Z, -32, 0.9999670611924011, 96.778581809, 96.1214511918, 1.00485097649, 0.00950116052007, 0.00682769444172, 1, 2019
N, 100, 0.9694907406967441, 15.3343881095, 14.0680137667, 1.05821191848, -0.347154052293, 0.188762009591, 1, 2019
E, 100, 0.91425606597761, 33.1497706519, 36.215097554, 0.914314776305, -0.441288973732, 0.0492912908928, 1, 2019
Z, 0, 0.9999964598010023, 155.08725878, 155.606235676, 0.997100848681, 0.00126401518861, 0.00140242322889, 4, 2019
N, -100, 0.5699165269764621, 9.49917159513, 20.8656964311, 0.378005414866, 1.04275103643, 0.800847712939, 4, 2019
E, 100, 0.9876851713534673, 59.0609041652, 63.8595935032, 0.924097689637, -0.104238603362, 0.0682865699451, 4, 2019
Z, -5, 0.9999367235105379, 167.442519469, 168.731666805, 0.992822940314, 0.00900744669453, 0.006680470347, 7, 2019
N, -100, 0.5443079295456773, 20.1506111282, 20.8452299498, 0.993333544548, 0.983017459223, 0.0346516736209, 7, 2019
E, 100, 0.9738853364582193, 67.8220652338, 71.32830725, 0.962920231475, -0.20753500952, 0.0317362331996, 7, 2019
Z, -10, 0.9998575640205428, 137.543674772, 140.404749377, 0.985030884367, 0.0130262384896, 0.0158489428951, 10, 2019
N, -100, 0.2316553353387432, 18.1361435545, 15.8653004822, 1.05402548211, 1.1050187645, 0.441173273902, 10, 2019
E, 100, 0.9763264007193133, 61.4776612294, 57.9711036444, 1.01254553856, -0.27558220203, 0.0972867530788, 10, 2019
Z, 100, 0.9999165780150994, 76.3602343044, 78.7492121749, 0.970407035668, -0.00312759214668, 0.00597331487061, 13, 2019
N, -100, 0.1783704511995561, 4.71079903165, 9.26541717359, 0.430137142836, 1.30138475507, 0.039997335289, 13, 2019
E, 100, 0.9957998578719628, 29.730711235, 33.0762155845, 0.922587425164, -0.0597235365983, 0.0354557426569, 13, 2019
Z, -31, 0.9999899958506828, 90.9902566293, 91.9249926286, 0.989405267328, 0.00555987374523, 0.00193554906436, 16, 2019
N, 100, 0.5380057472865201, 4.29493332772, 11.6107201937, 0.275730482782, 1.79803503164, 1.90996909919, 16, 2019
E, 100, 0.9978975412845112, 36.4544485008, 35.1365263827, 1.05848395479, -0.00426971501641, 0.0163727081926, 16, 2019
Z, 0, 0.9999993522654227, 175.120803497, 175.824101456, 0.996484127045, 0.000102420994674, 0.000178289221255, 19, 2019
N, -100, 0.5313548294368466, 4.75902007962, 22.5118249527, 0.200738712973, 1.11103059682, 0.134285804476, 19, 2019
E, 100, 0.9774412728932746, 73.7549464149, 70.7775246378, 1.03833208539, -0.207572580994, 0.0213918259051, 19, 2019
Z, 0, 0.9999529167019754, 196.361266025, 197.299932851, 0.995704648479, -0.00153423050721, 0.00173948785861, 22, 2019
N, 100, -0.348836653663229, 8.22386154324, 22.6625539292, 0.256365297753, -1.60704415428, 2.09144851263, 22, 2019
E, 100, 0.9813702599092258, 76.2469419527, 84.4808332033, 0.869276166116, 2.94064210515, 3.21720866637, 22, 2019
Z, 87, 0.9997740657799211, 127.230087083, 132.971560242, 0.96778056545, 0.00966671079989, 0.0192619780805, 25, 2019
N, -100, 0.0053403662968440286, 20.133087419, 9.23295316356, 2.80263875406, 1.60203346368, 0.0792578691282, 25, 2019
E, 100, 0.9902499796724311, 54.2102744567, 54.5522449007, 1.03118414876, -0.0456343441213, 0.0730306012858, 25, 2019
Z, -1, 0.9994117176414604, 63.9408793135, 64.653340989, 0.976793986632, 0.0543820803307, 0.0574766682348, 28, 2019
N, 100, 0.2693318566464554, 19.5960750191, 10.0885280847, 1.4847699242, 1.35112103358, 2.18051554772, 28, 2019
E, 100, 0.8635817489031286, 28.0183487118, 24.2776390447, 1.17107700383, -0.138396298998, 0.241787428412, 28, 2019
Z, 38, 0.9998527307904778, 125.88299521, 127.455752925, 0.990861961759, -0.0175164361791, 0.00873318010514, 31, 2019
N, 0, 0.7944931934736766, 16.254970588, 17.8571162842, 0.791791368574, -0.313182794396, 0.412992809203, 31, 2019
E, 100, 0.9771289425059969, 42.9747103209, 50.3313484924, 0.80787886632, -0.00582563785479, 0.0660546134541, 31, 2019
Z, 0, 0.9999839596092951, 147.720649592, 149.504560023, 0.988472747462, -0.00314085785193, 0.0020292532051, 34, 2019
N, -100, 0.7955052834714434, 13.0072683427, 19.5580987796, 0.551994006587, 0.816678332222, 0.369481967782, 34, 2019
E, 100, 0.9953584453847549, 58.8322639481, 63.3671314918, 0.947391329907, -0.0429923050649, 0.04346052857, 34, 2019
Z, 0, 0.9999241141070383, 131.173409393, 132.568235774, 0.989581002735, 0.00784572770772, 0.00838647248462, 37, 2019
N, -100, 0.3047128418093941, 15.6830123371, 15.5582451799, 1.02901426795, 1.174424165, 0.17103680974, 37, 2019
E, 100, 0.9722071185525073, 54.8814311252, 57.2806869115, 0.951051723735, -0.202951201723, 0.0175295126902, 37, 2019
Z, -31, 0.9996918870313485, 82.4400731264, 86.2550396662, 0.970935296149, 0.0222305617013, 0.0249138111425, 40, 2019
N, -100, 0.49292896233785916, 19.5565934128, 7.72749779375, 2.87798719096, 0.970180377351, 0.146808287826, 40, 2019
E, 100, 0.9618766414267252, 48.6703556252, 35.2283257271, 1.38992714705, -0.227452406114, 0.00316300662893, 40, 2019
Z, -100, 0.9997273277134402, 52.5285343182, 53.4912640271, 0.980223909484, 0.0301711574114, 0.0190420926203, 43, 2019
N, 100, 0.34248452289197684, 13.0919723872, 6.83251606294, 1.46468713238, 1.49254650122, 2.3514959812, 43, 2019
E, -100, 0.9126361375083047, 29.0885599946, 21.5034709051, 1.39541783382, 0.108696454055, 0.317913282806, 43, 2019
Z, 95, 0.9999368970229797, 132.821379355, 134.057083728, 0.990687213396, -0.0126914741335, 0.000187445051229, 46, 2019
N, 100, 0.7898605723843087, 17.8171624671, 17.3324484759, 1.01922891747, -0.493055189197, 0.0639662851101, 46, 2019
E, 100, 0.9742916198245211, 41.556684233, 51.7904721705, 0.830735340483, -0.26622463955, 0.168268673772, 46, 2019
Z, 0, 0.9999419642700814, 169.92336683, 170.93898299, 0.993016201669, -0.00914926890496, 0.000434932496205, 49, 2019
N, 100, -0.07054543116129214, 9.91789244339, 21.3876680947, 0.217690758669, 1.56198159376, 1.37641142348, 49, 2019
E, 100, 0.994875205921687, 67.3364391891, 72.1707615995, 0.932201338293, -0.0523767332002, 0.0368899958573, 49, 2019
Z, 0, 0.999925907594438, 126.251610469, 129.373102979, 0.981328669419, 0.00519663426385, 0.0108390090515, 52, 2019
N, 100, -0.3491069815624179, 14.1548932055, 9.83368699887, 1.67024583498, -1.13637554954, 2.93880250188, 52, 2019
E, 100, 0.9965935149105157, 53.1458819937, 57.475681449, 0.942222461185, -0.0722128351598, 0.0125665311765, 52, 2019
Z, 0, 0.9984360916248681, 38.4699001973, 42.3450270056, 0.924663059322, 0.011607215802, 0.0328576890592, 55, 2019
N, 100, 0.06173820042153304, 10.2749977484, 8.75424638628, 0.766323207339, 1.17738789761, 2.43618268425, 55, 2019
E, -100, 0.7358544883934989, 26.089151979, 20.424548612, 1.51908258501, 0.550688058458, 0.794658832729, 55, 2019
Z, -75, 0.9998764808805004, 96.9248541119, 99.1245658901, 0.97448019285, 0.017377714599, 0.0114350123071, 58, 2019
N, 100, 0.6744925009592393, 6.34090715262, 14.908458989, 0.310684600769, -0.618590840253, 0.0590112655562, 58, 2019
E, -100, 0.9764603881490819, 46.074667784, 38.8465985275, 1.30715815064, -0.0763881864609, 0.168729781958, 58, 2019
Z, 0, 0.9998768905048366, 121.096281851, 121.930616814, 0.991163740684, -0.0119459870581, 0.000659535303238, 61, 2019
N, -100, 0.8749319650285952, 7.17637775298, 16.4977917431, 0.363241100055, 0.0218422142981, 0.43169586934, 61, 2019
E, 100, 0.9930778988951081, 51.7600599564, 49.4389443734, 1.01951763276, -0.0883162439491, 0.0314152280243, 61, 2019
Z, 0, 0.9998899514462276, 105.398218753, 106.423014292, 0.992232239123, 0.00811889981212, 0.00739197375194, 64, 2019
N, -100, 0.3125165216972812, 7.57628397294, 13.2998024243, 0.602098677289, 1.23492596658, 0.164902353419, 64, 2019
E, 100, 0.9883243765346502, 42.290259576, 47.867928624, 0.826608131432, -0.166103281515, 0.0779735628046, 64, 2019
Z, 0, 0.9994076095428412, 65.2234358383, 69.9406510414, 0.952194708427, 0.0191736689445, 0.0257633165252, 67, 2019
N, -100, 0.6250224073860652, 11.9106643085, 5.4398089659, 2.58863858812, 0.889129398779, 0.15578788015, 67, 2019
E, 0, 0.9553643048658595, 21.2461724156, 30.5643357599, 0.788010325043, 0.0460735040766, 0.279043205284, 67, 2019
Z, -100, 0.9993487915082298, 39.3241785848, 40.4441885832, 0.96627091715, 0.0424887106204, 0.00255525812556, 70, 2019
N, -100, -0.4926475578465139, 22.3777160515, 7.82949518065, 3.27265344645, 0.822162859272, 2.79103959938, 70, 2019
E, -100, 0.6268236929422624, 38.5802060578, 16.667841052, 2.78209223475, -2.24687076945, 3.61680343808, 70, 2019
Z, 0, 0.9999425067246964, 103.903014841, 104.888611659, 0.988000368739, 0.00752510921348, 0.00911300296674, 73, 2019
N, 100, -0.6419265765620127, 18.5146142409, 14.3292918868, 0.771442096894, 2.70091700894, 0.740361939562, 73, 2019
E, -100, 0.9226682930735776, 49.7057557375, 42.7668668633, 1.31697308864, -0.00183654872432, 0.17886760481, 73, 2019
Z, 0, 0.9998600310415545, 137.750946425, 139.920298052, 0.982617698015, -0.0120250892991, 0.000967039491562, 76, 2019
N, -100, 0.840755214889334, 7.5548262963, 17.8866934506, 0.342792986734, 0.925473582717, 0.644764483188, 76, 2019
E, 100, 0.9799061256296243, 54.1714078689, 55.2686855563, 0.947815741278, -0.190789726532, 0.0199700117345, 76, 2019
Z, 0, 0.9998368006879327, 102.08860557, 103.522413177, 0.986009944748, -0.0189872975657, 0.00246877935154, 79, 2019
N, -100, 0.8590673084648147, 11.4598535305, 10.0700741767, 1.10731576517, 0.541956852511, 0.016907111317, 79, 2019
E, 100, 0.9930046957776213, 42.5939250826, 49.9658999066, 0.808943758042, -0.116034559857, 0.0568356576395, 79, 2019
Z, -100, 0.9976439344931612, 41.5981618029, 42.0337785381, 1.0132302623, 0.055798102963, 0.0667397551621, 82, 2019
N, 100, 0.15767951584746928, 16.9546502265, 11.3311594359, 1.77080972993, 1.78274201385, 2.83832186594, 82, 2019
E, 0, 0.9545549889109098, 19.3238603072, 18.1744921932, 1.23921588399, 0.160011590564, 0.40781225935, 82, 2019
Z, -100, 0.9999275352489506, 96.817762877, 97.1873474108, 0.999199477889, 0.00734673346886, 0.00975391623277, 85, 2019
N, -100, -0.4851366210108835, 7.07717811837, 18.2957991413, 0.244851908812, 0.581468772572, 3.30033802504, 85, 2019
E, 100, 0.9926579646457122, 46.0473966391, 40.3477482521, 1.15023535911, -0.109892177744, 0.0628869154505, 85, 2019
Z, 0, 0.9998242372784452, 109.037987304, 112.145989755, 0.96811245735, 0.00528656737467, 0.0130835308041, 88, 2019
N, 100, 0.012177783626093855, 7.80332738036, 16.037965967, 0.403775796832, -1.76621506468, 0.354987492767, 88, 2019
E, -100, 0.9970708439283341, 46.8547084804, 44.1482642709, 1.09393352535, 0.0232984701157, 0.0125454627119, 88, 2019
Z, 100, 0.9966762282525131, 87.7114227197, 87.8631106591, 1.01302899667, -0.0567803175559, 0.0371525358137, 91, 2019
N, 100, 0.2924559116093593, 32.9890805808, 11.4625989523, 2.25383939312, -0.496414426405, 0.883385172323, 91, 2019
E, 100, 0.7473721047532528, 34.6026202007, 37.3310055252, 0.749719366783, -0.546897356156, 0.256630622664, 91, 2019
Z, 100, 0.8941257847134577, 47.1444634607, 43.624511776, 1.13247207431, -0.475274292366, 0.0767387770316, 94, 2019
N, -100, -0.22702244035615682, 73.9513273881, 3.53418565408, 22.2531956163, 1.33381129038, 3.10091824901, 94, 2019
E, 100, -0.7547601748497912, 44.8403467912, 25.2409865118, 2.1458632137, 2.8872094719, 0.465849754327, 94, 2019
Z, -100, 0.9989731397100441, 60.2747107892, 60.3943852994, 1.00890871313, 0.00475315446301, 0.0228415585843, 97, 2019
N, 100, -0.0021511185116136118, 7.97192772294, 10.4028534675, 0.599463865725, 1.46477150849, 1.87854110843, 97, 2019
E, 100, 0.9732417040434164, 34.8901230821, 22.5484091629, 1.60066542913, 2.94112621159, 3.03367015063, 97, 2019
Z, -100, 0.9999559054096706, 113.093686368, 114.528596284, 0.989542388519, 0.0138241868609, 0.0023851083109, 100, 2019
N, -100, -0.20959576212475658, 18.8735478211, 18.1290024648, 1.01700328041, 1.37442508844, 2.86270425864, 100, 2019
E, 100, 0.9939369794666576, 59.0553161969, 47.6379771793, 1.23635875085, -0.0593932813209, 0.0559898872106, 100, 2019
Z, 0, 0.9999128028470606, 132.236768968, 135.008969881, 0.976011930711, 0.00590411016144, 0.00967430564204, 103, 2019
N, -100, -0.12303472014390181, 12.1522027071, 18.7360563636, 0.567328461776, 1.24429385302, 3.50016290843, 103, 2019
E, 100, 0.9983103087802393, 59.1627910339, 53.9020103112, 1.12665912369, -0.00815600454546, 0.0180283310772, 103, 2019
Z, 0, 0.9996193792006637, 93.5023225014, 95.4111425194, 0.979513036645, -0.0233766599826, 0.00388127395144, 106, 2019
N, 100, 0.732953408221143, 11.3060442258, 10.5857833591, 1.06182909179, -0.56793540548, 0.161165563707, 106, 2019
E, 100, 0.9668257076545257, 41.1849610822, 39.777324035, 0.944911162013, -0.265875692545, 0.133634906418, 106, 2019
Z, -61, 0.999718412155133, 54.7161948684, 54.232778016, 1.01067565653, 0.0158109639993, 0.0158916197966, 109, 2019
N, -100, 0.6910052488242957, 5.62133995247, 9.19880099646, 0.437112160142, -0.236480163965, 0.515522596152, 109, 2019
E, 100, 0.8807787740975345, 20.6532057424, 20.1616525764, 1.06665608162, -0.358108477752, 0.417128376391, 109, 2019
Z, -58, 0.9997267205708668, 120.122830289, 119.830818878, 1.00619366424, -0.007748778828, 0.017548754919, 112, 2019
N, -100, -0.23340515930778935, 10.0279026787, 22.6469982004, 0.403263687553, 1.05943715655, 2.75317122844, 112, 2019
E, 100, 0.9967977184044653, 64.0229431393, 48.5308240967, 1.27776517504, -0.0125602423625, 0.0478866581411, 112, 2019
Z, 0, 0.9999827204057147, 129.911551609, 131.262839801, 0.989341617152, 0.00172215472469, 0.00305301535715, 115, 2019
N, 100, 0.09490273474986828, 5.75009924604, 21.8699001489, 0.231857582266, 1.62346089703, 2.74632391666, 115, 2019
E, 100, 0.9792729842291491, 55.5675991073, 54.2439823522, 1.02028117695, -0.233840245958, 0.100462885311, 115, 2019
Z, 100, 0.9996419439312686, 97.8814291884, 102.10807658, 0.955727931532, -0.0219449783258, 0.00860906256107, 118, 2019
N, 100, 0.23167065023193037, 22.1978309851, 13.9137144338, 1.54604592009, 2.01951742769, 2.83908390992, 118, 2019
E, -100, 0.9247821372962743, 32.6407575695, 39.9012874376, 0.784095554636, 0.368448387898, 0.00430743851772, 118, 2019
Z, 0, 0.9992289305568621, 45.9228401574, 48.3236727603, 0.943368814391, -0.0488230803445, 0.0289477699892, 121, 2019
N, 100, 0.12649172518630122, 14.2357928748, 5.05719320362, 1.93633827453, 4.5138105381, 0.335530561496, 121, 2019
E, -100, 0.9205213443998885, 24.7298521534, 22.2091279277, 1.32571693253, 0.437714767785, 0.287841607548, 121, 2019
Z, -54, 0.9999213732723492, 139.153281962, 138.903171752, 1.00428173186, -0.00210682509084, 0.00943669187921, 127, 2019
N, -100, -0.24233950864437742, 14.4084430438, 20.8374614444, 0.698012704965, 1.30791253962, 2.96315640894, 127, 2019
E, 100, 0.9861623208638235, 60.9530856745, 55.9397693793, 1.07827539881, -0.16153807027, 0.0105004651007, 127, 2019
Z, -22, 0.9999973364271667, 154.940568595, 155.741624859, 0.994963450153, 0.00194374060306, 0.00055405484885, 130, 2019
N, 100, 0.10421620868966569, 7.5579377628, 24.6862368437, 0.300290396979, 1.61074373854, 3.04311033102, 130, 2019
E, 100, 0.9822023377089375, 66.7427199927, 64.9084307486, 1.01647797874, -0.202288384813, 0.0241004671858, 130, 2019
Z, 41, 0.999872456839181, 111.570432976, 114.542775529, 0.971129509549, -0.00552629134912, 0.00774450069237, 133, 2019
N, -100, -0.5672645855382532, 11.9880755, 14.4972917529, 0.908957303215, 4.04928112278, 0.0332348232433, 133, 2019
E, 100, 0.9921864242694213, 42.5211207002, 44.0494577585, 0.964278506894, -0.11488680376, 0.033176270762, 133, 2019
Z, -61, 0.9990059740461907, 54.469062961, 54.8884084797, 0.990937680148, -0.0107832196907, 0.0393356336082, 136, 2019
N, -100, -0.8330400025409282, 12.9049866929, 9.09149004967, 1.40183776708, 0.251107507791, 2.74317535032, 136, 2019
E, 100, 0.9704074339197458, 24.4990265067, 19.8292046296, 1.17427049309, -0.559554413209, 0.499916412995, 136, 2019
Z, -1, 0.9999459531246752, 135.082851579, 135.649311786, 0.997774185442, -0.00352368289587, 0.00586031791729, 139, 2019
N, -100, -0.9181597821097343, 11.4877463135, 20.8996178225, 0.425860705911, 0.251670670314, 3.07238600777, 139, 2019
E, 100, 0.9859541611125837, 58.7796448416, 51.8717612117, 1.15194684642, -0.204674630274, 0.0465239828364, 139, 2019
Z, 100, 0.97128909206374, 171.708202907, 156.518506858, 1.15275154198, -0.1290735454, 0.0871488453008, 142, 2019
N, 100, -0.5503302442938844, 2771.67471233, 27.0063107835, 84.8158196366, 0.142750708254, 2.24571979621, 142, 2019
E, -100, 0.34969114175297095, 1812.66255969, 64.9591947671, 22.7650859898, -1.69448416668, 2.49262379461, 142, 2019
Z, 100, 0.4695907505429257, 230.850041864, 128.290040987, 1.6796908767, 2.00904878539, 3.21365420302, 145, 2019
N, 100, -0.5104074831093898, 9576.79466143, 20.4707113663, 450.976038442, 2.15699106242, 0.115611069525, 145, 2019
E, -100, 0.9161128542455029, 6266.70797172, 52.7817964467, 108.842005447, 0.336491588249, 0.0546368778337, 145, 2019
Z, 100, 0.9994536990118489, 73.801299399, 77.0296604995, 0.955030989076, -0.030481414533, 0.0029575284578, 148, 2019
N, 100, 0.17333672432254071, 17.6198165466, 9.6505948683, 2.21536995639, 2.14127655842, 2.64610328697, 148, 2019
E, 100, 0.9829799648750533, 32.171850047, 29.5838630173, 1.08720779208, -0.132444484614, 0.0175532421351, 148, 2019
Z, -74, 0.9999485335299384, 71.6183137415, 72.5355837116, 0.984306035432, 0.0171760231533, 0.0110673965885, 151, 2019
N, 100, -0.6398738841392928, 18.8901456216, 8.91367951954, 2.01162253492, 1.85241988595, 0.820948890127, 151, 2019
E, 100, 0.945817033651129, 37.4584010646, 26.4891437204, 1.48136601233, 2.59715732535, 2.88301981057, 151, 2019
Z, 0, 0.9999499390798097, 149.484719014, 150.379768252, 0.994601452743, -0.00494464767762, 0.00336141682316, 154, 2019
N, 100, -0.8843138635482662, 16.9678829633, 20.1925029739, 0.766164930336, -0.534211958639, 3.2420235934, 154, 2019
E, 100, 0.9903040364283833, 67.1266441504, 57.9907596572, 1.15762645491, -0.149771365067, 0.0047891948727, 154, 2019
Z, 74, 0.9999575137471713, 179.847069154, 180.828088153, 0.997708784177, -0.0112938413698, 0.00707306004537, 157, 2019
N, -100, -0.2357127555405304, 11.581429644, 28.3684676501, 0.378222527642, 1.23272092901, 2.54497220647, 157, 2019
E, 100, 0.9719628368083343, 75.020234269, 74.7107471575, 0.975938168204, -0.240372412456, 0.0618066857652, 157, 2019
Z, 100, 0.9999827848053985, 137.67475471, 139.704688319, 0.985278267686, -0.00540122069995, 0.00405518221619, 160, 2019
N, 100, -0.7556999100909599, 39.7223587576, 22.4854297846, 1.76045163237, 2.9752525569, 0.477268195124, 160, 2019
E, -100, 0.8473002662342193, 108.096059189, 57.6178911225, 1.75922145718, 0.647472465708, 0.209865470619, 160, 2019
Z, -19, 0.9994834397663072, 60.6034471501, 64.8598916397, 0.933338377785, -0.0311283526124, 0.0460117243501, 163, 2019
N, -100, 0.26077990072627283, 8.45087631154, 7.3382348434, 1.49617777745, 0.372709488127, 1.09013444925, 163, 2019
E, -100, 0.9566767719334275, 33.2979481824, 24.2334701906, 1.3402979035, 0.958803147406, 0.85896391409, 163, 2019
Z, -38, 0.9999894473023692, 129.238153767, 129.570995528, 0.997773215654, 0.00491955452213, 0.000488981109469, 166, 2019
N, -100, 0.04211896451672438, 7.78465832904, 18.9878357552, 0.277645750351, 1.07341056526, 0.68802811451, 166, 2019
E, 100, 0.9913748461587284, 56.5117071691, 48.7790726641, 1.15933383972, 2.97723995774, 3.10547843322, 166, 2019
Z, 100, 0.9998768226554252, 167.834810298, 168.851206085, 0.995340967801, -0.016627847257, 0.00867214128446, 169, 2019
N, -100, 0.6527067549066357, 8.67065823721, 25.7572441136, 0.205016469688, 0.519712378306, 0.31924747997, 169, 2019
E, 100, 0.990446141794845, 73.6790112915, 67.1631194073, 1.10211370235, -0.148302000914, 0.0054075549106, 169, 2019
Z, 75, 0.9999768945387093, 148.734393063, 149.351931197, 0.996318432291, -0.00998965569308, 0.00571695495613, 172, 2019
N, -100, 0.11186330311349087, 8.64816653893, 25.6501284338, 0.265335474001, -0.476751168012, 1.76678593052, 172, 2019
E, 100, 0.9880652078084252, 65.6284893639, 62.512963273, 1.03850402131, -0.112293322186, 0.0418576145355, 172, 2019
Z, 82, 0.9999667177071897, 96.7635133065, 99.119158702, 0.976087808286, -0.000603062263516, 0.00741445636027, 175, 2019
N, 100, -0.04415815409343126, 5.89523118649, 16.3197404214, 0.2777935289, 1.50624623095, 0.17785960499, 175, 2019
E, 100, 0.9886865029236714, 46.7581572408, 40.8633335564, 1.08449379105, -0.145423214802, 0.10850565976, 175, 2019
Z, -100, 0.9997803893272894, 55.6573050914, 57.318987797, 0.958875528021, 0.0956679404607, 0.0842246370593, 178, 2019
N, -100, -0.7569871297475775, 13.8141808942, 6.88487005436, 2.6151404526, -0.254389553417, 3.80584845388, 178, 2019
E, -100, 0.988201389558315, 30.5828497837, 22.2555261082, 1.39524280428, 0.259535432138, 0.184157752667, 178, 2019
Z, 0, 0.999989728221931, 134.30184441, 136.071302757, 0.986526559432, 0.00186473172728, 0.00133939901665, 181, 2019
N, 100, -0.7454511751919507, 13.4045441394, 17.7083676492, 0.760370416209, -0.850820969004, 3.34923935402, 181, 2019
E, 100, 0.9869761677426229, 61.525286355, 51.7627732214, 1.19548159171, 2.95717720838, 3.12240102051, 181, 2019
Z, 50, 0.9999460681608198, 189.662971587, 190.988049423, 0.993938962339, -0.0102592396234, 0.00442328899074, 184, 2019
N, 100, -0.8206965584712053, 11.7012162375, 26.6800074569, 0.344088267687, -0.0977605423168, 2.7838195079, 184, 2019
E, 100, 0.9877589134913682, 79.9601423768, 75.6444474939, 1.04632615778, -0.177135467313, 0.0256659333081, 184, 2019
Z, 100, 0.9999331294215316, 162.087935465, 162.102517816, 1.00181731864, -0.0188754859345, 0.00609183902314, 187, 2019
N, 100, -0.6152846035832792, 8.68518502182, 28.3278287014, 0.287642660433, 0.297278866465, 2.4210897229, 187, 2019
E, 100, 0.9955779517898067, 68.6980157934, 68.010970379, 1.00767802332, -0.0771108285693, 0.0136705479801, 187, 2019
Z, 100, 0.9998576195409945, 74.418930917, 76.2250330119, 0.972080801744, -0.0284263528145, 0.00929473532068, 190, 2019
N, 100, -0.04819261378095941, 10.6576018856, 12.5674544473, 1.09214303364, 1.77218357106, 1.63993658013, 190, 2019
E, 100, 0.9706824161480465, 34.5552689845, 31.4453440487, 1.04591055307, -0.169660849129, 0.0985692515992, 190, 2019
Z, -79, 0.9999018477277822, 105.754760202, 107.273511681, 0.987081269442, 0.0124740621039, 0.00321072134636, 193, 2019
N, -100, 0.2007030197957281, 68.385054796, 15.7251988199, 4.07346854659, -1.8486920616, 3.30668844875, 193, 2019
E, 100, 0.9594153448360748, 73.2556847606, 41.4301122462, 1.73150603682, 2.86127629869, 3.14248413214, 193, 2019
Z, 58, 0.9999050917732701, 157.70836091, 159.85674876, 0.985955109569, -0.0114725527388, 0.00248675409012, 196, 2019
N, 100, -0.43638811541821954, 19.5795541151, 22.7119708767, 0.866198201596, -1.14815147149, 3.19524895059, 196, 2019
E, 100, 0.9862451029093913, 79.864328556, 62.4156638899, 1.27705901358, -0.19776887927, 0.0461427098304, 196, 2019
Z, 100, 0.9998259600269813, 153.005955093, 153.788873103, 0.995949183156, -0.0249659504481, 0.0112726290699, 199, 2019
N, -100, 0.41621838947046347, 12.0323714556, 24.7987880695, 0.315164379975, 0.599050658563, 0.672887729271, 199, 2019
E, 100, 0.985133154435852, 67.581547222, 63.6113216963, 1.06064740345, -0.19418828987, 0.0249657153923, 199, 2019
Z, 100, 0.9998182658104684, 107.337463304, 108.475663618, 0.991238642809, -0.0294885555203, 0.00903945158264, 202, 2019
N, -100, -0.5489106227062989, 11.5475950721, 21.1710947388, 0.515447843476, 0.627060756248, 2.59728310251, 202, 2019
E, 100, 0.9927177043113904, 47.1535111095, 46.2927502441, 0.99923578497, -0.0465535827282, 0.0399253185619, 202, 2019
Z, 100, 0.9999509272716153, 49.6359439664, 51.0038107536, 0.968186515742, -0.0242788373931, 0.0180750021306, 205, 2019
N, 100, -0.5863215507185742, 7.26708999965, 10.1543484464, 0.91180968262, 0.488603974777, 2.29819232201, 205, 2019
E, 100, 0.987010267151008, 24.95010489, 22.6626585818, 1.13944563357, 0.0575224497699, 0.176797487072, 205, 2019
Z, 0, 0.9999820744180172, 101.195705948, 102.525563066, 0.986000550431, 0.00537577735084, 0.00354208702814, 208, 2019
N, 100, -0.2557695393682934, 15.3095037024, 12.952618046, 1.2499190148, -1.6449074888, 3.6224798646, 208, 2019
E, 100, 0.9725795319702697, 49.0680062147, 40.1023847387, 1.1872877458, -0.184111877336, 0.0617255516542, 208, 2019
Z, 12, 0.9999337821715467, 171.92959779, 173.335923844, 0.990577669085, -0.00694672244447, 0.000489457879854, 211, 2019
N, 100, -0.4177368189223177, 22.0433449608, 23.0981345546, 0.892252703074, -1.24559769599, 3.35431907596, 211, 2019
E, 100, 0.9910212566900123, 75.7657723895, 68.2814792982, 1.10539170525, -0.140484208758, 0.00885854748588, 211, 2019
Z, 100, 0.9997950274816306, 170.947755402, 170.640180653, 1.001203118, -0.0238274534082, 0.0118074378317, 214, 2019
N, 100, -0.38583486887296453, 11.6137773982, 26.1158939675, 0.354837206222, 0.494558692034, 1.93775579993, 214, 2019
E, 100, 0.9977575907007639, 77.7757384806, 70.1841517384, 1.09581784648, -0.0670454067214, 0.00704670413013, 214, 2019
Z, 100, 0.9993392958840273, 81.2198544623, 80.4859507386, 1.00892897739, -0.0474152962271, 0.0186597709695, 217, 2019
N, -100, -0.585568251925441, 16.0918985852, 20.8728168769, 0.991534825278, 0.816109126182, 2.30576152003, 217, 2019
E, -85, 0.9948056616725693, 38.4284628524, 35.2178442397, 1.08052984272, 0.0496489248592, 0.009886065483, 217, 2019
Z, -74, 0.9999031245185515, 76.9547696229, 77.8331106231, 0.983025188703, 0.021249324998, 0.011950195087, 220, 2019
N, 100, -0.22189759429923284, 41.6675894966, 11.3762420635, 2.39904223801, -1.10071003488, 2.60315391432, 220, 2019
E, 100, 0.8886175673441815, 39.2205413155, 31.4861619744, 1.08004416178, 0.247643232331, 0.552554163312, 220, 2019
Z, 0, 0.9999261085080969, 134.204596184, 136.285251749, 0.984357243643, -0.00946260370966, 0.000876947726185, 223, 2019
N, -100, 0.3731407055100444, 354.572852448, 19.1324303804, 15.7873958434, -1.94248218131, 3.10048970176, 223, 2019
E, 100, 0.9321870505165438, 185.559938399, 54.4150962491, 3.10047645832, 2.85852972704, 3.2228412412, 223, 2019
Z, 100, 0.9997314802852512, 140.856933639, 142.110234558, 0.991143154152, -0.022803074026, 0.00841234384033, 226, 2019
N, 100, -0.5436381965055642, 36.3730380735, 20.6669667373, 1.67715063841, 2.1008107331, 0.0867865835159, 226, 2019
E, 0, 0.9987276088531463, 55.7647093209, 57.2133669276, 0.998877666048, -0.0187111873964, 0.0288605200013, 226, 2019
Z, 100, 0.9994783062271949, 104.038678428, 103.665208988, 1.00518511045, -0.0404909769134, 0.0176978814822, 229, 2019
N, 100, -0.7365336095869977, 10.6967355874, 20.3629502774, 0.503985433827, 2.69221733145, 0.233032514532, 229, 2019
E, 96, 0.9995903370096015, 49.0326430952, 43.3903521976, 1.12627236267, -0.0340107435935, 0.0179389628168, 229, 2019
Z, 100, 0.9969662321054968, 40.9590798825, 40.2537201603, 1.01625472362, -0.0988933445309, 0.0356477955946, 232, 2019
N, -100, -0.4331718392093031, 9.3793428191, 14.8848616539, 0.758972414303, 0.829034889081, 2.33135232099, 232, 2019
E, -100, 0.9768676204270494, 19.4291276679, 18.5588272744, 1.02333881379, 0.0974004252608, 0.0114126712454, 232, 2019
Z, -57, 0.9995731241131263, 68.1137802531, 69.062602702, 0.971727564289, 0.0319382867166, 0.0282991280352, 235, 2019
N, -100, 0.5226540091865838, 4.47187729373, 8.28550639959, 0.663860352175, 0.907919687101, 0.451202868876, 235, 2019
E, 100, 0.9834778647725145, 37.806674258, 28.3893235875, 1.31574964301, -0.132777110485, 0.0394974497183, 235, 2019
Z, 0, 0.9998792797296607, 138.046844678, 139.244997211, 0.987542993153, -0.00460814190395, 0.00566771007537, 238, 2019
N, -100, 0.41492327758343944, 7.30005792304, 18.261337461, 0.359009278732, -2.02410180384, 3.18536592132, 238, 2019
E, 100, 0.9765890452724503, 64.1811779531, 56.1320356577, 1.14882398395, -0.256081579356, 0.05653314082, 238, 2019
Z, 100, 0.9997061379275513, 156.013544824, 156.914073332, 0.992970128714, -0.0223106558979, 0.00604801851385, 241, 2019
N, 100, -0.3539374997987228, 12.9004352105, 21.1758743192, 0.496593642164, -0.606323457273, 2.50132247491, 241, 2019
E, 100, 0.9920425904624088, 67.2504081826, 63.4567666758, 1.05282265132, -0.0978540654265, 0.0352510432101, 241, 2019
Z, 100, 0.9983266459773978, 83.4762051811, 81.4334026105, 1.02273079953, -0.0639235189893, 0.0212301621284, 244, 2019
N, 100, -0.2733504805089183, 13.8096620585, 20.0495085907, 0.81593534208, 2.26127189824, 0.443683713474, 244, 2019
E, 100, 0.9980797214733191, 42.4729936524, 34.8829629274, 1.22417914188, -0.0275502770348, 0.01761584278, 244, 2019
Z, -100, 0.9978745307886424, 58.7707442102, 59.5404336258, 0.960738941021, 0.0631584999117, 0.0619345787479, 247, 2019
N, -100, 0.5848107220447166, 10.7514648005, 9.31229005871, 1.2998166131, 1.07739595305, 0.507072400135, 247, 2019
E, 100, 0.9538565347468871, 26.0772360679, 24.2514589218, 1.03007687257, -0.254629299978, 0.0461220411769, 247, 2019
Z, 0, 0.9998460801882912, 113.851213728, 116.132921015, 0.975653129946, 0.0068852523109, 0.00913769405897, 250, 2019
N, -100, 0.03483893327331584, 13.1674103569, 15.75121239, 0.810969901882, -1.55364599783, 3.07827663035, 250, 2019
E, 100, 0.9832665255307309, 55.8734568382, 48.1590481343, 1.14194002904, -0.14699334279, 0.0484391618546, 250, 2019
Z, 48, 0.9997015333154818, 119.065402248, 120.894890421, 0.981886752197, -0.0169296031346, 6.60883030492e-05, 253, 2019
N, 100, -0.07817276229097052, 17.3711278194, 16.8909900488, 0.931832048332, 1.51029616511, 0.230092440558, 253, 2019
E, 100, 0.9737573171171032, 56.3998183608, 49.22332046, 1.12996277519, 2.90293272421, 3.13906635347, 253, 2019
Z, 100, 0.9985340229416084, 85.9884796906, 86.3854105372, 0.992304547603, -0.0556799360316, 0.017923898272, 256, 2019
N, 100, -0.5839082318151885, 24.2287996675, 14.7230138511, 1.57938525615, -0.646833758312, 2.79671164964, 256, 2019
E, 100, 0.9710634644778245, 35.9937179181, 34.7251533197, 1.01570470998, -0.145640128079, 0.0247937895643, 256, 2019
Z, 100, 0.9828533339904921, 25.2842051703, 23.130800857, 1.11680865184, -0.186440920561, 0.0094250540511, 259, 2019
N, 100, -0.4364834206446038, 16.8140145444, 14.0898549016, 1.37899796043, 0.0572780540767, 2.39254523993, 259, 2019
E, -100, 0.9010835380305913, 25.0885348781, 10.8865184248, 2.40757650713, 0.455915816971, 0.061792830565, 259, 2019
Z, -100, 0.9983410361476347, 62.2529824832, 62.3526415544, 0.978030433165, 0.0695781441277, 0.0447903093521, 262, 2019
N, -100, 0.5480589489839892, 15.072734289, 7.4306658567, 2.46648990528, 0.41881841551, 0.634577998822, 262, 2019
E, 100, 0.9160443547038395, 29.5013101017, 25.1036257586, 1.14176617059, -0.412375172605, 0.000241169637542, 262, 2019
Z, 0, 0.9997881951557194, 115.953684642, 117.975786259, 0.972968748387, 0.0111738606684, 0.0165760590605, 265, 2019
N, -100, 0.7186256804967632, 13.7591582328, 14.612526733, 1.00766831823, -2.44741957918, 3.29554381431, 265, 2019
E, 100, 0.9665424987795984, 55.8840870126, 49.0228035395, 1.12725281043, -0.265712098314, 0.00490172796255, 265, 2019
Z, 99, 0.9996200071438048, 132.540087385, 134.449629149, 0.981313662814, -0.0160882659473, 0.00728279274133, 268, 2019
N, -100, 0.54748090920653, 12.8424006427, 17.4659722868, 0.644989737222, 0.803005840689, 0.30652065405, 268, 2019
E, 100, 0.9789991551742283, 60.590018382, 55.2247119351, 1.10988566093, -0.228211186759, 0.0327306908407, 268, 2019
Z, 100, 0.9973616101020195, 77.1437794287, 75.7737591538, 1.01925684134, -0.0745003347426, 0.00106572018582, 271, 2019
N, 100, -0.30144857861723257, 300.974797463, 12.3051846273, 24.73694935, -0.468665723371, 2.17835473185, 271, 2019
E, -100, 0.7924476790397925, 88.8630611378, 29.8638559602, 2.90531257406, -2.51306255301, 2.5810987464, 271, 2019
Z, -100, 0.9939734208968215, 68.7786412233, 68.3680273759, 1.00019537818, 0.0973950783049, 0.0438159701515, 274, 2019
N, 100, -0.3331839175599136, 423.896837572, 10.9136136063, 33.3889315894, 0.983371175385, 1.91683662514, 274, 2019
E, -100, -0.36036741194197836, 86.7434836929, 26.8042287592, 1.98414369356, -0.313155170729, 2.03026001747, 274, 2019
Z, -63, 0.9996719672351886, 123.334285563, 125.894710565, 0.974233556504, -3.12030315633, 3.12042212104, 277, 2019
N, -100, 0.8270966939065195, 16.4017626036, 15.3210740895, 1.09985272984, 0.543601902527, 0.127655579862, 277, 2019
E, 100, 0.9769336249595327, 53.8697007279, 51.1607832037, 1.05404740916, -0.19471075784, 0.0311880355336, 277, 2019
Z, 18, 0.9997471579192909, 115.476650112, 117.519515956, 0.981617652596, -0.00544386591699, 0.0119974800653, 280, 2019
N, -100, 0.307330698105083, 12.2300822843, 15.6851441674, 0.727024710974, -1.93886317053, 3.22214885101, 280, 2019
E, 100, 0.9622233951992873, 55.5963717937, 49.3219843029, 1.13099489556, -0.284955750661, 0.00490675886896, 280, 2019
Z, 100, 0.9984898999787933, 72.4026951615, 73.4962777982, 0.980795088685, -0.0470253263525, 0.00241634707515, 283, 2019
N, 100, -0.15118743829148562, 23.2790878672, 11.3906220672, 2.04873472545, -1.38342155592, 3.09860623881, 283, 2019
E, 100, 0.9398896778777552, 39.3667595506, 29.3996985613, 1.32716932146, 2.78115757011, 3.13810840214, 283, 2019
Z, 100, 0.963145451877082, 19.5132635146, 20.0770517646, 0.926196562347, -0.0856435258348, 0.0968379117651, 286, 2019
N, -100, 0.6315504567031655, 11.8305591211, 8.14467981336, 2.0563038254, 2.13964008864, 1.88058573946, 286, 2019
E, -100, -0.09640626891483917, 7.04146365721, 6.16508634011, 1.15310522154, 2.17087721543, 0.778418070583, 286, 2019
Z, -100, 0.9989005118844183, 83.688134091, 84.2962533902, 0.981021810528, 0.0442862927145, 0.0349227660466, 289, 2019
N, -100, 0.7354936983523718, 17.4267406187, 9.8539226225, 2.00170379816, 0.307889098904, 0.520336817261, 289, 2019
E, 100, 0.9134382381994404, 27.692196, 33.4668638418, 0.806124297954, -0.384362144585, 0.0563535498436, 289, 2019
Z, 86, 0.9997384579361319, 130.943145516, 133.832306387, 0.975657723049, 0.00888696818706, 0.0208255627683, 292, 2019
N, -100, 0.17690280646014492, 14.2913174088, 15.3890060566, 0.947624118926, 1.32097943103, 0.134498154094, 292, 2019
E, 100, 0.9589458762380622, 48.247617775, 54.7222819396, 0.89063587165, -0.280801041479, 0.0115556746614, 292, 2019
Z, 100, 0.9997500581855032, 132.844530742, 136.710775281, 0.968642822989, -0.00764440175954, 0.0120245574494, 295, 2019
N, 100, -0.7705763860100848, 18.512930245, 16.7550032826, 1.09797956365, -0.456672734699, 2.86199694475, 295, 2019
E, 100, 0.9909755434539887, 60.4507154835, 57.0683078017, 1.07627510349, -0.0648838270814, 0.0710466595665, 295, 2019
Z, 100, 0.9983449318595569, 75.5602809057, 77.2206595959, 0.973352761515, -0.052959382753, 0.00366005589551, 298, 2019
N, -100, 0.021595996128788795, 22.7863035504, 11.0283243587, 2.82774408781, -1.32814126904, 2.59176165349, 298, 2019
E, 100, 0.8677258644735687, 43.7007909886, 31.062895702, 1.63561005738, -3.07239577413, 2.72262214773, 298, 2019
Z, -100, 0.9987806058666691, 83.0876409903, 83.1505112073, 1.00684185004, 0.0154571574649, 0.00615769378381, 301, 2019
N, 100, 0.08060588771600091, 31.5484918704, 12.5894670653, 2.52722695564, 1.24782311514, 2.34178803477, 301, 2019
E, 100, -0.6874554998561774, 53.5767518536, 31.3375450191, 1.36893241069, 2.81246596272, 0.566893188963, 301, 2019
Z, -100, 0.9996499154210499, 150.969575836, 153.167500291, 0.980480420128, 0.0256636039556, 0.0225676441199, 304, 2019
N, 100, -0.12846276221959843, 12.2247285594, 18.995301155, 0.380007748252, -0.726110307, 2.43242747326, 304, 2019
E, 100, 0.9941210457203901, 58.0555954984, 63.0448234618, 0.926811278098, -0.0520140951624, 0.0654445380176, 304, 2019
Z, 100, 0.9997662833530698, 144.829883165, 149.201857045, 0.974211812602, 0.00345110158062, 0.0187466877327, 307, 2019
N, 100, -0.04361652037975331, 14.9378665674, 17.4117296332, 0.931259095593, 1.62306602183, 0.0240779645195, 307, 2019
E, 100, 0.9638431988121383, 57.4513251734, 61.3695568495, 0.968487271938, -0.267992314356, 0.000343288956396, 307, 2019
Z, 100, 0.9995705557598902, 91.2474237233, 93.2202323828, 0.976819904894, -0.0118865272812, 0.0148765617422, 310, 2019
N, -100, 0.08142331827680153, 16.0662962145, 13.2031432023, 1.32262728897, -1.58811409763, 3.0132577287, 310, 2019
E, 100, 0.9067276419143006, 41.8094394169, 39.3330156685, 1.069853658, -0.448765954905, 0.00885824898043, 310, 2019
Z, 100, 0.997678795490772, 30.2199966558, 31.2335609681, 0.957477351949, -0.14374916526, 0.12384397012, 313, 2019
N, -100, 0.7944237926438203, 17.6876482891, 6.8620455483, 2.69164762088, 0.649400842442, 0.0348092089981, 313, 2019
E, 100, 0.5272039826476681, 12.1600247156, 10.842918834, 1.04439171324, 1.58123672676, 2.59143453437, 313, 2019
Z, -100, 0.9994549300859124, 102.326964559, 102.47983417, 0.999017868283, 0.0308165480711, 0.0117819392257, 316, 2019
N, 100, 0.7029579885016137, 13.6604428229, 12.2895575583, 1.11321788084, -0.410214753792, 0.677706977178, 316, 2019
E, 100, 0.9312954540323722, 36.4263219123, 40.4766494267, 0.833270941871, 2.83353033341, 3.06259957481, 316, 2019
Z, -32, 0.9997870629128445, 159.40379017, 161.065588058, 0.985243194794, 0.0166092469683, 0.0168258038626, 319, 2019
N, -100, 0.4488017549500404, 8.72058832537, 19.2390312644, 0.416211394902, 1.18403913761, 0.240771155396, 319, 2019
E, 100, 0.98148582205459, 54.6133403433, 66.3456294343, 0.837249757668, -0.173086380946, 0.0366010824179, 319, 2019
Z, 95, 0.9998757438121915, 165.182898883, 167.480167131, 0.981863285065, 0.00318835272612, 0.0141907346795, 322, 2019
N, -100, 0.32456014169467706, 16.9189183412, 18.9771596407, 0.916156976158, 1.2091177839, 0.0647482394061, 322, 2019
E, 100, 0.9507638662916124, 60.001106418, 69.0350011465, 0.86942734701, -0.332397644517, 0.0252179747369, 322, 2019
Z, 99, 0.9996973692639011, 101.397721982, 105.053439634, 0.964496992238, -0.0144652692577, 0.0048853618524, 325, 2019
N, 100, -0.09814240034998038, 18.6189453034, 13.0923509104, 1.56105941856, -1.20005721343, 2.75106823627, 325, 2019
E, 100, 0.9814671956765332, 40.4343360051, 44.8134404401, 0.918650919327, -0.184376785007, 0.00501920777486, 325, 2019
Z, -100, 0.9994389099585431, 82.0738649805, 81.8758610227, 1.00814955151, 0.0152114807335, 0.00896547445021, 328, 2019
N, -100, 0.8690407141888629, 14.3754606426, 12.3209875804, 1.17072841167, -0.206618644896, 0.626247421668, 328, 2019
E, 100, 0.9025038921033974, 29.6429049485, 29.845437946, 0.986888857571, 2.68333772121, 3.13717260445, 328, 2019
Z, -1, 0.9999189191090576, 166.4848607, 167.754849205, 0.992126748877, 0.00691814500217, 0.00323185497519, 331, 2019
N, 100, 0.8321286633515226, 14.3959022903, 22.22682292, 0.599505381016, -0.281150973735, 0.376722030056, 331, 2019
E, 100, 0.9906663466591316, 55.3877739588, 69.0424982457, 0.785355701797, -0.0609492160866, 0.0577665676808, 331, 2019
Z, -82, 0.9997675020652396, 179.893719262, 183.489676241, 0.977869328635, 0.0206757992526, 0.0191570498066, 334, 2019
N, 100, -0.5637032156566989, 15.6549151438, 21.5588560682, 0.532177898406, -0.721733548501, 2.64618326838, 334, 2019
E, 100, 0.9963553259097769, 75.112473572, 76.0413398175, 1.01933782788, -0.0476782012279, 0.0217770938758, 334, 2019
Z, 45, 0.9998938914518293, 131.652343555, 135.217128609, 0.97533413305, 0.00536010449739, 0.0136274852137, 337, 2019
N, 100, -0.30107246933662707, 15.6845599187, 16.0299688596, 1.14263865271, 1.91961929152, 0.103380052858, 337, 2019
E, 100, 0.9738450808082878, 62.5046637106, 55.6779740219, 1.12302192872, -0.256595876378, 0.0315597034752, 337, 2019
Z, 100, 0.9997868730075549, 59.5295488192, 61.7200120936, 0.959433890754, -0.0278234000655, 0.00865024411503, 340, 2019
N, -100, 0.555127149863765, 18.5799501232, 10.6174317562, 1.804017093, -2.21113718915, 3.0676387158, 340, 2019
E, 100, 0.893938736746196, 26.8095649629, 25.9452917734, 0.918666311365, 2.40292393494, 2.73138544925, 340, 2019
Z, -100, 0.9996686420651719, 99.0424716211, 98.7311345641, 1.00587656918, 0.0247616164909, 0.00813467726236, 343, 2019
N, -100, 0.6460267800639161, 12.0901455588, 12.093886174, 0.913225174415, 0.965831592557, 0.30122528219, 343, 2019
E, 100, 0.935634935140918, 39.0557760608, 37.8034654299, 1.06347547476, -0.355629546269, 0.00269186525431, 343, 2019
Z, 0, 0.9999466130655322, 171.380668541, 171.730367492, 0.999415820258, 0.00261784064223, 0.000215136575728, 346, 2019
N, -100, 0.7350223106280489, 14.7181362158, 21.4573581948, 0.701667775463, 0.520250973578, 0.286272368385, 346, 2019
E, 100, 0.9509363534769624, 58.3080771125, 70.4586737363, 0.814059598308, 2.83914071437, 3.13508786324, 346, 2019
Z, -38, 0.9999091549543901, 194.149697141, 196.811415376, 0.986131268721, 0.0127723457096, 0.0122325353788, 349, 2019
N, -100, 0.20896893465807978, 8.58694991295, 22.7713236188, 0.425182519932, 1.29653982189, 0.147675812968, 349, 2019
E, 100, 0.9753885115345952, 77.2205561274, 81.3954161815, 0.936244782076, -0.206323755812, 0.0271344924174, 349, 2019
Z, 100, 0.9999004261776566, 142.908849152, 145.365543081, 0.982603135379, -0.00452875271753, 0.0111036280885, 352, 2019
N, -100, 0.5023757217212848, 3.31717715799, 14.7603612185, 0.176608214753, 2.68227892945, 1.82097613464, 352, 2019
E, 100, 0.9712529495636795, 48.6075926024, 60.4677420437, 0.787951480251, -0.275253905206, 0.0579979885855, 352, 2019
Z, 15, 0.999822716743331, 65.8435225401, 67.0080301248, 0.980342370795, 0.0181407740563, 0.0176803833061, 355, 2019
N, -100, 0.8995557836197039, 14.6617328447, 10.0612967692, 1.70656471049, 0.140181863382, 0.106085900985, 355, 2019
E, 100, 0.9852674235858865, 16.7148745381, 23.9903271472, 0.764890247523, 0.224657904886, 0.334157689279, 355, 2019
Z, 0, 0.9999948993036116, 155.144861443, 156.248365494, 0.993460818699, 0.00184489123663, 0.000846688121935, 358, 2019
N, -100, 0.9641603151737032, 16.5406653576, 21.5794586908, 0.714460323856, 0.117190692825, 0.0394902673908, 358, 2019
E, 100, 0.9880725641168955, 53.7920752759, 62.1811593832, 0.857182163955, -0.117983192851, 0.0524560966022, 358, 2019
Z, 0, 0.9999405533902876, 190.394806236, 191.99278084, 0.992925154833, 0.005331611394, 0.00680868559661, 361, 2019
N, -100, 0.9022360545293764, 14.406248386, 24.1418641378, 0.569209129754, 0.27813877599, 0.15854541445, 361, 2019
E, 100, 0.9802762913364231, 70.2837729607, 80.9460096354, 0.859552632884, 2.93828835812, 3.14296201777, 361, 2019
Z, 83, 0.9999018371999702, 160.803826062, 165.134444136, 0.976860090843, 0.00451002424784, 0.0129960450621, 364, 2019
N, 100, -0.9493140869200498, 6.79815337009, 18.7040343042, 0.407902393985, -0.206737422146, 2.97973940461, 364, 2019
E, 100, 0.9926293910352877, 59.4532166766, 68.4514743848, 0.871774268766, -0.0947661081671, 0.0283757024233, 364, 2019
