Chan, Phase Shift, Correlation, ptp-data, ptp-synthetic, rat, phasem, phasestd, DOY, Year
Z, 100, 0.08363129583061767, 4.38553879837, 57.8426728892, 0.0725384907315, -2.00425000229, 0.552344699935, 1, 2019
N, 100, 0.012091725568572126, 4.15582319181, 43.7226510313, 0.0909887939648, -2.12982407973, 0.654153076561, 1, 2019
E, 100, 0.9118960366837958, 4.04133999066, 24.3996030008, 0.150707955208, 2.45853576125, 2.71453022149, 1, 2019
Z, 100, 0.7402779794162994, 4.19487008385, 93.5542664587, 0.0444297525463, -0.763140321822, 0.0431918817407, 4, 2019
N, 100, 0.7657994428814187, 3.91405385436, 72.8223597472, 0.0514450231882, -0.669716815857, 0.00492804048404, 4, 2019
E, -100, 0.8152681181114706, 3.89157519563, 35.7180930523, 0.113472486147, 0.559163257235, 0.0594398545228, 4, 2019
Z, 100, 0.6518060041897363, 3.64655972403, 97.9520702825, 0.0333838823024, -0.841116354939, 0.00864688286223, 7, 2019
N, 100, 0.7551183679675135, 3.37946389375, 78.7287631307, 0.0370758387465, -0.563244575259, 0.13158154456, 7, 2019
E, -100, 0.8418735492737985, 3.3042429263, 35.9737496276, 0.0856644418492, -2.60817980097, 3.16316757555, 7, 2019
Z, 100, 0.889237446534006, 3.32819132187, 73.2115693735, 0.0469052837029, -0.570717504332, 0.233668842411, 10, 2019
N, 100, 0.9775312826920124, 3.18990131791, 65.8768468249, 0.049875358643, -0.195167654006, 0.0440387589298, 10, 2019
E, -100, 0.5829647067373032, 3.06474788306, 28.8693774019, 0.111066693714, 0.817892475204, 0.186682656333, 10, 2019
Z, 100, 0.9373332571966639, 4.21195491579, 39.2051618917, 0.1101172843, 0.114012320625, 0.385367187324, 13, 2019
N, -100, 0.8806533852149394, 3.95845990941, 38.1844667682, 0.115303335895, 0.674078653629, 0.598627164458, 13, 2019
E, -100, 0.5418237001561542, 3.85953679759, 17.5701188897, 0.221090010121, -1.7846534053, 2.64601011824, 13, 2019
Z, 100, 0.3758768332247012, 6.055956888, 57.9879566493, 0.11291302426, -1.46299095742, 0.343302331077, 16, 2019
N, 100, 0.424131529600447, 5.63727645928, 40.8326905806, 0.155299223285, -1.48512840796, 0.462346682551, 16, 2019
E, -100, 0.976437664044193, 5.46281988314, 24.3415458702, 0.23509391139, -0.0744445348754, 0.189275977711, 16, 2019
Z, 100, 0.45409137574780106, 8.4828618521, 109.076618041, 0.0753088077327, -1.11297330704, 0.03056497826, 19, 2019
N, 100, 0.49705487817643196, 7.8996036378, 82.1458285052, 0.0917409320667, -1.06871030939, 0.0330087189196, 19, 2019
E, -100, 0.9773266097667949, 7.79924341146, 42.658363384, 0.182975190177, 0.211126145911, 0.0127187262977, 19, 2019
Z, 100, 0.3151097896562416, 10.1968131308, 115.347824182, 0.0937731829603, -1.29808308871, 0.0889029458849, 22, 2019
N, 100, 0.4505765190923399, 9.45450665971, 92.0107232738, 0.106306516166, -1.10888417519, 0.0023491568204, 22, 2019
E, -100, 0.9376337133410605, 9.16778961296, 42.8235622523, 0.237000953769, 0.121502961669, 0.113298859508, 22, 2019
Z, 100, 0.07468696330043345, 6.20820074247, 58.6045296359, 0.0752045655443, 0.55611273025, 1.52485331476, 25, 2019
N, -100, -0.11062603308674623, 5.75354405227, 61.6870321689, 0.0687230281531, 1.0452180107, 1.76676420563, 25, 2019
E, 100, 0.19039904448744718, 5.51757966625, 22.5984156279, 0.177722527871, -1.14409993208, 1.51558719095, 25, 2019
Z, 100, 0.37608356992163117, 8.68855086505, 39.702896554, 0.227967974165, -1.22565947253, 0.0520372442204, 28, 2019
N, 100, 0.46209210183404337, 8.15971339075, 28.8305178933, 0.339483012133, -1.51916650258, 0.550579273505, 28, 2019
E, -100, 0.9585552185750993, 7.92642928393, 19.0294815859, 0.402677808724, 0.316092263464, 0.272530788696, 28, 2019
Z, 100, 0.013185297722227029, 8.15666860595, 77.7310522767, 0.104610393198, -1.73848691159, 0.233187719301, 31, 2019
N, -100, -0.011823816423064305, 7.51046179544, 59.8181824559, 0.123335827281, -1.74163410567, 0.254616179796, 31, 2019
E, 100, 0.9492333792130746, 7.36210103025, 31.7905619643, 0.229780094712, 2.74601441845, 2.98867927214, 31, 2019
Z, 100, 0.091122565453485, 4.52126766671, 90.1046055169, 0.0390458897132, -2.17791731264, 0.870352883374, 34, 2019
N, 100, 0.13942401448821626, 4.21465422273, 70.361307087, 0.0455584201831, -2.05058634447, 0.81809128833, 34, 2019
E, 100, 0.819671752352331, 4.03164149939, 33.1369149516, 0.0989441712726, 2.28336460219, 2.21044180524, 34, 2019
Z, 100, 0.9134070750173491, 8.80869679953, 72.1167734339, 0.112448482331, -0.190936206635, 0.218244950605, 37, 2019
N, 100, 0.8933777384246112, 8.22097135291, 62.0757559041, 0.118632143757, 0.113669213311, 0.377506278432, 37, 2019
E, -100, 0.46687196155079363, 8.12794966094, 26.4111009236, 0.29870361381, -1.91269596036, 2.94438079425, 37, 2019
Z, 100, 0.607607474049972, 7.29492537027, 33.9679874114, 0.195777228347, -1.03065519887, 0.510479556422, 40, 2019
N, 100, 0.9230405896738244, 6.80648446019, 40.9375885202, 0.155100058618, -0.402657934892, 0.208479009866, 40, 2019
E, -100, 0.7427646791449738, 6.74238373819, 13.7008740275, 0.446960644098, 0.389994681844, 0.377045595666, 40, 2019
Z, -100, -0.11973688928888075, 8.33516108342, 35.2663992915, 0.265482644958, -1.67112249295, 0.0382861146763, 43, 2019
N, -100, -0.07163148387607171, 7.79527192035, 22.8814781651, 0.457998428718, 1.22205603651, 2.52545026881, 43, 2019
E, 100, 0.7173287618196365, 7.59664673753, 15.600980398, 0.531159880458, -0.188212117723, 0.161327371966, 43, 2019
Z, -100, -0.8493364415813213, 10.7928024925, 83.9756493391, 0.106465007185, -0.139608314395, 3.65895877561, 46, 2019
N, -100, -0.8121693639990415, 10.0693874117, 62.1623821814, 0.135244346766, -0.111111104546, 3.69955449597, 46, 2019
E, -100, -0.024754294278491483, 9.80793050311, 34.5801680776, 0.230804314612, 1.23279063662, 2.69782547333, 46, 2019
Z, 100, 0.6737901788332309, 6.95769549885, 105.691114446, 0.0660795758461, -0.838436818324, 0.0133618115, 49, 2019
N, 100, 0.7177288012702945, 6.2848693553, 80.762811108, 0.0767300356449, -0.76058881083, 0.00220700922857, 49, 2019
E, -100, 0.8631401615402005, 6.44107780146, 39.5756529469, 0.167249832281, 0.52537708372, 0.00439672817659, 49, 2019
Z, 100, 0.3308250824870869, 6.19175808687, 63.4169674224, 0.0948438777295, -1.34503592349, 0.312935840172, 52, 2019
N, 100, 0.5492881360435796, 5.67534792664, 58.9015826465, 0.09266395635, -1.02834778881, 0.130967522697, 52, 2019
E, -100, 0.8363326367328456, 5.77202670542, 21.4303916018, 0.278155962808, 0.202869075344, 0.331132133073, 52, 2019
Z, -100, -0.6886917575820461, 9.01418099495, 22.7988182244, 0.40727203639, -2.30624028149, 0.2056945249, 55, 2019
N, -100, -0.24864985270764262, 8.32112695288, 19.9491978342, 0.60333011293, 0.330526715454, 1.96909936324, 55, 2019
E, 100, 0.4602967256134826, 8.27434921137, 11.4160485844, 0.839385145588, -1.04153966431, 0.0328579116984, 55, 2019
Z, 100, -0.9547507052634833, 15.5795451698, 63.1805086112, 0.238951529803, -0.277034142846, 3.2721655212, 58, 2019
N, 100, -0.9453154662619361, 14.4513003907, 46.714156942, 0.312467580347, -0.2752096144, 3.38108005633, 58, 2019
E, -100, -0.305283810776489, 14.1486795549, 27.1035919202, 0.498397547707, 1.20870003406, 3.11155662986, 58, 2019
Z, 100, -0.8686529916414947, 7.56497447761, 74.3858582238, 0.0856351663764, -0.434945644159, 3.54209113179, 61, 2019
N, 100, -0.8631944458870182, 7.01318650462, 57.8048963835, 0.100514207421, -0.389614332194, 3.54151545496, 61, 2019
E, -100, -0.3723495252746176, 6.85785516743, 28.8244406732, 0.200390400211, 0.9059266606, 2.78761422415, 61, 2019
Z, -100, -0.43871844627885304, 13.7334811996, 60.4302968568, 0.220553803318, 1.06953712149, 2.89758572933, 64, 2019
N, -100, -0.3051155969941167, 12.7925054257, 50.3978151899, 0.242057281337, 1.24445530826, 2.81868303634, 64, 2019
E, 100, 0.5235742713163541, 12.4752396528, 20.996332515, 0.616085211869, 2.38750516394, 3.30741654416, 64, 2019
Z, 100, -0.6721741818184571, 10.7829626238, 23.8042136858, 0.432405167616, -0.352133528981, 3.20800660396, 67, 2019
N, -100, -0.7134210725928778, 9.99347115471, 32.4101313341, 0.286854917349, 0.173027387606, 2.92064644698, 67, 2019
E, 100, 0.022619473520563472, 9.87416619494, 7.33808275569, 1.51271933729, -1.90247929717, 0.201380674506, 67, 2019
Z, -100, -0.04091865529388757, 12.6606814838, 29.0011464988, 0.38284169054, 1.44902403332, 3.0607885321, 70, 2019
N, -100, -0.37835433695897713, 11.8443627479, 18.3650147743, 0.755582916729, 0.933224215402, 2.24937902309, 70, 2019
E, 100, 0.7947334361925571, 11.4397848127, 12.2324442251, 0.880077588138, -0.409534504397, 0.293451545942, 70, 2019
Z, 100, 0.09962584521042264, 14.1575068549, 69.7210322465, 0.167797010618, -3.19427310395, 1.77174457059, 73, 2019
N, 100, 0.29263884131333706, 13.1453501249, 48.6532058845, 0.242149200446, -3.18809911306, 1.95380488374, 73, 2019
E, -100, 0.3265211219801274, 12.9688103613, 28.7680651157, 0.366162132288, 1.35468291848, 1.3658089431, 73, 2019
Z, -100, 0.14733710827928356, 2398.22845415, 87.5673997119, 22.9896926218, -1.70830078398, 2.37893605149, 76, 2019
N, 100, -0.7103922891348324, 580.523675463, 66.1196013362, 6.96046554384, 0.259337239111, 2.45551248153, 76, 2019
E, -100, -0.24247582193134357, 582.811446808, 34.8204696531, 13.3840552854, 1.61080825408, 3.91693616337, 76, 2019
Z, -100, 0.37047149903263576, 56592.8763359, 59.174145719, 772.731530095, -1.5112333893, 2.45118517763, 79, 2019
N, 100, -0.9029138953474556, 3286.27644707, 48.0382967615, 66.6247310679, -0.184084316597, 2.87659365471, 79, 2019
E, -100, -0.4228173522155046, 2966.85916195, 18.9485773789, 164.944266802, -1.95004766163, 0.141875712031, 79, 2019
Z, -100, -0.26030894970146584, 87265.2891204, 25.0560108081, 3010.78788627, 0.841409655861, 2.62083460708, 82, 2019
N, -100, 0.5662840783361867, 558.100511449, 20.7839555024, 26.0720690461, -2.03550890752, 2.12593222941, 82, 2019
E, -100, -0.8909111793051239, 538.245478375, 12.5811726183, 34.1514014609, 3.16566535107, 0.334147869761, 82, 2019
Z, -100, 0.9895076840255312, 83.0735693959, 70.8692537984, 1.05411010588, -0.0457176893099, 0.128200948335, 85, 2019
N, 100, 0.7042368745886872, 46.3050300952, 46.4785122116, 0.857481128784, -0.00536732093308, 0.68159143594, 85, 2019
E, -100, 0.9243725360328767, 60.9889368827, 27.4850647978, 1.99568016431, 0.425561220919, 0.0957464918015, 85, 2019
Z, -100, 0.982575826304551, 63.7569069474, 71.9492391627, 0.906948475589, 0.0657438534691, 0.00440033237748, 88, 2019
N, 100, 0.9157191157670886, 82.472117201, 52.9462289339, 1.53124314686, -0.281537393276, 0.153019862787, 88, 2019
E, -100, 0.8729325439014326, 63.5194203788, 28.7174459758, 2.34281431735, 0.610182864843, 0.154829294102, 88, 2019
Z, 100, 0.8550708028086744, 41.3293402445, 51.3956085796, 0.643430113534, -0.676831699912, 0.445045168654, 91, 2019
N, 100, 0.8964362917967864, 65.7008952392, 41.9064667309, 1.50573434209, -0.505593252371, 0.0880754189769, 91, 2019
E, -100, 0.967730082993597, 66.7281472301, 18.6824383742, 3.65090874076, -0.0471344124285, 0.125519285578, 91, 2019
Z, 100, -0.22299168640738773, 29.8701577886, 15.220596221, 1.87444793547, 1.8003713266, 0.328321039199, 94, 2019
N, 100, 0.8972512992929005, 39.6539994057, 20.3373603853, 1.82751093402, -0.242897033804, 0.1846905208, 94, 2019
E, -100, 0.006080009813900651, 10.0467043702, 3.87241447525, 5.44883275195, 3.40774927492, 0.0878073261654, 94, 2019
Z, 100, 0.9888849510850898, 69.3537093024, 40.6524664977, 1.7063348482, -0.0976349366967, 0.0563698960585, 97, 2019
N, -100, -0.29554208228459583, 27.1485030339, 27.8816200123, 0.846579215537, -0.232852661877, 2.02758717168, 97, 2019
E, 100, 0.8763256020154969, 25.3255814376, 17.423751262, 0.98485857926, -0.54710894612, 0.398846351305, 97, 2019
Z, -100, 0.9887492680595295, 88.6856223912, 81.2288180874, 1.041441368, 0.088695030239, 0.0550797535558, 100, 2019
N, 100, 0.8740341920142324, 58.4423398177, 53.6194702936, 0.945559114111, -0.26262545798, 0.256851536817, 100, 2019
E, -100, 0.9797773251831915, 45.8219210456, 31.9842653774, 1.35828292211, 0.196434172629, 0.154305003219, 100, 2019
Z, -100, 0.9933326105737432, 91.1626212297, 89.6915399125, 1.04559440888, 0.0166685392644, 0.00577196154826, 103, 2019
N, 100, 0.967629307654925, 62.3110854146, 63.2984639198, 0.906829469374, -0.0284588086303, 0.0439246352843, 103, 2019
E, -100, 0.9748234681499816, 45.9111135456, 35.1932904679, 1.13733937855, -0.129233527232, 0.240429829048, 103, 2019
Z, 100, 0.9700160311470594, 57.0693089036, 56.2599387843, 1.01078904453, -0.260054333788, 0.00738248143397, 106, 2019
N, -100, 0.9555746792955527, 46.1284056763, 44.1512381542, 1.0551442594, 0.315854200332, 0.0157004010224, 106, 2019
E, -100, 0.8121652532787533, 20.1217280717, 20.5400797576, 0.926787101614, 0.583673465962, 0.0798768396127, 106, 2019
Z, 100, 0.8779348978724888, 40.7963704933, 32.7279684599, 1.40012881963, -0.0933715082276, 0.180075321349, 109, 2019
N, -100, 0.6385459958334657, 24.6124463575, 26.1129138342, 0.975443547038, 0.681990273854, 0.887707863458, 109, 2019
E, 100, 0.8576352532659702, 20.2790473498, 14.3063177206, 1.00094846591, -0.522409843742, 0.483215979436, 109, 2019
Z, 100, 0.9679130003448485, 72.0997216558, 82.873843553, 0.834083358951, -0.202716485364, 0.0226713756312, 112, 2019
N, -100, 0.9417354553812052, 72.6377125854, 57.6823451855, 1.33553937235, 0.21561111361, 0.117438684679, 112, 2019
E, -100, 0.900780099115934, 27.481655953, 35.4775844138, 0.834560049437, 0.481031939446, 0.0814316741268, 112, 2019
Z, -100, 0.9922253871922561, 98.9950764057, 94.0781023101, 1.0710566961, -3.00798730407, 3.03555537838, 115, 2019
N, 100, 0.9705420643328325, 55.8168428488, 61.7420067324, 0.877632430268, 2.86005468919, 2.97520168863, 115, 2019
E, -100, 0.9934188043303184, 42.7060891781, 35.1730639998, 1.2078351394, 0.0674691821326, 0.0220412791923, 115, 2019
Z, 100, 0.9926880650537463, 86.6564667323, 63.4675229827, 1.41627583951, -0.0608815887775, 0.0609425569371, 118, 2019
N, -100, 0.9053090587833279, 19.8148198578, 47.464490814, 0.340127486305, 0.111889041582, 0.220500474892, 118, 2019
E, 100, 0.9912846113421507, 23.6731293706, 24.239711671, 0.905551326239, -0.147280889768, 0.136409608685, 118, 2019
Z, -100, 0.8493077891502894, 25.9464043581, 21.304688984, 1.3276021866, -0.549370802942, 0.924432510816, 121, 2019
N, 100, 0.751211256003763, 27.0383651201, 22.3480684752, 1.51915320157, 0.111437392894, 0.614396970122, 121, 2019
E, 100, 0.8926017229716551, 12.4149167992, 7.00525316248, 1.88359087911, 0.369492552015, 0.631882369489, 121, 2019
Z, 100, 0.9835924685483528, 57.9912507998, 49.317067617, 1.20978195332, -0.226505665899, 0.0610304246767, 124, 2019
N, -100, 0.8211812730781781, 24.4671296991, 34.2158578315, 0.72244426249, 0.531859319868, 0.00269569902411, 124, 2019
E, -100, 0.9726812451895809, 16.5527700067, 20.8889025607, 0.699434515317, 0.244931779566, 0.217869579076, 124, 2019
Z, 100, 0.9972188866450693, 98.91457752, 94.0616903753, 1.04345388712, -0.049970766261, 0.00594056285192, 127, 2019
N, -100, 0.9791423278829252, 58.6900868281, 65.0890896787, 0.902309144933, 0.118678604131, 0.0149335849948, 127, 2019
E, -100, 0.9705487262695072, 34.1945384057, 39.4705146068, 0.854440653994, 0.236485559937, 0.0827320219077, 127, 2019
Z, -100, 0.9981347390051738, 122.53928455, 111.178115773, 1.0810721989, 0.0301271171831, 0.0365602503571, 130, 2019
N, 100, 0.9630698354953048, 64.1799945072, 73.2818854364, 0.827879981899, -0.111899599839, 0.160574034508, 130, 2019
E, -100, 0.9510271274706337, 58.6069574151, 42.2956143247, 1.367790175, 0.341289982045, 0.0285945728783, 130, 2019
Z, -100, 0.9915199709458155, 66.6898971665, 73.7407909145, 0.855679969997, 0.0397261475525, 0.0964766025155, 133, 2019
N, 100, 0.9752891403337894, 61.93679858, 52.2216437371, 1.22472627357, -0.0681916102063, 0.154535938175, 133, 2019
E, -100, 0.708891414374647, 36.5050139026, 28.102362184, 1.2929108918, 0.939666119585, 0.167266121945, 133, 2019
Z, -100, 0.9797105389854097, 47.4233463534, 32.6332059855, 1.46887595268, 0.00975154492261, 0.0334907403929, 136, 2019
N, 100, 0.27889731812409796, 18.9490990469, 24.758000783, 0.495124960132, -0.66656677459, 0.987611332296, 136, 2019
E, 100, 0.9087322374101973, 28.8596283053, 13.885498562, 2.26429817206, -0.595303964475, 0.268825946319, 136, 2019
Z, 100, 0.983227309048051, 102.721499133, 86.3939312794, 1.19083673188, -0.23265218967, 0.136694031033, 139, 2019
N, -100, 0.8648241194236335, 56.9928570883, 64.5273711624, 0.820786959884, 0.518755918333, 0.316912832856, 139, 2019
E, -100, 0.9394554393191422, 43.8106174425, 38.0938333971, 1.01820327125, 0.33603324303, 0.230003114182, 139, 2019
Z, -100, 0.9876614409012561, 100.663151168, 109.973209549, 0.91114977128, 0.176375580256, 0.0509895124991, 142, 2019
N, 100, 0.9704595157714302, 89.7558136581, 74.1722240784, 1.2170322375, -0.225142615952, 0.00690866121846, 142, 2019
E, -100, 0.9121579391993739, 65.2029234275, 44.4645635425, 1.42892126924, 0.460060825935, 0.0564921680391, 142, 2019
Z, -100, 0.9758955230165237, 94.7468689047, 90.1455826654, 1.09277058901, -2.8629156088, 3.03182213742, 145, 2019
N, 100, 0.8738583349179458, 62.8266632843, 59.6780670523, 1.03736259762, 2.59305587982, 3.06962504016, 145, 2019
E, -100, 0.8579760155275467, 52.2981605029, 32.8935125167, 1.54213836916, -2.62442342465, 3.0954139727, 145, 2019
Z, 0, 0.9986141420877488, 53.6856853591, 43.4380936908, 1.20498970934, -0.0467119216978, 0.0695902204296, 148, 2019
N, 100, 0.9716624033825375, 21.6194133425, 34.382165022, 0.702103057296, 0.0510897346971, 0.24451976682, 148, 2019
E, -100, 0.7641606942660936, 24.1358141452, 16.3643138254, 1.66802818699, -2.16075348188, 3.48658331812, 148, 2019
Z, 100, 0.9761872097959247, 53.5896790866, 46.5321572637, 1.1895923182, -0.260012225274, 0.175574002396, 151, 2019
N, 100, 0.7352536760191968, 23.5871730566, 31.8763947786, 0.671213891386, 0.406974050892, 0.463519562795, 151, 2019
E, -100, 0.9778923513651766, 28.8743315514, 18.9264798695, 1.37719857317, 0.0731498061094, 0.033157826447, 151, 2019
Z, -100, 0.9927604586425265, 111.345615269, 96.9068596001, 1.11824950109, 0.140764504843, 0.0749530142394, 154, 2019
N, 100, 0.9573388909670852, 62.0639537906, 69.9886525798, 0.92897510295, -0.381448989063, 0.196909269783, 154, 2019
E, -100, 0.9315217260471751, 58.5786051107, 41.0613206516, 1.40592937167, 0.422558355758, 0.0802357356529, 154, 2019
Z, 100, 0.9998742288302833, 127.877725519, 124.723078384, 1.02966571359, -0.0111995579775, 0.00107479668553, 157, 2019
N, 100, 0.9977177474333369, 84.9520032479, 85.5098341269, 0.986615232206, 0.00188512719702, 0.0611270121116, 157, 2019
E, -100, 0.9447409782257135, 80.2973158676, 51.1007481324, 1.56215199379, 0.344545909749, 0.00196939000018, 157, 2019
Z, 100, 0.6770312287058408, 33596.3545661, 103.55699699, 244.814860008, -0.419273552521, 0.20686850958, 160, 2019
N, -100, 0.6966901749629083, 633.784002878, 64.7762487377, 8.54691395382, -1.91578054596, 2.48729343784, 160, 2019
E, -100, 0.652203906713334, 401.007007307, 37.4125114506, 9.94614235948, 0.683664432313, 0.776390328633, 160, 2019
Z, -100, -0.6838111705916117, 181628.123366, 30.279843271, 6693.90693771, -1.31781797675, 1.5630619768, 163, 2019
N, 100, 0.012851536603500902, 2669.65809923, 24.9628370732, 119.470559943, -0.611061636315, 1.11921944928, 163, 2019
E, 100, 0.3151235063800285, 989.751985866, 11.9926243795, 85.2279311765, 0.273458867896, 4.83218286852, 163, 2019
Z, 100, -0.4950453809608869, 66094.753452, 80.6881441107, 529.282265608, -0.982277916804, 2.34229837023, 166, 2019
N, -100, 0.5235686910952246, 979.581402172, 60.9760091484, 11.3620635789, 0.201182433951, 0.696596201785, 166, 2019
E, -100, 0.6768152452257998, 574.855748316, 33.2898326994, 11.9101938278, 0.195190751874, 0.542333297342, 166, 2019
Z, -100, 0.991979809533516, 121.486667547, 109.99046298, 1.09137076952, 0.164074580221, 0.0922473588685, 169, 2019
N, 100, 0.9580155115441863, 77.3738271647, 80.1140283651, 0.953521361304, -0.251864203523, 0.0502590320319, 169, 2019
E, 100, 0.9934390389298896, 59.5363515047, 47.6527081828, 1.21370777708, 0.0301207000142, 0.0841974677529, 169, 2019
Z, 100, 0.999587832261652, 112.362947511, 106.727351754, 1.0471102026, -0.0347086008036, 0.00265128123626, 172, 2019
N, -100, 0.658376424499678, 68.1588767039, 70.3331987494, 0.752320707148, 2.06226377131, 1.39854842948, 172, 2019
E, -100, 0.8945839909082118, 71.5975804453, 41.2142003346, 1.5959472301, 0.558869427259, 0.431520936838, 172, 2019
Z, -69, 0.9958402884557737, 79.1383697908, 70.6515317033, 1.07585168657, -0.0721375756467, 0.0985140744395, 175, 2019
N, 100, -0.2357945713484165, 567.852473759, 45.0889229167, 10.229945238, -2.75803196983, 1.29043546889, 175, 2019
E, -100, 0.5589339441023462, 302.763932957, 24.9612555804, 10.7543013162, -1.41592033643, 4.45439208752, 175, 2019
Z, -100, 0.9624994485689372, 52.9791554683, 35.3433486218, 1.62330682338, -0.0037238510996, 0.243203736864, 178, 2019
N, -100, 0.22647565976137848, 1296.46561164, 23.8974148896, 59.1363178564, 0.990643805636, 0.291394055601, 178, 2019
E, 100, 0.6702849660457312, 637.60250204, 14.2378537046, 50.5754475967, 1.57271766804, 3.97872521845, 178, 2019
Z, -100, 0.998277756015291, 91.9100073481, 86.6510207249, 1.09531662002, -0.00249112026128, 0.0427242124134, 181, 2019
N, 100, -0.04341060361744537, 826.704652334, 62.5729440449, 12.9414423062, -1.48732854481, 3.2067577017, 181, 2019
E, 100, 0.9486199002057564, 430.504642872, 34.7742134834, 11.6303957562, -0.147064469281, 0.191288466351, 181, 2019
Z, 0, 0.9991320585522375, 117.764262288, 124.014860972, 0.953778371634, 0.00967170981634, 0.0213094715508, 184, 2019
N, -100, 0.12067423433691009, 1771.90630364, 90.2736871158, 14.4766493423, -1.92427471453, 2.76315814708, 184, 2019
E, 100, 0.8759499729933351, 878.990113425, 52.6424937215, 11.9117212505, -0.49334416789, 0.231437415291, 184, 2019
Z, 92, 0.9977301760867159, 128.213942825, 121.583225544, 1.08563496668, 0.0253231387971, 0.0569659672249, 187, 2019
N, -100, 0.568306307198579, 1253.09494191, 76.8382276136, 19.1604768134, 1.009041571, 0.1308398621, 187, 2019
E, 100, 0.6484112576845793, 596.901299366, 47.1256959496, 15.1393040318, 2.37592264525, 2.94324017851, 187, 2019
Z, 100, 0.9927797523818022, 68.5752434263, 63.0632577619, 1.10866647342, -0.134838118803, 0.0229482432245, 190, 2019
N, -100, 0.8690962199943658, 1652.44833954, 31.6236952392, 48.7645644638, 0.177880937165, 0.083024612329, 190, 2019
E, 100, 0.31259051081750705, 765.987428503, 21.4757926546, 37.9024729946, 1.93813321873, 3.3885838564, 190, 2019
Z, 100, 0.9586570044253009, 65.9288045828, 65.2487976616, 0.981750724322, -0.273377069129, 0.0290777996607, 193, 2019
N, 100, 0.513311603913934, 978.653093952, 49.9489265944, 18.7433304007, -1.40798750587, 0.56610196999, 193, 2019
E, -100, -0.7858072377648675, 445.400824331, 26.8664057812, 16.0451279506, -0.361563873656, 3.769402809, 193, 2019
Z, -100, -0.32698750425417816, 9640.74516332, 101.15577223, 73.1012271958, -1.58696887574, 0.955466556185, 196, 2019
N, -100, 0.4023910327277449, 18344.7238279, 75.7352293629, 191.563223722, 1.50734754997, 0.782957800101, 196, 2019
E, 100, -0.4291411120570225, 10098.3494919, 41.7829634989, 187.89013601, -0.357464076491, 2.30498219528, 196, 2019
Z, -100, -0.7433919243909122, 27261.6386964, 103.935192295, 229.371308018, 0.64003989196, 3.09752083909, 199, 2019
N, -100, 0.7341762801562937, 44375.7848109, 73.0467995668, 545.051440874, 0.585888303504, 0.167774301991, 199, 2019
E, 100, -0.31794125263571466, 19742.1941013, 44.1751348262, 396.204913429, 1.82909929214, 0.094715341522, 199, 2019
Z, 100, 0.994975554347767, 85.1883801068, 84.9354647883, 1.00766709018, -0.104019074888, 0.00308868549814, 202, 2019
N, 100, 0.9311329602608138, 1944.4792167, 50.8837559578, 38.9455782027, -0.133465665467, 0.0978271615411, 202, 2019
E, -100, -0.327114520333673, 869.076785925, 31.4324854602, 29.7155069309, 1.17208751227, 3.12909941503, 202, 2019
Z, 100, 0.9881045886907004, 37.9162885597, 41.3320062391, 0.981364068359, 0.102576328811, 0.2121317561, 205, 2019
N, 100, 0.4541877865680006, 685.455435352, 21.109729203, 15.606762109, -2.27121987385, 1.40116562426, 205, 2019
E, -100, -0.7260086724545676, 312.575299301, 13.8135086068, 11.7557090659, 2.91819036684, 0.578154143972, 205, 2019
Z, 100, 0.9988470666578922, 64.7276830605, 64.0441036542, 0.996360495994, -0.0200960652278, 0.0289644526604, 208, 2019
N, -100, -0.14526093814588442, 1357.71954803, 46.4097238149, 33.4716949117, -1.84124983699, 0.3117598465, 208, 2019
E, 100, -0.5367772479150889, 617.742675232, 26.3991091619, 27.5339785776, -0.825857446557, 3.48829370097, 208, 2019
Z, 100, 0.9992994955818437, 110.046694248, 110.296766374, 0.996238675998, -0.0318870848508, 0.00186374609869, 211, 2019
N, -100, -0.18083391026145845, 1659.39926592, 81.567660244, 16.1367955375, -1.34538711574, 0.562947869997, 211, 2019
E, 100, -0.5965411264579599, 735.018049107, 44.3552674802, 12.6271601509, -0.15005798814, 2.38985741405, 211, 2019
Z, 0, 0.9991730657559702, 116.844094768, 117.019443611, 1.00594937135, 0.0196111930256, 0.0385890962417, 214, 2019
N, -100, -0.20632378907601626, 2464.68379103, 81.8381583002, 22.2565662573, 1.07815719989, 2.71213944711, 214, 2019
E, 100, -0.6911754697363935, 1112.02485369, 50.9538769981, 16.4359023502, 2.23620528332, 0.299721654337, 214, 2019
Z, 100, 0.9942246755048448, 86.6456321014, 87.1969286649, 1.02885376013, -0.0867064927581, 0.0373563044616, 217, 2019
N, 100, 0.03846657145574544, 1400.78290989, 37.2399436749, 43.1268111743, -1.53997042633, 0.273666192528, 217, 2019
E, 100, -0.7872043767648444, 623.373164284, 29.4473273139, 28.4967154674, 2.86744080318, 0.457798180162, 217, 2019
Z, -100, 0.9991313508121423, 47.1326313535, 45.7743698908, 1.03560295482, 0.0320489500617, 0.00141022873851, 220, 2019
N, -100, 0.46828223036257094, 1484.40731744, 36.2988704558, 37.6516176201, -2.64884715609, 2.51859005329, 220, 2019
E, -100, -0.09422036107414318, 693.740997366, 20.5110927039, 33.5734822115, -1.57816587498, 0.913959081741, 220, 2019
Z, 0, 0.9989799691237677, 84.8800284782, 84.6998490046, 0.99187767162, -0.0117047288937, 0.00574353458891, 223, 2019
N, 100, -0.5360651551232125, 975.196706182, 64.7699687691, 15.0246981149, -0.640424548623, 3.17956122517, 223, 2019
E, -100, 0.604463361176608, 506.390799071, 33.4073202105, 15.4501618177, 0.549920293502, 0.0675475478738, 223, 2019
Z, -100, 0.9970068686787832, 92.9686860551, 91.2166550371, 1.03634086607, 0.0553906874179, 0.0325394522048, 226, 2019
N, 100, 0.7496478020690693, 2198.36017367, 67.6376972085, 33.6339969922, -0.372248166096, 0.0266640309944, 226, 2019
E, -100, -0.4269151099659044, 962.974763332, 38.9478584132, 25.629959781, 0.924258720236, 3.01654369168, 226, 2019
Z, 100, 0.990840807904669, 74.9619503037, 77.2912811016, 0.990343448923, -0.0990389769101, 0.0408828811457, 229, 2019
N, -100, -0.47253270975933725, 1459.67155519, 49.8316641532, 23.7178491913, 0.418790247787, 2.44370377836, 229, 2019
E, 100, -0.2945187549234019, 709.508061878, 33.6458617584, 18.012567739, 1.60980500025, 0.509490395444, 229, 2019
Z, 100, 0.9923482396570255, 52.1946762716, 53.0032022671, 1.04149303505, -0.0499576747373, 0.102023832102, 232, 2019
N, 100, 0.40286056867018694, 2157.9081879, 18.6457854396, 128.885344106, -1.08780476763, 0.149974295307, 232, 2019
E, -100, -0.8304306061066979, 989.79028623, 17.3381536252, 76.4564316249, 3.43300450155, 0.435457487575, 232, 2019
Z, -100, 0.9966452131047349, 39.9086782361, 42.2704403436, 0.936269182774, 0.0561446527233, 0.0193790497297, 235, 2019
N, -100, -0.05916370979659483, 1198.05780073, 31.2189574125, 36.7467515169, -1.98132025026, 0.46629099952, 235, 2019
E, 100, -0.5820084591874108, 549.452874039, 18.9292464283, 29.7157174117, -0.982780169301, 3.84880270922, 235, 2019
Z, -100, 0.998322058567289, 90.7378881874, 87.3664300473, 1.02090667195, 0.0528017601739, 0.0496811218723, 238, 2019
N, 100, -0.9619191109051939, 1249.12097267, 65.5963603876, 17.9549451455, -0.043239649762, 3.14866421038, 238, 2019
E, -100, 0.482427080593604, 629.516976435, 34.6138183227, 17.6225603344, 1.04337642001, 0.00465738139609, 238, 2019
Z, 100, 0.9965179023473806, 103.947541124, 101.857897379, 1.01829058776, -0.0827379473627, 0.0237401638994, 241, 2019
N, 100, -0.6364160331060285, 1418.29004075, 74.9728375029, 15.5118295708, -0.175490881384, 3.76146519507, 241, 2019
E, -100, 0.7311370941402712, 723.596199971, 42.8337670617, 13.9693381385, 1.02229787449, 0.663130109833, 241, 2019
Z, -100, 0.9939637974074765, 75.6715128771, 79.1236996742, 1.00719445423, 0.105172063085, 0.0756466963082, 244, 2019
N, -100, 0.2200539017735678, 2216.12021729, 40.7218089032, 51.3461876817, 0.502547398015, 0.949487134404, 244, 2019
E, 100, 0.3100376753324781, 1023.9827352, 36.1209319498, 30.8595917567, 1.62512116084, 2.04767419391, 244, 2019
Z, 100, 0.9885532460647596, 38.1269649529, 36.2838917808, 1.05597191001, -0.0804675917641, 0.115590610567, 247, 2019
N, 100, -0.33465020872927276, 2781.85605729, 28.5117036324, 80.8308230189, 1.95333168311, 0.692990355808, 247, 2019
E, 100, 0.21448497708369071, 1306.12679228, 16.1930686719, 77.7929067646, 0.0115490396191, 1.14420490541, 247, 2019
Z, 0, 0.9963719859432236, 62.7393614568, 68.9005368404, 0.889614142754, 0.0220684554407, 0.040977173614, 250, 2019
N, 100, 0.7417200663555152, 1760.8594584, 56.0509483695, 29.7631971713, -0.58425213319, 0.0172206615208, 250, 2019
E, -100, -0.7907792728736742, 766.546553665, 28.0032898805, 26.5643862962, 0.495316828013, 3.25248708988, 250, 2019
Z, -100, 0.9987168797529887, 73.816261852, 76.2797048607, 0.982096044441, 0.0408583397239, 0.00972592596269, 253, 2019
N, -100, -0.022379169710422104, 1253.73991526, 57.9610863662, 15.5647720456, 1.19898678439, 2.52540422163, 253, 2019
E, 100, -0.7104318761335925, 564.534568866, 29.5729690931, 13.6589572367, 2.30918249204, 0.526577200077, 253, 2019
Z, 100, 0.990746514045186, 56.2160615796, 59.5044077603, 0.945402632646, -0.129276036782, 0.0083310163668, 256, 2019
N, -100, 0.6850841166743409, 1506.55784479, 42.1515374377, 22.2638610474, 2.60893725892, 2.13495757404, 256, 2019
E, -100, -0.24994227173088662, 684.167973675, 28.7701039244, 15.7920192033, 3.86560231749, 0.858677038926, 256, 2019
Z, 100, 0.9887396456014916, 34.5323753418, 43.1135941179, 0.765813594791, -0.123330329278, 0.0296020500922, 259, 2019
N, 100, -0.04623787891788989, 1069.18967211, 13.21342654, 78.2621122526, -4.60726231578, 0.311191609577, 259, 2019
E, 100, 0.8412597962836179, 518.578304259, 19.3783495115, 33.7799934225, -0.466909763781, 0.00695079908604, 259, 2019
Z, -100, 0.965907665234374, 44.4840396997, 37.6087809968, 1.23243862742, 0.106966536757, 0.164894193232, 262, 2019
N, -100, 0.40894055022287495, 976.006452335, 28.7286007667, 25.9487318183, 0.268383665574, 0.620729017901, 262, 2019
E, -100, -0.2976793407617454, 453.015192523, 16.1567493859, 24.3741692124, -1.62124249864, 1.0365796548, 262, 2019
Z, -100, 0.997807367871388, 71.530850608, 70.9739651733, 1.02703929236, 0.0272189404818, 0.0447326941996, 265, 2019
N, -100, -0.9392731246987354, 2421.89418023, 55.859313243, 41.3539356675, 3.29778836598, 0.193728760811, 265, 2019
E, -100, 0.2202840760755389, 1153.7384391, 29.7856554793, 38.3945403248, 1.23078241442, 0.320817947279, 265, 2019
Z, -100, 0.9987870926052347, 88.6453590812, 85.743989667, 1.02033035117, 0.0439367200618, 0.0341553889981, 268, 2019
N, 100, 0.21288056335883776, 574.267523611, 64.4866931, 5.78912601119, -0.921700951006, 0.43493358799, 268, 2019
E, 100, -0.667883744837528, 262.345957174, 32.5643216515, 4.03167538992, 0.454410223176, 2.29902259718, 268, 2019
Z, 0, 0.9974524354741111, 59.4909670364, 58.085504736, 1.05215369987, 0.0272248637133, 0.0500661985235, 271, 2019
N, -100, -0.325906132319847, 1173.37356419, 37.9173309422, 31.8130978877, 1.18928577441, 3.22674363625, 271, 2019
E, 100, -0.6151366837029283, 541.332521754, 31.0545070923, 20.0548135201, 2.24615586169, 0.241220047292, 271, 2019
Z, 100, 0.9906894739940514, 43.2000768935, 40.8953225835, 1.0545348656, -0.169463054658, 0.0460202130914, 274, 2019
N, -100, 0.6444215403346818, 346.6891626, 33.3997752384, 9.12676367656, 0.459247436065, 0.4314757538, 274, 2019
E, -100, -0.05527595792912315, 157.554364353, 16.2511097555, 9.77536148674, 1.78025924044, 1.99282336547, 274, 2019
Z, 100, 0.9924673914948889, 70.1384476091, 68.915938414, 1.01245598683, -0.125048385088, 0.0422967832428, 277, 2019
N, -100, 0.7882998695618751, 723.771805841, 60.7535206141, 7.86650538895, -0.420080411815, 0.783309992894, 277, 2019
E, -100, -0.012431906397794994, 315.869738953, 29.1489290243, 7.22469722309, -2.54770022663, 1.1898552072, 277, 2019
Z, -100, 0.9992338458793613, 67.4522043701, 70.5450762148, 0.971865318744, 0.0373998263184, 0.00114011320232, 280, 2019
N, 100, -0.021961571512135104, 654.028787517, 57.0257333699, 6.61508591931, 2.11920018244, 1.61591816702, 280, 2019
E, -100, 0.1632353627820527, 289.50403219, 26.5847353469, 6.90687702115, -0.041610236884, 1.41216600146, 280, 2019
Z, 100, 0.9939903105028698, 50.6885598363, 49.7578786115, 0.997015789846, -0.0801224777235, 0.0139443144163, 283, 2019
N, -100, -0.15916350425345846, 1701.21521507, 35.7069096419, 46.4324290716, 1.38782312506, 3.13231796944, 283, 2019
E, 100, -0.7901033651588986, 777.294030538, 19.6372432506, 39.8342521595, 2.58072141526, 0.152933605824, 283, 2019
Z, -100, 0.873326812928367, 26.4809492332, 22.6070623833, 1.30009399358, 0.0988513945945, 0.384738381081, 286, 2019
N, 100, -0.8093592191285519, 821.177038584, 8.66257419042, 119.788064793, 0.258404255046, 3.8790629256, 286, 2019
E, -100, 0.5521788632420405, 396.179560278, 16.5706767107, 40.6153418664, 2.38077555556, 1.87523671634, 286, 2019
Z, 100, 0.979597396223992, 48.6795876217, 51.8225460895, 0.907224173631, -0.156309933622, 0.0166504072824, 289, 2019
N, -100, 0.23831135535742096, 752.494220207, 38.9168853953, 17.7127268041, 1.19316429876, 0.219738032154, 289, 2019
E, 100, 0.661161371620823, 349.436810751, 19.5491356014, 19.2924059535, 2.416710597, 2.53510736892, 289, 2019
Z, -100, 0.9957667990057713, 76.7996645141, 77.0676460554, 0.995271423541, 0.109262934819, 0.0391830848395, 292, 2019
N, 100, -0.30822855915284797, 1785.20880359, 62.7391969266, 25.335145676, 1.94400143849, 0.133245160458, 292, 2019
E, -100, 0.987914143566664, 879.232707176, 31.6314117881, 26.0661986982, 0.0029727382837, 0.0386213983413, 292, 2019
Z, 100, 0.9954861511476093, 89.3258621505, 81.4872868248, 1.10235938889, -0.102753620561, 0.0464319205638, 295, 2019
N, 100, 0.6279609332146395, 1281.22802396, 65.7059303563, 19.9602956064, 2.39215359445, 2.93283009818, 295, 2019
E, -100, -0.8061334926946148, 558.716430455, 31.992213038, 17.5830754737, 0.312796077089, 3.0064349614, 295, 2019
Z, 0, 0.9928472316605972, 53.4786101035, 56.8573211311, 0.880599438161, -0.0148591747317, 0.0665939964277, 298, 2019
N, -100, -0.8443884842129109, 1869.45232011, 37.45805609, 58.1066313802, 0.388600176651, 3.42527111232, 298, 2019
E, -100, 0.1127658996084021, 897.127830736, 20.0481901311, 50.9455497063, 1.51092290328, 0.36804801647, 298, 2019
Z, -100, 0.9741337760719847, 57.1630645933, 49.3874038329, 1.21099130148, 0.134233342585, 0.12200988225, 301, 2019
N, -100, 0.8165694658382082, 753.579971849, 39.8915625328, 18.509164475, 0.227222914208, 0.406246343161, 301, 2019
E, 100, 0.2893286985256631, 351.659319149, 19.0484250356, 20.0445151617, 1.45296682335, 2.19882141797, 301, 2019
Z, -100, 0.9918849344152564, 88.6824147023, 86.7347760495, 1.03281328001, -0.0021901198036, 0.067350804282, 304, 2019
N, 100, -0.23519053639739326, 1508.87540048, 72.6100619941, 16.131760632, -0.717422959247, 2.43572163263, 304, 2019
E, -100, 0.9004020047294944, 752.103499922, 34.1102062293, 19.1996944021, -2.67451147996, 2.69307027746, 304, 2019
Z, -100, 0.9789740813921463, 81.8593192964, 81.384005352, 1.01539402289, 0.189128487252, 0.0302620102512, 307, 2019
N, 100, -0.586953886163326, 2742.1983876, 71.5994796606, 37.054298711, 2.15681281754, 0.0396117656386, 307, 2019
E, -100, 0.9635454581436449, 1333.94736751, 32.9707939883, 39.1796024168, 0.10771086363, 0.162875393932, 307, 2019
Z, -100, 0.993657336559676, 50.9940100974, 57.7024051764, 0.880412491722, 0.113680510752, 0.0090759985867, 310, 2019
N, 100, -0.7118291976382145, 1303.83306411, 44.8667647798, 19.8321605699, 2.4419899672, 0.386932571046, 310, 2019
E, -100, 0.7436299626413271, 641.816244835, 20.5369905374, 21.4992410543, 0.285572121235, 0.3788257582, 310, 2019
Z, -100, 0.9717301715211479, 31.0647729033, 28.2370577422, 1.06956877817, 0.226125440081, 0.0407856154548, 313, 2019
N, 100, -0.37450751494465573, 1362.12872347, 12.5303844085, 112.103397599, 2.08112429449, 1.07470265184, 313, 2019
E, -100, 0.4016240916541188, 636.661613011, 11.0462166815, 69.3841205287, 0.142916092556, 1.11511134348, 313, 2019
Z, -100, 0.9951489458297932, 69.8977857805, 63.3007936539, 1.12671415717, 0.0155572546919, 0.0385694035987, 316, 2019
N, -100, 0.6619297015649394, 2202.97251978, 46.686748972, 46.6958895472, 0.319680002203, 0.39389987813, 316, 2019
E, -100, -0.0255388876525429, 1021.834755, 23.7848136655, 48.4547269553, 1.44648729426, 2.44715461165, 316, 2019
Z, -100, 0.9934562788267298, 98.9021277481, 94.9016868287, 1.03508545307, -0.00521540964278, 0.0560686189192, 319, 2019
N, -100, 0.25669936480656974, 1501.83591388, 75.0081848172, 15.7439667599, 1.68495565735, 0.561499667698, 319, 2019
E, 100, 0.8241609866666628, 732.784435613, 36.6093643273, 17.1900685649, -3.35016707514, 2.74947970478, 319, 2019
Z, -100, 0.9951258503539155, 100.731435823, 93.9548424077, 1.08896364442, 0.0932902634279, 0.0300736044022, 322, 2019
N, 100, -0.01202946530548523, 1288.86498969, 79.0954009363, 15.186278029, 1.51053884694, 0.105365643231, 322, 2019
E, 100, 0.9292352542156651, 643.330625757, 38.1681588142, 15.9851337605, -0.425913410916, 0.2241664727, 322, 2019
Z, 100, 0.9786877947845468, 73.4058128482, 64.9261856899, 1.14651542025, -0.165001868332, 0.0712089094136, 325, 2019
N, 100, -0.7348783263288721, 1692.74176073, 50.8473270231, 36.9793152428, 3.08882510838, 0.607691158728, 325, 2019
E, -100, 0.6896590138169326, 804.771129242, 23.2531582734, 36.7875529028, 0.877126848251, 0.529527657159, 325, 2019
Z, 100, 0.9770998566980731, 47.7631969193, 47.8509114496, 0.993502079797, 0.175742298115, 0.225545898022, 328, 2019
N, 100, 0.8198075787092437, 2300.39886825, 37.6617715653, 79.4291578146, -0.580384894549, 0.575991843687, 328, 2019
E, -100, -0.21788869806905492, 1058.31895884, 19.4629471176, 73.1889745152, 0.603423575103, 2.3560114231, 328, 2019
Z, 100, 0.9967600810551923, 102.34907457, 99.6036094428, 1.03115319043, -0.0828020529116, 0.0324685085487, 331, 2019
N, 100, 0.6891155413915383, 2854.14910892, 79.0198564751, 27.6079085511, -0.808670770327, 0.603484736891, 331, 2019
E, -100, -0.33893662715870676, 1308.75378467, 37.5417312376, 29.6263848246, 0.385646257791, 2.32535471715, 331, 2019
Z, -100, 0.9939891728808067, 97.1576806496, 102.419811213, 0.955777767442, -0.0272135010543, 0.0808046946181, 334, 2019
N, 100, -0.5044179239780155, 2466.63591893, 86.4844137077, 25.5135190511, -0.711931712265, 2.69101465784, 334, 2019
E, -100, 0.8593410474284613, 1207.17320391, 39.7236828395, 28.761513612, -2.67573803172, 2.85026071447, 334, 2019
Z, -100, 0.989744800957088, 78.7836887037, 73.4764758156, 1.10183035397, 0.127841895567, 0.0636676969395, 337, 2019
N, -100, 0.3960057715587021, 2291.34512732, 64.5081151167, 39.7539015421, 0.8036229974, 0.270876999496, 337, 2019
E, 100, 0.2706283140949254, 1094.36711771, 29.2470996102, 40.2429768609, -1.28742980934, 0.140699914358, 337, 2019
Z, 100, 0.9950128022915016, 42.346809308, 42.3876317497, 0.980391075811, -0.0647491437048, 0.00300214201691, 340, 2019
N, -100, -0.03712406993227406, 2983.59505723, 29.3534636973, 124.247963316, 1.65149484938, 2.81812190047, 340, 2019
E, 100, -0.61284553386753, 1379.68796691, 15.961875736, 98.6395967518, -0.744083965069, 2.93832345382, 340, 2019
Z, 100, 0.9944297204053656, 64.9702774245, 61.2361582384, 1.06874368681, -0.153757312107, 0.0700878733689, 343, 2019
N, 100, 0.2039872317791291, 948.941645012, 43.9424409987, 22.3704175725, -1.62371490315, 0.617277399525, 343, 2019
E, -100, -0.6146781583450841, 447.297804195, 24.1215302926, 20.4489245508, -0.447196381583, 2.46268851488, 343, 2019
Z, 100, 0.998833690460159, 108.833171564, 104.546337297, 1.03719033903, -0.0513038231636, 0.00273127051314, 346, 2019
N, -100, 0.9975476687933748, 74.6516698892, 79.4331152468, 0.943625723608, 0.0560831190925, 0.0204013157577, 346, 2019
E, -100, 0.9719901567928055, 35.8704175688, 39.4436570298, 0.921415881288, 0.266302549715, 0.0459982371207, 346, 2019
Z, 100, 0.9997377883084531, 120.759581884, 113.139694965, 1.06481805085, -0.0204478013793, 0.00471382935215, 349, 2019
N, 100, -0.243264838149269, 398.137238833, 91.8143043843, 2.96514112601, 1.85772977854, 0.0945614930866, 349, 2019
E, -100, 0.7229062268335454, 231.817758676, 43.5774161619, 4.5436643447, 0.178820248365, 0.167441116278, 349, 2019
Z, 7, 0.9995151207408753, 84.5160601881, 77.5890839576, 1.08895584163, 0.00673090987418, 0.00631712950267, 352, 2019
N, -100, -0.5698271816877889, 745.324767507, 68.7228546615, 9.00953340033, 0.803163441346, 2.46573216016, 352, 2019
E, -100, 0.17727481481592766, 359.720662058, 31.0331821449, 9.64562199389, -1.51180021175, 2.60554781651, 352, 2019
Z, 100, 0.9929766840670639, 48.1737474968, 41.0247779505, 1.21239930759, -0.0999228389701, 0.0142413408189, 355, 2019
N, 100, -0.013609701465995582, 2557.17936124, 28.9216912448, 84.6652820034, -0.165053527726, 1.40833678076, 355, 2019
E, 100, 0.46647334596106693, 1202.1367737, 17.0578984909, 57.367323195, -1.17886112946, 0.332179604964, 355, 2019
Z, 100, 0.9962317248826283, 93.0162239178, 94.4836661382, 0.986121476797, -0.099523038715, 0.0308074151284, 358, 2019
N, -100, -0.4037397260365402, 588.282323497, 73.3822923524, 6.04468236387, -2.41441226809, 0.359694603362, 358, 2019
E, -100, 0.006954047844050505, 274.041442122, 36.8535270745, 6.86674951739, 1.64978917804, 0.0918133765713, 358, 2019
Z, 100, 0.9993277520595399, 117.726111799, 113.350436584, 1.03794489851, -0.0292283358248, 0.0131123090934, 361, 2019
N, 100, -0.12567265897434846, 2032.37696035, 89.8585481724, 17.3511153893, 1.52005321268, 0.345624689804, 361, 2019
E, 0, 0.8211008098819319, 982.801778407, 41.9555880608, 19.6857459711, -0.34679264916, 0.467083389168, 361, 2019
Z, 100, 0.9963677818739235, 97.98500223, 87.9279889081, 1.11136068742, -0.103988677219, 0.0348956853561, 364, 2019
N, -100, 0.51156222011791, 1690.78777165, 77.6474721939, 10.8678626985, -0.375665986911, 1.1469596764, 364, 2019
E, 100, 0.197111942113866, 755.444784065, 34.3936495717, 11.3060521082, -2.42371464509, 1.39386530156, 364, 2019
