Chan, Phase Shift, Correlation, ptp-data, ptp-synthetic, rat, phasem, phasestd, DOY, Year
Z, 12, 0.99997906410846, 83.7219323059, 82.4536373417, 1.01447049417, -0.0126860545432, 0.00786286137046, 1, 2019
N, 0, 0.9986125212912318, 51.5927074514, 40.4129633926, 1.27261044544, 0.0902913110358, 0.0988649465068, 1, 2019
E, 100, 0.9884421679430285, 60.2413309344, 59.8806715799, 0.967504381793, -0.113506824198, 0.0503812586892, 1, 2019
Z, 8, 0.9999960002106554, 121.520674623, 119.752026042, 1.01391460815, -0.0070046391639, 0.00355918264121, 4, 2019
N, 81, 0.9996009210736616, 77.2473000155, 58.103342323, 1.30672577983, 0.00558353128833, 0.0334660511279, 4, 2019
E, 100, 0.9928995839504754, 93.2916056552, 88.6358832368, 1.03107327071, -0.169144180436, 0.053700013536, 4, 2019
Z, 5, 0.9999361777959147, 133.460427028, 131.70827532, 1.01119603844, -0.0231804986977, 0.0114716040998, 7, 2019
N, -100, 0.9994390733733886, 87.7152278161, 62.821527016, 1.38397561443, -0.0230135347416, 0.0288702583676, 7, 2019
E, 100, 0.9990631604254537, 102.642685035, 99.0469681447, 1.04156261912, -0.0981967856657, 0.0466235270348, 7, 2019
Z, 3, 0.9998823166159879, 114.960600635, 112.837793913, 1.02282105789, -0.030791554461, 0.0155823413767, 10, 2019
N, -100, 0.9986312232261438, 70.775602965, 53.0559325473, 1.35356554426, 0.0738730108127, 0.0434521614152, 10, 2019
E, 100, 0.999296396333099, 87.457599036, 86.4402431525, 1.00765008912, -0.0441970822398, 0.0161388598435, 10, 2019
Z, -16, 0.9999503506514837, 74.2959565122, 73.0479884009, 1.02222890012, -0.297618539043, 1.32974528525, 13, 2019
N, -100, 0.9932983256716558, 48.8522768638, 34.2483948947, 1.44978028216, 0.164784594484, 0.0695932454561, 13, 2019
E, 0, 0.9997869656922613, 54.1925255278, 57.0147387185, 0.96284679388, 0.00694251328628, 0.0211037191255, 13, 2019
Z, 48, 0.9999521107241535, 69.0707542808, 68.1768162517, 1.0108419724, -0.00683035247596, 0.00312501565291, 16, 2019
N, -100, 0.9960239967230718, 38.3959120978, 32.2324521956, 1.24925945349, 0.0518277458573, 0.0849975006061, 16, 2019
E, 100, 0.9944292755608299, 45.5104400067, 49.9722656067, 0.92542492527, -0.0428027567474, 0.0722816413535, 16, 2019
Z, 20, 0.9999977148762241, 133.862113717, 131.954785349, 1.01556074343, -0.00441896361426, 0.00318455705833, 19, 2019
N, -14, 0.9998540839355005, 79.5986917936, 62.3218561277, 1.27698601064, 0.000106009951449, 0.0199592450627, 19, 2019
E, 100, 0.9925815595894975, 97.6075891196, 95.6821373376, 1.00817888016, -0.176883660096, 0.0829969420665, 19, 2019
Z, 0, 0.9999800788472407, 168.291286403, 166.045683974, 1.01136255877, -0.0119823185714, 0.00557758946686, 22, 2019
N, 0, 0.9999029785998026, 103.208371943, 77.6897394683, 1.33505987225, -0.0156396404167, 0.0131566089815, 22, 2019
E, 100, 0.9981024339470633, 126.545412877, 122.781238007, 1.03694966151, -0.102356503075, 0.0269668292054, 22, 2019
Z, 0, 0.9999297854585406, 143.504742126, 141.1223271, 1.02251125967, -0.0185703617509, 0.0126924418027, 25, 2019
N, -72, 0.9998725748177649, 91.7009482172, 65.5549621696, 1.40378237936, 0.0148572154065, 0.00875691126569, 25, 2019
E, 100, 0.9995779658580896, 110.389124776, 106.647637903, 1.03483451423, -0.0414109065224, 0.0111965659936, 25, 2019
Z, 0, 0.9999759161440998, 74.6459866347, 74.5146462047, 1.00287577731, 0.00701963799443, 0.00560197414138, 28, 2019
N, -100, 0.987924649432537, 53.0702564452, 35.6306044877, 1.46069263316, 0.0678803871939, 0.0413260869312, 28, 2019
E, -100, 0.9945802092058624, 55.0215031645, 57.013138545, 0.964879823705, 0.0747732422936, 0.04473102154, 28, 2019
Z, 28, 0.9999550174271186, 78.3605711276, 76.6986142513, 1.0265859248, -0.0224925795267, 0.013442429707, 31, 2019
N, 100, 0.9981953375692554, 45.8901623181, 37.9390026777, 1.1984433114, -0.0136465979267, 0.0392926757351, 31, 2019
E, 100, 0.9757909987546016, 55.7141497683, 54.9398936896, 0.993906047872, 0.13339510478, 1.32098100425, 31, 2019
Z, 0, 0.9999970038994043, 123.515753867, 121.319283631, 1.01672977543, -0.00400180014911, 0.00228887819804, 34, 2019
N, 100, 0.9992364691622825, 77.1893731034, 58.8777337054, 1.29231429965, -0.0689459896089, 0.024783187769, 34, 2019
E, 100, 0.9920023635974327, 95.0014163909, 89.9386862644, 1.04900537063, -0.171490288383, 0.0249196881129, 34, 2019
Z, 0, 0.9999642067880341, 140.919347236, 139.079194377, 1.01293080509, -0.0199814730702, 0.0131467731939, 37, 2019
N, 0, 0.9999137003180341, 90.9616782574, 66.3623132404, 1.36263556421, -0.0106604644043, 0.0105675123029, 37, 2019
E, 100, 0.9981374116256997, 112.835905185, 104.86710549, 1.08235148025, -0.123997026486, 0.0545107435251, 37, 2019
Z, 0, 0.9999497447635511, 124.958986174, 122.894102774, 1.02034683016, -0.0193397056183, 0.0105734175846, 40, 2019
N, -100, 0.9996171543281595, 76.1057791978, 57.7890509937, 1.34126138949, 0.0299143639198, 0.0112323372872, 40, 2019
E, 100, 0.9991977410411721, 96.6530842613, 93.9394009813, 1.03807809995, 0.249375633596, 1.34030133603, 40, 2019
Z, -41, 0.9999745646914645, 78.5879851006, 77.9647523372, 1.00867164947, -0.58727492321, 1.84197016038, 43, 2019
N, -100, 0.9902561795414383, 54.9446062209, 36.2786417185, 1.51694549784, 0.0642017771078, 0.0350377734197, 43, 2019
E, -100, 0.9973112706802172, 63.1545741028, 60.4117625358, 1.03775574806, 0.0202675385078, 0.0202201188219, 43, 2019
Z, 96, 0.9999012184676678, 77.4685824964, 76.4599999842, 1.0100648625, -0.0351156692594, 0.0189786996661, 46, 2019
N, -100, 0.9975020234087922, 40.9716240676, 36.228148346, 1.12536156926, -0.0185863354825, 0.0515864197093, 46, 2019
E, 100, 0.9908227346052904, 48.4427513615, 54.4398313244, 0.877240511291, 0.484262522551, 1.848927617, 46, 2019
Z, 4, 0.9999951000084739, 153.698494495, 151.510993731, 1.01664508335, -0.00493732516379, 0.00424804684128, 49, 2019
N, -100, 0.9990069021811362, 92.9119259513, 71.8166947692, 1.26017222222, 0.102542874634, 0.0908029900416, 49, 2019
E, 100, 0.9943464703266179, 112.328760555, 110.535022657, 0.985895630372, -0.111531917074, 0.0431840395628, 49, 2019
Z, 0, 0.9999791351722692, 181.493806894, 179.176714146, 1.01294941079, -0.014973099876, 0.00973450391477, 52, 2019
N, -11, 0.9999024723703442, 114.926901284, 84.207058851, 1.35220203237, -0.0114718274254, 0.0117970746618, 52, 2019
E, 100, 0.9991517090866138, 135.720667269, 132.826446402, 1.02150459367, -0.115453325922, 0.0526802617923, 52, 2019
Z, 0, 0.9999660800995274, 135.892674342, 133.374933574, 1.02259065564, -0.0112988603511, 0.00750965778982, 55, 2019
N, -91, 0.9997327583398369, 85.7523928411, 62.7950435935, 1.36133711631, -0.0117417788198, 0.012965117549, 55, 2019
E, 100, 0.9995940684081768, 104.133062634, 102.487662886, 1.01498105293, -0.0483974996808, 0.0095556362177, 55, 2019
Z, 0, 0.9999422367176176, 54.2379165348, 54.4153477353, 0.996209267246, -0.0074396142197, 0.0046192236644, 58, 2019
N, -100, 0.9835315779042172, 34.2275487707, 26.2809041371, 1.24085495639, -0.0577878800603, 0.0955827402838, 58, 2019
E, 100, 0.9882184404608394, 42.6241628209, 41.8218308796, 0.989643770016, -0.150865104638, 0.0643388038655, 58, 2019
Z, 45, 0.9999604962181726, 86.9650835077, 85.5043657238, 1.02459300456, -0.021474688367, 0.0159954860224, 61, 2019
N, -72, 0.9992418481174037, 50.5831263312, 42.1769136187, 1.18697262886, -0.186791866243, 1.33445363059, 61, 2019
E, 100, 0.9898056689644722, 63.0463902617, 61.2375810727, 1.01314502266, -0.235267638222, 0.106601838561, 61, 2019
Z, 26, 0.9999640371155087, 135.713415014, 133.637226451, 1.01266415713, -0.0182585149489, 0.00724952508898, 64, 2019
N, 0, 0.9997378008347347, 83.2307338166, 64.5491118849, 1.27101270524, -0.00755156843926, 0.0146557699993, 64, 2019
E, 100, 0.9940421070994586, 101.319431868, 99.4355768112, 1.01595072535, -0.158860167754, 0.0191094432376, 64, 2019
Z, 1, 0.9998941791487902, 152.60586751, 150.259761314, 1.01560423962, -0.0317678153988, 0.0206170355657, 67, 2019
N, 45, 0.9997145514927582, 94.3062726436, 71.3920444462, 1.33038443878, -0.0419857514404, 0.0294023047924, 67, 2019
E, 100, 0.9980928629343524, 118.605442919, 113.365777947, 1.04263479194, -0.109873283585, 0.0493295379355, 67, 2019
Z, -3, 0.999962668253334, 127.364677025, 125.80548407, 1.01536928135, -0.00492729723725, 0.00773930692915, 70, 2019
N, 100, 0.9985967216590131, 87.7999215997, 58.9629747144, 1.4693959806, 0.00562510678601, 0.0533612982705, 70, 2019
E, -100, 0.9978547828142559, 104.346621772, 96.5902042951, 1.05873197573, -0.0553335013839, 0.0368212430056, 70, 2019
Z, -9, 0.9999905336839542, 68.4005325495, 68.6117776122, 0.993949193736, 0.00123259101113, 0.00328230622953, 73, 2019
N, -100, 0.9930311340031494, 56.0787895395, 31.6741755065, 1.77052053552, 0.06371423341, 0.0511002448279, 73, 2019
E, -100, 0.9882617412468135, 47.7549800745, 52.8751117059, 0.919054008482, 0.260580220751, 0.107860827058, 73, 2019
Z, 37, 0.9999622861161243, 104.549673525, 103.113278026, 1.01625990081, -0.0310322845589, 0.0176926270759, 76, 2019
N, -33, 0.9982488365204936, 62.3225326939, 49.1542279399, 1.3287500311, -0.0139295804898, 0.113120284906, 76, 2019
E, 100, 0.989093992057151, 72.5187661791, 72.9080837769, 1.00033736858, 0.0200575283278, 0.0986479141584, 76, 2019
Z, 0, 0.9999976126141427, 174.712577946, 172.285069523, 1.01458774926, 0.0030969675735, 0.00102029832409, 79, 2019
N, 0, 0.9997443294672498, 108.452791289, 81.9947347853, 1.30673003633, -0.0199607965861, 0.0161889622383, 79, 2019
E, 100, 0.9947116509619607, 131.182445281, 126.569182812, 1.03531007194, -0.139587440695, 0.0237837421622, 79, 2019
Z, 0, 0.9999693244997613, 176.644597266, 174.270722447, 1.01386807476, -0.0180110507274, 0.0120129947774, 82, 2019
N, 0, 0.9999454453228832, 111.947347808, 82.7129457724, 1.3532132042, -0.017050093038, 0.0151371623089, 82, 2019
E, 100, 0.9990562842971519, 135.919366484, 130.470792565, 1.04407910616, -0.0979586696081, 0.0400345202641, 82, 2019
Z, 0, 0.999982852203598, 109.252242188, 107.829734493, 1.01489491452, -0.00248435191052, 0.00388536569648, 85, 2019
N, 0, 0.9991666721600903, 71.3808995085, 51.5906568607, 1.4031826752, -0.0225919729927, 0.0304480805619, 85, 2019
E, 100, 0.9989373328758255, 88.4263293081, 84.7421497005, 1.03862492829, -0.0488005251689, 0.0184963415576, 85, 2019
Z, 100, 0.9992094899141176, 37.7004665195, 36.9051772754, 0.983428182573, -0.0586069386965, 0.0319351186456, 88, 2019
N, -100, 0.9591519418405154, 23.6758780473, 18.9276988622, 1.23515753541, 0.208818525897, 0.143142119011, 88, 2019
E, 100, 0.9588718768773441, 23.5508132221, 26.5463389062, 0.872004998816, 0.104058993713, 0.170284281111, 88, 2019
Z, -100, 0.9997511300927157, 103.090458217, 99.8069490881, 1.04729181816, 0.0117082596948, 0.029825614402, 91, 2019
N, 100, 0.9643153613927145, 57.2170468923, 48.7320950839, 1.19373448913, 0.98766498296, 2.50569406101, 91, 2019
E, 100, 0.9739250579395601, 83.0016484411, 72.410010618, 1.12069070777, -0.247649664696, 0.128861229102, 91, 2019
Z, -100, 0.9992709910675213, 147.187151466, 145.319630552, 1.02239304603, 0.04700075766, 0.00937027181192, 94, 2019
N, 100, 0.9395728223454227, 99.558728364, 69.6084142844, 1.34334835666, -0.35581034747, 0.0779659866614, 94, 2019
E, 100, 0.9906608016390993, 132.144960106, 108.382604849, 1.21405833011, -0.213517135371, 0.0820579520319, 94, 2019
Z, 0, 0.9999536668270421, 155.188430511, 153.122939971, 1.01331518333, -0.0220382202226, 0.0137163331261, 97, 2019
N, 85, 0.9997190458029948, 99.6549426561, 72.3685581394, 1.36925125758, -0.0422618632688, 0.0228945321372, 97, 2019
E, 100, 0.9981036279050551, 122.36941035, 115.639371694, 1.05264342967, -0.108910103844, 0.0447583018079, 97, 2019
Z, 0, 0.9999873299199764, 115.247245358, 113.870380604, 1.01329722966, -0.00390939879905, 0.00435131148386, 100, 2019
N, -100, 0.9979956181800556, 74.373943148, 53.324492581, 1.37889463303, 0.0252984886168, 0.0309454534558, 100, 2019
E, 0, 0.9989703907676716, 94.4234580409, 88.132618354, 1.06918415454, -0.0411767192672, 0.0159961832479, 100, 2019
Z, 96, 0.9998518948662668, 51.4682201782, 52.2104950081, 0.990548188244, -0.0288510967284, 0.0181916194046, 103, 2019
N, -100, 0.9849345564949314, 31.9957285184, 23.6738297774, 1.25811452428, 0.123867216955, 0.0869254195618, 103, 2019
E, 100, 0.9905678923418346, 35.7031800522, 38.3565381008, 0.901290366159, 0.0400576140625, 0.0874604219071, 103, 2019
Z, 18, 0.9999456070536101, 131.917382524, 130.148977903, 1.02167814292, -0.020923117516, 0.0179984332289, 106, 2019
N, -45, 0.9983518585573883, 78.8891124458, 62.2961567074, 1.22110472768, 0.0901001710383, 0.0898991909032, 106, 2019
E, 100, 0.9900871570024148, 94.1103026481, 93.3786749381, 0.98653434445, -0.166671245611, 0.0492868041124, 106, 2019
Z, 0, 0.9999979307388134, 174.778881382, 172.695954825, 1.01134709889, -0.00383207036271, 0.00150897594425, 109, 2019
N, -27, 0.9999611809584271, 107.492254896, 82.6101861191, 1.29880597446, 0.013733948147, 0.0077536469942, 109, 2019
E, 100, 0.9968721042076832, 131.831570384, 127.856360293, 1.02994975418, -0.109240333438, 0.0109459783867, 109, 2019
Z, 0, 0.9999473098768289, 149.576401, 147.456447408, 1.01532843921, -0.0220395700581, 0.0141210630186, 112, 2019
N, 0, 0.9996297158876027, 94.1679511081, 71.0630956979, 1.33472422789, -0.0291656222677, 0.0215278319117, 112, 2019
E, 100, 0.9969520839241209, 119.460391597, 112.495300229, 1.05481169341, 0.491409631026, 1.86458170398, 112, 2019
Z, -29, 0.999989274872294, 79.4103427043, 79.2119591677, 1.00151132976, 0.00756045099128, 0.00216233804024, 115, 2019
N, -100, 0.9947657552635768, 55.1620587057, 38.5802296332, 1.41421410708, 0.0571199332634, 0.0360052327598, 115, 2019
E, -62, 0.9985544803094832, 64.815321026, 63.5509344851, 1.01879384621, -0.0364220400947, 0.0245657781747, 115, 2019
Z, 100, 0.9995935629633466, 51.2314809434, 50.5140428679, 1.00005658024, -0.0736768923074, 0.0344394575946, 118, 2019
N, -100, 0.9832230776651305, 28.3366919104, 25.227134921, 1.23024838747, 0.122481956137, 0.12070781163, 118, 2019
E, 100, 0.9801720998274097, 32.5559348352, 36.9310290663, 0.891162288408, -0.0705447978906, 0.0753288062646, 118, 2019
Z, 48, 0.999991486358289, 112.408951077, 110.876832781, 1.01755614197, -0.0190762435778, 0.0109519008908, 121, 2019
N, 100, 0.9986595786289163, 68.4624707504, 53.4933186834, 1.24930593684, -1.96771490228, 2.87814104158, 121, 2019
E, 100, 0.9931563335839633, 84.0186276863, 80.8681861656, 1.00337762038, -0.132535050041, 0.0531258866047, 121, 2019
Z, 0, 0.9999716465749826, 146.192551147, 143.956602511, 1.01547320557, -0.0173405178012, 0.0113143520599, 127, 2019
N, 96, 0.99982628680504, 90.6729074155, 67.938541876, 1.33865875542, -0.0347531492083, 0.0185214002157, 127, 2019
E, 100, 0.9983839917498614, 111.196690572, 109.087608773, 1.01645557779, -0.0940266681368, 0.035464960444, 127, 2019
Z, -1, 0.9999936789993432, 95.3975690234, 94.292550886, 1.01125742202, 0.00500199591041, 0.00164510620562, 130, 2019
N, -96, 0.9985601457171113, 59.6935073907, 44.3104112578, 1.32925070079, -0.0302731562244, 0.0477159223569, 130, 2019
E, 100, 0.99800620078337, 74.3542021902, 73.4809751681, 1.0088799663, -0.088765677456, 0.0316275193888, 130, 2019
Z, 73, 0.9998419064908204, 77.7149600374, 76.9281873979, 1.00029142972, -0.040898014345, 0.0202438724949, 133, 2019
N, -100, 0.9962198519748569, 49.6578182689, 36.8744767263, 1.36153928033, 0.177557754418, 0.0908842497508, 133, 2019
E, 100, 0.9929465146652007, 52.7273769604, 56.0474619625, 0.947026929059, -0.249790088421, 1.31028086816, 133, 2019
Z, 20, 0.9999867050573265, 138.885326462, 136.805557693, 1.01957414765, -0.00903306304829, 0.00869379061609, 136, 2019
N, -100, 0.9993380727242224, 85.4609756493, 65.8882548544, 1.31355636969, -0.48188245921, 1.83401791462, 136, 2019
E, 100, 0.995562980819853, 99.45352969, 99.7627051979, 0.990404857196, -0.123811506411, 0.05321734198, 136, 2019
Z, 5, 0.9999741538246144, 153.797238035, 152.205074184, 1.00846841875, -0.0143002729106, 0.00530128329441, 139, 2019
N, -100, 0.9993583986410368, 98.4564640935, 73.6224214818, 1.31983420526, 0.0414633700732, 0.0133640621643, 139, 2019
E, 100, 0.9988455422902517, 116.600767119, 113.822679636, 1.02122033735, -0.0777998263089, 0.00989567955526, 139, 2019
Z, -80, 0.9932840766032264, 120.607407656, 118.353023958, 1.03463951173, -0.0021649112763, 0.0845370671233, 142, 2019
N, 100, 0.4091510639829091, 1135.17598402, 57.9231439047, 14.4512501885, 0.262743201536, 1.56542223603, 142, 2019
E, -100, 0.7252540724019451, 764.334617438, 92.0433011032, 6.25861248868, 0.186548979819, 1.6541580343, 142, 2019
Z, -100, 0.23230206581424453, 49.6457066517, 63.9906671435, 0.801955741362, -0.341355548878, 1.89145343148, 145, 2019
N, 100, 0.2249334463956309, 1140.15505192, 31.1889767041, 35.0102924274, 0.665131960089, 2.80051772981, 145, 2019
E, -100, 0.5154951781557484, 736.814933674, 51.0018049385, 13.9718623527, 0.347818454627, 1.29849659604, 145, 2019
Z, 79, 0.9997856826447136, 61.8854037991, 61.1922209891, 1.0063196154, -0.0559349955731, 0.0381000991859, 148, 2019
N, -100, 0.994526147267006, 40.6508011775, 29.7973902008, 1.42804929712, 0.0134895953838, 0.0850927573874, 148, 2019
E, 100, 0.9982450189404839, 45.861281185, 45.3465525733, 1.0184018937, 0.452355581516, 1.8354176782, 148, 2019
Z, 9, 0.9999993508190628, 116.872501297, 115.44041197, 1.0132129608, -0.00568663524075, 0.00320715995003, 151, 2019
N, -100, 0.9972699602457331, 67.4099103189, 54.9501074759, 1.27503040506, -0.501543910126, 1.83947054873, 151, 2019
E, 100, 0.9927501733894348, 80.6199978192, 84.5033635148, 0.969583309715, -0.0863007306699, 0.0517692519071, 151, 2019
Z, 15, 0.9999734865338593, 147.667295881, 145.806711013, 1.01005295237, -0.0148020196904, 0.00553302646467, 154, 2019
N, 100, 0.9992818567573005, 88.6137589971, 68.7690685552, 1.26899583968, -0.0635345197314, 0.0263377224598, 154, 2019
E, 100, 0.9974953468213615, 110.651903901, 108.746671622, 1.01810318336, -0.0878130358758, 0.00761113567671, 154, 2019
Z, 0, 0.9999661547737212, 133.946228428, 132.211050108, 1.01463766314, -0.016886994773, 0.0125425528821, 157, 2019
N, -100, 0.9992647613659094, 85.2777700577, 62.6596438639, 1.34748510667, 0.0137953803483, 0.0365349047258, 157, 2019
E, 100, 0.9973800587501537, 102.684574129, 100.477275624, 0.993095249889, 0.462902552409, 1.87671177396, 157, 2019
Z, -18, 0.9999843475359882, 86.3911481793, 86.2849560483, 0.997371137257, -0.288793362519, 1.33706765039, 160, 2019
N, -100, 0.978627646478949, 66.9916327712, 40.1856512951, 1.594725788, 0.017235711142, 0.145930655997, 160, 2019
E, -100, 0.877493028849181, 62.2716698658, 65.4334808932, 0.915636422004, 0.0245280122507, 0.147294589149, 160, 2019
Z, 49, 0.9998930584640083, 88.7602785587, 87.6713932067, 1.01067451894, -0.0344338467808, 0.0250303770358, 163, 2019
N, -100, 0.9960937217151635, 52.7419179232, 42.4342901832, 1.25330749186, 0.0383328218861, 0.0486625625576, 163, 2019
E, 100, 0.9914794925032041, 66.1848796826, 63.9899232876, 1.02915199836, 1.04381229918, 2.42208551813, 163, 2019
Z, 26, 0.9999979525267148, 127.146096435, 125.440667073, 1.01330566952, -0.00973966845789, 0.0054966245576, 166, 2019
N, -100, 0.9998280644375062, 78.2462450501, 60.8752264482, 1.2633379722, 0.0433224421878, 0.0300274137852, 166, 2019
E, 100, 0.9961474987201479, 94.9314175525, 92.2960608556, 1.01329147027, -0.091714529611, 0.0397526473709, 166, 2019
Z, 13, 0.9999264570958607, 133.060236715, 131.418232607, 1.00958495826, -0.0253287246589, 0.0104272713934, 169, 2019
N, 0, 0.9998209535988175, 81.5730487323, 64.1986575937, 1.26847894183, 0.00545103216537, 0.0214897802513, 169, 2019
E, 100, 0.9968415180282973, 103.404206536, 99.4439408607, 1.03160022306, -0.0884476118832, 0.0237199632837, 169, 2019
Z, 0, 0.9999874270282356, 106.557763345, 104.981209185, 1.01928669786, -0.00985976350842, 0.00635759632317, 172, 2019
N, 100, 0.9992054300057702, 69.4358811887, 51.3132394882, 1.33854964429, -0.0163004663478, 0.0381159738591, 172, 2019
E, 100, 0.9971426640565331, 83.3016368392, 81.9617377429, 1.01272768428, -0.104771951678, 0.0291898653416, 172, 2019
Z, -50, 0.9999735736719805, 65.5157844543, 65.2713593065, 1.00033000254, 0.0133376716985, 0.00947679046851, 175, 2019
N, -70, 0.9902226836107404, 48.7798279556, 31.2630278355, 1.50491504128, -0.196694660775, 0.11885809904, 175, 2019
E, 47, 0.9930819835379371, 55.4009379522, 50.6254153663, 1.06591091186, -0.150626291794, 0.0780936595883, 175, 2019
Z, 33, 0.999907467077743, 66.7854932839, 65.8123067173, 1.00939179238, -0.0256277133722, 0.0247473660675, 178, 2019
N, -100, 0.9977128910541222, 37.3711327627, 31.3237095963, 1.20305167789, 0.0871714575096, 0.102226314694, 178, 2019
E, 100, 0.9926243170371477, 47.4980368859, 49.1314122522, 0.959938768362, -0.258670750248, 1.32940213537, 178, 2019
Z, 15, 0.9999915517312402, 118.540691324, 117.04696673, 1.00955203879, -0.00279512871774, 0.00436773004025, 181, 2019
N, 76, 0.9997679472890467, 71.584285807, 55.2363938268, 1.28521504975, -0.281079288598, 1.3337147323, 181, 2019
E, 100, 0.9959740365529833, 87.2148277849, 85.3938914244, 1.0134598684, -0.0802810583391, 0.0327383232999, 181, 2019
Z, 4, 0.999965380150417, 147.840125456, 146.01925484, 1.01032221841, -0.017956257549, 0.00791739264075, 184, 2019
N, 0, 0.9999014154265697, 92.1213674187, 69.0037069794, 1.32865886933, -0.00139607957976, 0.0186341949697, 184, 2019
E, 100, 0.997998196419798, 110.919832921, 109.019009901, 1.01839061227, -0.0830178156295, 0.0144666146829, 184, 2019
Z, 0, 0.9999736425547552, 133.467754721, 131.733848721, 1.01680618007, -0.0135021558886, 0.00978812312088, 187, 2019
N, -24, 0.9996660603494921, 86.9405084779, 62.6055366135, 1.37863051837, -0.0311937496202, 0.0212921792884, 187, 2019
E, 100, 0.9993664292177314, 102.079394042, 100.083339292, 1.0164447664, -0.0711381078824, 0.0204140551863, 187, 2019
Z, 11, 0.999989112807263, 88.3695654298, 88.339478187, 0.999429660094, -0.000399230264845, 0.00246110832926, 190, 2019
N, -100, 0.9959391836605367, 54.5334756306, 41.1999943948, 1.26603189429, -0.015892433765, 0.0569735095309, 190, 2019
E, 100, 0.9975818160392959, 65.2824471631, 65.5023958179, 0.997210415522, -0.108002399028, 0.0642029345865, 190, 2019
Z, 11, 0.9999538676021891, 82.0314523304, 80.9883292464, 1.01301127326, -0.0190635067542, 0.0138737382669, 193, 2019
N, 100, 0.8948735819527877, 45.0935574685, 39.7264971943, 1.18744949823, -0.107666808774, 0.210314279397, 193, 2019
E, 100, 0.9713200867001235, 63.5816899908, 58.9874519533, 1.04935963461, -0.115247134477, 0.0927176711031, 193, 2019
Z, 26, 0.999958921409095, 118.127233705, 116.636237031, 1.00604161002, -0.0176720799072, 0.01196092212, 196, 2019
N, 93, 0.999589040657053, 73.1927738457, 56.9465455567, 1.27262707493, -0.0330215331145, 0.0333402803173, 196, 2019
E, 100, 0.990761060542424, 91.9273801862, 86.2684810136, 1.05850147692, -0.16554666041, 0.0647283366402, 196, 2019
Z, 0, 0.999935081804198, 128.350708434, 126.879171783, 1.01095142533, -0.0275835919136, 0.0164327617476, 199, 2019
N, -100, 0.9982452352137852, 89.1827506548, 61.8537858468, 1.39264006262, -0.0495048772959, 0.0400024856104, 199, 2019
E, 100, 0.9995476846572958, 98.3309901105, 96.4136533833, 1.01727740073, -0.0924407514414, 0.0423592995137, 199, 2019
Z, 0, 0.9999847557351523, 109.3325769, 107.834225963, 1.01648602141, -0.00943193963177, 0.00624878605901, 202, 2019
N, -100, 0.9991154393512302, 71.8836766467, 52.2238338151, 1.3980970051, 0.058908358776, 0.0218937582071, 202, 2019
E, 100, 0.9993402630376027, 85.7816692753, 83.6260399573, 1.01398874082, -0.0436471332414, 0.0242396835898, 202, 2019
Z, -26, 0.9999912945368217, 72.1504300873, 71.7165737804, 1.00578251434, 0.0113732885695, 0.00565065432973, 205, 2019
N, -100, 0.9953922350082721, 51.7453529987, 33.7583223536, 1.51185225101, -0.0365804700458, 0.0544223155653, 205, 2019
E, 6, 0.9982805606818294, 57.1096800654, 55.0217205428, 1.0288396803, -0.0404690336952, 0.0399655747658, 205, 2019
Z, 0, 0.999990594319863, 68.3418728927, 67.4332459288, 1.01296244702, 0.00993993199212, 0.00635054117051, 208, 2019
N, -100, 0.9904671171682453, 36.9673069537, 31.7002537084, 1.23975382312, 0.156736975052, 0.147468250472, 208, 2019
E, 100, 0.991308404921656, 47.5878267952, 49.5592453855, 0.977992455783, 0.163999842639, 1.34057671913, 208, 2019
Z, 9, 0.999969698288485, 129.604756404, 127.774993249, 1.00774149575, -0.00696366589849, 0.0102087117215, 211, 2019
N, 6, 0.9998854771022164, 77.7217032082, 60.3652024916, 1.26640693179, 0.0244644873898, 0.0202601115926, 211, 2019
E, 100, 0.996409233030639, 94.2729634986, 92.791444721, 1.00993685351, -0.0946409273772, 0.0396765802566, 211, 2019
Z, 0, 0.9999339856440904, 161.859917184, 159.84173313, 1.01069459587, -0.026506472957, 0.014526756993, 214, 2019
N, 100, 0.9990658521886285, 98.7625828859, 76.0120559369, 1.27860558576, 0.271238228139, 1.33619425442, 214, 2019
E, 100, 0.9986649398892838, 122.544471656, 119.439056224, 1.02165083708, -0.089461762801, 0.0274584341226, 214, 2019
Z, 0, 0.999965993437122, 138.298529102, 136.465504849, 1.01827434089, -0.0116001631142, 0.0100785137396, 217, 2019
N, 0, 0.9994212121045593, 91.9065711162, 65.2161315978, 1.40295250363, -0.0465629563172, 0.0211624894929, 217, 2019
E, 100, 0.9993140870110426, 106.419605079, 104.123897138, 1.01757520851, -0.0631338334171, 0.0189357533221, 217, 2019
Z, 0, 0.9999835761173891, 77.0107110161, 76.3435342165, 1.00864765419, 0.00520835174457, 0.0033957947145, 220, 2019
N, 100, 0.9422068254985374, 40.84907166, 35.7252283959, 1.01171283556, -0.698599301324, 0.257016110169, 220, 2019
E, 100, 0.9858925900188843, 59.9546187504, 56.8774417649, 1.06758619008, -0.259075865279, 0.1076096913, 220, 2019
Z, 35, 0.9999030219519214, 81.9854830619, 80.8646352091, 1.006724905, 0.0156229442979, 0.0181149687081, 223, 2019
N, -100, -0.20819110426809656, 150.818732292, 39.9874577311, 3.01374680258, -0.154337506329, 1.85222168463, 223, 2019
E, 100, 0.9112156542763206, 111.098248591, 57.9611316215, 1.66177722749, 0.297354448747, 1.26645636701, 223, 2019
Z, 41, 0.999921150519105, 124.810131078, 123.087830826, 1.00740787492, -0.0308929247317, 0.0162530783733, 226, 2019
N, -100, 0.9979034377543333, 69.8723642238, 60.0302895043, 1.15218497433, -0.101644227876, 0.07809830158, 226, 2019
E, 100, 0.995882732564252, 98.1808023636, 91.478496575, 1.08758785725, -0.155479450327, 0.0564123039468, 226, 2019
Z, 5, 0.9998920366247727, 137.863539584, 135.690220937, 1.01601714064, -0.0353325471659, 0.0237549744286, 229, 2019
N, 100, 0.9985955837081145, 87.3437483493, 65.6205139422, 1.32288602929, -0.0709708296179, 0.0389638033218, 229, 2019
E, 100, 0.9970125008652138, 109.381539444, 103.163227401, 1.04901964687, -0.130472246922, 0.0532120505315, 229, 2019
Z, 0, 0.9999715150209066, 116.823256816, 115.329574909, 1.01763144206, -0.0128752951364, 0.00902018173372, 232, 2019
N, -80, 0.9998731721030975, 78.0584981422, 54.9957294984, 1.42391225097, -0.00571323732816, 0.0145121874985, 232, 2019
E, 100, 0.9994198984738957, 92.4356327371, 89.0413488992, 1.03798755871, -0.0579891830594, 0.0135045569575, 232, 2019
Z, -55, 0.9998930587969262, 72.160629272, 70.7950747351, 1.02378335891, 0.0155599299974, 0.0132868043393, 235, 2019
N, -100, 0.991071423051184, 49.8228060197, 32.6226892798, 1.49890011578, -0.0257207944301, 0.0806101706018, 235, 2019
E, 0, 0.9985090283941122, 55.227484222, 54.5199821698, 1.00287850173, -0.0664622469314, 0.0362274749795, 235, 2019
Z, 0, 0.9998513261399202, 82.3603430776, 81.2726557418, 1.00983317596, 0.0529733177956, 0.0369761493673, 238, 2019
N, -100, 0.9934443325471837, 45.8920726885, 38.4610537397, 1.24377410076, -0.124704764628, 1.3349652554, 238, 2019
E, 100, 0.9909225419065707, 58.2086492717, 57.8960568505, 0.997282118886, 1.10017318479, 2.46224943809, 238, 2019
Z, 9, 0.9999471837834992, 155.083877151, 153.49189772, 1.00262570477, -0.0184551965842, 0.0149954259776, 241, 2019
N, 57, 0.9997705881891762, 96.0600497231, 72.8838633448, 1.30394258313, -0.0105379479632, 0.0119917648545, 241, 2019
E, 100, 0.997353135873702, 115.875449122, 112.293775802, 1.02739460423, -0.0877797191681, 0.0306548037787, 241, 2019
Z, 3, 0.9999247049601818, 176.575963961, 174.865545048, 1.00973800019, -0.0305586164303, 0.0187416417257, 244, 2019
N, -34, 0.9998734726809938, 108.724916653, 83.7103348973, 1.30525262218, -0.0069229704527, 0.0146741682876, 244, 2019
E, 100, 0.9983110665303024, 133.809536387, 130.961474956, 1.01889405521, -0.0904423657794, 0.0324700256758, 244, 2019
Z, 0, 0.999922629156906, 128.299994723, 125.813901364, 1.02506438054, -0.0179123507141, 0.0116437904364, 247, 2019
N, -100, 0.9992152026753092, 83.7593175601, 59.9992473791, 1.39866624791, -0.0215824035297, 0.0218140482944, 247, 2019
E, 100, 0.9990323514279865, 99.7254319051, 97.1746834053, 1.01937458095, -0.0633189799463, 0.00709703505354, 247, 2019
Z, -23, 0.99978768199068, 51.5359718067, 49.9254637498, 1.03361839719, 0.0316532378824, 0.0172174120406, 250, 2019
N, -100, 0.9723975339508117, 33.6853630282, 23.4241212309, 1.32243004697, 0.0842933451405, 0.0908205037148, 250, 2019
E, 100, 0.9886721998187564, 36.7417350667, 38.1140560605, 0.946351866516, -0.0662850192247, 0.0517972872596, 250, 2019
Z, 15, 0.999901111365273, 96.3882124931, 94.9057437493, 1.00415921698, 0.0124819521392, 0.026776911333, 253, 2019
N, 100, 0.9975984683722857, 58.2088969762, 46.6914881286, 1.19930683384, 0.0306748780118, 0.0527254638616, 253, 2019
E, 100, 0.9915527124509986, 71.5082708635, 68.4744915965, 1.02589637281, -0.13173295779, 0.0420909393607, 253, 2019
Z, 36, 0.9998849761566753, 139.057349855, 137.373772986, 1.00546477235, -0.0352698896849, 0.0166257109159, 256, 2019
N, 86, 0.9995105387618982, 85.1812521613, 66.5930561199, 1.27066121988, 0.00662252703102, 0.0297817893666, 256, 2019
E, 100, 0.9991081045367155, 108.199015378, 102.681996775, 1.04689556537, -0.0397015400708, 0.0334812112392, 256, 2019
Z, 0, 0.999905816531498, 147.650945541, 145.490954681, 1.01390718182, -0.0333682849281, 0.0224875513731, 259, 2019
N, 100, 0.9993596997685116, 96.8403578455, 69.6034339165, 1.37441998199, -0.0577241304315, 0.0314054730567, 259, 2019
E, 63, 0.9996170220599635, 120.330162182, 110.62340421, 1.08066440984, -0.0626501808993, 0.0456822227558, 259, 2019
Z, 0, 0.9999061747144652, 117.092714287, 115.241390764, 1.02178854193, -0.0242990728861, 0.0142279064123, 262, 2019
N, -90, 0.999596500911619, 78.7674024051, 53.9565061785, 1.45913694058, -0.00529955250866, 0.0169589665517, 262, 2019
E, 98, 0.9998145740161046, 89.4186324975, 88.7348809354, 1.01026211426, -0.0367202932979, 0.00777439332142, 262, 2019
Z, -50, 0.9998150805818748, 60.6572158698, 58.4583547351, 1.04391685232, 0.0181395880289, 0.0177801097592, 265, 2019
N, -100, 0.9871305460411695, 39.9201552537, 26.1292172546, 1.47075546105, -0.204069509604, 1.33326871046, 265, 2019
E, 0, 0.9966474238639871, 45.4085184171, 45.3007651756, 0.986128184437, -0.0306708047161, 0.0218709532447, 265, 2019
Z, -9, 0.9998588779034182, 113.340626972, 111.97422183, 1.00388153491, 0.0555571076359, 0.041708219022, 268, 2019
N, -17, 0.9995858758858164, 67.4036518207, 53.3460407917, 1.25984681765, 0.0485932892017, 0.0400947220847, 268, 2019
E, 100, 0.9939683631170766, 81.1216905406, 79.889982659, 1.00844818442, -0.108293523363, 0.0142086065839, 268, 2019
Z, 44, 0.9999459953396205, 178.871293538, 176.643640901, 1.00576210722, -0.0224808011764, 0.0111020649466, 271, 2019
N, 100, 0.8039101679350573, 238.757904332, 84.4244967272, 2.46179001313, 0.0536500838512, 0.500918860803, 271, 2019
E, 100, 0.9927746736271149, 166.528759646, 130.301537453, 1.19678758686, 0.00558741458481, 0.097951784459, 271, 2019
Z, 26, 0.9997844834834192, 172.850779743, 170.042160928, 1.01816799078, -0.0440627657548, 0.0280639444375, 274, 2019
N, 100, 0.8382815404980132, 288.484626018, 81.4474895096, 3.48150940582, -0.716322096628, 0.327735586284, 274, 2019
E, -100, 0.9877362036780382, 161.749058949, 127.755565036, 1.31582073177, 0.128949006115, 0.139160821957, 274, 2019
Z, 19, 0.9998347491982609, 101.156563747, 98.68686201, 1.03074359505, -0.0261812473221, 0.0133536536844, 277, 2019
N, -100, 0.9988391975594197, 68.3093867144, 46.2263339869, 1.48949446324, 0.0387268806532, 0.0218919641792, 277, 2019
E, 0, 0.9992454227381282, 78.8449310791, 77.5591361825, 1.0114973336, -0.0314052774982, 0.0122322991006, 277, 2019
Z, -21, 0.9994688741771075, 49.9361866447, 49.1267836228, 1.0324498103, 0.0852509763569, 0.0909440287149, 280, 2019
N, -100, 0.9922066548773377, 30.1867932865, 24.7974191251, 1.3285001272, 0.10854975375, 0.145959389215, 280, 2019
E, 100, 0.98029095106126, 33.7400899475, 35.1015975289, 0.908039252624, 0.126892686701, 0.540680342768, 280, 2019
Z, 46, 0.9999104654102403, 112.256088249, 110.809170026, 1.00191740493, -0.0168326373026, 0.0206523164491, 283, 2019
N, -43, 0.9997143262293933, 68.6752211088, 54.0015963563, 1.2532520622, 0.0262450564207, 0.0325789531584, 283, 2019
E, 100, 0.9914070145299052, 83.4623010636, 80.6599081322, 1.02247463494, -0.160297270948, 0.0706044785336, 283, 2019
Z, 34, 0.9998856012517907, 150.472509155, 148.321391042, 1.00670997005, -0.0307820717652, 0.0135333299605, 286, 2019
N, 9, 0.9996696516554369, 95.9487083786, 71.0017953757, 1.31830975328, 0.0130777879302, 0.023471815514, 286, 2019
E, 100, 0.9958113161687685, 115.731544031, 110.739389198, 1.03417049956, -0.101734035023, 0.0165916511275, 286, 2019
Z, 0, 0.9998960265338953, 149.091801184, 146.958631466, 1.01420898295, -0.0340256706874, 0.0218310496927, 289, 2019
N, 0, 0.9998427363466191, 93.0452912217, 69.094920522, 1.35016745337, -0.0268699106789, 0.0182298954699, 289, 2019
E, 100, 0.9987047881902184, 116.179143169, 110.912800397, 1.04658913221, -0.0929725656584, 0.0375678403392, 289, 2019
Z, 0, 0.9998199371262841, 106.351974681, 103.816896073, 1.02968295047, -0.0301627958193, 0.0154121419871, 292, 2019
N, -100, 0.9988300979252714, 65.5599807559, 47.2978356282, 1.38746538929, -0.030439068311, 0.0272285333387, 292, 2019
E, 5, 0.9986543778774923, 81.4886826855, 79.8733431403, 1.01100160283, -0.0633453863728, 0.0210752414996, 292, 2019
Z, 0, 0.9997128724992075, 57.2039624365, 56.1577777518, 1.03972820484, 0.0405505387624, 0.0480624733147, 295, 2019
N, -100, 0.986718350634207, 30.5990019209, 26.6839415234, 1.24561750412, 0.144427742127, 0.0963511155969, 295, 2019
E, 100, 0.9823639511583964, 39.0337590369, 41.5510205822, 0.910868673949, 0.0588293180094, 0.162809454568, 295, 2019
Z, 13, 0.9999290092059123, 141.007400078, 138.876547643, 1.00545463028, 0.0148107130174, 0.0205384766272, 298, 2019
N, 100, 0.9986951943769593, 81.57433721, 66.563457253, 1.22070383317, 0.27871425362, 1.3301323936, 298, 2019
E, 100, 0.9837475428104125, 111.738357595, 100.237010024, 1.10964446165, -0.120117606684, 0.115726630188, 298, 2019
Z, 20, 0.9999529673533236, 178.408640655, 176.53695919, 1.00609206589, -0.0205492290967, 0.00848528623177, 301, 2019
N, 100, 0.9960741798643828, 114.959386026, 84.7873158266, 1.31802823936, -0.0982306455057, 0.0261489504807, 301, 2019
E, 100, 0.9932843722707898, 163.684233062, 130.80484323, 1.22604925853, -0.184862895086, 0.0884527982249, 301, 2019
Z, 15, 0.9998058895483614, 147.549236236, 145.317040305, 1.01571099997, -0.0405735763721, 0.0232159492877, 304, 2019
N, -100, 0.999457559498408, 91.948954564, 68.7891472483, 1.34472237097, 0.0200591686362, 0.0114320363856, 304, 2019
E, 100, 0.9994299003266944, 111.326206481, 109.569590649, 1.01917239413, 0.818355897321, 2.21523217719, 304, 2019
Z, 0, 0.9996901436482478, 75.2245248012, 72.0959143995, 1.04569594184, -0.0274514193693, 0.0156917687643, 307, 2019
N, -100, 0.9944558439166697, 48.6672097024, 33.176417435, 1.47356139644, 0.0656490400134, 0.0293748407644, 307, 2019
E, 0, 0.9960645289778336, 59.5545727244, 57.7898049054, 1.01834992161, -0.0585001902055, 0.0332479281465, 307, 2019
Z, 36, 0.9997529582884718, 62.6776211785, 61.6890290216, 1.01702303926, 0.0665847561396, 0.0445700668765, 310, 2019
N, -100, 0.9987798001460673, 37.1635069183, 30.5691465129, 1.20506927018, 0.0905362161355, 0.050931350167, 310, 2019
E, 100, 0.9788152143911575, 43.3131370009, 44.929093326, 0.915445377219, 0.0640590274478, 0.181888075982, 310, 2019
Z, 59, 0.9999534303332868, 120.359583553, 118.694797914, 1.00567232883, -0.0175534611718, 0.0142521864866, 313, 2019
N, -57, 0.999406702764294, 72.7304065214, 57.0585647994, 1.24309879919, 0.0326040562156, 0.0388381443299, 313, 2019
E, 100, 0.991240355748567, 88.2002822899, 87.0731840666, 1.00869332529, -0.175499823674, 0.0827601458797, 313, 2019
Z, 25, 0.9999266428248316, 151.233415535, 149.185951443, 1.00793238156, -0.022976085788, 0.00919155040529, 316, 2019
N, 0, 0.9999648733067693, 91.3438137285, 70.4799434769, 1.30441780328, -0.00774970992547, 0.00572463599641, 316, 2019
E, 100, 0.9957035579348393, 113.846614231, 111.382369366, 1.03639502248, -0.132980796354, 0.0155875663016, 316, 2019
Z, 0, 0.999888788533194, 141.360248487, 139.17413193, 1.01550715655, -0.032830838711, 0.0206379083653, 319, 2019
N, 34, 0.9993708157099458, 88.3233889147, 64.2671771948, 1.37515475123, -0.0650997021023, 0.0404283809596, 319, 2019
E, 100, 0.9978231499628634, 111.125492784, 104.491806926, 1.05972599308, -0.153842660468, 0.0685848845892, 319, 2019
Z, 0, 0.9998124709127646, 91.4488050802, 88.8426050879, 1.03306457167, -0.0220857121495, 0.0125100568081, 322, 2019
N, -100, 0.9946396071913003, 58.5283429478, 39.6748713286, 1.48001379007, 0.0381487221544, 0.0352958454122, 322, 2019
E, -100, 0.9978710987544408, 72.6747864205, 68.6579352183, 1.0521172244, -0.000231102347187, 0.0190166915412, 322, 2019
Z, 0, 0.9998569069847631, 81.8955495505, 80.9217554246, 1.01648201725, 0.0401632480088, 0.0229528198794, 325, 2019
N, -100, 0.9981753115252224, 47.8589925099, 38.8876264884, 1.23531552803, 0.0994080157608, 0.0568383388502, 325, 2019
E, 100, 0.9910581737528458, 56.6984584468, 59.2195412968, 0.936008753882, -0.00360112941209, 0.0865136929808, 325, 2019
Z, 33, 0.9999750678388242, 143.640492316, 141.732531452, 1.00757679501, -0.00568293369549, 0.00865380749651, 328, 2019
N, 14, 0.9997235989475569, 88.8215288323, 68.4573377584, 1.28446229483, -0.258121619814, 1.3356457692, 328, 2019
E, 100, 0.9921188423377926, 105.670820099, 103.490903392, 1.01272322179, -0.153991166904, 0.0605796346339, 328, 2019
Z, 7, 0.999955535661677, 158.016075969, 156.130835925, 1.00860545385, -0.0174773813525, 0.00604104780955, 331, 2019
N, -100, 0.9998014163938945, 99.5336061106, 74.8126244392, 1.33648215868, 5.14278933778e-05, 0.0124068543652, 331, 2019
E, 100, 0.997306548648858, 121.043959714, 115.956049508, 1.04770871055, -0.129230886692, 0.0259750846694, 331, 2019
Z, 24, 0.9997963110590107, 122.453780237, 120.391919456, 1.018548395, -0.0413540473673, 0.0211615921011, 334, 2019
N, -100, 0.9995831873292388, 76.5537395283, 56.3506231087, 1.36712007857, 0.0491569707925, 0.0199130433909, 334, 2019
E, 100, 0.9997240289458071, 92.9708329315, 91.2354774825, 1.01444333172, 0.26003181292, 1.34190901775, 334, 2019
Z, 17, 0.9997212520905122, 63.1857217302, 60.935786376, 1.04106517137, -0.0182692351157, 0.0165587188477, 337, 2019
N, -100, 0.9917870618244636, 41.3760879572, 28.3672642158, 1.44786222797, 0.106715241737, 0.0759804604556, 337, 2019
E, -100, 0.9965482947120919, 47.4727948517, 48.9470888184, 0.957801552402, 0.0285846515818, 0.0314517393635, 337, 2019
Z, 62, 0.9999139107773468, 66.1502377832, 65.4164050261, 1.01024850143, 0.0224509167199, 0.0242109355073, 340, 2019
N, -100, 0.9984436301494014, 38.8421344152, 31.7060967568, 1.18933721956, 0.0853174030555, 0.0492816487757, 340, 2019
E, 100, 0.9878128174644875, 43.846934017, 48.4182888616, 0.86952878465, 0.178658058706, 1.34042387979, 340, 2019
Z, 47, 0.9999770100835815, 118.685256001, 117.114100466, 1.00880404958, -0.0173692119371, 0.0110380589957, 343, 2019
N, -100, 0.9992410562346461, 72.3949851471, 55.5947929694, 1.27405162267, -1.67196530267, 2.79453536497, 343, 2019
E, 100, 0.9907399566527567, 87.31976801, 86.0478799003, 0.988437685144, -0.158366090324, 0.0683902367225, 343, 2019
Z, 3, 0.9999576097861306, 147.048886752, 144.986388227, 1.00973355603, -0.0162647919049, 0.00644264365721, 346, 2019
N, 1, 0.999975021929756, 90.9913935136, 67.7534073103, 1.34604197112, 0.000339390069943, 0.00643631586283, 346, 2019
E, 100, 0.9958261251567804, 112.30790731, 107.953431178, 1.04200345241, -0.119111140398, 0.0101847699069, 346, 2019
Z, 0, 0.999918014919909, 135.233529627, 132.952676924, 1.01773057104, -0.0263797814005, 0.0168065146958, 349, 2019
N, 0, 0.9997757080324019, 84.1562544914, 60.9171001317, 1.392052725, -0.037093484789, 0.0241557241597, 349, 2019
E, 100, 0.9989351785771472, 105.255184633, 99.4764939477, 1.0700362779, 0.229820151872, 1.34176898872, 349, 2019
Z, 0, 0.9998709710568522, 87.6297113042, 85.6844656441, 1.0298831233, -0.302180850044, 1.33483151394, 352, 2019
N, -100, 0.9937524358884584, 56.4838429619, 39.2527983254, 1.42698934298, 0.0605098128584, 0.0396551521091, 352, 2019
E, -60, 0.9972550384773222, 66.8418999006, 66.0621358944, 1.00261987725, -0.0279615379333, 0.0236546126797, 352, 2019
Z, 18, 0.9999504948454742, 86.8223201894, 85.5098728479, 1.01311661117, 0.00698178857676, 0.00991026413874, 355, 2019
N, -100, 0.9980668335587408, 50.0969181428, 41.6321131082, 1.23236779346, 0.0917522005066, 0.127030181552, 355, 2019
E, 100, 0.9868423077187893, 58.8242538396, 62.3911400579, 0.929102058104, -0.0577679400531, 0.0869229356973, 355, 2019
Z, 26, 0.9999969750567251, 129.624955183, 127.51647941, 1.01597724755, -0.00757560708351, 0.00382730802745, 358, 2019
N, 100, 0.9990202819045856, 81.9795882244, 61.9865539396, 1.29731192953, -0.0487861536902, 0.038021118935, 358, 2019
E, 100, 0.988758255457182, 98.5478144933, 93.5784492854, 1.03579760093, -0.187859244695, 0.0825864317007, 358, 2019
Z, 0, 0.9999499606315307, 140.357245156, 138.546599338, 1.01058290109, -0.0197873221363, 0.00875799217265, 361, 2019
N, 0, 0.9999508155305794, 90.129306216, 66.1703505145, 1.36184548067, -0.0218871620447, 0.0127386728568, 361, 2019
E, 100, 0.9975959149834905, 108.769033557, 103.293023278, 1.05872451013, -0.146732128313, 0.0513338257151, 361, 2019
Z, 0, 0.9998720464406424, 114.128122896, 112.030366466, 1.02280116494, -0.0299131996791, 0.0162517447528, 364, 2019
N, -100, 0.9988501725328384, 75.107942298, 52.4980259629, 1.42806316026, -0.0341196301038, 0.0266930188209, 364, 2019
E, 100, 0.9996623597652543, 86.9150693754, 85.592552645, 1.02851226793, 0.251986135011, 1.33598953391, 364, 2019
