Chan, Phase Shift, Correlation, ptp-data, ptp-synthetic, rat, phasem, phasestd, DOY, Year
Z, -100, 0.9982586324367873, 82.2937737918, 78.4507310491, 1.06293657432, 0.0490420149314, 0.0103570682059, 1, 2019
N, -100, 0.8631712455940543, 26.9400538152, 30.3996688844, 0.792665691219, 0.659026570275, 0.482445721438, 1, 2019
E, 100, 0.990224977309215, 56.3959817822, 49.9459130614, 1.0797342471, 0.0233654581328, 0.113949631962, 1, 2019
Z, 100, 0.9993999603570488, 122.039213833, 124.464750474, 0.965150955867, 0.00632137322851, 0.0280431425061, 4, 2019
N, -100, 0.9973754774372403, 59.6242612529, 56.1717431443, 1.06269310457, 0.0139672280406, 0.0123647808291, 4, 2019
E, 100, 0.9981342709481337, 96.2042397033, 81.1092649064, 1.19006493938, -0.0427482084781, 0.00556853009057, 4, 2019
Z, 30, 0.9871125947820523, 95.7691118913, 134.921707121, 0.660457179934, -0.115057982544, 0.135603847009, 7, 2019
N, 0, 0.8751134714467255, 37.6405554993, 62.3109408399, 0.431209547858, -0.442866766315, 0.596824980406, 7, 2019
E, 0, 0.9955484353956622, 75.7072108952, 85.8622149054, 0.85274760578, -0.0479720715797, 0.0639559039767, 7, 2019
Z, -100, 0.9920114047382529, 89.3616773635, 109.77176345, 0.819787199822, 0.122996770197, 0.095173941159, 10, 2019
N, -100, 0.9062459726733233, 45.4012386235, 50.5749137802, 0.91870211927, 0.469090506171, 0.1714283069, 10, 2019
E, -100, 0.9825957238414371, 70.7337136578, 68.3035836725, 1.07473071305, 0.218881882758, 0.0934308209922, 10, 2019
Z, 100, 0.9967155488609958, 47.4172571177, 60.9627367903, 0.757519085064, -0.126370655183, 0.0674952403999, 13, 2019
N, -100, 0.935715520282869, 23.5502920112, 27.9117725605, 0.727080832987, 2.77303719758, 2.5168356752, 13, 2019
E, 100, 0.9838531752655083, 38.1457042251, 35.549674587, 1.00883990299, 2.87920114193, 2.94935819479, 13, 2019
Z, -100, 0.9975725696145404, 72.3854443791, 74.0848238582, 0.975675500928, 0.0690030127504, 0.0382163594295, 16, 2019
N, -47, 0.99163928163071, 32.9128026208, 29.3850519387, 1.19163710209, -0.123938143463, 0.156852754818, 16, 2019
E, 100, 0.9982946242580364, 55.0511278023, 46.4142602728, 1.18887360186, -0.0251232278794, 0.0180297224438, 16, 2019
Z, 65, 0.9999397555536118, 137.175968122, 139.770378165, 0.978045707376, 0.00395129274798, 0.0109968551447, 19, 2019
N, 100, 0.9992671297232345, 65.385955529, 62.6735495859, 1.02372339745, 0.00417697855536, 0.0261591258978, 19, 2019
E, 100, 0.998233509423696, 105.858122875, 91.2544236198, 1.15120346016, -0.0535227156142, 0.0117567987066, 19, 2019
Z, 45, 0.9999268105074812, 154.215896261, 156.158080534, 0.986590947079, -0.000260348398376, 0.008487056841, 22, 2019
N, -96, 0.9997708386201596, 79.3888643251, 75.376054127, 1.04907224263, 0.0218591287462, 0.000116552192141, 22, 2019
E, 100, 0.9992707841878862, 117.896089067, 100.978689767, 1.16690443961, -0.0498928407912, 0.0145603088562, 22, 2019
Z, -100, 0.9985715018078862, 99.4327923313, 94.9297773562, 1.05038186037, 0.0325802441726, 0.0119092152352, 25, 2019
N, 0, 0.9978523582996733, 49.1121309861, 48.7987059465, 0.979514734235, -0.0170354332394, 0.037501632671, 25, 2019
E, 100, 0.9971109603562677, 78.1401546143, 60.1210506088, 1.24935494498, -0.0840618615568, 0.0646390314317, 25, 2019
Z, -100, 0.9996623905610131, 54.6456822117, 54.7083478035, 1.01267881675, -0.019921227509, 0.0376117747723, 28, 2019
N, -100, 0.9827636541651883, 21.4461509432, 19.8827826814, 1.08552403562, -0.033858190525, 0.20816545325, 28, 2019
E, 100, 0.9877775799119999, 39.8338957245, 33.3515570878, 1.18812853645, -0.151291231448, 0.00378201394508, 28, 2019
Z, -100, 0.9988739888721028, 101.760976494, 103.302011372, 0.975853759216, 0.0403672494071, 0.0378142541821, 31, 2019
N, -100, 0.9977626142065543, 46.2933949929, 44.386161341, 1.02326920961, 0.0735379337111, 0.0579773193909, 31, 2019
E, 100, 0.9994702658790473, 78.2473894242, 66.7612524833, 1.17707982481, -0.0248995326879, 0.00134370002407, 31, 2019
Z, 100, 0.9994366619272845, 115.469085969, 120.457998565, 0.953232193445, -0.0108769867101, 0.0232015740847, 34, 2019
N, -100, 0.9995070161127044, 61.7908628422, 56.3978866159, 1.08794905034, 0.037827024063, 0.0133485920873, 34, 2019
E, 11, 0.9995644310668274, 90.1778718812, 77.6375321344, 1.16100403996, 0.0063070353444, 0.0259497445104, 34, 2019
Z, -98, 0.9992634080222766, 107.566334961, 105.32798424, 1.02515645421, -0.00403050688398, 0.0187688875615, 37, 2019
N, 0, 0.9996843835320417, 53.9345107007, 50.2704450723, 1.06414120736, -0.00402444964607, 0.0223876281387, 37, 2019
E, 100, 0.9962272655022495, 83.2710273709, 66.7412678566, 1.23216663457, -0.113950292875, 0.0742654865854, 37, 2019
Z, 100, 0.9995556756029184, 60.011338586, 61.8731982113, 0.968517054017, -0.0234241962888, 0.00184697681061, 40, 2019
N, -100, 0.9842655788328497, 32.0974106924, 30.7961614629, 1.0472020098, 0.191220096524, 0.0264133947152, 40, 2019
E, -100, 0.9993051225140539, 45.6190615949, 38.552713229, 1.1810911093, 0.0309225871492, 0.0116273929445, 40, 2019
Z, 100, 0.9997568973246801, 44.5508821132, 45.4992421196, 0.977690628255, -0.00663872602759, 0.00696733474648, 43, 2019
N, 100, 0.9766499679022465, 21.3041289844, 17.5822568986, 1.23830294417, -0.135407129103, 0.164029207198, 43, 2019
E, 100, 0.991387815108741, 33.6330283073, 26.9569082252, 1.2769575597, 2.95079231435, 3.24679235358, 43, 2019
Z, -26, 0.9991760864809498, 104.921146801, 107.241243721, 0.97469510616, 0.0168034827859, 0.0165189454901, 46, 2019
N, 100, 0.9983484619814981, 48.8827606002, 45.9629659957, 1.04533979647, -0.029372278601, 0.028630540489, 46, 2019
E, 100, 0.9983129413905927, 79.7015232434, 69.2380252674, 1.14966022602, -0.0630925939591, 0.00242674630694, 46, 2019
Z, 100, 0.9998675928963874, 134.983180759, 136.426436367, 0.990226137838, -0.0181797326547, 0.00601965904783, 49, 2019
N, 0, 0.9963955757396068, 64.635445684, 65.3651447687, 0.982683804261, 0.0455954697719, 0.0634872688523, 49, 2019
E, 100, 0.99813606297356, 99.3173051004, 89.0786118474, 1.10355517102, -0.0218469923765, 0.0311266645614, 49, 2019
Z, 100, 0.9984846858463671, 94.5516733264, 97.0526905254, 0.981240796838, -0.0259661801523, 0.0343436036558, 52, 2019
N, 0, 0.9990211471673006, 57.6681310711, 51.5846362047, 1.08740290477, -0.00452883722628, 0.0365441042324, 52, 2019
E, 0, 0.9995127576013351, 72.2235414578, 63.3658956997, 1.14781103907, 0.0139718773702, 0.0210360328094, 52, 2019
Z, 100, 0.990436543511593, 30.5264202087, 32.8678360366, 0.923873335546, 0.0155859177224, 0.125424479073, 55, 2019
N, -100, 0.9719922899086711, 21.9065404901, 21.358947658, 1.10315751892, 0.189588285182, 0.0477739143547, 55, 2019
E, -100, 0.994102786080701, 23.4199747723, 20.3150617298, 1.16170383737, 0.0953900483922, 0.0137085070913, 55, 2019
Z, 100, 0.9991216099531315, 80.6936525738, 82.2266293386, 0.986524099352, -0.0518317863666, 0.013863891524, 58, 2019
N, 100, 0.9994014932867109, 39.9089543054, 34.5378798808, 1.16283948655, -0.0390988677098, 0.0114342214213, 58, 2019
E, 100, 0.9959664195412179, 61.9397599268, 52.6789196702, 1.15402792915, -0.0726652268659, 0.0279690387616, 58, 2019
Z, 100, 0.9998211668200314, 95.0438686115, 97.2850055368, 0.972226942249, -0.0134391576583, 0.0100114557268, 61, 2019
N, 100, 0.9992547485194162, 48.3907048576, 44.8253111138, 1.06004279153, 0.00260830354672, 0.0233635037568, 61, 2019
E, 100, 0.9975783735736125, 74.088505675, 63.7837050499, 1.14726985733, -0.0429402403267, 0.0240121294297, 61, 2019
Z, 100, 0.9998693265151207, 83.8109707611, 85.3768833986, 0.977031724585, -0.00886580570722, 0.0108895104329, 64, 2019
N, -100, 0.9997293894756959, 45.4968213127, 42.9397287546, 1.05719868463, 0.0253333487453, 0.00247349382963, 64, 2019
E, 0, 0.9998520902296448, 65.2762555191, 54.7076819978, 1.19165023886, -0.01773019443, 0.00308083337251, 64, 2019
Z, 100, 0.9993629375106465, 48.1406516498, 49.5953940751, 0.982163997537, -0.019941993252, 0.0225547424488, 67, 2019
N, -100, 0.9966082664815468, 27.7283376691, 26.6497096035, 1.02792024132, 0.0722233882746, 0.00985213901891, 67, 2019
E, -100, 0.9938900280101812, 35.4193437895, 32.696776689, 1.11101229893, 0.124503749968, 0.0360361057868, 67, 2019
Z, -100, 0.999401357481038, 31.7950497504, 32.6094589804, 0.974032419654, 0.0185132951557, 0.0106802074671, 70, 2019
N, 0, 0.9870564483581131, 14.5816765215, 14.1582004551, 0.952601035264, -0.153520225695, 0.211066149869, 70, 2019
E, 100, 0.9811171881082156, 25.5889733416, 22.1255852668, 1.12734804416, -0.157478395072, 0.0520841461362, 70, 2019
Z, 100, 0.9998582943936295, 85.6789358238, 87.2891496023, 0.979590278941, -0.0156663581986, 0.00356059566085, 73, 2019
N, 100, 0.9885649590543647, 40.6000876255, 38.2517234192, 1.04306114391, -0.100883994913, 0.0215889078635, 73, 2019
E, 100, 0.9933424521460005, 63.2127169496, 55.0711324841, 1.11833391048, -0.0775795960797, 0.0499011909219, 73, 2019
Z, 100, 0.9996982379520362, 108.99433846, 110.576439193, 0.987458791728, -0.0317487169782, 0.00542252438551, 76, 2019
N, 100, 0.9980349590883494, 56.4160233653, 50.7728345743, 1.08975485908, 0.0219333422158, 0.055892062599, 76, 2019
E, 100, 0.9972508747826447, 85.4053086776, 73.0349606086, 1.16329799304, -0.0626023539334, 0.0238303462182, 76, 2019
Z, 100, 0.9997320529623607, 79.6183665213, 81.7786563446, 0.974626969485, -0.0257345964664, 0.00417135934047, 79, 2019
N, 100, 0.9954047041679844, 51.8763680751, 45.8268989245, 1.10760721041, -0.106277394422, 0.0204754342123, 79, 2019
E, 100, 0.99681868488276, 62.3948813267, 53.1291504271, 1.17044544074, -0.0851354139217, 0.00963998072539, 79, 2019
Z, -100, 0.9960689746510751, 31.7558122085, 32.5133376801, 0.973606877731, 0.0388419150605, 0.0242445756055, 82, 2019
N, -100, 0.9687579831756327, 13.4693913999, 17.3824457111, 0.847643450368, -0.72885317108, 0.863113194235, 82, 2019
E, 100, 0.9750652559951207, 27.420123032, 24.2187766417, 1.07482841722, -0.191432986475, 0.183606546288, 82, 2019
Z, 32, 0.9997451624467747, 80.4541676261, 83.1437211216, 0.95978475998, -0.00226231727731, 0.012280435977, 85, 2019
N, 100, 0.9691203875690376, 52.972268564, 36.5292978722, 1.33835948452, 0.0580444392976, 0.208567141117, 85, 2019
E, 100, 0.9923150806593203, 62.5491349892, 53.2149125133, 1.15465909565, -0.100943275698, 0.0356462274519, 85, 2019
Z, 100, 0.9995506979067963, 88.98784841, 91.1357987026, 0.975760981921, -0.0314949987979, 0.00340350622007, 88, 2019
N, 100, 0.9749916078626644, 75.2964541546, 40.3448236011, 1.76806692687, -0.206353892197, 0.163571030774, 88, 2019
E, 100, 0.9953000452707067, 70.497696463, 59.2786769731, 1.1701057288, -0.0869873502549, 0.0176121375424, 88, 2019
Z, 100, 0.9995681012921452, 68.0350534582, 69.6228684583, 0.97955455669, -0.0324330840807, 0.00299812702919, 91, 2019
N, 100, 0.9995231749469842, 37.3046758071, 34.7235778922, 1.06963121912, -0.0392257696122, 0.0126417419231, 91, 2019
E, 100, 0.9976315602510262, 52.9378464086, 45.625074704, 1.15068643527, -0.0739197510194, 0.0051891077492, 91, 2019
Z, 100, 0.9968962370535533, 32.0392450861, 33.155708831, 0.97948867012, -0.0728837538879, 0.0365475970758, 94, 2019
N, 0, 0.9956949595083379, 20.9811065851, 21.8211709217, 0.936661664347, 0.0156184603641, 0.0660269697056, 94, 2019
E, -100, 0.9806300844400285, 20.7032643921, 21.2247929742, 0.975240734485, 0.199323641275, 0.0472416430211, 94, 2019
Z, -100, 0.9990793411618938, 44.4353413095, 45.9604464605, 0.955944161743, 0.0381755589721, 0.0289333236815, 97, 2019
N, 100, 0.9797833067688944, 20.1480281512, 19.677524442, 0.995058450617, 2.96537091658, 3.20329370595, 97, 2019
E, 100, 0.9767403219843318, 38.3176838944, 32.3588456906, 1.16405891369, -0.170164429667, 0.017255649455, 97, 2019
Z, 100, 0.9997387525600699, 92.4775246392, 95.2030422239, 0.962603915948, -0.00408425702955, 0.0164462626019, 100, 2019
N, 100, 0.9882915165913603, 42.2332354677, 42.9647869932, 0.948670092658, -0.0755687834675, 0.0556109128711, 100, 2019
E, 100, 0.9962632328659179, 71.078756588, 61.1283420913, 1.15144658606, -0.0816883698532, 0.0121167517232, 100, 2019
Z, 100, 0.9996076750618313, 107.227247535, 109.858907396, 0.973340141183, -0.0228156707794, 0.00368002925131, 103, 2019
N, 100, 0.9975001113687224, 51.6506972129, 49.5497689095, 1.04246641993, -0.0715115891736, 0.0335749378074, 103, 2019
E, 100, 0.9968256445854758, 83.1297837403, 70.8352604388, 1.16348346253, -0.0750976357643, 0.0137271705119, 103, 2019
Z, 100, 0.9989999627414448, 72.5814456705, 72.824707916, 0.995535254584, -0.0512783016187, 0.00729543552558, 106, 2019
N, 10, 0.9996694913435111, 37.5390153941, 37.8273227553, 0.998882155099, 0.00799319469573, 0.0159937714615, 106, 2019
E, 100, 0.9971111298448984, 56.8343577299, 49.5375688825, 1.14688793575, -0.0676998243111, 0.00435223591532, 106, 2019
Z, -16, 0.998900782320328, 41.964633239, 42.5312307345, 0.9890869218, 0.0103491309307, 0.000345194101506, 109, 2019
N, 0, 0.9961759685607494, 16.4561669693, 16.5111784243, 1.0384528654, 0.0712755893142, 0.114127213139, 109, 2019
E, 100, 0.9832832130844045, 36.6299728764, 29.8213979057, 1.22436400481, -0.138020493451, 0.0187532940764, 109, 2019
Z, 97, 0.9998056027033021, 96.9755057565, 100.478087555, 0.955447371126, -0.00110249890037, 0.0128902035027, 112, 2019
N, 100, 0.9931783571004471, 47.281305732, 43.7668156513, 1.06415701155, -0.102460052272, 0.0347197058337, 112, 2019
E, 100, 0.990473959412432, 77.0670519556, 65.3458215802, 1.17114608301, -0.145601443107, 0.0238796584109, 112, 2019
Z, 100, 0.9994867673789262, 107.532801421, 111.273560995, 0.959819227346, -0.0117892152098, 0.0151540390964, 115, 2019
N, 100, 0.985827346681151, 49.1360573343, 49.7000421001, 0.962211224352, -0.126941022735, 0.0256189649905, 115, 2019
E, 100, 0.9975633039043271, 80.9801932576, 69.9295360814, 1.14594445823, -0.0473770409185, 0.0291128501613, 115, 2019
Z, 100, 0.9987188778421859, 79.5311477275, 81.8519388196, 0.967362116929, -0.0541417183267, 0.00903235292032, 118, 2019
N, 100, 0.9980989045589815, 39.919479214, 36.9106633207, 1.08416097467, -0.0656054874465, 0.00704699762913, 118, 2019
E, 100, 0.997330393886494, 61.0969273389, 53.1957390899, 1.14816941457, -0.0574333059651, 0.0247128720209, 118, 2019
Z, 64, 0.9990613824946054, 33.8913778279, 35.7284064284, 0.936365648065, -0.0517694840385, 0.0300477080487, 121, 2019
N, 100, 0.9949674011951138, 22.8549640063, 20.8942868421, 1.12208797135, -0.0787490730748, 0.0371307237774, 121, 2019
E, 0, 0.9985825873422365, 28.2002176563, 23.2093137629, 1.23736118697, 0.00569178085616, 0.0259305501753, 121, 2019
Z, 74, 0.9997949974798304, 110.339580722, 113.100237238, 0.966114612444, 0.00457120140582, 0.017460256285, 127, 2019
N, 100, 0.9962003307177034, 51.3693028958, 50.0634794918, 1.00772231012, -0.0459686830903, 0.0376609208361, 127, 2019
E, 100, 0.9941924064945132, 87.1022391983, 73.7924958375, 1.17673595515, -0.108529106186, 0.00974665238057, 127, 2019
Z, 100, 0.999623458217314, 127.424233655, 131.423310492, 0.963965051994, -0.0108086951631, 0.013636730513, 130, 2019
N, 100, 0.9901318743514166, 60.8105729448, 59.5110644379, 1.00465835182, -0.0956322320498, 0.00537329123971, 130, 2019
E, 100, 0.9974327324608895, 97.4365949976, 82.125634053, 1.17928231405, -0.0695762751128, 0.00376036998614, 130, 2019
Z, 100, 0.9984577121706568, 87.473585233, 90.0722053941, 0.958881342443, -0.0526170113454, 0.0140279882662, 133, 2019
N, 31, 0.9991340190190634, 46.0840354538, 41.1115650503, 1.12184736559, -0.030473567339, 0.00877856280964, 133, 2019
E, 100, 0.9989452701566379, 70.0724862298, 59.4412395634, 1.17183394293, -0.0352797897592, 0.0123009959411, 133, 2019
Z, 0, 0.9975038564923638, 43.1198342972, 44.2907870912, 0.977570140992, 0.0514914965946, 0.0342109291138, 136, 2019
N, 29, 0.9985593932646222, 18.1089334172, 18.3026633584, 0.995146277263, -0.00389885785869, 0.0339418125821, 136, 2019
E, 100, 0.9967543346003558, 32.5483452727, 28.3490933145, 1.14307262644, 3.07228820298, 3.12767219016, 136, 2019
Z, -100, 0.9997835829166763, 106.344828422, 109.515560109, 0.966726368352, 0.0233566391161, 0.0175167685059, 139, 2019
N, 100, 0.9976812068863508, 46.8105748562, 45.5648396247, 1.01786710895, -0.0507861314923, 0.0251099346851, 139, 2019
E, 100, 0.9978392822407278, 83.2852221618, 72.5495641772, 1.14509972774, -0.0619572887151, 0.0020267332403, 139, 2019
Z, -100, 0.32154977497028686, 37654.8099326, 133.12432127, 217.027723564, 1.2747533845, 0.88736923795, 142, 2019
N, 100, 0.041880259176888965, 1995.9967289, 59.1161701201, 25.6865270494, -1.27309811174, 0.799552786318, 142, 2019
E, 100, -0.15993991155996817, 820.534648327, 83.3187285196, 7.36052824288, -0.55288400632, 2.06151090743, 142, 2019
Z, -100, 0.9602939893308747, 89010.1577, 109.453008715, 728.587965452, -3.07938430843, 3.03442435353, 145, 2019
N, -100, -0.7370093106716342, 4696.90168964, 48.6324669107, 83.355976514, -2.49936874326, 0.157293679996, 145, 2019
E, 100, -0.02108726112815394, 2126.24190641, 67.2323460313, 28.066690929, 1.52822838772, 0.0523224533056, 145, 2019
Z, 78, 0.996681903638521, 54.6938548451, 60.8820870049, 0.871634932691, -0.0656822220068, 0.0420571612411, 148, 2019
N, -100, 0.9855699306877024, 22.5827765292, 27.4646894007, 0.84108038222, 0.157304436344, 0.0690777509621, 148, 2019
E, 100, 0.852486583737315, 27.5861329698, 39.2303363829, 0.607151181209, 0.665782597207, 0.797248878999, 148, 2019
Z, -100, 0.9965068246698848, 54.7864988339, 55.9401422877, 0.974336016116, 0.1351222777, 0.0876103402111, 151, 2019
N, -100, 0.9966522725019594, 22.9648898557, 21.159170826, 1.10123893075, 0.00993189280419, 0.06589824621, 151, 2019
E, -100, 0.9870810126766669, 44.523349741, 36.4279531333, 1.22882225388, 0.107166059603, 0.0193715868625, 151, 2019
Z, -26, 0.9999052586420678, 117.172223029, 118.787404343, 0.982807446842, 0.00914832325388, 0.00866251487978, 154, 2019
N, -20, 0.9993622619937924, 56.1825999317, 50.740565435, 1.11922247737, -0.0206218834133, 0.0348521173017, 154, 2019
E, 100, 0.9995987837610782, 90.2260707157, 78.6902986044, 1.1516921661, -0.0315974371972, 0.0180287754711, 154, 2019
Z, 87, 0.9998278357345729, 144.23752814, 151.281585772, 0.948532505533, -0.00384098096398, 0.0106425633253, 157, 2019
N, 0, 0.9996734768126453, 72.3158243794, 67.9745525118, 1.05976906409, 0.00816852837016, 0.0155678798313, 157, 2019
E, -100, 0.9995879814248672, 109.039437189, 95.4594230644, 1.13470395171, 0.0216451951715, 0.00639901309847, 157, 2019
Z, 100, 0.9989945615109468, 113.019548733, 118.901780891, 0.947538037736, -0.03394904966, 0.0135370557901, 160, 2019
N, 100, 0.9977664748698656, 57.6212818314, 53.5500427032, 1.06638432728, -0.0497160333424, 0.000974919703971, 160, 2019
E, -100, 0.9998373021435403, 83.456331255, 73.2969688957, 1.13682655349, 0.0238255148042, 0.00550371402965, 160, 2019
Z, 0, 0.9863091381306963, 40.4783831248, 46.5055302636, 0.892553402493, -0.501287785146, 0.49814969, 163, 2019
N, 0, 0.9988065268242803, 21.956322691, 21.8495912972, 1.00435461171, -0.0394254672234, 0.050370123739, 163, 2019
E, -100, 0.9791700876867286, 29.1717541699, 31.7608384443, 1.0006154081, -0.391797606168, 0.577100760006, 163, 2019
Z, -100, 0.9974158192308471, 99.4631901366, 102.885725567, 0.954780550258, 0.0949912973764, 0.0360098016692, 166, 2019
N, -100, 0.9976179339632151, 44.9656496239, 41.5297341972, 1.1075272423, 0.035428043516, 0.0317452324623, 166, 2019
E, -100, 0.9965641140472431, 82.8851775907, 67.8982461713, 1.23307654556, 0.0681892701262, 0.0229113903451, 166, 2019
Z, -100, 0.9995740256047406, 129.634232666, 138.456223078, 0.935158202348, 0.0405628652194, 0.0112426026889, 169, 2019
N, -100, 0.999812894762964, 65.292007271, 59.9811870091, 1.0811449293, 0.0199857111211, 0.00417971681866, 169, 2019
E, -100, 0.9990466995568114, 107.411607392, 89.2389857107, 1.19937934402, 0.033480451434, 0.0089224155403, 169, 2019
Z, 32, 0.9993324385890356, 114.403992207, 127.974188895, 0.885685548314, 0.000100640406521, 0.013413090487, 172, 2019
N, 34, 0.9981382229426206, 59.5318843628, 57.0792044961, 1.02559693951, -0.00756268047298, 0.0082837734848, 172, 2019
E, -100, 0.9948113952313156, 88.8921647181, 78.588713618, 1.12280041585, 0.11372431857, 0.0116886779509, 172, 2019
Z, -100, 0.9995279461709635, 76.7717066032, 84.9352785534, 0.903269796999, 0.03589668955, 0.00556724961371, 175, 2019
N, 0, 0.9992134648022912, 38.9523846509, 37.725737619, 1.02197394399, 0.020075548697, 0.000391495381798, 175, 2019
E, -100, 0.994136551906822, 63.7686250405, 51.9741667737, 1.22492622086, 0.104889755467, 0.0123571503457, 175, 2019
Z, -100, 0.986812436897695, 43.1624746972, 45.1191509493, 0.91876252152, 0.637560889304, 0.520343556636, 178, 2019
N, -100, 0.9939811610605318, 19.1793371069, 17.6773186009, 1.10414048576, 0.216769268724, 0.104509040904, 178, 2019
E, -100, 0.9818315459234063, 37.8750225961, 27.5910179381, 1.42388052119, 0.245683446065, 0.0727649892581, 178, 2019
Z, -100, 0.9972243762832399, 105.527471047, 106.58070112, 0.984263615337, 0.0934188187379, 0.0285254559813, 181, 2019
N, -100, 0.9967157787008641, 48.8733474004, 44.0719909138, 1.1384264742, 0.00963208823561, 0.0649004464571, 181, 2019
E, -100, 0.9989799926918467, 86.9845472981, 69.7525537534, 1.25325438131, 0.0261995583826, 0.0256384134109, 181, 2019
Z, -100, 0.9995544715201973, 149.878224633, 153.217258, 0.982450866998, 0.0266490967068, 0.0107556328309, 184, 2019
N, -100, 0.9994704904501214, 73.0536519841, 67.5400784534, 1.07722847677, 0.0373024286845, 0.000196499111938, 184, 2019
E, -100, 0.9977779638222399, 121.557444729, 100.051009663, 1.21014543948, 0.0075073469818, 0.0164812229326, 184, 2019
Z, 89, 0.9993951424217427, 129.816772729, 140.008421212, 0.917128661893, -0.00784529146032, 0.00938757480705, 187, 2019
N, 0, 0.9991656573351156, 65.8672223183, 63.0676367076, 1.03246693771, 0.00358097636117, 0.00174588998101, 187, 2019
E, -100, 0.9968234416701196, 98.5803038143, 84.8501045914, 1.14981847886, 0.073929411978, 0.0129239905345, 187, 2019
Z, 0, 0.9967246162574448, 58.3118434709, 66.413789696, 0.856681147824, -0.0568989563948, 0.100313268451, 190, 2019
N, 0, 0.9952146817891903, 28.543837127, 29.5880298389, 0.930247240058, -0.063699113007, 0.0866579268672, 190, 2019
E, -100, 0.9802669129897117, 47.0662175281, 40.6633830637, 1.16230384266, 0.191742511917, 0.00947794711102, 190, 2019
Z, -100, 0.9981224385918297, 89.2103244593, 87.4325108849, 1.03111282253, 0.0561581477741, 0.00724187533441, 193, 2019
N, -100, 0.9946493879547598, 38.1304637555, 34.6578545099, 1.12009122976, 0.0889817659528, 0.0214063939263, 193, 2019
E, -100, 0.9985887190613119, 69.2695725536, 55.0657923973, 1.27477601376, -0.0311686246698, 0.0609014614948, 193, 2019
Z, -100, 0.9993877657523923, 125.434727364, 128.281665916, 0.980788263235, 0.0353087935989, 0.00818867816493, 196, 2019
N, -100, 0.9979627582666252, 59.1166560834, 54.8855424393, 1.07729017746, 0.0693993687983, 0.00267855816128, 196, 2019
E, -100, 0.9985019857745062, 100.078733601, 83.581844451, 1.18900278839, 0.0409170628156, 0.00091734999619, 196, 2019
Z, -100, 0.9995607562095011, 124.492926572, 129.770604058, 0.956614165941, 0.0393503417536, 0.00831367531921, 199, 2019
N, -100, 0.9981564834251105, 62.2342494301, 57.6381341166, 1.07236851028, 0.0663568370773, 0.000231492138983, 199, 2019
E, -100, 0.9976552946028204, 98.0569365803, 80.9732268592, 1.20393293003, 0.0416902266428, 0.0215849673751, 199, 2019
Z, 0, 0.9998189209275222, 89.7690020953, 96.9753020009, 0.916696799593, 0.00209450710519, 5.73580176967e-05, 202, 2019
N, -100, 0.9975399813771394, 44.9003066772, 43.2124196911, 1.01965717509, 0.0389211283641, 0.00830444065946, 202, 2019
E, -100, 0.9932274036273656, 68.32009651, 57.2925439301, 1.18089721284, 0.120477172892, 0.000682161101923, 202, 2019
Z, -100, 0.9790802951769376, 35.493298507, 47.0818979979, 0.719361805656, -0.283593048781, 0.384969534094, 205, 2019
N, -100, 0.9945731955063475, 21.1421669424, 21.3798194682, 0.970748963999, 0.0628122034916, 0.0552646453222, 205, 2019
E, -100, 0.9339528327498596, 31.1350427143, 27.5147305068, 1.20232023564, 0.761733374036, 0.455000512739, 205, 2019
Z, -100, 0.9980077298794373, 83.9569448096, 82.7000348196, 1.04206247468, -0.030900145962, 0.069029474325, 208, 2019
N, -100, 0.9889847533358235, 39.3614372613, 33.8403265402, 1.19911124227, 0.103209229098, 0.0464172979741, 208, 2019
E, 100, 0.9949262350048118, 62.8806570449, 51.4022245532, 1.19479489872, -0.0417838942232, 0.00238849667356, 208, 2019
Z, -100, 0.9996327150852357, 136.244409871, 138.08859811, 0.987779623768, 0.0309454964067, 0.0027565364437, 211, 2019
N, -100, 0.9958752510218659, 66.2359423177, 60.2345404997, 1.10444040377, 0.0900818463971, 0.0107578834381, 211, 2019
E, -100, 0.9985026594786124, 107.564563502, 89.628154, 1.19486098201, 0.0464207439241, 0.00858262338966, 211, 2019
Z, -100, 0.9996947095528319, 136.744049021, 141.675651359, 0.964745065177, 0.034266258672, 0.00978440307697, 214, 2019
N, -100, 0.9972542363055014, 69.3236038836, 64.3300975641, 1.08140389376, 0.0812156727059, 0.00167256713516, 214, 2019
E, -100, 0.998555585290825, 109.076150053, 89.0185357259, 1.21929263385, 0.0319127768042, 0.0143746697795, 214, 2019
Z, 100, 0.9982165622832895, 71.7193288674, 78.8710457967, 0.909173327432, -0.0358786380747, 0.0273082944497, 217, 2019
N, 100, 0.9952437897175723, 37.7847057669, 34.5386386925, 1.07129304921, -0.0745213125525, 0.0153582084974, 217, 2019
E, -100, 0.9970518054557875, 51.9641083568, 42.9789446668, 1.18388964997, -0.00462495048876, 0.0586749730328, 217, 2019
Z, -100, 0.9894093376228459, 65.5649389555, 65.5314660593, 0.989309809589, 0.182874165333, 0.0736016547725, 220, 2019
N, -100, 0.9927591394855044, 29.1672429624, 25.9459495458, 1.1127533582, 0.191381925795, 0.0936513895603, 220, 2019
E, -100, 0.9859399697573582, 56.1285626218, 40.0856744696, 1.4666961951, 0.0709348606785, 0.0805906326866, 220, 2019
Z, -100, 0.9995518943727179, 109.493097962, 110.016310757, 1.0017531344, 0.0196016037819, 0.0156296958072, 223, 2019
N, -100, 0.9977675884696101, 53.4004361379, 47.3905390559, 1.12705126665, 0.0682617744343, 0.00778842187533, 223, 2019
E, -100, 0.9985037324029589, 85.5772513406, 70.3826164654, 1.2043355275, 0.0366820733691, 0.0169631727131, 223, 2019
Z, -100, 0.9997439826607301, 114.405969377, 116.164762934, 0.98565645246, 0.0326178180808, 0.0122943270324, 226, 2019
N, -100, 0.9958369814397425, 54.6206293387, 51.1858517858, 1.05946363186, 0.101019965829, 0.00742874604361, 226, 2019
E, -100, 0.9985549087876648, 87.793629025, 74.4783287755, 1.1744035379, 0.0386838033822, 0.0120083889185, 226, 2019
Z, 34, 0.9997970371137623, 88.9952660169, 91.5443242344, 0.974278870586, 0.00485824180094, 0.0160528629071, 229, 2019
N, 0, 0.99526232952632, 40.8219453441, 40.6074421577, 0.983589595045, 0.00906160960908, 0.0246452099326, 229, 2019
E, -100, 0.9981708616333574, 63.6273605416, 54.964363521, 1.1405701416, 0.00751633943115, 0.0408709603125, 229, 2019
Z, 63, 0.9995083533408907, 43.6435871785, 44.5786338053, 0.983682637161, -0.00530929731289, 0.0206423047651, 232, 2019
N, 100, 0.9612266211083546, 16.3182059749, 19.6519141275, 0.769334993042, -0.181932635082, 0.140671512641, 232, 2019
E, -100, 0.9899609083047022, 25.9451488341, 23.2557773292, 1.08263732011, 0.0788222285358, 0.0548103707019, 232, 2019
Z, -57, 0.9998174074906971, 55.7487895166, 57.0761109601, 0.971516899644, 0.0192861241602, 0.0156778356654, 235, 2019
N, -100, 0.991838819340424, 28.2594784766, 23.4838513676, 1.21015735103, 0.120132090858, 0.0242065100866, 235, 2019
E, -100, 0.9991682931023349, 41.0101581223, 34.9583815267, 1.17115531891, 0.0478178899799, 0.0013632515767, 235, 2019
Z, 0, 0.9999752873394386, 110.601995516, 111.435415873, 0.992316078652, 0.00266850764885, 0.00474142021702, 238, 2019
N, -100, 0.9951500836308161, 54.4043059898, 49.1427721076, 1.09923725582, 0.11633420501, 0.0194624328, 238, 2019
E, -100, 0.9988747919814138, 82.0704406246, 71.3268137007, 1.14966400598, 0.0486240548351, 0.00750291950256, 238, 2019
Z, 100, 0.9999945248388846, 125.522073768, 126.277992035, 0.994479728206, -0.00679763552631, 0.00254663093926, 241, 2019
N, -100, 0.9952087563630931, 60.5818064258, 57.3356190936, 1.05191533562, 0.104255575302, 0.00187153061246, 241, 2019
E, -100, 0.9988469963837254, 93.0559015968, 81.7315735155, 1.13228843038, 0.0415169544856, 0.00551099237907, 241, 2019
Z, 100, 0.999655917726252, 75.3069461175, 76.9010108058, 0.987501544227, -0.0150307108879, 0.0159414552424, 244, 2019
N, -100, 0.9954318821147153, 35.6634251199, 33.9523516106, 1.04574870124, 0.0998923890443, 0.00250843934279, 244, 2019
E, 0, 0.9966358851779118, 51.7042058971, 42.8993939223, 1.18548382548, -0.00480450318026, 0.0400426548514, 244, 2019
Z, 100, 0.09365209108763356, 2927.99780084, 50.0757099009, 40.2473284364, -2.26790346053, 1.19535134735, 247, 2019
N, 100, 0.5199953733085233, 545.411529775, 20.2380864426, 18.4590718152, 1.50148533965, 1.9873631171, 247, 2019
E, -100, -0.29023089733579893, 693.45597418, 31.9206726215, 14.0763237771, -0.583699046048, 2.02849000887, 247, 2019
Z, 100, 0.9477059095035171, 79651.6453916, 94.232776462, 738.575514777, -0.148658264043, 0.124583725926, 250, 2019
N, -100, 0.8595811290755576, 52299.8341836, 42.1258012141, 1075.19846234, 0.564399751961, 0.215258765203, 250, 2019
E, 100, 0.024779603148424402, 60831.9739821, 59.1121357043, 909.595695106, -1.46121604299, 0.15764755368, 250, 2019
Z, 100, 0.5469931633292126, 36733.0248646, 97.0095501537, 221.975130885, -0.933324997982, 0.6409223062, 253, 2019
N, -100, 0.6659815119021183, 30746.6423949, 43.6016547753, 423.487916695, 2.88203002239, 2.4905099748, 253, 2019
E, -100, -0.2802677299922404, 35869.3886696, 62.7663106785, 336.906271135, -2.25195663912, 0.66712397259, 253, 2019
Z, 100, 0.9998231405441717, 71.9179186611, 73.1107471699, 0.983750568186, -0.023085066142, 0.00344362518121, 256, 2019
N, -100, 0.986426649966771, 34.7371794123, 32.3653540561, 1.08566880202, 0.15370231179, 0.023022482941, 256, 2019
E, -100, 0.9979186858115452, 52.6548084323, 45.8476544658, 1.13457590079, 0.0254066834196, 0.0207973041284, 256, 2019
Z, 100, 0.9971353307924989, 28.9272540421, 31.0800093928, 0.93206415777, -0.0774033355388, 0.0298010821832, 259, 2019
N, 100, 0.9668508158609195, 10.1896810935, 12.5529405243, 0.743370952787, -0.132207426103, 0.109033661708, 259, 2019
E, 0, 0.9580928312592946, 16.8851225611, 14.6211908642, 1.04832222309, 0.0296645028312, 0.277130150581, 259, 2019
Z, -100, 0.9991905011103192, 47.5507498047, 48.6231749425, 0.977176706705, 0.0471633722967, 0.00811736050452, 262, 2019
N, 100, 0.9915553743647576, 23.1912917095, 21.155246274, 1.16613705244, -0.173899808864, 0.158649518269, 262, 2019
E, 100, 0.9976775265967829, 38.9081917477, 32.5005583729, 1.18028575108, -0.0606328680004, 0.00943587777471, 262, 2019
Z, 2, 0.9999267950516884, 94.016667504, 95.2375458833, 0.985051414876, -0.00853769334619, 0.000210542683361, 265, 2019
N, -100, 0.9920481345956711, 49.8997009117, 43.0354781325, 1.16278348545, 0.141814595297, 0.0377547928773, 265, 2019
E, -100, 0.9989397870919967, 71.0973669807, 60.2531416082, 1.17458797206, 0.0528544894297, 0.00109641341138, 265, 2019
Z, 0, 0.9999729926600727, 104.289289588, 106.316504746, 0.980150168914, -0.00493454961174, 0.00286291490489, 268, 2019
N, -100, 0.9995677182985135, 54.1553239614, 49.4463884578, 1.0857657437, 0.0334165506149, 0.00722121804013, 268, 2019
E, -100, 0.9986529261694749, 81.0157108094, 68.9541832056, 1.17025703456, 0.0594035488359, 0.00541388820123, 268, 2019
Z, 100, 0.9999167006729436, 61.2905624301, 62.2082176941, 0.988782999804, -0.0105520579136, 0.00877937781301, 271, 2019
N, -100, 0.991269148299117, 27.23599043, 28.7148090781, 0.908153333892, 0.0390024576035, 0.0422854653501, 271, 2019
E, 0, 0.9923242959213227, 45.3808958971, 39.3630382934, 1.11331569229, 0.000133249862095, 0.0524963668008, 271, 2019
Z, -100, 0.9996657701803557, 54.1832105017, 54.0180849514, 1.00891549624, 0.0199892068955, 0.0135307777668, 274, 2019
N, 100, 0.995902844784819, 24.3628008238, 22.7682486593, 1.03815922228, -0.00812460278243, 0.0618155591169, 274, 2019
E, -100, 0.9872472263457882, 43.9613619896, 37.6307343379, 1.13331309149, 0.0932242617299, 0.0814469172996, 274, 2019
Z, 0, 0.9999012520173018, 97.5925728665, 99.1092034914, 0.981357756252, 0.00780688662057, 0.00336716042147, 277, 2019
N, -100, 0.9968205796865051, 48.5982571977, 44.9806033073, 1.08154074858, 0.0516480011225, 0.029576431826, 277, 2019
E, -100, 0.999703969098379, 73.3464693961, 63.5760518074, 1.14529946553, 0.0138507762698, 0.00298380242312, 277, 2019
Z, 0, 0.9999319931860517, 92.7124870372, 93.77232497, 0.98612653133, -0.0052892830552, 0.00397098844964, 280, 2019
N, -100, 0.9990631746235628, 47.4875843463, 43.849530734, 1.08141960309, 0.0498912368559, 0.0208022462257, 280, 2019
E, -100, 0.9989055130660041, 67.5390603532, 59.0955004783, 1.13914057783, 0.0566695000942, 0.0181239672452, 280, 2019
Z, 100, 0.9995356356967849, 58.9372502717, 59.4220357316, 0.984614957678, -0.0360227063004, 0.0168088906341, 283, 2019
N, -100, 0.9957859318926214, 30.218337337, 26.5574553005, 1.12959026776, 0.101211651782, 0.0060724056809, 283, 2019
E, -100, 0.9976815105383133, 44.7470032242, 38.368956172, 1.14723955785, 0.0568111984819, 0.00544006583241, 283, 2019
Z, 0, 0.9959609292635043, 15.3599824483, 15.6018683665, 0.97249172124, 0.0676437514708, 0.101364062306, 286, 2019
N, 100, 0.9467728444367504, 5.57595489041, 5.15771154757, 0.898168961414, -0.470438749623, 0.292420892991, 286, 2019
E, 100, 0.977633799981752, 11.7795261624, 10.2112267394, 1.15681081671, -0.152681036883, 0.0180208350639, 286, 2019
Z, -59, 0.9997867683732167, 63.5282937739, 63.4953067894, 0.991418302152, 0.0187792162074, 0.0178178891475, 289, 2019
N, -100, 0.9962568161760007, 31.6601887279, 27.9771713464, 1.14075397401, 0.0758158264207, 0.00707707570977, 289, 2019
E, -100, 0.9921398928319751, 51.6141186923, 43.6917343525, 1.17567575768, 0.0882500584741, 0.0410186099371, 289, 2019
Z, 0, 0.9999026756346419, 103.167584544, 104.850170392, 0.980666240757, 0.00189535989596, 0.00796131770346, 292, 2019
N, -100, 0.9963697164248245, 54.9818413915, 47.6612403885, 1.16490289437, 0.0582901818201, 0.0192876424677, 292, 2019
E, -100, 0.999861964101164, 79.0005817199, 68.0641835388, 1.16254623305, 0.0174321582328, 0.000362907897475, 292, 2019
Z, 100, 0.9996133933669618, 106.937582305, 108.127904324, 0.984396897992, -0.025620331977, 0.00351163822266, 295, 2019
N, -100, 0.9960262826425671, 56.3727983168, 50.9558025765, 1.11154631895, 0.0957478181709, 0.0331956565492, 295, 2019
E, -100, 0.9993469559048535, 80.36463742, 68.4726248759, 1.17566609048, 0.0383136835987, 0.000271168840384, 295, 2019
Z, 58, 0.9994778615268461, 58.6258082228, 59.8591335107, 0.977212920797, -0.0296684611639, 0.00753615892573, 298, 2019
N, -100, 0.9925844797934664, 29.518353731, 28.0919477331, 1.00921592901, 3.14151402911, 3.03365799114, 298, 2019
E, -100, 0.9955586753529078, 43.9326476697, 38.4572618119, 1.13538493385, 0.0849097202611, 0.0120274223235, 298, 2019
Z, -100, 0.9995530112113241, 65.0903754107, 65.1217373488, 0.99548272938, 0.025011978614, 0.0194672493818, 301, 2019
N, -100, 0.9979585962667462, 29.6060334782, 26.6258416315, 1.12540504027, 0.00316634070617, 0.0523917242527, 301, 2019
E, -100, 0.9989644573025089, 53.3650648987, 44.5977454588, 1.18958421794, 0.0166774768678, 0.00134789474219, 301, 2019
Z, 0, 0.9999136005798989, 118.904997975, 120.407166846, 0.983505817804, 0.00598657763684, 0.00955054733674, 304, 2019
N, -100, 0.9992249682349731, 58.7448676009, 54.8307004221, 1.07746154215, 0.0373410168883, 0.00357034408162, 304, 2019
E, -100, 0.9989866044967829, 92.4646902723, 79.503700959, 1.16212841292, 0.046480890385, 0.0197514850463, 304, 2019
Z, 100, 0.9995599732238059, 114.572936342, 116.887548413, 0.977024462644, -0.0201035911261, 0.00589815443272, 307, 2019
N, -100, 0.9927944540522418, 59.6538424727, 54.3826879124, 1.10074355685, 0.144257433076, 0.0441973867125, 307, 2019
E, -100, 0.998660114373796, 87.989831576, 73.7630089668, 1.19558723684, 0.0612304413068, 0.00971181991146, 307, 2019
Z, 100, 0.998829733722561, 74.4198261764, 74.5468183317, 0.996980482871, -0.0437276917975, 0.00304579382468, 310, 2019
N, -100, 0.9953353916874877, 37.4475488356, 34.4957599989, 1.06508949996, 0.0805630715609, 0.0238341795638, 310, 2019
E, -100, 0.9995132393162179, 53.9195546145, 45.9047693779, 1.17358558737, 0.0391618405731, 0.00674972656502, 310, 2019
Z, 100, 0.9942734539977421, 23.5817571961, 25.7237906129, 0.961173663879, -0.289604935505, 0.281719337511, 313, 2019
N, -100, 0.9859559700791082, 11.7381555226, 7.89598290192, 1.45145807822, 0.0631643313246, 0.0910357550329, 313, 2019
E, 59, 0.9965977954875157, 18.9063950225, 15.8040437751, 1.15909196852, -0.201660866246, 0.206976213369, 313, 2019
Z, 100, 0.9998458924982828, 77.4398735011, 78.4160553492, 0.97920535127, -0.000378368623304, 0.0144156362483, 316, 2019
N, 0, 0.998860591490918, 37.0377805216, 34.0210217456, 1.06054958094, 0.0309998320678, 0.036177108695, 316, 2019
E, 0, 0.9991077260722443, 61.3693395175, 52.4547419523, 1.16800066163, 0.0141492040947, 0.0132972571981, 316, 2019
Z, 5, 0.9998188484109517, 123.291681822, 125.648892196, 0.973217767972, 0.00742984401269, 0.0159063162038, 319, 2019
N, -100, 0.999087609700746, 60.896259792, 57.3029964764, 1.0696358124, 0.0455015847266, 0.000953419698144, 319, 2019
E, -100, 0.999563421807149, 96.5255889506, 82.7814961536, 1.16324496421, 0.0358854072245, 0.0132017103015, 319, 2019
Z, 9, 0.9996810493222303, 127.460699872, 131.359016018, 0.963724773509, -0.00538872841087, 0.0106412483083, 322, 2019
N, -100, 0.9970091346950753, 67.8954149584, 61.0311186841, 1.11123723208, 0.0412137062958, 0.0207670635998, 322, 2019
E, -100, 0.9994978432283346, 98.6825115635, 83.7319053836, 1.18170650107, 0.0253621387731, 0.0135202821902, 322, 2019
Z, 100, 0.9985664270780118, 81.8995698235, 82.2360496653, 0.993345123628, -0.05493188609, 0.000712456182746, 325, 2019
N, -100, 0.9852797280164651, 39.2940472106, 39.5607040624, 1.0188700397, 0.213261310411, 0.089436072327, 325, 2019
E, -100, 0.9935713007457541, 57.9885603189, 49.6899933873, 1.19393600967, 0.146424031558, 0.0681606217494, 325, 2019
Z, -100, 0.9987260948183546, 64.5351983004, 64.7695415484, 0.99317907566, 0.0603435608625, 0.0300639129619, 328, 2019
N, 100, 0.9669975905604153, 24.834697079, 24.3736298328, 0.933843264759, 0.160526429671, 0.323449920719, 328, 2019
E, 100, 0.9943177042622293, 49.203729379, 42.6658725267, 1.11981421385, -0.0231555347432, 0.0666200555169, 328, 2019
Z, 0, 0.9998526570706243, 131.88342324, 133.197796747, 0.982914840827, 0.0109563727341, 0.0149154380676, 331, 2019
N, -100, 0.997257344399831, 63.9110825826, 60.1671638048, 1.07126405014, 0.0855327016858, 0.0179172118186, 331, 2019
E, -100, 0.9995032265217294, 103.527967106, 87.6676931555, 1.18773079661, 0.0336906922089, 0.0182729251255, 331, 2019
Z, 33, 0.9997246765045964, 140.986389943, 144.525758637, 0.968366844535, 0.000203476040767, 0.0142586609601, 334, 2019
N, 0, 0.9996974838473727, 72.7037979383, 66.6928868363, 1.0764697721, -0.0222460620062, 0.026965137684, 334, 2019
E, -100, 0.999780105632146, 108.136739349, 92.7305652412, 1.16404609369, 0.0192956474232, 0.00626562123006, 334, 2019
Z, 100, 0.9991156306707311, 103.180238026, 106.531820466, 0.962521131035, -0.0240257852884, 0.0102243529073, 337, 2019
N, -100, 0.9976438420065601, 51.2095134343, 48.992019191, 1.04575247656, 0.0887494668135, 0.0219204136542, 337, 2019
E, -100, 0.9987315032469226, 75.3693332059, 65.0861707529, 1.16281376627, 0.0690597373885, 0.0269130105092, 337, 2019
Z, 100, 0.9733620099087877, 48.1461553731, 52.4511560427, 0.856805060474, -0.343366637069, 0.189741938465, 340, 2019
N, -100, 0.9862543396029854, 23.4633595109, 21.4177046806, 1.13158067529, 0.269466196836, 0.132793225632, 340, 2019
E, -100, 0.9843362802607571, 31.0839251849, 29.2827357802, 1.06200984101, 0.350142722031, 0.300433111612, 340, 2019
Z, -100, 0.9971377865920708, 77.2615253189, 77.2388171724, 1.03630947652, -0.0441464222705, 0.0827414620987, 343, 2019
N, 100, 0.983840992753038, 27.7838303763, 31.5821938996, 0.822564515492, -0.0451087259609, 0.0539104746441, 343, 2019
E, 100, 0.9799005758730421, 55.1526391367, 50.0155327623, 1.06446345053, -0.0873837270955, 0.0412854351234, 343, 2019
Z, 77, 0.9999032270740507, 133.364612178, 135.22874822, 0.980447395571, 0.00229581027158, 0.0112451767735, 346, 2019
N, -100, 0.9948391121622411, 67.3715719055, 60.9796655781, 1.10410536061, 0.100691292078, 0.0313952165908, 346, 2019
E, -100, 0.9992364623883846, 107.411273537, 88.4002295064, 1.2157310668, 0.00745034431015, 0.0132384749045, 346, 2019
Z, 95, 0.9996530712111252, 150.056973542, 155.136699682, 0.960435025427, 0.000144261436268, 0.0181445596675, 349, 2019
N, -100, 0.9995374792484302, 76.1192749117, 71.6375166635, 1.05850473644, 0.0235327899712, 0.0107748816497, 349, 2019
E, -100, 0.9992523167786033, 112.758045024, 99.4077231829, 1.13771653294, 0.0516490442678, 0.0165664635749, 349, 2019
Z, 100, 0.9983795842540751, 107.13369899, 111.38953747, 0.952291305183, -0.0330519680705, 0.0107272074857, 352, 2019
N, -100, 0.997775114988701, 56.4377942969, 53.6399094961, 1.05173931536, 0.0742870513832, 0.00642346754958, 352, 2019
E, -100, 0.99636740455891, 76.8091068982, 69.1517816617, 1.12317830178, 0.109733112997, 0.0440126557083, 352, 2019
Z, -100, 0.9735184867584841, 35.7031644649, 54.6501389913, 0.605737193936, 1.27228138703, 1.31804180941, 355, 2019
N, 100, 0.6983616571972503, 18.0082455173, 18.6019639806, 0.969677506783, 0.437574114609, 5.14880519341, 355, 2019
E, 100, 0.7987319180659905, 33.7837384804, 33.8000815894, 1.10059672203, -1.2752838907, 0.821071991099, 355, 2019
