Chan, Phase Shift, Correlation, ptp-data, ptp-synthetic, rat, phasem, phasestd, DOY, Year
Z, -61, 0.9694843201417536, 864.194699378, 102.859161848, 8.07525712271, 0.182440538744, 0.191972252887, 1, 2019
N, -100, -0.6941385795827676, 146.791625809, 7.42026474804, 22.4989809309, 0.0838275160448, 3.66726727335, 1, 2019
E, -100, -0.8975790245780495, 256.891442424, 108.398761841, 2.67707236969, -0.163450131052, 2.78017205584, 1, 2019
Z, 100, 0.9845870982059771, 1377.73228717, 163.452679858, 8.03159332277, 0.0638672637486, 0.168541917855, 4, 2019
N, -100, -0.36717786157033216, 35.0957836, 13.3257970426, 1.71662612757, 2.56403452794, 1.07700709769, 4, 2019
E, 100, -0.2973404643202219, 162.124965832, 192.199623925, 0.67455415635, -1.33724156159, 2.64444157334, 4, 2019
Z, 100, 0.9859760593117155, 1762.07830114, 176.857861804, 10.1129866317, -0.183690095994, 0.078387393504, 7, 2019
N, 100, 0.6438277606565938, 140.180012001, 16.9144123442, 7.95200715572, 2.36561224442, 3.01143858587, 7, 2019
E, -100, -0.44505908053189946, 148.45471584, 219.465703543, 0.555394491294, -2.11996228032, 0.631878097876, 7, 2019
Z, 100, 0.9988603699005341, 1409.88903272, 143.568199502, 10.0244164326, -0.0273708882997, 0.00504980651725, 10, 2019
N, -100, -0.1760237073856367, 137.334324375, 14.9660204338, 6.35782663932, 3.14814248972, 1.48730055285, 10, 2019
E, -100, -0.08799474448007807, 174.606771011, 186.892496677, 0.760841157169, 0.0918676421885, 1.62526771716, 10, 2019
Z, 100, 0.9906129351673595, 773.023084548, 77.6956574056, 10.418018291, 0.000562791852457, 0.0838980885082, 13, 2019
N, -100, -0.1512208072338168, 216.621455645, 8.95538695925, 25.106674599, 1.41828044256, 3.08329371923, 13, 2019
E, 100, 0.08212925000748313, 429.97369153, 119.190021633, 4.45708935615, 1.7789432807, 3.42404502951, 13, 2019
Z, -100, 0.703711997898765, 773.759349029, 98.3323810654, 7.24319141034, 0.347104275827, 0.305616303595, 16, 2019
N, -100, -0.9674107123526158, 93.9569306568, 7.61735931662, 12.9607530234, -0.0184690321547, 3.32997214808, 16, 2019
E, 100, -0.7382104099759439, 317.90704882, 104.827019228, 3.20080718547, -0.96883148383, 2.50633173354, 16, 2019
Z, 100, 0.9885167734282883, 1670.10683175, 184.160957297, 9.30365644454, -0.178419112178, 0.132275510455, 19, 2019
N, -100, -0.40205419003158765, 124.674305784, 15.4356721058, 6.40980592066, 1.20353553665, 2.74916906347, 19, 2019
E, -100, 0.6017279333942328, 129.597845363, 215.359608928, 0.533595287504, -2.4120618078, 2.99052477972, 19, 2019
Z, -100, 0.9935182621492011, 2134.96879424, 206.179542692, 10.3782010301, -0.00119949502925, 0.0777874971413, 22, 2019
N, -100, -0.7206017947967496, 246.862109796, 20.5950153386, 7.18476516426, 3.36726978079, 0.501756732149, 22, 2019
E, 100, 0.7757528065033866, 341.559548662, 254.806666944, 0.914276670792, -0.699606371799, 0.403438692455, 22, 2019
Z, 100, 0.9918724360608697, 1079.16610286, 128.138763181, 8.58821374053, 0.0160910357492, 0.101770600764, 25, 2019
N, 100, 0.027318647580574604, 45.4295398758, 16.8016157785, 2.7866999898, 1.89697747449, 2.71337401654, 25, 2019
E, 100, 0.20149187366248775, 309.745253776, 175.984946383, 1.90980960755, -1.19300463884, 0.355417405753, 25, 2019
Z, 100, 0.8726545117458339, 563.641080207, 71.1752069098, 7.61461538336, 0.138449747264, 0.205738605443, 28, 2019
N, -100, -0.5598068796433803, 76.3958933285, 7.27999214415, 13.827115451, 1.79507003415, 2.17851400596, 28, 2019
E, -100, -0.7712552412782967, 216.293202066, 73.5685443929, 3.68129024507, -1.36027846119, 1.57313648171, 28, 2019
Z, 100, 0.9939161509887616, 1108.86102205, 134.426278537, 7.95934768232, 0.0385829809203, 0.099352242832, 31, 2019
N, 100, -0.9534891570790338, 136.912217718, 10.5261298184, 12.5689243849, -0.342186191317, 3.23483061643, 31, 2019
E, 100, -0.8374324230318076, 307.011019466, 153.439485775, 1.87544356009, -0.729545667336, 2.87011307779, 31, 2019
Z, 100, 0.9869861181774872, 1575.85490578, 156.892302906, 10.0056353995, -0.202201632096, 0.124561571595, 34, 2019
N, 100, -0.8874139103141456, 33.7459640228, 14.153541491, 1.76120028898, 2.72094923524, 0.203369211044, 34, 2019
E, 100, -0.923667518304981, 106.776874426, 195.438086928, 0.50298726787, -0.456918994792, 2.79353186367, 34, 2019
Z, 100, 0.9857465182663563, 1185.4588003, 138.476301201, 8.37541968931, 0.0938941863458, 0.146415089154, 37, 2019
N, 39, -0.8719944971282201, 35.1850874439, 14.6144762073, 1.77524035606, 2.77701324741, 0.514340553521, 37, 2019
E, -100, -0.24723680686941285, 109.565061173, 177.249066521, 0.517148532772, -1.35306489817, 0.840752406112, 37, 2019
Z, 100, 0.7467711782496906, 637.920518824, 82.3109778591, 5.34853747028, -1.23707711435, 0.787936747182, 40, 2019
N, 100, -0.31751907071730934, 40.376815549, 10.6136128258, 3.75102201756, 3.08362945432, 1.02883897019, 40, 2019
E, -100, -0.6867674558929737, 244.094793955, 117.012694767, 2.20272657328, 0.915254558409, 3.44481509924, 40, 2019
Z, -90, 0.9477245306333828, 595.898599418, 59.3719186628, 9.7469100612, 0.0878435117861, 0.151963128313, 43, 2019
N, -100, 0.5887042846459544, 179.598544598, 4.70149548552, 45.5945366636, -0.505160579989, 1.15329391206, 43, 2019
E, -100, 0.09717116529914445, 292.343284081, 59.5685826445, 6.21249588204, -2.66514098936, 2.06916637219, 43, 2019
Z, 100, 0.9553440211258825, 1460.91450686, 141.650157971, 10.5957241485, -0.339273711771, 0.210414680596, 46, 2019
N, -100, 0.18310714259958105, 104.282838622, 11.4458298652, 3.19357423073, 0.117994985705, 1.31830777512, 46, 2019
E, -100, 0.4333232271033895, 226.984995333, 156.812174983, 0.77328152288, 1.62084606006, 1.2341881474, 46, 2019
Z, -100, 0.9957237940747353, 1580.65120362, 178.307557917, 8.79565978612, 0.0755351316238, 0.0560473170826, 49, 2019
N, 100, -0.9271414741935764, 107.224661846, 16.6030939703, 5.71658982344, 2.84210781795, 0.322409280361, 49, 2019
E, -100, -0.9497720739001273, 163.459902772, 221.21855451, 0.739207774523, 0.237101168635, 3.08699394457, 49, 2019
Z, 100, 0.9773054089721871, 1036.32033131, 132.857200065, 7.89912068077, -0.14300986996, 0.0861484263202, 52, 2019
N, -100, -0.19873106936267326, 79.7255489881, 17.0039945668, 4.77224496674, 1.55004537453, 2.67226934828, 52, 2019
E, -100, -0.42865603883546005, 186.02111529, 168.368922561, 0.924125559556, -1.53709751544, 0.806537525799, 52, 2019
Z, -100, 0.8888879388560973, 435.944843053, 40.300221357, 10.4411808544, 0.196070027309, 0.116565480796, 55, 2019
N, -100, -0.48181133817033583, 156.417679151, 9.292169324, 22.8462927629, 1.5421193146, 2.21324961912, 55, 2019
E, -100, -0.5772066003593292, 327.364753204, 65.7784281256, 7.50249186073, -1.77520019493, 1.37672375578, 55, 2019
Z, -100, 0.997498775833862, 990.465687637, 106.547370323, 9.57736897975, 0.00521984037954, 0.0469479769126, 58, 2019
N, 100, -0.40586751603858195, 195.922612775, 8.15993023151, 20.8372817421, 1.62707383158, 0.638082159011, 58, 2019
E, 100, -0.4012047636615318, 347.231364533, 113.969146606, 3.19658402716, 1.7308878904, 0.425625543413, 58, 2019
Z, 100, 0.9902019386750824, 1319.41273985, 127.334486116, 10.5765916129, -0.163569665758, 0.0664267317441, 61, 2019
N, 100, -0.5337930941959518, 106.809601218, 10.8543305911, 9.27040186443, 1.9561039886, 0.252918517884, 61, 2019
E, -29, -0.9183131192896131, 402.032220686, 154.702748798, 2.1149718448, 0.323406955494, 2.803961568, 61, 2019
Z, 100, 0.9862553257941176, 1094.64640084, 111.71369493, 9.6577589167, -0.204127774601, 0.0688202756183, 64, 2019
N, 100, -0.9182405488624015, 159.20337734, 11.3357543674, 13.1297317472, 2.9719321108, 0.203118974151, 64, 2019
E, -100, -0.9010225941992271, 679.415754036, 145.949484608, 4.38647350938, 0.442212028536, 3.12925633922, 64, 2019
Z, 100, -0.2731872663680177, 16604.2955291, 68.8321824262, 238.584898812, -0.629271151058, 2.29167414351, 67, 2019
N, 100, -0.7290110202039561, 73.507515121, 10.1501384893, 6.90939527496, 1.31096287074, 1.94864456753, 67, 2019
E, -100, -0.8309101313595673, 309.133674837, 90.9319746966, 3.59087634011, 0.768515051836, 3.52380326507, 67, 2019
Z, -100, -0.05359739799506328, 21938.3723769, 41.8697419017, 474.640465346, 1.06355638214, 4.19601118522, 70, 2019
N, 100, -0.270468483552521, 236.027625421, 5.09657003035, 68.5483588324, 0.779735158101, 1.4332597254, 70, 2019
E, 100, -0.3508968968650321, 790.204273701, 44.9883828942, 19.3431854829, 1.50081431347, 0.769292976597, 70, 2019
Z, 100, 0.9348742226305542, 952.930243667, 113.238175094, 7.97360140293, -0.206335838893, 0.0030718818394, 73, 2019
N, -100, 0.1448722314117477, 250.246246914, 9.30921679054, 26.0038575904, 0.969942585649, 0.555985987467, 73, 2019
E, 100, -0.41047032965716806, 877.920851504, 123.504015791, 7.30359746311, 1.75562155012, 0.322360191181, 73, 2019
Z, 100, 0.9860979812413613, 1170.82368943, 145.682251578, 8.13774540757, -0.166878222476, 0.0125535222568, 76, 2019
N, 100, -0.5206436239413736, 300.251890809, 12.9965353928, 22.873341211, 2.0847702832, 0.0465093939973, 76, 2019
E, 100, -0.931622786907501, 1028.82704056, 174.010227733, 5.55549181591, 2.80504240335, 0.026147804405, 76, 2019
Z, 100, 0.9575363743204935, 1517.8822732, 109.317350012, 13.3696937976, -0.301121361776, 0.060676875547, 79, 2019
N, 100, -0.7269471476558069, 312.592652408, 13.2310304633, 23.137393767, 2.48591911267, 0.137002212758, 79, 2019
E, -100, -0.9467023667805029, 1199.54853951, 144.834367314, 8.27271286238, 0.356697060828, 3.27180516026, 79, 2019
Z, -100, 0.925755205123641, 299.0239554, 42.0628291658, 7.94067350426, 0.42305068738, 0.37453536275, 82, 2019
N, 100, -0.5575691040428942, 116.240419446, 10.1378360912, 14.7364761843, 2.70886187924, 0.441032161134, 82, 2019
E, 100, -0.3079184352721461, 648.756654089, 46.4575263454, 16.461360783, 3.44205913408, 1.4806423235, 82, 2019
Z, -100, 0.9262910209306586, 1059.74608202, 106.008109875, 11.0525135112, 0.123800319749, 0.152408574725, 85, 2019
N, -100, 0.4277799549530705, 158.517474029, 7.63146428282, 22.39490609, 0.881177390254, 0.308568777207, 85, 2019
E, -100, 0.13455619397389615, 631.480005405, 118.212095216, 5.49470667099, 1.26640792793, 0.215508657877, 85, 2019
Z, 100, 0.9923915152578829, 918.880838731, 119.05390803, 7.64293650354, -0.0594372739705, 0.0280473860252, 88, 2019
N, -100, 0.17326900231666217, 177.5139174, 9.92991941898, 17.6519907229, 1.34078921923, 0.0901584966878, 88, 2019
E, 100, -0.38744899771549385, 713.874891777, 137.254502422, 5.13870212128, 1.88928958077, 0.103056901704, 88, 2019
Z, 100, 0.8815007505238986, 962.866582971, 90.7962167156, 9.20856082122, -0.587654495093, 0.273407299353, 91, 2019
N, 100, -0.38288533233131344, 190.993081645, 8.33586468424, 22.411054393, 1.98782290226, 0.0387434476065, 91, 2019
E, 100, -0.8303457382990921, 787.158396527, 119.795733827, 6.32037497212, 2.63054563582, 0.115759871757, 91, 2019
Z, -100, 0.9926698058588557, 692.932131384, 45.9815825726, 14.2427724368, -0.0193978969718, 0.0617205961478, 94, 2019
N, 100, -0.38233686429947966, 132.670188227, 7.17946876752, 23.1663268162, 2.58935505669, 0.601143028173, 94, 2019
E, 100, -0.4683027906269243, 288.87549644, 68.7677461169, 4.11579251853, 2.09748331833, 0.172783576242, 94, 2019
Z, 100, 0.8830250754046083, 711.435002564, 61.1457677445, 13.3858532392, -0.477100447223, 0.344241142391, 97, 2019
N, -100, 0.3857821843632003, 173.313205598, 5.32406865279, 34.2227762695, 1.52661524618, 1.37520962545, 97, 2019
E, -100, 0.4136822557352718, 368.482976678, 66.5543614403, 5.03783318709, -0.203863836536, 1.12885189118, 97, 2019
Z, -100, 0.9789392240020878, 1415.24171596, 122.906871663, 12.3322755154, 0.113113849575, 0.102680746111, 100, 2019
N, 100, -0.020462561353152383, 187.634440177, 9.93363067742, 16.6415350021, 1.11873158701, 0.70867707573, 100, 2019
E, -100, 0.13977885924516822, 607.404978879, 142.413326832, 4.63700788917, 1.36998180538, 0.137223735202, 100, 2019
Z, -100, 0.9793202571995889, 1530.22461075, 144.175363934, 10.6948848463, 0.0612218344912, 0.0711404668361, 103, 2019
N, 100, -0.25240041058177326, 77.9128791218, 12.7155449739, 5.62018012855, -1.29743741265, 3.10872930195, 103, 2019
E, 100, -0.1602386981925379, 463.464798797, 167.616763763, 2.59930925185, 1.75289185704, 0.0387520297632, 103, 2019
Z, 100, 0.9821857592904942, 702.118040876, 96.8104047981, 7.51966308704, -0.122890717175, 0.0441510335264, 106, 2019
N, 100, -0.5789989931825575, 44.2001253657, 10.6016486221, 3.55391961606, 0.237117535163, 2.15956974299, 106, 2019
E, 100, -0.5554762110649543, 407.869726455, 129.684280495, 2.98000440776, 2.36685526138, 0.147227539081, 106, 2019
Z, -100, 0.5918668262258742, 1019.2509571, 56.5347851302, 11.4290889854, 1.86173007465, 1.46616543144, 109, 2019
N, 100, -0.6126968224722175, 97.4259307211, 8.13954576798, 16.3670564592, 2.48105519066, 0.523493262781, 109, 2019
E, -100, 0.06511705442979437, 1005.12843031, 52.8940366315, 20.6241466598, 3.50807957828, 1.93255829389, 109, 2019
Z, 100, 0.9174855365946095, 968.730942466, 127.989852955, 6.51510919136, 0.277288265316, 0.403934115446, 112, 2019
N, 100, -0.6521667682285665, 151.074017341, 8.81474944253, 19.6425129044, -0.870617058624, 3.60950692834, 112, 2019
E, -100, 0.5899684857912408, 897.34762408, 148.876740711, 6.23058263871, 0.77828617104, 0.204762769605, 112, 2019
Z, -100, 0.9953089545543765, 1197.64194537, 143.670997035, 8.37844384827, 0.0787116761586, 0.0157321749157, 115, 2019
N, -100, 0.5647018623802803, 79.4569108946, 11.6225427019, 7.81592142877, 0.78234955073, 0.142078136032, 115, 2019
E, 100, -0.053987321874619576, 999.342987138, 168.701629839, 5.44603294082, 1.68826153384, 0.0830753013221, 115, 2019
Z, 100, 0.985994849036834, 811.883034741, 108.010139162, 7.7585871932, -0.0802735850654, 0.00494867721793, 118, 2019
N, -100, -0.41977832104921525, 62.3364499164, 9.23379425552, 6.54767949815, 0.967423043046, 3.03931899337, 118, 2019
E, 100, -0.47210002165953663, 1211.65615824, 130.915843239, 8.96653621726, 2.06435900002, 0.002156595481, 118, 2019
Z, -100, 0.7660479651379581, 281.554845601, 47.4331030798, 6.74206949369, -2.69029765725, 3.40305847222, 121, 2019
N, 100, 0.05172342973364789, 47.0995044395, 4.83270017315, 9.38590940883, -0.861281658598, 1.17765245266, 121, 2019
E, 100, -0.6700960478202939, 1426.27768006, 74.2735932566, 21.7772877817, 2.7391784876, 0.475063938592, 121, 2019
Z, -100, 0.9253420122886763, 666.482732096, 77.4946972504, 9.1855819508, 0.325075482465, 0.0688380007209, 124, 2019
N, 100, -0.31110868891380355, 91.197107544, 5.76785929755, 16.0927548163, 0.882890662032, 1.34832051707, 124, 2019
E, -100, 0.5599753593134271, 1314.58118133, 83.5926862324, 17.4986670479, 0.520193640747, 0.467404640025, 124, 2019
Z, -100, 0.9248660152491734, 1068.93117055, 146.442031149, 6.51033727594, 0.339568715298, 0.321681823701, 127, 2019
N, -100, -0.9678407035127221, 41.633305971, 11.5607539745, 3.9957281459, -3.10644904131, 0.031357534308, 127, 2019
E, -100, 0.494374600726001, 1685.15783606, 173.730950012, 9.47727889765, 0.944008819348, 0.150601062076, 127, 2019
Z, 100, 0.9884516397764591, 1275.39389968, 169.840127506, 7.28102521886, -0.0352160253063, 0.093039655736, 130, 2019
N, 100, -0.02361460757962173, 78.5806573075, 14.5709300067, 5.50069569853, -1.54726855714, 3.04858800648, 130, 2019
E, -100, 0.09377596816060906, 1673.47628273, 203.021826388, 7.93870783976, 1.45687188288, 0.0384683074369, 130, 2019
Z, -100, 0.9903407789953055, 947.161924152, 121.180473826, 7.34353100367, -0.0197517338056, 0.108432929407, 133, 2019
N, -100, 0.7691253134570631, 87.1213112039, 12.0946447305, 5.60980888932, -0.0285239852552, 0.554642612402, 133, 2019
E, 100, -0.18305538062550505, 1514.99906925, 147.189943081, 10.3513656618, 1.75743834464, 0.047784911388, 133, 2019
Z, -100, 0.7047605694539055, 881.412815756, 58.822462525, 16.352091561, -1.03578430016, 1.33641010759, 136, 2019
N, 100, -0.3421410829186186, 41.8164592358, 6.23956538805, 7.98053233589, -0.624378524756, 2.53539288071, 136, 2019
E, -100, 0.6960633903963569, 563.97300028, 60.5489833709, 10.0110046762, 1.54962439732, 0.919093826992, 136, 2019
Z, -100, 0.9845190718964478, 1194.70995702, 140.404749618, 9.04725437694, -0.0962048758442, 0.170990114717, 139, 2019
N, 100, -0.7978296365495486, 55.1379609782, 9.85924745866, 5.47708834131, 0.180583921105, 3.28990396273, 139, 2019
E, -100, 0.7589806657785353, 856.079679271, 163.142608251, 5.00026068078, 0.732064697737, 0.0215235940924, 139, 2019
Z, -100, 0.9986734364493227, 1481.48408769, 168.954016511, 8.75875565803, 0.0346534964764, 0.0128940958495, 142, 2019
N, 100, -0.7559752452862909, 68.5671028949, 13.4242603565, 4.83260120855, -0.829705949287, 3.54708166902, 142, 2019
E, -100, 0.6752967000020486, 893.403627951, 206.186722188, 4.23314270036, 0.743559108319, 0.113500478771, 142, 2019
Z, -100, 0.9963060860015187, 1042.00561287, 141.924551095, 7.32562153818, 0.0885760249174, 0.0443864465549, 145, 2019
N, 100, -0.20226363930638894, 31.8451189279, 11.8515813764, 2.45301161752, -1.29063867082, 3.1267663043, 145, 2019
E, -100, 0.4470820924716525, 932.727878723, 170.030391032, 5.28304619242, 1.00602327629, 0.13631037217, 145, 2019
Z, -100, 0.9789486305986869, 606.862857296, 81.7864344003, 7.19429134804, 0.138260294597, 0.0965439036747, 148, 2019
N, 100, -0.6707952699454077, 78.5725020708, 6.91518796692, 9.86889715747, 0.397733114746, 2.28303610436, 148, 2019
E, -100, 0.3368499178478554, 638.9608302, 100.568594463, 6.49661881852, 1.45173000174, 0.280167197026, 148, 2019
Z, -100, 0.7573641701511752, 743.290681572, 75.7557900886, 9.80865148763, 0.561010965597, 0.118670851371, 151, 2019
N, 100, -0.2445650004879118, 107.93952872, 5.95635494562, 15.3030780865, 0.809553748001, 1.02605626762, 151, 2019
E, -100, 0.752940433743115, 1136.97591954, 82.2578630517, 14.3369076554, 0.627588731224, 0.102013758285, 151, 2019
Z, -100, 0.954211329071819, 1313.56360168, 154.850464053, 7.99645005486, 0.325510173576, 0.183982451423, 154, 2019
N, -100, -0.9736903821619027, 56.9768517671, 12.3486477753, 4.88245945311, 0.24442660762, 3.26981920217, 154, 2019
E, -100, 0.7819001714981392, 1634.19143765, 182.718364697, 8.89386197079, 0.534010849551, 0.174920723793, 154, 2019
Z, -100, 0.9865570198131937, 1861.67303335, 192.579211913, 10.0649284083, 0.0198001582892, 0.0966225100449, 157, 2019
N, 100, -0.8404657696524418, 121.1700065, 16.2090574338, 7.8018999042, -0.544956019166, 3.35476690713, 157, 2019
E, -100, 0.7053820628826417, 1290.05539119, 237.897476212, 5.13025468705, 0.644514718935, 0.18621907499, 157, 2019
Z, -100, 0.986159506597532, 1412.66549506, 155.818244408, 9.14727483094, 0.0619252205358, 0.0593473019995, 160, 2019
N, 0, -0.9225011012442521, 65.6705950058, 14.6153240058, 3.77715472388, -0.324237717691, 3.53550596738, 160, 2019
E, -100, 0.32306505025150467, 829.804923919, 188.999537081, 4.0318584059, 1.43726376137, 0.220015186096, 160, 2019
Z, 100, 0.15721457621546933, 924.734087895, 67.1231316679, 7.97629439578, 4.49307280455, 0.528011410152, 163, 2019
N, -100, -0.6113834643907057, 55.1574045766, 8.13421211414, 6.29367410177, -1.58434483921, 0.820777267951, 163, 2019
E, -100, 0.28910570850172884, 1349.16830023, 80.8749434954, 18.96413034, 1.63364497191, 0.417324188983, 163, 2019
Z, -100, 0.931139865736478, 1153.29434943, 135.670063202, 8.04644082497, 0.365270422167, 0.225407827111, 166, 2019
N, 100, -0.8808265627761901, 93.976789689, 9.82969961415, 10.3942922148, -0.442156692493, 3.03830923679, 166, 2019
E, -100, 0.8863667327415947, 1471.83024508, 152.758255823, 9.81092201983, 0.264455395469, 0.230465472012, 166, 2019
Z, -100, 0.9865698931690249, 1624.03244383, 176.586719561, 9.49889982882, 0.0261353669022, 0.117106939686, 169, 2019
N, 100, -0.8535194522846246, 101.084450911, 14.2631964139, 7.85162629106, -0.591803702026, 3.24463408945, 169, 2019
E, -100, 0.8376649243043188, 1338.70651007, 217.789418783, 6.02944120862, 0.51349283882, 0.0899967551233, 169, 2019
Z, -100, 0.9676506462075012, 1742.06380895, 162.633330071, 10.6053504629, 0.0674275466033, 0.147059816378, 172, 2019
N, 100, -0.9293635000946091, 170.733422062, 13.6493915425, 12.6225645036, -0.191393444427, 2.98517376662, 172, 2019
E, -100, 0.8124370914934929, 857.263056641, 201.946048683, 4.10110522754, 0.580278465985, 0.0555148778716, 172, 2019
Z, -100, 0.9445705090339013, 1007.80846976, 111.052882898, 9.35417638571, 0.27509339079, 0.0275680373647, 175, 2019
N, 100, -0.9242217893980471, 156.282675023, 9.06826358948, 17.4638705657, -0.33495410323, 3.10408671502, 175, 2019
E, -100, 0.6137560185889037, 678.253584131, 134.704131405, 4.89602366293, 0.945811981436, 0.0335498473759, 175, 2019
Z, -100, 0.8960176968481436, 484.501455407, 61.1885208062, 7.54093826848, 1.11341716359, 0.776203772698, 178, 2019
N, 100, -0.39254611911525367, 135.970151969, 5.42466353071, 25.9954592593, -1.1834027835, 3.13408339124, 178, 2019
E, -100, 0.7933777666340142, 833.177754833, 74.3412792173, 12.0387349444, 0.53182352887, 0.0313021064728, 178, 2019
Z, -100, 0.9890074177120977, 1300.11279627, 142.229331627, 9.30366534008, 0.129497398322, 0.0235513429625, 181, 2019
N, -100, 0.10899817619483233, 76.2818027744, 11.4276538523, 5.65869548728, 2.31107704483, 0.923820987151, 181, 2019
E, -100, 0.9763594603656163, 866.267545579, 161.349064727, 5.13665468305, 0.226838136817, 0.0137472531002, 181, 2019
Z, -100, 0.9946833147525387, 1814.54103189, 198.678697252, 8.97683626743, 0.119636903246, 0.0445669694324, 184, 2019
N, -100, 0.10917490366631336, 98.9759065847, 16.6926033271, 6.32327585689, -1.80381529231, 3.33302038534, 184, 2019
E, -100, 0.9560854190324213, 732.738432225, 244.121058491, 2.91455334402, 0.0788350039327, 0.21375379749, 184, 2019
Z, -100, 0.995326400307741, 1456.93388764, 176.62292101, 8.1717541155, 0.111122174574, 0.0222844573373, 187, 2019
N, 100, -0.026689313617081743, 73.47179687, 16.3199659642, 4.69667118653, -1.57969654146, 3.1913463406, 187, 2019
E, -100, 0.8447106541399294, 763.23359737, 224.745837475, 3.27567360274, 0.563384977087, 0.0106850548372, 187, 2019
Z, -100, 0.9726904771107507, 582.76139884, 91.1661921358, 6.13073579636, 0.0324485427403, 0.139665294407, 190, 2019
N, 100, -0.10496675385585476, 32.4453374256, 9.70917986755, 3.42422660969, -1.38197698043, 3.04801379363, 190, 2019
E, -100, 0.7326556300615358, 622.283987, 104.362461292, 6.31103122159, 0.921353794108, 0.275956617053, 190, 2019
Z, -100, 0.9807020485815188, 1001.55707318, 114.357338208, 8.65156430238, 0.242078891961, 0.0875864010991, 193, 2019
N, -100, 0.7055753364270066, 47.8992186119, 8.68346008671, 4.09701225486, 3.16612554026, 2.43754899661, 193, 2019
E, -100, 0.989330018419764, 623.232672944, 125.641765026, 4.61599880471, 0.177065099085, 0.15504817048, 193, 2019
Z, -100, 0.9879951738234414, 1576.99339595, 166.900620382, 9.36434355341, 0.185786880212, 0.0579184482524, 196, 2019
N, -100, 0.7385415780024367, 62.4716523938, 13.7330121544, 4.81144503726, 0.776102035935, 0.0712526952015, 196, 2019
E, -100, 0.9866784758345216, 865.52555201, 201.894276479, 4.20168786011, 0.044796184897, 0.117600890194, 196, 2019
Z, -100, 0.9953230179664163, 1522.2617572, 164.413809136, 9.41384546744, 0.0444047097859, 0.0543092732737, 199, 2019
N, -100, 0.22576323145117033, 64.1145131917, 13.9298826685, 3.6357664464, 0.669864753355, 0.727149968637, 199, 2019
E, -100, 0.9506840443530885, 655.208696117, 209.022350741, 2.98287562559, 0.338717038286, 0.0292037574965, 199, 2019
Z, -100, 0.9976992714797548, 1072.56849922, 122.261582009, 8.6921935589, -0.00273045304567, 0.0395371729814, 202, 2019
N, 0, -0.9866146396637262, 85.6207583498, 9.89277479882, 8.24840381794, 0.182374073411, 2.95822906674, 202, 2019
E, -100, 0.6568881162876948, 784.109496308, 154.146249028, 4.84447950898, 1.01404895978, 0.205015932691, 202, 2019
Z, 100, 0.5576070375688783, 878.493938039, 62.5517308853, 15.3360788691, -0.00392425290403, 0.848009028617, 205, 2019
N, 100, -0.8180411845786637, 156.889002622, 4.56040853339, 33.1429404496, 0.22525262939, 2.4421989947, 205, 2019
E, -100, 0.7864336456752453, 793.336108064, 73.6866213148, 11.4517308381, 0.854912667418, 0.213285187375, 205, 2019
Z, 100, 0.36009327191218066, 959.892662636, 109.247785727, 6.59222484489, -2.71150682334, 2.12929020044, 208, 2019
N, 100, -0.2650181730203028, 278.066796288, 8.93134913777, 29.8127568288, 1.68825196328, 0.157944849304, 208, 2019
E, -100, 0.990314269735371, 1294.46584988, 120.412988024, 10.6401174381, -0.0676613612528, 0.134721944421, 208, 2019
Z, -100, 0.9939519073774344, 1582.44591146, 180.871377975, 8.74353406098, 0.123648471749, 0.01278207569, 211, 2019
N, 100, -0.35148518852133587, 246.226918995, 15.277097595, 16.0552980433, 1.87904083123, 0.0484149086668, 211, 2019
E, -100, 0.9702068974611952, 1258.63524788, 215.172177295, 5.57399442918, 0.154726584685, 0.106193349024, 211, 2019
Z, -100, -0.7497614634350823, 244257.657752, 180.372756176, 817.434009327, 2.88200265114, 0.694515124327, 214, 2019
N, 100, -0.6713274528730362, 193.553108388, 16.4294543593, 11.1845114758, -0.818878063308, 3.1290446879, 214, 2019
E, -100, 0.8373260197813668, 1170.4736492, 232.34173691, 4.75832121747, 0.630166952922, 0.0628385218815, 214, 2019
Z, 100, -0.052504025603133775, 1343607.21437, 98.6303718568, 13452.5653838, 1.89227427778, 0.926933781101, 217, 2019
N, 100, -0.9434640488699482, 187.654794469, 10.0541243323, 19.3332560097, -0.018250908524, 2.85341182639, 217, 2019
E, -100, 0.5884715161681237, 1028.44362934, 126.994756479, 8.54970152333, 1.17983583567, 0.326483716138, 217, 2019
Z, 100, 0.2774755815116782, 3021828.67369, 83.8746391585, 27374.904783, -1.76926383144, 0.901416142832, 220, 2019
N, 100, -0.006801762586130685, 217.384979711, 6.35491506976, 36.7886273438, 1.4784348038, 0.0848700110164, 220, 2019
E, 100, 0.7857714076723297, 734.829128189, 89.3943110887, 8.02374652481, -0.875896526026, 0.352518727166, 220, 2019
Z, -100, 0.9866756420753223, 1401.96933176, 143.335760999, 9.94318708767, -0.0517483027281, 0.132954983151, 223, 2019
N, -100, 0.031207618641408, 230.054068787, 12.0444721203, 17.6075962851, 1.63747879218, 0.115851570605, 223, 2019
E, 100, 0.9432998103767237, 593.152113704, 171.460004713, 3.24659765242, -0.218809308786, 0.0916496779113, 223, 2019
Z, -100, 0.9726991302510586, 1228.60946843, 147.758889367, 8.19077149013, 0.254441020787, 0.0614702581706, 226, 2019
N, 100, -0.5512449191182937, 259.816298022, 12.9719458314, 18.115516349, -1.00221057501, 3.17991544445, 226, 2019
E, -100, 0.9784962190789297, 967.053093424, 190.055650431, 4.89783523797, 0.231311851574, 0.043086131673, 226, 2019
Z, -100, 0.9892064350474363, 848.753816938, 112.235143969, 7.26515166336, 0.166801708059, 0.0696520599808, 229, 2019
N, 100, -0.9514997785189936, 294.442212263, 9.3711099636, 34.7299383562, -0.205199991257, 3.06872498345, 229, 2019
E, -100, 0.9360744650518317, 839.801921795, 149.718904381, 5.5916107033, 0.353067660427, 0.0110005906549, 229, 2019
Z, -100, 0.8711212594716797, 669.308108187, 53.6196752168, 11.4477049816, 0.350400778048, 0.164924346617, 232, 2019
N, 100, -0.7887600533189203, 335.194064442, 3.21599636371, 148.540135227, -0.0265607486491, 2.71658224494, 232, 2019
E, -100, 0.9533062483937055, 533.947174501, 66.5567115377, 8.94676949326, 0.425999919304, 0.276601378297, 232, 2019
Z, -100, 0.9854999983911539, 790.873221923, 73.9060085308, 10.9304167345, 0.0660393462627, 0.0754691428075, 235, 2019
N, -100, 0.43199117883549726, 375.611904434, 6.20928538387, 58.0874719536, 1.0445772904, 0.0868706410368, 235, 2019
E, 100, 0.4402705888002473, 396.045832862, 80.5400607298, 4.76605027179, 1.76335772065, 2.85684786065, 235, 2019
Z, -100, 0.9781302481366697, 1464.44220955, 146.441392046, 10.2279755906, 0.169453795891, 0.0269121499415, 238, 2019
N, 100, -0.01312998357074632, 478.314615548, 12.5397557205, 34.2075186349, 1.58033187855, 0.00578468840892, 238, 2019
E, 100, 0.7237309727491399, 509.729854991, 171.61122658, 2.92329014278, -0.821713928698, 0.0812135320772, 238, 2019
Z, -100, 0.9635732610259264, 1414.11114567, 162.446800448, 8.49746880989, 0.270018074887, 0.137050418899, 241, 2019
N, 100, -0.5205080352826194, 618.995024487, 14.9956344909, 41.47005668, 2.12007235335, 0.028575036362, 241, 2019
E, 100, 0.7756831900176305, 459.708887102, 209.463164962, 2.21877765161, -0.702003767082, 0.0202580023511, 241, 2019
Z, 100, 0.6969400679940435, 1159.56309633, 90.4665791117, 16.0598845778, -0.64941698104, 0.312570325072, 244, 2019
N, 100, -0.8027173069420838, 433.323068872, 9.47969087737, 47.8836640313, -0.646357694325, 3.17401310983, 244, 2019
E, 100, 0.6529270015363571, 263.36819861, 134.072054948, 2.03492410963, -0.600186369074, 0.184959497868, 244, 2019
Z, 100, -0.7162196955578563, 908.788367721, 62.7470329717, 15.4199033446, -1.1461981404, 3.74820646438, 247, 2019
N, -100, 0.4673394875699168, 501.898518256, 4.31208316293, 138.359409485, 0.617163705748, 0.486298826097, 247, 2019
E, -100, -0.8373380480446346, 219.153773337, 64.8775413716, 4.0615475588, 0.0826367480691, 2.75058987209, 247, 2019
Z, -100, -0.5164416956686398, 271.717283452, 121.614260669, 1.84719926834, -2.66636562846, 0.637356352196, 250, 2019
N, -100, 0.553612698503912, 497.210892899, 10.2341621842, 45.2914466341, 0.902873100015, 0.112577050509, 250, 2019
E, 100, -0.8545840083456195, 230.616397159, 147.387129281, 1.29014439756, -3.47936083631, 0.346509271995, 250, 2019
Z, 100, 0.9059981129725835, 800.241256497, 125.945594885, 6.46900492766, -0.400409723525, 0.020122804569, 253, 2019
N, -100, 0.35617324057356886, 230.641918686, 11.4985060192, 20.607696375, 1.32649593357, 0.173301472502, 253, 2019
E, 100, 0.9198791360618849, 356.587869604, 162.861189179, 2.0603826044, -0.251053341013, 0.169349574236, 253, 2019
Z, 100, 0.9936827080761199, 1129.02920066, 90.6674602536, 12.682848511, -0.111326739973, 0.0316829510624, 256, 2019
N, 100, -0.2212520022776658, 455.728310324, 7.9273742541, 56.898029115, -1.21630182595, 2.98377605491, 256, 2019
E, 100, 0.9644174450920651, 236.754232254, 125.341377311, 1.64957601741, -0.2241266216, 0.214500687446, 256, 2019
Z, 100, 0.7659622873518082, 455.696150896, 31.5113544886, 18.1354687808, -0.615543447619, 0.393681651593, 259, 2019
N, 100, -0.7012759720849417, 313.429469702, 3.51916377505, 173.995361305, 0.248566787491, 2.53643942536, 259, 2019
E, -100, 0.7369807687060237, 140.749362774, 50.6062854266, 3.00536305728, 1.04856811636, 0.83570092138, 259, 2019
Z, -100, 0.6033440083138777, 503.28261372, 63.6067417543, 7.32407225657, 0.956053593812, 0.444335188696, 262, 2019
N, 100, 0.31890240201109654, 117.896463297, 5.62374787236, 18.9295145658, -1.31347161886, 0.20986614384, 262, 2019
E, -100, -0.1028943143807515, 218.663716888, 71.0032707219, 2.670164785, 1.53828074165, 3.2546883805, 262, 2019
Z, -100, 0.9262185483911667, 966.754189845, 123.409641506, 8.11396266783, 0.326269766245, 0.0824071874589, 265, 2019
N, 100, 0.8633991842288645, 123.323216865, 10.9223777699, 10.5445335432, -0.593270487482, 0.173319457139, 265, 2019
E, 100, 0.541871645396696, 395.373937906, 147.472622217, 2.4875239901, 2.16112732481, 3.16629388879, 265, 2019
Z, -100, 0.9463639986169139, 935.930728205, 139.5584818, 6.8042006241, 0.269244640738, 0.0296295536279, 268, 2019
N, -100, 0.9714610988896057, 106.295363901, 13.2077134792, 7.686623797, 0.229715658133, 0.127475441782, 268, 2019
E, 100, 0.9111013277530595, 529.953385733, 179.422677668, 2.84024901195, -0.29807838158, 0.136034823207, 268, 2019
Z, 100, 0.8524523780784832, 708.873553478, 76.9381381483, 6.98736340268, -0.28859478383, 0.537980573415, 271, 2019
N, -100, 0.8037570626556884, 129.369369469, 8.82814428781, 15.1015003468, 0.779487440755, 0.28763405755, 271, 2019
E, 100, 0.975742389878223, 598.61260712, 119.510325596, 5.46616806087, 0.0527889860056, 0.176599039124, 271, 2019
Z, 100, 0.2659228671331455, 1200.98962528, 70.2452291295, 11.4942371252, 0.332511903318, 1.54802223205, 274, 2019
N, -100, -0.34314598766542403, 154.574341293, 4.25731725511, 35.5640694343, 1.08889749098, 3.19626099636, 274, 2019
E, -100, -0.4877400277467962, 356.343335271, 74.7699473997, 4.62538338193, 0.403537631823, 2.73364595592, 274, 2019
Z, -100, 0.9270125268639209, 957.047142137, 127.991801873, 6.27214890747, -0.14319873223, 0.338298120659, 277, 2019
N, 100, 0.06831681092291922, 126.136868336, 10.9282109179, 10.2436923529, -1.60555328575, 0.191050139299, 277, 2019
E, 100, 0.024388962876267375, 397.379873969, 154.141805653, 2.3901256934, 1.59588298682, 3.14716443958, 277, 2019
Z, -100, 0.1292259046098344, 764.355816134, 121.912803396, 3.9373925232, 1.14928236217, 0.803567843928, 280, 2019
N, 100, 0.6907905925138915, 155.074416934, 11.4254443941, 13.5770844812, -0.792299907983, 0.0175151873596, 280, 2019
E, 100, 0.6170572525758313, 485.041669901, 163.170897214, 2.8871599343, -0.797638843154, 0.149729583738, 280, 2019
Z, -100, -0.4213396334893229, 829.946318129, 76.4316614606, 10.241162392, -1.77003414249, 0.315467291733, 283, 2019
N, 100, 0.8679070379839303, 163.702919419, 7.34019329286, 20.8765709161, -0.0170661158111, 0.392292492591, 283, 2019
E, 100, 0.8807512772568471, 509.837014625, 110.564905608, 4.7474649727, -0.27679801632, 0.220791727219, 283, 2019
Z, 100, -0.24695192597003413, 872.049738062, 20.6287300738, 55.2197192021, -1.86188097177, 1.78606723202, 286, 2019
N, 100, -0.4819709289474681, 178.778989686, 1.75159320207, 175.706590109, 2.94342018284, 0.198642900723, 286, 2019
E, 100, 0.5433403097810373, 478.727866404, 31.0755262439, 22.5387253556, -0.0471171622549, 0.881531838989, 286, 2019
Z, -100, 0.15525855722918447, 1015.42565109, 85.6598789907, 12.1328183308, 1.25526771756, 0.183796001964, 289, 2019
N, -100, -0.807609413958031, 125.949697191, 8.14495548327, 13.3544325302, 0.612340677056, 3.11279572687, 289, 2019
E, -100, -0.8829091410913036, 280.875211702, 96.9757899402, 2.64991702193, 0.0248606910363, 2.7542847963, 289, 2019
Z, -100, 0.16408514132411753, 892.335133456, 136.95555937, 5.94236721288, -1.94860470256, 3.43196896402, 292, 2019
N, -100, -0.3407659472406294, 63.5683725726, 12.7321124451, 4.12317159127, -1.90738565154, 0.00258704724765, 292, 2019
E, 100, 0.10155770841815034, 168.354617237, 166.111957571, 0.86638667564, 1.74450556261, 3.22666613665, 292, 2019
Z, 100, -0.23179766151577172, 652.319599861, 141.034343771, 3.4099496659, 1.46805346731, 0.732115309471, 295, 2019
N, 100, 0.6064735059170611, 66.6843883492, 13.6477332689, 4.70508732684, -0.754074560235, 0.177314942414, 295, 2019
E, 100, 0.7571341520882745, 317.930092956, 183.432538046, 1.69490666668, 2.58467196453, 3.34524206893, 295, 2019
Z, -100, -0.7399826152059427, 828.49201846, 79.3663298553, 11.5497976233, 1.00897378458, 2.46232451011, 298, 2019
N, 100, 0.7278566613652979, 140.659208534, 9.6995594904, 14.4790965821, -0.468809534915, 0.30576172592, 298, 2019
E, 100, 0.8045887896060432, 509.385331578, 122.057110413, 4.69041232573, -0.347282135576, 0.333224395066, 298, 2019
Z, -100, 0.47521585441474057, 1435.45691727, 85.6589030373, 19.3823951702, 0.909940980702, 0.2126380504, 301, 2019
N, -100, -0.8189429742274702, 148.780557745, 4.80482669104, 31.8977170551, 0.455853875485, 3.19841597148, 301, 2019
E, -100, -0.6784154048481292, 391.4433192, 88.5484420519, 4.64378942304, -0.0490619516881, 2.49460140787, 301, 2019
Z, 41, 0.9202211992963996, 1389.33092724, 157.947024848, 7.85992832396, 0.244589343215, 0.349704955424, 304, 2019
N, -100, -0.68122329716478, 150.820735126, 13.601641317, 9.09821966114, 0.86632798093, 2.96600955755, 304, 2019
E, -100, -0.2892745466048632, 299.411695241, 187.043217351, 1.35015239572, -1.73340923172, 0.174603240513, 304, 2019
Z, 100, 0.9937605687157995, 1576.12298417, 151.891578194, 10.3343413096, -0.118420764069, 0.00601656389802, 307, 2019
N, -100, -0.19485987991319667, 195.346591516, 14.5763246606, 12.9526912516, -1.72630262967, 0.0203001274647, 307, 2019
E, 100, 0.22191861035316085, 390.571615879, 196.562400385, 1.92371073066, 1.87397270549, 3.25676050322, 307, 2019
Z, -100, 0.9356988916697973, 1117.88360697, 97.2898583897, 12.2737081119, 0.222962099021, 0.00419273466271, 310, 2019
N, 100, 0.17524708121118063, 147.06316678, 9.75403294297, 14.3120823201, 1.70227019647, 3.05983623273, 310, 2019
E, 100, 0.42318709519755326, 340.257473532, 141.130917028, 2.3439194229, 1.99038778228, 3.15024905024, 310, 2019
Z, -100, 0.9016822881155048, 471.797851227, 35.4844917077, 14.8203416988, 0.755212708296, 0.717021558736, 313, 2019
N, -100, -0.2481002717701478, 108.73491149, 2.91314370875, 46.8794649832, -1.22055395386, 0.746203184156, 313, 2019
E, -100, -0.02866021645969092, 261.703773705, 49.9854083893, 6.50267087268, -0.949757515283, 0.775386756277, 313, 2019
Z, 100, 0.9582460787165226, 1195.92171289, 106.011257428, 11.8309528713, -0.304967683921, 0.329062144553, 316, 2019
N, 100, -0.990523857068613, 69.45571388, 8.96211218752, 7.36784691355, 3.07681156067, 0.06000964624, 316, 2019
E, -100, -0.8820299311352495, 119.31010098, 118.450037613, 1.002617511, 0.0698119037484, 2.78272517926, 316, 2019
Z, -100, 0.9954330644798067, 1668.34701958, 165.960068885, 10.3173945818, -0.0142300852406, 0.0626151655137, 319, 2019
N, -100, -0.723178269074449, 26.5212676393, 15.6218050772, 1.19098202592, 2.83115477658, 0.855977000038, 319, 2019
E, 100, 0.4489207866798032, 114.625974278, 199.851176148, 0.503201892212, -0.841681591271, 0.369729991156, 319, 2019
Z, -100, 0.9994511203162152, 1648.11325042, 171.818037069, 9.63736954595, 0.0235296043612, 0.00254255758576, 322, 2019
N, 100, 0.12404315182812813, 33.580459689, 16.8968940509, 1.82762096679, -1.58070837359, 0.247766605436, 322, 2019
E, 100, 0.3493979792452142, 182.336519786, 218.314477056, 0.805733394256, 1.872360791, 3.05544321734, 322, 2019
Z, 100, 0.968921590992455, 963.070474647, 108.035712883, 8.65096015716, -0.157959934016, 0.0162655783248, 325, 2019
N, 100, 0.539094933338672, 89.0982159845, 12.6305818041, 6.76981381831, -0.402981357498, 0.57910988439, 325, 2019
E, 100, 0.6113305687724928, 297.651550693, 159.365039014, 2.08958934788, 2.48215397122, 3.49177972435, 325, 2019
Z, 100, 0.4944152931310872, 1017.83072118, 86.5457418392, 9.04200007406, 0.129727430348, 0.727834424233, 328, 2019
N, -100, -0.3358271940149444, 89.7324635299, 5.35698454939, 18.2681287709, 3.62083517241, 0.583580630734, 328, 2019
E, -100, -0.6616199170263246, 265.651448706, 86.6309281044, 3.2672702641, -0.41446267994, 2.18579670414, 328, 2019
Z, 100, 0.9911848670189403, 1680.69078298, 175.361176497, 9.14530330097, -0.0493699335003, 0.074559409913, 331, 2019
N, 100, 0.3354746003813899, 24.0204868598, 14.0447738856, 1.89503989152, 1.97187291454, 2.95583472069, 331, 2019
E, 100, 0.017241152811661845, 84.53768976, 203.45501589, 0.341928838008, -0.628294608631, 1.00904770217, 331, 2019
Z, 100, 0.9663504381186733, 1577.27383566, 189.365625475, 7.70693511735, -3.14360046565, 2.95052588288, 334, 2019
N, -100, -0.23619307219441335, 34.7741886011, 18.2367907151, 1.39613161769, 1.51401471809, 2.90888434644, 334, 2019
E, 100, 0.26125167750013417, 184.796880112, 233.674927653, 0.699119311553, -1.2196985436, 0.122498372428, 334, 2019
Z, 100, 0.9945238626020735, 1272.14694468, 138.357052884, 9.21630967138, -0.100692647493, 0.00757632794118, 337, 2019
N, 100, 0.5025057732700567, 51.7964067942, 13.852665242, 4.20803870215, -1.00430275224, 0.0909149535854, 337, 2019
E, 100, 0.32462844604070495, 153.663082388, 187.946252421, 0.853853377754, 2.0340358945, 3.35187763681, 337, 2019
Z, -100, 0.9132056115245342, 1013.87233645, 67.1885114625, 15.2820501523, 0.170996505222, 0.0629772515609, 340, 2019
N, -100, -0.054376217911978636, 71.3243506998, 6.94750531509, 11.4718225387, 1.54780498816, 3.30387797849, 340, 2019
E, -100, -0.1727757547621153, 155.244621077, 102.832816842, 1.81049946828, 1.58076596926, 3.48557232592, 340, 2019
Z, 100, 0.9134478192552963, 1475.03240686, 103.871695316, 14.3604092801, -0.539009736427, 0.515867153259, 343, 2019
N, 100, -0.6557542393776038, 42.5063515512, 8.19802183839, 4.55864329981, 2.56688052623, 0.40945490774, 343, 2019
E, 100, -0.03154305006387322, 59.2251610564, 113.571061537, 0.63949119873, -1.51486503033, 3.02634648825, 343, 2019
Z, 17, 0.9954498741389132, 1797.44876148, 179.200272627, 10.5158718906, -0.0659195136979, 0.0813159060918, 346, 2019
N, -100, -0.7696056648113025, 66.1870315472, 15.7650525864, 2.4795095356, 3.16607280496, 0.579208625098, 346, 2019
E, 100, 0.8370786038960301, 159.460080405, 211.117217741, 0.68898746079, -0.436023398941, 0.229531788857, 346, 2019
Z, 100, -0.33148065100378804, 25715.7971131, 203.874015859, 95.6963450368, 2.89657901988, 0.994134284298, 349, 2019
N, 100, 0.12849859832053026, 21.1066157961, 19.8727862612, 0.387713164221, 1.72588464021, 2.39215550657, 349, 2019
E, 100, 0.2885252266645569, 168.602602136, 251.315059832, 0.5658285037, -0.957980028802, 0.363955023045, 349, 2019
Z, 100, -0.3207970060830638, 73822.7221834, 146.594259123, 482.598017271, -1.23989960158, 3.07757567973, 352, 2019
N, 100, 0.307701172469288, 26.4736802531, 16.4844885199, 1.3774425171, -1.02759540384, 0.27505827334, 352, 2019
E, 100, 0.2552937022911817, 218.173562243, 201.82498647, 0.996303737333, 1.81940899659, 3.1431688185, 352, 2019
Z, 0, 0.9665029031795714, 774.348313462, 72.6653888398, 10.567814217, 1.57677983485, 1.62712089117, 355, 2019
N, -100, -0.060153295743699854, 134.609855822, 8.24130065774, 20.7995352136, -1.03560759606, 0.695214715504, 355, 2019
E, -100, 0.2553900648485963, 145.270540777, 92.0865613538, 2.16668527819, -4.39674497646, 0.899936402488, 355, 2019
Z, 100, 0.9916225321947828, 1596.3019198, 163.413585966, 10.2371370376, -0.115532163352, 0.133425931883, 358, 2019
N, 100, -0.5747273553613951, 160.074920731, 12.3291485816, 12.2268205182, 2.10522746476, 0.160735841384, 358, 2019
E, 100, 0.2282813342067475, 185.949029454, 186.204417338, 0.904607055262, -1.57673479191, 0.478001926674, 358, 2019
Z, 100, 0.9863473764269286, 1721.20676118, 201.882734802, 8.07363414298, 0.0854915216445, 0.156454958546, 361, 2019
N, 100, -0.4407178979777782, 30.1473764885, 18.3791364606, 1.17374379982, 0.593274360286, 2.03186288077, 361, 2019
E, 100, 0.1606829958114763, 124.198833038, 246.956331998, 0.536695278795, -1.48477848553, 0.148635797676, 361, 2019
Z, 100, 0.9998304447723734, 1633.00432044, 169.584051695, 9.69391769882, -0.0126696090978, 0.0117258185872, 364, 2019
N, -100, -0.40240722182707933, 21.6320014014, 17.1917972926, 0.8486321519, 3.85696457065, 0.415978846237, 364, 2019
E, 100, 0.6413293017125136, 160.820126029, 218.299560569, 0.690935648523, -0.48856705555, 0.432143410575, 364, 2019
