Chan, Phase Shift, Correlation, ptp-data, ptp-synthetic, rat, phasem, phasestd, DOY, Year
Z, 100, -0.04042873038339037, 27.4652507228, 28.8234150026, 0.948980233499, 1.19368763193, 2.07678576121, 4, 2019
N, -100, 0.5524901103076664, 56.7306281803, 117.279509878, 0.505458717735, 0.589535777123, 1.18849221365, 4, 2019
E, -100, 0.5687830191460483, 50.2817870099, 146.248125399, 0.354593431184, 0.0797920645567, 0.837642616139, 4, 2019
Z, 100, 0.1747435358090702, 288.464753965, 27.6726342426, 8.94297286154, -1.13594705888, 0.499697202089, 10, 2019
N, -100, 0.991947103907354, 282.441362814, 142.837308056, 1.86880974711, 0.243356837679, 0.221250102268, 10, 2019
E, -100, 0.987949879576664, 281.903216818, 188.108513238, 1.64694372547, 0.0451806780364, 0.117448301684, 10, 2019
Z, -100, -0.24662200318084893, 112.257452904, 16.886239551, 5.97481192977, 2.25186815386, 2.67922566838, 13, 2019
N, -100, 0.9978237428849733, 244.843764728, 110.180063433, 2.18377036772, -0.308212739335, 1.31919266122, 13, 2019
E, -100, 0.9902655761529747, 208.867512895, 141.474607569, 1.49039619297, 0.172854157189, 0.0660716376927, 13, 2019
Z, 100, 0.645458000679573, 24.624621042, 14.984500521, 1.98066940408, -1.38336189548, 0.953194963009, 16, 2019
N, -100, 0.9878011838770415, 131.983244963, 67.4678429536, 1.91427996892, 0.414887584015, 1.2987065665, 16, 2019
E, -100, 0.9902287653648664, 107.171958264, 75.8138949172, 1.4026276922, 0.14394634026, 0.0198953091266, 16, 2019
Z, 100, 0.9919171248723427, 29.5369661316, 29.0337416591, 0.916988175006, 0.177985207, 0.153575499903, 19, 2019
N, -13, 0.9979947824974756, 196.578428203, 113.312779953, 1.71808817087, 0.114233802238, 0.0980724125659, 19, 2019
E, -100, 0.9944028658127295, 165.526767799, 123.958203064, 1.31661582631, -0.0410775490344, 1.33542240205, 19, 2019
Z, 100, 0.6703516235261965, 29.3655070771, 36.0197441118, 0.84663038119, -1.39460644045, 0.780914671454, 22, 2019
N, 9, 0.9994489789342703, 343.448511243, 183.479843423, 1.82692762126, -0.0383031537397, 0.0294627870605, 22, 2019
E, -100, 0.9943792246046821, 298.596463219, 224.838345771, 1.3210900953, 0.0353177421909, 0.0464171569362, 22, 2019
Z, -100, 0.7943411859739203, 26.2091301345, 31.3644104913, 0.779662494322, 0.908139610968, 0.53763569649, 25, 2019
N, 47, 0.9997749101237384, 371.735240102, 192.616544771, 1.91666546812, -0.00730758262093, 0.0163953155107, 25, 2019
E, -100, 0.9969684594081716, 332.373376282, 248.926440568, 1.3479462589, 0.0804871809604, 0.0162841560725, 25, 2019
Z, -100, 0.5017258672073499, 8.75909369544, 14.6232492969, 0.545754850877, 1.23335201019, 0.461208610886, 28, 2019
N, 56, 0.9996996206739406, 267.186538057, 132.494104492, 2.0226952706, 0.256528141094, 1.33916454852, 28, 2019
E, -100, 0.9989178975630892, 238.525816065, 175.049420938, 1.36041340906, -0.816636441735, 2.21380142109, 28, 2019
Z, 100, 0.9255095316365659, 19.2091263576, 18.9934604066, 1.00566370542, -1.92963821222, 2.40194620407, 31, 2019
N, -100, 0.9946411005339469, 105.726355629, 55.7773643155, 1.82239500012, 0.370257143509, 1.29605705194, 31, 2019
E, -100, 0.9954805858995476, 79.9131598325, 58.5844571493, 1.35015735576, 0.107000214627, 0.0322696016643, 31, 2019
Z, 100, 0.7837621598529143, 27.9610505442, 29.6974448386, 1.05588979073, -0.678066284388, 2.24089480357, 34, 2019
N, 100, 0.9975287527414135, 208.605043655, 114.811401192, 1.75437728456, -0.0756358728473, 0.0556116445419, 34, 2019
E, -100, 0.9947210477406634, 195.647217433, 149.421958123, 1.28432822115, 0.0232578074876, 0.0552363287372, 34, 2019
Z, 100, 0.7259533283630981, 26.9586934353, 33.5068620692, 0.866048874336, -1.22548709829, 0.858123553092, 37, 2019
N, 100, 0.9988230153634425, 296.723508026, 153.843165179, 1.88839472722, -0.0855917634897, 0.0322998633427, 37, 2019
E, -100, 0.9921827615412159, 271.94443204, 205.727462834, 1.32158400002, 0.0652088439344, 0.0410648656833, 37, 2019
Z, 100, 0.7812357943299881, 29.7760647838, 28.8352783844, 1.01747990352, -1.08817455096, 0.392285728294, 40, 2019
N, 100, 0.9997233312684314, 312.962449321, 157.076372097, 1.98285550747, -0.0482225714525, 0.019576172013, 40, 2019
E, -100, 0.9928540695836966, 283.516135374, 208.50085117, 1.3603990201, 0.138178270171, 0.0101129932265, 40, 2019
Z, 100, 0.6908154960994989, 5.53181509206, 16.111839591, 0.404419795635, 0.964332543032, 0.569425977734, 43, 2019
N, -52, 0.9996453522901995, 253.188022229, 125.271464483, 2.02189766933, -0.0164873123795, 0.0118558203364, 43, 2019
E, -100, 0.9970080600530128, 228.726404059, 163.332649717, 1.4016073294, 0.137250157332, 0.0533926553931, 43, 2019
Z, 100, 0.020903135880725697, 63.2809934714, 16.9437731529, 3.61525375598, -0.848374845358, 1.24649101237, 46, 2019
N, -100, 0.9483857081870525, 151.25452247, 68.7552198897, 2.2230849448, 0.205404326836, 0.261977081147, 46, 2019
E, 100, 0.871351247201239, 110.83987178, 81.2467976058, 1.30782064128, 0.0674804885361, 0.267653242442, 46, 2019
Z, 100, 0.727797679528513, 86.2276040592, 33.7305409885, 2.93536182941, 0.46648096487, 2.89568742487, 49, 2019
N, -100, 0.9534077147231004, 235.733698184, 136.126236066, 1.93383869177, 0.57027891534, 0.370887459374, 49, 2019
E, -100, 0.9708021467291716, 214.986675514, 155.914584681, 1.57072324248, -0.571368852904, 0.464967962803, 49, 2019
Z, -100, 0.9456226202188583, 116.415917904, 39.5036991533, 2.34853732682, -0.210190642335, 1.21878634295, 52, 2019
N, 44, 0.9996310346449693, 386.244200772, 210.178184109, 1.8139453488, -0.0140639879671, 0.0234568394174, 52, 2019
E, -100, 0.9958031303627243, 355.099585638, 266.730843799, 1.3305982441, 0.0423803605687, 0.0356552101594, 52, 2019
Z, -100, 0.8081146277464526, 20.6031714078, 29.200330445, 0.748882754646, 1.02496414226, 0.285231831513, 55, 2019
N, 100, 0.999060600429433, 389.303741176, 198.934822944, 1.95075526438, -0.0536852862965, 0.0185346553773, 55, 2019
E, -100, 0.9991642849467922, 358.039921462, 263.995617262, 1.36082499271, 0.0719863254929, 0.0107304125026, 55, 2019
Z, -100, -0.5099051123610484, 753.406666374, 9.65393578353, 64.2451757034, 0.855108681718, 2.9080935626, 58, 2019
N, 100, 0.9791105624392805, 208.103968021, 113.803560111, 1.66996652849, 1.39300382182, 2.60044887497, 58, 2019
E, 100, 0.9445327664223564, 171.516936931, 153.71466607, 0.978169117936, -0.621451364414, 0.354085616454, 58, 2019
Z, 100, 0.3870860685794596, 10275.9564381, 21.4931045821, 486.503663262, -0.712196649299, 0.786379633725, 61, 2019
N, -100, 0.7723916260004514, 158.577544129, 60.2066738604, 2.85864688883, 0.758194599771, 0.444269221836, 61, 2019
E, -100, 0.8099192035220867, 126.855965692, 76.0428875446, 2.14753009004, 0.569502386568, 0.386628074127, 61, 2019
Z, 100, 0.09082855901582705, 30145.8182455, 32.5212759668, 667.644736038, 0.223208418462, 2.59657353785, 64, 2019
N, 100, 0.9988086896567767, 229.957775743, 129.55410709, 1.74486776285, -0.120380509106, 0.0593536777952, 64, 2019
E, -100, 0.9875517566071913, 221.840298684, 173.966077236, 1.27071987753, -0.128844495751, 0.169541294368, 64, 2019
Z, 100, 0.27430216688732534, 93.4969743029, 35.2582718371, 2.36488428878, -1.67925234772, 0.76794618058, 67, 2019
N, 100, 0.9989517638508335, 324.743596805, 170.54335087, 1.88323552859, -0.0964892597171, 0.040803135879, 67, 2019
E, -100, 0.9926739767287162, 311.07869547, 228.495363911, 1.37825481674, 0.0265802897565, 0.0539429192342, 67, 2019
Z, 100, 0.11498725210215423, 63.9981628782, 27.6839666186, 1.79352481855, 0.0183565922088, 1.54900093728, 70, 2019
N, 100, 0.9989049994131065, 335.289390389, 170.237692056, 1.95699474027, -0.0782380976726, 0.0307392322601, 70, 2019
E, -100, 0.9967399683533381, 314.075394754, 225.535448825, 1.41219766466, 0.0927282626455, 0.0216535079354, 70, 2019
Z, -100, 0.4429041411424677, 119.408293474, 11.6121737485, 8.00636213247, 1.89399793443, 1.93015858723, 73, 2019
N, -100, 0.9990116051694665, 234.040815061, 123.809241387, 1.92343290047, -0.0089861443922, 0.0197904155832, 73, 2019
E, -100, 0.9997738906710599, 239.714910556, 163.221646325, 1.48201908591, 0.0382084767817, 0.02482456652, 73, 2019
Z, 100, 0.35678611042399966, 636.968938469, 23.3076473941, 27.6194416211, -0.465591683559, 1.22436762008, 76, 2019
N, -100, 0.9835626943997576, 97.8815363683, 64.3461993481, 1.66749261433, -0.113067872351, 0.111630944935, 76, 2019
E, 100, 0.7748929274789127, 74.584288955, 62.0895595005, 1.45623150585, -1.22519529001, 0.611523955515, 76, 2019
Z, -100, 0.7622190913512988, 146.335099376, 38.7280193876, 3.6342001551, 0.370465289014, 0.539390395319, 79, 2019
N, 100, 0.9987975164461429, 305.839880498, 173.452703204, 1.72133317756, 0.0704380268371, 0.0957311720134, 79, 2019
E, -100, 0.9882922694277942, 272.806643586, 211.734161548, 1.29448309623, 0.360617533805, 0.167570210559, 79, 2019
Z, 100, 0.8232569390188659, 30.3135050263, 38.8908668231, 0.847773753032, -1.57242648358, 1.03923249076, 82, 2019
N, 100, 0.9980327280076581, 415.718504047, 222.808205793, 1.84333222975, -0.0757975344521, 0.0240113146043, 82, 2019
E, -100, 0.9988846774097697, 385.886099352, 290.251478148, 1.32900158097, 0.0508417265186, 0.0243084898685, 82, 2019
Z, -100, 0.36609906295848843, 37.5771710943, 22.4375099783, 1.47730326488, 1.17378309223, 0.353041628752, 85, 2019
N, 100, 0.9970803647356438, 354.201356641, 177.948110887, 1.98840533195, -0.098137296683, 0.0226236883687, 85, 2019
E, -100, 0.9998759102627689, 323.973749051, 239.403430003, 1.35462947358, 0.0220577710747, 0.0082505480599, 85, 2019
Z, 100, 0.13572869747459182, 56.6369735703, 9.83129116968, 5.61381857857, -1.05391693264, 2.0197284891, 88, 2019
N, -100, 0.9961855578558596, 173.758616679, 81.4234395268, 2.14915067873, 0.263767406011, 1.33910543168, 88, 2019
E, -100, 0.9996063705271143, 143.16458456, 108.950687569, 1.31343585216, 0.014174067049, 0.015063498682, 88, 2019
Z, -100, 0.9701048459127936, 18.165770094, 24.7427919533, 0.800667483914, 0.30482123484, 0.178753996472, 91, 2019
N, 100, 0.9894452508283911, 126.740677799, 77.7550453417, 1.60336124699, 0.291126470262, 0.267114651302, 91, 2019
E, -100, 0.990670516939402, 127.838944033, 103.869727173, 1.20367856843, -0.959272728908, 2.02896787187, 91, 2019
Z, -100, 0.983834779789597, 34.4427104604, 34.4712373638, 0.921465953344, 0.541802036858, 2.28804176824, 94, 2019
N, 100, 0.9978098749930702, 263.414009736, 145.885420659, 1.76818019098, -0.106438082851, 0.0363691437625, 94, 2019
E, -100, 0.9931974982942811, 254.781530554, 195.171640992, 1.28917043971, 0.0617453252305, 0.0435065801064, 94, 2019
Z, 100, 0.66096133407598, 35.3958635396, 34.3100500134, 1.11078910031, -1.84140623132, 0.970971857001, 97, 2019
N, 100, 0.9980378024442679, 342.107402644, 181.270681858, 1.86652797864, -0.0852093985671, 0.0269358261219, 97, 2019
E, -100, 0.9970397050202616, 321.711466016, 239.596490066, 1.34577557229, 0.0590174454996, 0.0286219666234, 97, 2019
Z, 100, 0.6318853058239545, 35.8995096139, 22.6569125332, 1.53126795144, -1.13632109335, 0.448124040698, 100, 2019
N, 100, 0.9982118638867737, 329.623278996, 167.1567817, 1.9757898236, -0.0926962017507, 0.0370358484429, 100, 2019
E, -100, 0.9995000190191939, 301.743448964, 219.497952197, 1.38655916421, 0.0247637485041, 0.0121323960044, 100, 2019
Z, -100, -0.37495397636099764, 119.773979126, 10.7400891761, 10.1794333752, -1.82676030271, 2.05342424851, 103, 2019
N, -100, 0.9964325948353147, 217.152792133, 101.94570719, 2.13466152394, -0.0214118438573, 0.0420716820209, 103, 2019
E, -100, 0.9982793740288013, 183.439388603, 132.257895353, 1.37551324486, 0.0368847091174, 0.0359736014747, 103, 2019
Z, 100, 0.9077539387193921, 48.1158405984, 29.6167269477, 1.88144220169, -0.454284607973, 0.469781275088, 106, 2019
N, -100, 0.9896579008174504, 168.226490296, 105.60085826, 1.65027518139, 0.211104528587, 0.135520149219, 106, 2019
E, -100, 0.9845931910872788, 148.321050935, 119.931495923, 1.27955156554, -0.10300345783, 1.14559139837, 106, 2019
Z, -100, 0.8468019355857186, 123.481285517, 39.2153204481, 3.07308655511, 0.583686844735, 1.1860391813, 109, 2019
N, 100, 0.9985653453293165, 347.434565538, 193.201309944, 1.76500562717, -0.0194286884405, 0.0439266851582, 109, 2019
E, -100, 0.996639992177415, 319.881818785, 243.990757365, 1.30480657414, 0.142783303794, 0.041593653999, 109, 2019
Z, 100, 0.11944113484570573, 107.627746281, 32.7252884523, 2.85364607823, -1.85711293405, 0.598397778248, 112, 2019
N, 100, 0.9969177962055343, 384.217721487, 203.962611982, 1.8734476044, -0.101035505242, 0.036842539346, 112, 2019
E, -100, 0.999571075608356, 357.455679583, 268.266245474, 1.3431901756, -0.0230541199333, 0.0336032469969, 112, 2019
Z, 100, 0.5511479239684582, 71.7572895711, 15.1586304645, 4.4546798777, -0.816873073521, 0.355170346367, 115, 2019
N, 100, 0.9981686659771326, 277.987520599, 140.18976061, 1.98792844275, -0.0947652762662, 0.0216744300129, 115, 2019
E, -100, 0.9996147810514929, 256.219662226, 187.437384303, 1.38239965488, 0.0199401476971, 0.01341644239, 115, 2019
Z, 100, -0.33075368379689335, 120.6520677, 12.999524961, 9.35702312983, -2.72125605826, 3.02057108734, 118, 2019
N, -100, 0.9128883809613401, 108.908755219, 53.9335480683, 1.94701740969, -3.41600016429, 3.04961631968, 118, 2019
E, -100, 0.9411664904075097, 121.153675584, 66.0244042107, 1.90455446043, -0.160458860459, 1.33819850113, 118, 2019
Z, 100, -0.5498795251838265, 233.805988583, 26.6548089694, 8.98977410863, -0.34156332638, 3.1023553999, 121, 2019
N, 100, 0.9556493793672826, 162.311726952, 91.7420642661, 1.71189029758, -0.576375190198, 0.214286560121, 121, 2019
E, -100, 0.8547969352271144, 126.973593021, 119.751952484, 0.999302975674, -1.13027713237, 2.36743207642, 121, 2019
Z, -100, 0.7891685507853129, 119.511656373, 33.9847396032, 3.35270729245, 0.46945164601, 1.19071274788, 124, 2019
N, 100, 0.9939086812232033, 285.039187365, 154.733250699, 1.81501409278, -0.17013295573, 0.0490236745942, 124, 2019
E, -100, 0.990247934965225, 259.044826584, 200.020151365, 1.29886257897, 0.23706794858, 0.0622215830475, 124, 2019
Z, -100, 0.6934850260924368, 100.938433553, 30.3435902174, 3.06677487674, -0.291186383759, 2.76902994549, 127, 2019
N, 100, 0.9988293461113934, 338.192122238, 179.766005993, 1.86768631604, -0.0782926112455, 0.0253040924393, 127, 2019
E, -100, 0.996025806512498, 307.680238585, 231.777687691, 1.3208384777, 0.151354907133, 0.0812492845599, 127, 2019
Z, 100, -0.1386122431889747, 134.931700893, 16.2135318114, 7.67223457071, 0.618738948533, 2.62935689703, 130, 2019
N, 0, 0.9994483052356782, 295.037765029, 149.009908398, 1.98162717905, -0.0252375621377, 0.0278396273917, 130, 2019
E, -100, 0.9965848032927497, 257.630881913, 191.787416754, 1.31476142509, 0.130476196772, 0.0524568001857, 130, 2019
Z, 100, 0.6579214445493602, 27.6174350463, 17.1440000732, 1.7094988134, -0.868768287998, 1.63845833004, 133, 2019
N, -100, 0.9821727244321538, 162.704515345, 78.0671239593, 1.99449920853, -1.0807607057, 2.46025427544, 133, 2019
E, -100, 0.9901808275854593, 129.942998897, 90.8834052002, 1.40424540957, -1.14159398173, 2.47616497542, 133, 2019
Z, -100, 0.34177034055878686, 59.7955752031, 31.5826929852, 1.78785466184, 1.19842532393, 1.68908216487, 136, 2019
N, 100, 0.9987740903979526, 222.859050307, 131.855814691, 1.68478472569, 0.0264120673171, 0.070426865384, 136, 2019
E, -100, 0.995381525930311, 197.351873042, 157.129834482, 1.22561727284, -0.00675533387685, 1.34889467656, 136, 2019
Z, -100, -0.08509517328198267, 98.2897189783, 34.9570120893, 2.76497830777, -0.859784958401, 2.40334348143, 139, 2019
N, 100, 0.9991176945132005, 326.933656099, 181.420388593, 1.79902642974, -0.0499505414818, 0.0120385153097, 139, 2019
E, -100, 0.9983175913696101, 297.935034711, 231.589135046, 1.26345317923, -0.105004307923, 0.0695150431568, 139, 2019
Z, 100, 0.4772805981929755, 102.441300258, 25.8641038791, 3.83460046535, -1.39002002152, 0.458763513426, 142, 2019
N, 100, 0.9977152926234354, 316.138148302, 169.050991862, 1.87042428314, -0.126848088711, 0.0638025887329, 142, 2019
E, -100, 0.999476665896398, 289.978594145, 221.355008518, 1.32314425258, 0.011327421858, 0.0154121152223, 142, 2019
Z, 100, -0.3834907511200985, 62.3259502708, 11.9735958224, 4.74035296756, 1.28787133427, 2.52978316025, 145, 2019
N, 0, 0.9996702753608131, 214.932665005, 109.391893985, 1.98584385963, -0.0269937423934, 0.0130713664451, 145, 2019
E, -100, 0.9972646972541797, 186.985893779, 141.817606799, 1.31297701925, 0.0793737392513, 0.0336285166785, 145, 2019
Z, -100, 0.6088962713051346, 40.4612233301, 14.8975997499, 2.59785522926, 0.797482843648, 0.703141173366, 148, 2019
N, -100, 0.9805716694359541, 88.1672908501, 46.0565833236, 1.70661010917, -0.0590161308243, 0.160036297629, 148, 2019
E, -100, 0.9276138140828288, 79.0243995657, 46.6816268516, 1.56347799137, 0.19623646048, 0.123863683438, 148, 2019
Z, 100, -0.01378019517062619, 110.793770959, 26.5529033109, 3.81673637935, -2.17770913193, 2.71276354048, 151, 2019
N, -19, 0.9982751876870011, 169.145058646, 98.7342379071, 1.71849690759, 0.0954760454313, 0.0858241687291, 151, 2019
E, -100, 0.9840808052612294, 153.180089377, 120.059453863, 1.16092186197, -1.97143508014, 2.78078031647, 151, 2019
Z, -100, 0.8525103048243444, 66.1665203514, 31.7904123577, 2.25502774198, 0.28221470656, 0.428830017506, 154, 2019
N, 100, 0.9983728979913687, 279.632205863, 155.520283421, 1.74206766873, 0.143678645618, 1.36285099255, 154, 2019
E, -100, 0.9948677128414958, 255.244966467, 192.562890366, 1.34610118156, 0.142041918966, 0.0220789786248, 154, 2019
Z, -100, 0.5260038278723287, 115.418204453, 26.1729170489, 4.05814446652, -0.147954103685, 2.81043109168, 157, 2019
N, 0, 0.9997213401567195, 306.217928465, 171.376773411, 1.80419930248, -0.0169158000861, 0.0215538394686, 157, 2019
E, -100, 0.996071132388316, 284.439773703, 215.755577141, 1.31014570371, 0.146595870459, 0.0797556493106, 157, 2019
Z, -100, 0.6496597391683689, 6.8677323346, 14.2168694255, 0.568241705098, 1.18075922644, 2.89434207903, 160, 2019
N, -100, 0.998983517666176, 262.908397678, 133.504721591, 1.97376927635, 0.0189546296018, 0.0256579570265, 160, 2019
E, -100, 0.997182349261303, 224.754394297, 166.556501404, 1.33962054053, 0.0925376124867, 0.0269233557929, 160, 2019
Z, 100, 0.29607394290693456, 47.3463294644, 20.0353847203, 2.17338028948, -1.12618712243, 1.16305490293, 163, 2019
N, -100, 0.9964023557058962, 147.437277606, 81.8613089964, 1.81627273311, 0.127875181372, 0.0463281113212, 163, 2019
E, -100, 0.992672238426724, 115.034661284, 83.7295502694, 1.34084709954, 0.0554744830845, 0.0317239474662, 163, 2019
Z, 100, 0.9074416822638683, 45.6574081497, 29.5986795697, 1.65914680604, -0.286523796423, 0.456394010067, 166, 2019
N, 20, 0.999484638237697, 218.273470069, 128.331931677, 1.71290769669, 0.031658314078, 0.0537428223822, 166, 2019
E, -100, 0.9953331643729297, 201.049297525, 154.296274154, 1.33790455912, -0.449937235157, 1.832686441, 166, 2019
Z, -100, 0.4046893996365117, 205.031380815, 30.4824068025, 6.38541826114, 1.38834049501, 1.88424175782, 169, 2019
N, 100, 0.998910907962028, 279.453756438, 156.93530205, 1.79712603808, 0.285874979278, 1.33230363547, 169, 2019
E, -100, 0.9929849883863845, 256.405845224, 200.957993468, 1.30777237852, 0.20800824829, 0.061652008343, 169, 2019
Z, -100, -0.7412003368607878, 187.360160565, 22.9004310258, 7.7784166108, 1.42648938967, 3.06168928969, 172, 2019
N, 100, 0.9938498063920902, 289.365740876, 144.224029107, 1.95165956211, -0.1156067498, 0.0590857211911, 172, 2019
E, 6, 0.9993736985746493, 250.844159979, 187.850627138, 1.35121564205, -0.0732089318535, 0.0392180281624, 172, 2019
Z, 100, 0.6477685229910753, 185.780616629, 12.8158200781, 13.6960811795, -0.798136536807, 1.21878005437, 175, 2019
N, -100, 0.9988551491482567, 194.588597938, 100.064117525, 1.93116722486, -0.00485702037234, 0.033015080582, 175, 2019
E, -100, 0.9943698158042441, 191.995734446, 126.425436396, 1.58431144068, 0.0621502625318, 0.0637667989076, 175, 2019
Z, -100, 0.5790588429694813, 54.5412009531, 14.990485175, 3.31403269786, -2.89521402669, 2.5900354759, 178, 2019
N, -100, 0.990254307783991, 107.415251133, 56.3249041202, 1.85383811821, 0.10077206579, 0.0750081625276, 178, 2019
E, -100, 0.9662940429409775, 88.7278581042, 56.5819818043, 1.55186244634, 0.287083294102, 0.0618482354738, 178, 2019
Z, -100, 0.9749516635312989, 26.4995777886, 25.9293888648, 0.955331848784, 0.714978844954, 0.571358098533, 181, 2019
N, -100, 0.9987875553307114, 175.495372837, 100.614004095, 1.72748880237, 0.133072973366, 0.0880659373767, 181, 2019
E, -100, 0.9888630805738776, 151.600792582, 113.059057376, 1.36083579646, -0.0996073799634, 1.32425169102, 181, 2019
Z, -100, 0.7582522358603516, 135.383854339, 30.9904325069, 4.23105239839, 0.594221502184, 1.24545025292, 184, 2019
N, -12, 0.9999252651184216, 284.90018146, 157.863631164, 1.79970869217, -0.0190579904734, 0.0122062357731, 184, 2019
E, -100, 0.9913727214437886, 248.773229224, 190.300748107, 1.34301653854, 0.214914211351, 0.0636603820952, 184, 2019
Z, -100, 0.2695943336017637, 103.037311929, 25.4907652553, 3.81115343128, 0.180354718051, 2.81243730077, 187, 2019
N, -100, 0.9996953764369498, 327.165262263, 174.141095072, 1.87509068384, 0.00101429443424, 0.00950496943071, 187, 2019
E, -100, 0.9920175599828674, 282.298936465, 217.950302683, 1.28170511139, 0.19404297487, 0.0936170313102, 187, 2019
Z, -100, -0.6128725298055301, 187.464954368, 15.8484357842, 10.3383960184, 1.03151839492, 2.8965565297, 190, 2019
N, -100, 0.9992365247805446, 249.318159351, 136.343283999, 1.82019679596, 0.0937357432392, 0.020207606783, 190, 2019
E, -100, 0.9953961212536533, 204.872784831, 170.490811346, 1.1393791928, 0.170585440367, 0.107445144428, 190, 2019
Z, -100, 0.4341398279183118, 130.416035937, 19.3045533392, 5.9472635955, 0.493338952349, 1.75983947006, 193, 2019
N, -100, 0.9989941062897101, 154.04506913, 82.7191864148, 1.8323786217, -0.270402929975, 1.33223498421, 193, 2019
E, -100, 0.9908319864213483, 119.526388259, 89.0222676717, 1.3785069575, 0.248928231832, 0.0771750556629, 193, 2019
Z, 100, -0.037818208953837834, 83.007908986, 28.1208933525, 2.60519108917, -1.72305517336, 2.64039029612, 196, 2019
N, 100, 0.9998740261598466, 200.48945234, 115.826746591, 1.71741621759, -0.0244756684485, 0.0171727944912, 196, 2019
E, -100, 0.9966894823429739, 181.633469289, 142.142266045, 1.24931540089, 0.0148096651678, 0.057200814415, 196, 2019
Z, -100, 0.9819511419929602, 31.3120769704, 29.6364941137, 1.17314206151, 0.274479547964, 1.32915916155, 199, 2019
N, 100, 0.9997403435711737, 263.231534811, 146.74398428, 1.78923638542, -0.0311531388132, 0.0122002163126, 199, 2019
E, -100, 0.9951358296565289, 243.531560722, 191.689256548, 1.27733140131, 0.0977531195477, 0.0347025668321, 199, 2019
Z, -100, 0.4588149793655483, 72.0204464638, 23.6250263197, 2.94064290143, 1.33821895414, 0.513942787026, 202, 2019
N, 0, 0.999914534010404, 270.704730714, 142.343752972, 1.89562399857, -0.0126444610835, 0.0104251746274, 202, 2019
E, -100, 0.9926528615379581, 244.604061092, 187.2333964, 1.28979279719, 0.154934743518, 0.0373418088515, 202, 2019
Z, 100, -0.09171483549892526, 35.1843198169, 13.9469565853, 2.27911062229, 1.25622995261, 2.82044374345, 205, 2019
N, -100, 0.9999342019299261, 208.483189501, 108.418209364, 1.92306560796, 0.0242357170844, 0.0085872394787, 205, 2019
E, -100, 0.9962068999784305, 182.536846905, 138.034916888, 1.30490782703, 0.164702305767, 0.0640175800087, 205, 2019
Z, -100, 0.6895949409293051, 54.6329038196, 14.7501726578, 3.44234266879, 0.334259932939, 1.41270246105, 208, 2019
N, -100, 0.9957256884806751, 120.784426405, 64.4409460211, 1.83542954034, 0.0373692477615, 0.0498962236303, 208, 2019
E, -100, 0.9966253991796554, 95.927318542, 70.2961400245, 1.37445513084, 0.0808858403607, 0.0142937284855, 208, 2019
Z, -100, 0.9451285176729126, 18.7524580477, 28.1133073193, 0.683124416742, 0.190258660845, 2.25433124311, 211, 2019
N, -100, 0.9990702207227149, 183.535296873, 108.987265361, 1.68259513466, 0.0656852278899, 0.025745345766, 211, 2019
E, -100, 0.9878386023582627, 154.623751523, 120.271127682, 1.3148962518, -0.159333384041, 1.32677749208, 211, 2019
Z, 100, 0.20944152096165738, 59.6071538712, 33.8360983597, 1.73191119011, -1.91766154633, 1.54082474188, 214, 2019
N, -100, 0.999917089267229, 312.488301043, 178.96491987, 1.74402947668, 0.0135362129571, 0.0115894735883, 214, 2019
E, -100, 0.9944071512863066, 274.362865094, 219.653550175, 1.25584621672, 0.0762809659508, 0.0290537630358, 214, 2019
Z, -100, 0.41576229200601805, 75.5213903114, 26.8701887939, 2.61684009455, 1.31609698067, 0.5054040093, 217, 2019
N, 0, 0.9999022527189646, 348.690976717, 192.205974861, 1.81153111323, 0.0118185226088, 0.0104860504292, 217, 2019
E, -100, 0.9962075439435505, 308.577271197, 246.92001884, 1.2402944085, 0.145038296431, 0.0447844639348, 217, 2019
Z, 31, -0.6444681010762797, 486.678626269, 14.3929730879, 28.2698252569, 1.29389423757, 2.72778091873, 220, 2019
N, -21, 0.9955968195544476, 232.464670701, 133.46644543, 1.6551869871, 0.0234469516118, 0.113077554366, 220, 2019
E, 77, 0.9874673973267397, 197.344586604, 173.087725196, 1.03558381636, -0.739278229488, 1.80080319956, 220, 2019
Z, 100, 0.2645393023127331, 504.169713049, 20.0278656733, 23.9742679205, -0.511807120099, 1.72570337371, 223, 2019
N, 0, 0.9782198369350418, 100.476337784, 60.7171713275, 1.63528472571, -0.0227695800657, 1.3129728154, 223, 2019
E, 100, 0.8852871751438531, 120.921026449, 65.6328264259, 1.72157627508, -0.733206016064, 0.354681554997, 223, 2019
Z, -100, -0.4982797865980914, 1327.17761554, 29.8943228224, 42.2973771454, -1.36200023721, 2.58396406398, 226, 2019
N, 100, 0.9599252724220708, 231.418423369, 121.160514996, 1.68378380721, -0.123228632592, 2.05237606588, 226, 2019
E, 100, 0.8627685152515567, 206.385184429, 157.621835584, 1.57922213791, -1.31826052606, 0.853382296499, 226, 2019
Z, -100, 0.6162760539559275, 581.913375558, 31.5177027921, 16.9071032482, 0.383114544268, 1.15920140592, 229, 2019
N, -100, 0.9944204610102684, 290.444885197, 156.790394259, 2.00339931255, 0.164489550656, 0.0789659957798, 229, 2019
E, -100, 0.9788763894590701, 269.131663121, 210.173306241, 1.38011063105, 0.315341672782, 0.131968101593, 229, 2019
Z, -100, 0.14013645720995926, 144.349254972, 24.9430084722, 5.12366022446, 0.377597567714, 2.7437456816, 232, 2019
N, 0, 0.9998153786008975, 289.866963717, 153.931047178, 1.86633213413, 0.0137755568681, 0.0211243657428, 232, 2019
E, -100, 0.991386267486502, 261.760025536, 204.497466835, 1.24586221192, 0.205119639494, 0.0576457788839, 232, 2019
Z, 100, 0.9159083017365447, 20.2041679802, 13.3919223736, 1.56761243248, -0.709375987506, 0.232385122189, 235, 2019
N, 56, 0.9999265806356087, 226.230481751, 115.927142307, 1.96348301603, -0.0174681256954, 0.00526840152074, 235, 2019
E, -100, 0.9987156751878881, 198.128682331, 150.321393835, 1.32705630664, 0.11296771646, 0.0478301946474, 235, 2019
Z, -100, 0.18658004968873726, 168.748413325, 18.1739515952, 9.2301350754, -3.03861938622, 2.49032516293, 238, 2019
N, -100, 0.9892960898255917, 115.800125385, 58.7953727254, 1.86193241419, -0.0490655553631, 0.0828930288517, 238, 2019
E, -100, 0.987260941405935, 111.084984064, 67.5612514707, 1.65281833072, 0.202501532076, 0.0574052515504, 238, 2019
Z, -100, -0.07319080313070783, 117.87510769, 34.0837332593, 3.26202381955, -1.4922424042, 2.57910833607, 241, 2019
N, -100, 0.9991453210272168, 233.085541456, 141.853121654, 1.6641373546, 0.0536409737157, 0.0351643346807, 241, 2019
E, -100, 0.9902311142084413, 204.104586924, 165.675157633, 1.20188932398, 0.0228079994647, 0.0919701185479, 241, 2019
Z, -100, 0.9076993770808616, 43.2042086952, 37.3344555044, 1.2646694859, 0.751328542909, 1.20339961705, 244, 2019
N, 100, 0.9995653246778301, 370.829128225, 213.157350841, 1.71052611941, -0.0475617852363, 0.0267426927351, 244, 2019
E, -100, 0.995172636876563, 334.013823337, 271.407371701, 1.23753915957, 0.135385828816, 0.0535078726661, 244, 2019
Z, 100, 0.1994547935475223, 23.9265928228, 25.7686792491, 0.83853651085, -0.552326528125, 0.712126567432, 247, 2019
N, -100, 0.968615631060897, 393.80027264, 196.261041692, 1.9508924947, -0.0801908808852, 0.109353232264, 247, 2019
E, 97, 0.9984694266624243, 320.882160167, 259.256857396, 1.26875837832, 0.0208542676685, 0.0137360375705, 247, 2019
Z, -100, -0.4697324433133635, 84.0870660192, 10.0381455353, 5.84965709219, 1.82721557957, 2.54659003967, 250, 2019
N, -100, 0.9367765367694139, 87.0612622671, 105.346714032, 0.93254350397, -0.755625214844, 2.45307139501, 250, 2019
E, 100, 0.9953836045384564, 185.315914884, 141.030728343, 1.25475616218, -0.170364419417, 0.099917536196, 250, 2019
Z, 100, 0.5149202996645625, 184.782915114, 23.5817514659, 7.99033508036, -0.514139258493, 1.26067528562, 253, 2019
N, 62, 0.9975536548556619, 118.369393592, 73.5238165112, 1.69143651165, -0.100611459786, 0.114360454298, 253, 2019
E, -100, 0.959258767205133, 116.696483304, 94.2149839991, 1.48667093203, -0.313830979346, 0.470342644453, 253, 2019
Z, -100, 0.7902830162438058, 100.335454856, 32.9581127248, 3.05036630095, 0.503175689215, 1.18266459851, 256, 2019
N, 100, 0.9998267243724623, 247.363052838, 139.972584329, 1.76328900789, 0.00316027570131, 0.0231545262153, 256, 2019
E, -100, 0.9894515459807086, 232.488281255, 189.187202168, 1.25247297184, 0.20506967248, 0.0405214771278, 256, 2019
Z, 100, -0.19052427745984524, 42.2965610445, 33.1460637041, 0.953708651851, -1.04567021447, 2.44371435825, 259, 2019
N, 87, 0.9998583650797572, 314.114215527, 172.090979685, 1.82036542479, -0.0172515483376, 0.010757184395, 259, 2019
E, -100, 0.9929519507447948, 292.92161183, 232.12062473, 1.26439696622, 0.0961292375383, 0.0430391024387, 259, 2019
Z, -100, -0.6554010192898332, 52.2814069594, 24.6353690251, 1.98076937267, 1.5714425064, 3.0769154266, 262, 2019
N, 100, 0.999763437176896, 305.889908139, 160.996025124, 1.89940915409, -0.0377493073862, 0.015852975234, 262, 2019
E, -100, 0.996917539218064, 281.169028993, 213.692781993, 1.3264105525, 0.0899986348946, 0.012060906805, 262, 2019
Z, 100, -0.062061725355910556, 19.7600640233, 11.3328514138, 1.49163705803, 1.64749314025, 0.418268983189, 265, 2019
N, 0, 0.9990021948488331, 210.116318711, 108.367009133, 1.92832838655, -0.0407505981412, 0.0310615386368, 265, 2019
E, -100, 0.9992835796647153, 182.490120149, 142.842491386, 1.2575103667, 0.0678305241182, 0.0374424469549, 265, 2019
Z, 100, 0.35445669173547484, 153.937834212, 25.3345112063, 6.46342017961, -0.85873847158, 1.31843044571, 268, 2019
N, -100, 0.9869053827948264, 112.615124388, 74.3545825688, 1.65715785346, 0.0781472957124, 0.101939913329, 268, 2019
E, -100, 0.9555414761723137, 92.5678879866, 77.7361396813, 1.2308781868, -0.516851094927, 0.490482242337, 268, 2019
Z, -100, 0.9083900488664637, 38.4539173938, 39.5308918794, 1.28096543748, 1.02651129952, 0.857810040574, 271, 2019
N, 100, 0.9996579755050241, 313.64855747, 185.026981887, 1.68897570454, 0.0383358855634, 0.0528944744318, 271, 2019
E, -100, 0.9944842640751625, 278.614085385, 228.204275522, 1.22074625872, 0.171225730955, 0.0520089232214, 271, 2019
Z, 100, 0.3170780627216093, 87.5289201829, 37.1158320958, 2.15384849067, -1.78137256716, 0.675318410307, 274, 2019
N, 100, 0.9986486377079009, 406.919501867, 226.539665746, 1.7792532408, -0.0570215632068, 0.0215190405519, 274, 2019
E, -100, 0.9994379197040961, 369.95719662, 295.330004888, 1.25620929123, -0.011012220044, 0.0297314180709, 274, 2019
Z, 100, 0.876431470008233, 45.0311721513, 22.1903096822, 1.91826006641, -0.530151964334, 0.27796850575, 277, 2019
N, 100, 0.9980995053111195, 322.662345205, 169.279637557, 1.9041828916, -0.0851701242411, 0.01922030298, 277, 2019
E, -84, 0.9998364840668833, 291.43425012, 227.465127157, 1.29547851206, 0.0208338463754, 0.0144442818473, 277, 2019
Z, 100, 0.8055758478470667, 9.62703497172, 12.8997399832, 0.725716578497, 1.80989904112, 2.64037814215, 280, 2019
N, -100, 0.9902083902892623, 134.873971913, 67.6341274795, 1.98135317653, -0.0355954685998, 0.0555856233997, 280, 2019
E, 43, 0.9960191132511599, 114.716662671, 90.9444922429, 1.27189905131, -0.00658257258159, 0.0228923607979, 280, 2019
Z, -100, 0.13781130693381435, 84.3385050218, 27.0157824612, 2.99436943165, -2.0729600603, 2.65507710665, 283, 2019
N, 100, 0.9972765820887525, 153.206175533, 93.9764648706, 1.59134542597, 0.116677919283, 0.104402985465, 283, 2019
E, -100, 0.9919484235535497, 150.855024506, 126.746952065, 1.15434981497, -2.04706568747, 2.84818070681, 283, 2019
Z, -100, 0.9423965904075831, 54.5507154549, 34.5761581399, 1.74456693768, 0.078806341227, 0.314560831564, 286, 2019
N, 100, 0.9992714134924273, 275.612717986, 155.359714526, 1.7558302261, -0.0366778865351, 0.0198197886807, 286, 2019
E, -100, 0.9934539107948358, 259.768501094, 209.103473815, 1.23965256391, 0.11398694333, 0.024915127638, 286, 2019
Z, -100, 0.6602318465830688, 116.45889352, 32.5846967346, 3.17096189216, -0.308636410287, 2.73924632113, 289, 2019
N, 100, 0.9995946360454955, 328.118996302, 178.466788903, 1.82929660804, -0.0516480225457, 0.0167028854512, 289, 2019
E, -100, 0.9938667178681199, 301.040793305, 237.012971595, 1.26853322199, 0.146080246004, 0.0724413040119, 289, 2019
Z, 100, 0.37111223737290355, 54.8249401675, 22.5683003422, 2.0264635749, -1.34698649269, 0.381646757628, 292, 2019
N, 100, 0.9992275776025276, 292.7811122, 153.742290757, 1.89996866597, -0.0727432641124, 0.0321174757118, 292, 2019
E, -100, 0.9992234536162684, 267.696237833, 202.251057114, 1.33843287836, 0.0308753835249, 0.0184579494778, 292, 2019
Z, 100, -0.3198170534375891, 121.490188862, 12.8051590589, 8.05157290532, 2.3207153781, 0.54839360893, 295, 2019
N, -100, 0.9931626818729483, 172.893854898, 85.8214120056, 2.0008221282, -0.0186104862645, 0.0572305882925, 295, 2019
E, -72, 0.9948163214199838, 138.728166535, 111.740666193, 1.21126374051, 0.0475503613053, 0.061203177353, 295, 2019
Z, -100, 0.8137350250723687, 38.224671601, 31.6291055749, 1.45433168683, 0.0697848946381, 0.65295869996, 298, 2019
N, -22, 0.9977384604970775, 181.988242244, 117.604934003, 1.56373068584, 0.035607420867, 0.0626102722443, 298, 2019
E, -100, 0.9909736063647336, 158.18027703, 136.595977637, 1.20176564375, 0.0800938711788, 0.117948951606, 298, 2019
Z, 100, 0.2977722949400943, 62.7278762731, 39.8546433277, 1.57766452908, -0.882058275439, 2.38603605665, 301, 2019
N, 100, 0.9991658970607786, 352.867230449, 203.626066872, 1.70290804328, -0.0562132885051, 0.0306070767436, 301, 2019
E, -100, 0.998540957696244, 316.399931042, 257.472273151, 1.20472530929, 0.00102464306689, 0.0353997533016, 301, 2019
Z, 100, 0.7836645330972499, 35.8068613658, 33.2905893673, 1.09161779415, -1.08472915296, 0.514781483668, 304, 2019
N, 100, 0.9983489672433515, 374.381134638, 204.849173595, 1.81234582358, -0.079054080358, 0.0283660543645, 304, 2019
E, -100, 0.9997146509086996, 342.73633814, 268.551176137, 1.28042034024, -0.0195398654656, 0.0258878846444, 304, 2019
Z, 100, -0.3242522114810323, 627.651291988, 18.2934219314, 28.5099331474, 1.23173907344, 1.8515733509, 307, 2019
N, -100, 0.9957058727290882, 231.765980982, 129.255932214, 1.73447683421, 0.140464103805, 0.114166708501, 307, 2019
E, -100, 0.980930805304905, 194.541918505, 173.543364416, 1.01646850047, 0.365473570028, 0.219795689397, 307, 2019
Z, 100, -0.27880526179084897, 481.743116941, 15.5947213374, 30.6247984826, -0.28940980776, 2.78410798634, 310, 2019
N, -100, 0.9246593246855612, 61.9709314011, 43.7364943656, 1.27277552023, -0.18563417275, 0.18997016134, 310, 2019
E, 100, 0.7453997555069176, 48.9854954788, 53.9907065093, 1.07302380975, -1.2105630498, 0.57221310068, 310, 2019
Z, 100, -0.39203639023013526, 491.869722547, 28.0333084949, 16.8616287121, -1.69986642898, 2.57593936011, 313, 2019
N, 100, 0.9767530619208781, 176.72989484, 104.114282717, 1.52112916139, 0.761169935871, 0.880155666779, 313, 2019
E, -100, 0.9415554565404998, 166.605348679, 137.424032038, 1.22901295114, -1.48005473508, 1.2545812571, 313, 2019
Z, -100, 0.6379001086325671, 392.642277236, 33.6189959515, 10.553290594, 2.02738975674, 2.51507222905, 316, 2019
N, 100, 0.9986980081713568, 284.562881212, 157.775157318, 1.76056567805, -0.0996620471256, 0.0483444913415, 316, 2019
E, -100, 0.995806158996958, 263.192406699, 205.665602954, 1.25114786847, -0.0519065041024, 0.0775399320967, 316, 2019
Z, 100, -0.5264917036456757, 3447.34229713, 30.4466276435, 74.7264626155, 0.537275009694, 2.85761444669, 319, 2019
N, 100, 0.9976417782912643, 334.356766132, 172.277639841, 1.90554500943, -0.0788882612355, 0.0296910511861, 319, 2019
E, -100, 0.9968840732158287, 289.326699035, 222.87961544, 1.30822714085, 0.0306731218853, 0.0344470428939, 319, 2019
Z, 100, 0.1276928197635322, 770.641320011, 20.2030292079, 31.072171315, -1.43511478889, 0.222707644487, 322, 2019
N, 100, 0.9890985705149035, 279.679470309, 136.047490312, 2.12601266822, -0.285368415325, 0.12349745963, 322, 2019
E, 100, 0.981657754079688, 283.176253048, 175.258060591, 1.73129155853, -0.201104845048, 0.151733321401, 322, 2019
Z, -100, -0.08014959989902994, 189.206820483, 18.4596876748, 11.5498999621, 1.7196262994, 1.61476977029, 325, 2019
N, -100, 0.9878084939915449, 132.367951794, 70.0561411718, 1.7041698532, -0.142776049599, 0.161840784959, 325, 2019
E, -100, 0.9915603748661478, 102.143262932, 82.7082835645, 1.23152130188, 0.237272869955, 0.0943697690532, 325, 2019
Z, 100, 0.621014353879078, 238.279778829, 32.7912010351, 7.24836718267, -0.187089214818, 1.18516343212, 328, 2019
N, 100, 0.9993195982028954, 236.324858852, 138.688226304, 1.72216121611, -0.0735020954368, 0.0448851186107, 328, 2019
E, -100, 0.9933381271335588, 206.627633564, 165.110955635, 1.34621985993, -0.260310589972, 1.28696749703, 328, 2019
Z, -100, 0.7415864574168911, 174.750874041, 36.0897253516, 4.33985526044, -0.0817145658098, 3.3265950634, 331, 2019
N, 100, 0.999274063334903, 340.637109213, 186.96312964, 1.80343347543, -0.0397061128991, 0.0223808659025, 331, 2019
E, -100, 0.9970987602954526, 303.661755227, 237.349426413, 1.28473336272, 0.130185272321, 0.0326954689015, 331, 2019
Z, -100, 0.9705254744630643, 22.3755946137, 29.3743284361, 0.765120442135, 0.349710343409, 0.0811772890159, 334, 2019
N, 100, 0.9982222703589689, 319.763311865, 168.714266674, 1.88321041589, -0.1097835803, 0.0516186159794, 334, 2019
E, -100, 0.9991503531609212, 284.991919072, 220.392773877, 1.29704568963, 0.0148439744098, 0.0147911136584, 334, 2019
Z, -100, 0.7006485007831339, 11.5716869278, 16.0318417755, 0.669653639962, 0.697872041086, 0.3443938648, 337, 2019
N, -100, 0.9981464948123945, 205.707489994, 103.294808019, 1.99380907223, -0.0381492900451, 0.0272416843674, 337, 2019
E, -100, 0.9948797383507453, 180.557141893, 135.996028246, 1.33186446388, 0.104198735226, 0.032033099723, 337, 2019
Z, 100, 0.7741700797285386, 15.0112367868, 15.7074428493, 1.38680526502, -1.91243792575, 1.0644379128, 340, 2019
N, -100, 0.9770392172513402, 82.5334680346, 43.6483815637, 1.78144013962, 0.159263148662, 0.0917398925992, 340, 2019
E, -100, 0.9663795035868997, 62.5586435413, 47.8090793458, 1.23128126925, 0.181644203995, 0.0488211558609, 340, 2019
Z, -100, 0.9801148636189791, 28.3614614822, 26.6682720738, 1.2236171931, -0.126380733469, 0.222439580592, 343, 2019
N, 100, 0.9985136434170103, 180.166455112, 100.667948172, 1.74051468723, 0.0571505529744, 0.0749493650403, 343, 2019
E, -100, 0.9897732174617615, 159.565226533, 124.131579915, 1.24539567824, -1.88467337434, 2.88034949503, 343, 2019
Z, 100, 0.9040027846372756, 23.8070110547, 31.8427492194, 0.688542479858, -1.56826752406, 1.24493478858, 346, 2019
N, 100, 0.9995735332131229, 286.148669131, 151.979205819, 1.85071088004, -0.0507521763973, 0.026462070892, 346, 2019
E, -100, 0.9946814284248144, 250.330117077, 189.366555001, 1.30081072439, 0.0644077501388, 0.0334052632553, 346, 2019
Z, 100, 0.7736557806979062, 31.6375197691, 29.4375290816, 1.04944808361, -1.0629340642, 0.458461508073, 349, 2019
N, 29, 0.9994795770756509, 321.471735763, 164.984194222, 1.92612392837, -0.0494578416541, 0.0244172573641, 349, 2019
E, -100, 0.9964837682583915, 280.432932654, 208.137308705, 1.35741807685, 0.0389536288913, 0.0289898078657, 349, 2019
Z, 100, 0.971491399895513, 19.4556649274, 19.1113991879, 0.995674580622, -0.114625226519, 0.0955912641814, 352, 2019
N, -100, 0.9978469225913263, 259.013753523, 129.539949735, 1.9935941941, 0.006287828368, 0.0203009040301, 352, 2019
E, -100, 0.9936911699495672, 221.840376761, 163.347602199, 1.36222302025, 0.129399360085, 0.0265621509159, 352, 2019
Z, 100, 0.9892109195174121, 24.977054434, 19.776729398, 1.23176218917, -0.250880806903, 0.242722969282, 355, 2019
N, -100, 0.9944126970394053, 149.988763796, 82.7272809207, 1.80846202845, 0.0985059275454, 0.0429416917237, 355, 2019
E, -100, 0.9914766255413787, 117.866834046, 90.8579709684, 1.27850342244, 0.109761482778, 0.0180146716497, 355, 2019
Z, -100, 0.930984661244693, 29.8991995396, 30.2423130199, 0.882862646478, 1.17947800965, 1.65756817405, 358, 2019
N, 100, 0.9987989621868633, 228.896052376, 128.18663216, 1.75851354357, -0.000286355018067, 0.0683257274255, 358, 2019
E, -100, 0.9974510100054783, 199.629418057, 151.656120441, 1.28283462604, -0.168156366926, 1.34020170207, 358, 2019
Z, -100, 0.9738713780864161, 31.9074584448, 33.0292431887, 0.919910770242, -0.322504680489, 1.84229221525, 361, 2019
N, 100, 0.9990559417379218, 304.39554955, 161.302402934, 1.86062682351, 0.232218513351, 1.34912956166, 361, 2019
E, -100, 0.9971979989360275, 273.045269439, 205.670560041, 1.322668508, 0.032276279279, 0.0277458474083, 361, 2019
Z, -100, 0.9471438936518555, 24.9372772234, 27.8620961993, 0.859449598309, -0.0584852991496, 0.17712657567, 364, 2019
N, 49, 0.9993554360069643, 289.38081014, 148.869353966, 1.92484642503, -0.0682496029884, 0.0383493562222, 364, 2019
E, -100, 0.9950558316388383, 261.770143264, 195.555556873, 1.3468131782, 0.0666990427916, 0.0230122203124, 364, 2019
