Chan, Phase Shift, Correlation, ptp-data, ptp-synthetic, rat, phasem, phasestd, DOY, Year
Z, 100, -0.2403540997387639, 126.247028737, 25.144719461, 5.15094779884, -1.45127794279, 3.2861845966, 1, 2019
N, -100, 0.38300166038250527, 488.542333894, 103.196193897, 4.91051394568, 0.885041563075, 0.32657238481, 1, 2019
E, -100, 0.18511773806689907, 383.01462977, 56.8804617937, 7.21250384565, -1.86804789045, 3.02796584593, 1, 2019
Z, 100, -0.42027705675286525, 112.093268829, 40.4242592152, 2.75348065685, -1.3264809832, 3.37646474062, 4, 2019
N, -100, 0.3963265153658112, 484.156888193, 173.097082028, 2.70305197402, 1.06890767429, 0.128880612876, 4, 2019
E, -100, 0.5108703339597936, 368.241723336, 95.343569241, 3.87080644782, -2.20996262127, 3.00737297997, 4, 2019
Z, 100, -0.8285284217991125, 78.2531707834, 42.2670702079, 1.94152165319, -0.755046981119, 3.36586275203, 7, 2019
N, -100, 0.15292853119943958, 303.494447916, 187.225376987, 1.56672911886, 1.32684793464, 0.12516919962, 7, 2019
E, -100, 0.3320129098961901, 287.844905218, 110.251020323, 2.52816184514, -2.03946785031, 2.96787457408, 7, 2019
Z, 100, -0.6260295433739719, 125.772305382, 29.6674082701, 4.68544018486, -0.964985573269, 3.53381822226, 10, 2019
N, 100, -0.07106667129138705, 338.077826277, 148.574405581, 2.23974169613, 1.54459459634, 0.10910382378, 10, 2019
E, -100, 0.1839858128429739, 336.187896417, 94.28007772, 3.44788913186, -1.88265802959, 2.93688818578, 10, 2019
Z, -100, -0.6792983262366318, 84.837889692, 13.8284149308, 5.53789722816, 0.302947417427, 2.48526335964, 13, 2019
N, 100, -0.5836001616385372, 187.010708178, 81.2286916286, 2.13661374468, -0.258520150365, 2.49042847444, 13, 2019
E, 100, -0.4161631245467671, 243.555999571, 60.0777498193, 3.71031355082, -0.713646136719, 3.61694978595, 13, 2019
Z, 100, -0.16056347667060894, 129.417798032, 27.09596935, 4.74100743623, -1.52629964277, 3.29724798127, 16, 2019
N, -100, 0.5319868181810554, 384.464923378, 94.4657786994, 4.28678468958, 0.756751995881, 0.292076411014, 16, 2019
E, -100, 0.4894093696935364, 399.857274138, 53.3588193698, 7.81613619171, -2.27223554816, 2.94424813088, 16, 2019
Z, 100, -0.36903887017495957, 94.3663848273, 48.6624346425, 1.89942570269, -1.30682354124, 3.30285027682, 19, 2019
N, -100, 0.6824212049516962, 398.724953677, 199.016434831, 2.00375742524, 0.698919400685, 0.171784095443, 19, 2019
E, -100, 0.6671227395433966, 385.642240543, 109.705907406, 3.60750563607, -2.4697068571, 2.91873757244, 19, 2019
Z, 100, -0.4885168520505466, 73.8621352731, 52.3347371937, 1.27443427332, -0.840605382984, 2.93420397321, 22, 2019
N, -100, 0.3430438404156101, 370.406836158, 229.213515574, 1.49442350295, 1.31064235511, 0.104060504529, 22, 2019
E, -100, 0.30823963448640457, 337.094221751, 132.771824541, 2.41227801368, -1.87758474678, 3.13285797681, 22, 2019
Z, 100, -0.6073325245330956, 101.072705855, 23.4662244655, 4.94597339273, 2.19559647226, 0.534949286366, 25, 2019
N, 100, -0.1542494211683706, 327.237578174, 128.08647858, 2.49668777678, 1.65994377115, 0.0590293266065, 25, 2019
E, -100, 0.062070843971043094, 355.505904019, 81.7237095299, 4.31020261568, -1.73098513215, 2.97988660331, 25, 2019
Z, -100, 0.4343864682358355, 128.281635999, 24.2870766601, 4.51781095097, -2.07676332362, 3.32697881303, 28, 2019
N, -100, 0.6968963742071912, 273.832821559, 67.648891168, 4.17936543217, 0.653146996509, 0.144034589701, 28, 2019
E, -100, 0.565275244923491, 307.962963585, 41.2076417644, 7.12890037599, -2.09169810684, 3.23770425244, 28, 2019
Z, 100, -0.31973079489047124, 80.4583447489, 34.9321313799, 1.89563826736, -0.454389224586, 2.35262953001, 31, 2019
N, -100, 0.5757484221355629, 306.385840188, 141.392880571, 2.03505488797, 0.891399025488, 0.082302894437, 31, 2019
E, -100, 0.5635493132377433, 333.72013774, 76.9281130127, 4.14331323453, -2.15725170784, 3.13531042428, 31, 2019
Z, 100, -0.49777214918136015, 96.1762079689, 39.117189387, 2.24688274056, -1.11681062394, 3.26707109879, 34, 2019
N, -100, 0.3843052721049548, 466.108642921, 168.422279325, 2.62668144884, 1.11639926449, 0.0934375092629, 34, 2019
E, -100, 0.5697569232573989, 427.398885579, 97.1499493415, 4.25545301683, -2.26253940607, 3.01531789178, 34, 2019
Z, -100, -0.922802431541002, 113.959040555, 30.4606039495, 3.97508525236, 0.360070776927, 2.98484254156, 37, 2019
N, 100, -0.25680058718015075, 254.777886689, 144.789082807, 1.62653916459, -1.10901054201, 2.91659380904, 37, 2019
E, -100, 0.1871915298372186, 315.168106828, 88.8489487656, 3.40866446724, -1.70812655187, 3.18995459432, 37, 2019
Z, 100, -0.4800332705066024, 131.571685846, 11.2894172441, 15.1721962594, -0.86105881887, 3.48824700636, 40, 2019
N, 100, -0.5316320393474453, 348.284871498, 78.6022069411, 4.58635664015, 2.17567635779, 0.0440718819823, 40, 2019
E, -100, 0.049788454892769826, 425.709005307, 54.2899835882, 7.73622293038, -1.62978478424, 3.11000046682, 40, 2019
Z, -100, 0.6079882440725601, 162.259080362, 25.5209937306, 7.09707534712, -2.16129104042, 3.02042562477, 43, 2019
N, -100, 0.7672070270130387, 391.708287105, 52.0229791795, 8.41989868441, 0.468073662792, 0.236601997774, 43, 2019
E, -100, 0.8017106121612889, 446.371884048, 31.7195421253, 14.0026346104, -2.46829650835, 3.19632313002, 43, 2019
Z, -100, 0.4432707857349755, 175.931823632, 39.406015107, 4.03623450725, -2.10805753274, 3.28021508495, 46, 2019
N, -100, 0.7905358934265849, 470.443733432, 148.404063403, 2.98217757856, 0.536921184275, 0.152763725365, 46, 2019
E, -100, 0.8992456708250807, 537.249909768, 80.9180108148, 6.30033345961, -2.83974319675, 2.96767192967, 46, 2019
Z, 100, -0.6714789410453331, 132.818746118, 47.8061368209, 2.51615361979, -0.650538045577, 2.98908571477, 49, 2019
N, -100, 0.4212336131201923, 424.430219002, 202.931204396, 1.96225720687, 1.10519728256, 0.0681820064906, 49, 2019
E, -100, 0.6374434321505993, 592.312981225, 115.750420318, 4.94729566521, -2.27256308054, 3.10401240927, 49, 2019
Z, 100, -0.9406463770473161, 182.245923596, 30.1311016868, 6.63691651629, 0.221784885322, 2.87392071232, 52, 2019
N, 100, -0.3676740518720029, 394.194830891, 143.482048761, 2.66860370976, 2.22040623077, 0.281320052932, 52, 2019
E, -100, 0.27634958924186653, 516.646398989, 84.5055264157, 6.04156330004, -1.78482015051, 3.20455136219, 52, 2019
Z, -100, 0.7627178579216028, 201.895147331, 27.8835184148, 10.6099639514, -2.56742684134, 2.72888228122, 55, 2019
N, -100, 0.7805096403427954, 545.535941312, 34.454603358, 19.6472991127, 2.88201595414, 2.73505094324, 55, 2019
E, -100, 0.9075945313666164, 591.308122291, 26.7915964934, 22.9866543634, 0.372969945645, 0.225191916117, 55, 2019
Z, -100, 0.8077487113439811, 205.312364229, 37.7746113243, 5.46787368477, -2.4929500649, 3.07130674394, 58, 2019
N, -100, 0.9055601311624895, 640.110022897, 114.915958544, 5.09497253736, 0.389987034731, 0.012868469221, 58, 2019
E, -100, 0.9837665104237103, 619.280822591, 63.0174246078, 9.10900108553, 0.151628586328, 0.0415629071368, 58, 2019
Z, -100, 0.2400874545250502, 162.355051288, 33.0908748784, 4.29872348356, -1.81095994358, 3.18800978282, 61, 2019
N, -100, 0.6323265159211192, 599.058197207, 137.992800037, 3.96234057626, 0.794922444961, 0.146022564636, 61, 2019
E, -100, 0.8595953636089353, 609.133297014, 79.0282299156, 7.42396259921, -2.65518959477, 3.06233866182, 61, 2019
Z, 100, -0.5433210121705596, 175.18359791, 26.1794244973, 7.21874578006, -0.989079587376, 3.15218437499, 64, 2019
N, -100, 0.08370848869444941, 511.79040011, 119.440650189, 4.20051830538, 1.52371237911, 0.0251800212273, 64, 2019
E, -100, 0.6385236514034639, 529.742291223, 72.4240437727, 7.028590615, -2.32728011886, 3.03638487277, 64, 2019
Z, 100, -0.820972733504383, 138.285621841, 8.89770989736, 20.0457016715, -0.408434081683, 3.35967744464, 67, 2019
N, 100, -0.2756833582057626, 452.048123119, 61.8021062597, 7.65897778138, 1.90935895578, 0.0669286457782, 67, 2019
E, -100, 0.39447912046731176, 466.770465493, 40.879694435, 11.8234474819, -1.94355044321, 3.17228620936, 67, 2019
Z, 100, 0.8799382235503608, 169.330734187, 27.4920558909, 7.70882314275, 0.126956813845, 0.410089194767, 70, 2019
N, 100, 0.8145054274074801, 410.292993146, 40.2691265278, 9.83920846958, -0.618795672618, 0.0790351593454, 70, 2019
E, 100, 0.8446628197819382, 438.081331698, 31.365602899, 16.4551687321, -0.29322377151, 0.23902862115, 70, 2019
Z, -100, 0.9435183840856594, 209.427347431, 42.3191733611, 4.59210325384, 0.146473313032, 0.0122641479155, 73, 2019
N, -100, 0.9724018110502418, 609.015970474, 122.335845465, 4.40135241364, 0.0111767510018, 0.0472369663139, 73, 2019
E, 100, 0.9632514574910415, 526.453927347, 68.7942940404, 6.83537443582, -0.224671147124, 0.0203033993894, 73, 2019
Z, -100, 0.4496968593930808, 196.663228307, 41.3764736181, 4.4489018679, -2.12296018499, 3.3141152426, 76, 2019
N, -100, 0.8551592730887941, 582.644291165, 168.330189112, 3.23098683607, 0.479433404332, 0.125730370679, 76, 2019
E, -100, 0.9457320884003149, 571.675952197, 96.5366379195, 5.49839732354, 0.176665071654, 0.19376683012, 76, 2019
Z, 100, -0.49530742802904704, 119.650149743, 30.8450611195, 4.36599901736, -0.932446013324, 3.03427659369, 79, 2019
N, -100, 0.3603494307308259, 252.513534842, 127.26604704, 1.9413569275, 1.19708394098, 0.0547511136707, 79, 2019
E, -100, 0.4328818622907795, 374.094056532, 76.0306070069, 4.99224287732, -1.92462385173, 3.2442099056, 79, 2019
Z, 100, 0.5936578354154963, 133.193295969, 17.3412725876, 8.66527594405, -0.456840237623, 0.464265771388, 82, 2019
N, 100, 0.23807228464041028, 524.37008363, 42.0501746748, 13.3422817478, -1.45962680813, 0.396755232303, 82, 2019
E, 100, 0.7508099571080307, 431.733561806, 17.596863126, 30.8354636528, 0.921009974799, 1.46402195827, 82, 2019
Z, -100, 0.9264213740751135, 226.356348651, 48.6462748615, 5.17526631598, 0.32695405993, 0.266632852476, 85, 2019
N, 100, 0.946690508702187, 698.047975682, 122.827608277, 5.1510897974, -0.224215062378, 0.0698320403118, 85, 2019
E, 100, 0.8485454952596323, 535.962186142, 75.2595289428, 6.92869181435, -0.399198212331, 0.170237575405, 85, 2019
Z, -100, 0.825450766266126, 619.762436007, 40.4952223457, 11.0446768208, 0.333958048186, 0.352435761095, 88, 2019
N, -100, 0.9680869212360009, 567.724174457, 140.853889404, 3.85825799337, 0.190165911322, 0.0177736335473, 88, 2019
E, 100, 0.9708163111994352, 512.708375048, 82.7814050839, 5.9518760353, -0.161726421043, 0.0324561775642, 88, 2019
Z, -100, 0.2116683824892956, 181.103979756, 21.797996359, 8.77945112913, -1.65582951263, 2.97397563133, 91, 2019
N, -100, 0.7405362074937367, 601.857292183, 102.916513158, 5.71012924382, 0.799105459068, 0.0695338572184, 91, 2019
E, -100, 0.9334316864907559, 532.044135751, 63.6231222634, 8.00707441079, 0.371077120445, 0.00153916648674, 91, 2019
Z, 100, -0.5390373411273476, 129.738086498, 15.2033304565, 11.4378136445, 0.705714799302, 2.21693723854, 94, 2019
N, -100, 0.18759392943856484, 462.393978791, 43.946403046, 11.8875936687, 1.64031260475, 0.278561186159, 94, 2019
E, -100, 0.7619082598147916, 456.287151853, 30.8775877966, 16.2781810603, -2.31056158955, 3.34709043208, 94, 2019
Z, 100, 0.7227500047703902, 155.006215778, 21.0523021871, 6.41934920343, -0.696138580184, 0.00232827969507, 97, 2019
N, 100, 0.43278670050557605, 442.986084269, 64.7271063032, 6.65008709523, -1.32736068408, 0.28463391768, 97, 2019
E, 100, 0.4490021225858431, 429.425769722, 32.102912535, 13.0003304328, -1.14869265014, 0.0491512516707, 97, 2019
Z, 100, 0.9746814440378943, 193.992742045, 46.5933460504, 4.03352028338, -0.200582052311, 0.0595780671413, 100, 2019
N, 100, 0.8694655372585715, 477.004019929, 140.355166535, 3.03583033546, 2.62814101789, 3.11308620636, 100, 2019
E, 100, 0.7830802821108317, 398.185608164, 81.6407208486, 4.44230636652, -0.585934986362, 0.0700404589746, 100, 2019
Z, -100, 0.7127591272121131, 176.42334901, 51.0161009321, 3.64131702348, -2.28454367672, 2.96433966957, 103, 2019
N, -100, 0.9828543134223525, 556.934923022, 175.992122475, 3.07274086062, 0.147062400804, 0.0877952021223, 103, 2019
E, 100, 0.9742543928050911, 574.558704866, 104.103707998, 5.45780592535, -0.0982285226397, 0.119949649348, 103, 2019
Z, -100, 0.06487551527769973, 187.236843968, 27.3764504376, 7.55768443989, -1.42444029161, 2.91633988752, 106, 2019
N, -100, 0.794586622303829, 525.00254911, 123.798044463, 4.33965000466, 0.719611162325, 0.102207029176, 106, 2019
E, -100, 0.9853534933696515, 615.754241144, 75.9578760892, 8.33718595675, 0.181895275651, 0.0935476152508, 106, 2019
Z, -100, -0.33009060331285506, 163.069502813, 22.1224136306, 8.6029866316, 1.1163881258, 3.32821767851, 109, 2019
N, 100, 0.059620575881410114, 471.74268951, 54.7602096698, 9.83850526287, 1.14364300308, 2.39060592329, 109, 2019
E, 100, 0.45181532579727696, 428.369631935, 25.1421930585, 20.8071530997, -2.134758253, 1.10725906396, 109, 2019
Z, 100, 0.9669520689350604, 159.733792122, 38.8531533444, 3.84947058899, -0.000983701011655, 0.157842243924, 112, 2019
N, 100, 0.7864719871264053, 523.134726991, 144.195655329, 3.35802390428, -0.620457770318, 0.0360230734947, 112, 2019
E, 100, 0.5933265216810807, 497.417981403, 80.6673011741, 5.7226752514, -0.891397628745, 0.0489439433502, 112, 2019
Z, -100, 0.9534970893443747, 206.817478462, 55.1144328363, 4.13534077775, 0.343696017938, 0.191725396618, 115, 2019
N, 100, 0.9626126689080273, 631.033102269, 174.642862006, 3.48405110342, -0.130317977525, 0.116503899491, 115, 2019
E, 100, 0.8651006801093932, 519.61574134, 107.492267369, 4.66124686992, -0.329617997822, 0.176430439906, 115, 2019
Z, -100, 0.8266983067969934, 185.192634163, 34.6257426429, 5.81962218441, -2.44625403, 2.96967804135, 118, 2019
N, 100, 0.9910098722326024, 613.663541175, 133.278780372, 4.75164496494, 0.0515409193796, 0.100555498209, 118, 2019
E, 100, 0.9714434544022589, 614.363490967, 83.3239362936, 7.69256620266, -0.193553793745, 0.0600059352767, 118, 2019
Z, -100, 0.23815550379298742, 145.071652966, 9.14153412133, 31.5333634291, -0.825615248884, 1.93391770994, 121, 2019
N, -100, 0.9383102419778175, 415.824869779, 57.6844350026, 8.21043049739, 0.555770518837, 0.381414892764, 121, 2019
E, 100, 0.9707954141229983, 449.001915655, 40.6179146029, 11.6667730693, -0.1358429763, 0.103212316661, 121, 2019
Z, 100, 0.49477665124693904, 153.541083812, 24.0401636777, 5.99299331953, -1.05817962247, 0.079820431688, 124, 2019
N, 100, 0.18391046166492825, 437.164660322, 80.1414279707, 6.06695622907, 1.44516730475, 2.67727678278, 124, 2019
E, 100, 0.11645664776444146, 489.781905046, 41.9429551259, 12.9891500993, -1.66684306694, 0.269801487136, 124, 2019
Z, 100, 0.7670560191806458, 159.01732627, 44.4869587433, 3.3910716712, -0.656717375212, 0.0377262510383, 127, 2019
N, 100, 0.44531167577726416, 430.6123062, 165.177376062, 2.42823162162, 1.96637918076, 3.04147829109, 127, 2019
E, 100, 0.3051775990692104, 405.660917496, 94.0264716726, 3.70001012693, -1.25287279249, 0.0233373273076, 127, 2019
Z, 100, 0.9388361544691407, 175.784581384, 60.3517950373, 2.96858258199, -0.103018308066, 0.162880353245, 130, 2019
N, 100, 0.9043500622903538, 565.534838648, 204.733465785, 2.54576441, -0.276439943146, 0.156370175536, 130, 2019
E, 100, 0.8782216351055819, 578.273439067, 124.9687099, 4.44724688049, -0.378185853392, 0.134648515136, 130, 2019
Z, -100, 0.8477539062185888, 136.617596039, 44.0181445621, 3.22761767725, -2.52990013707, 2.98019368438, 133, 2019
N, 100, 0.9865956324643365, 484.135520541, 162.498136631, 3.08430315781, 0.0474485771758, 0.0760710082737, 133, 2019
E, 100, 0.9719998543710674, 532.104343358, 100.07528548, 5.60616371155, -0.0447792287866, 0.149079729331, 133, 2019
Z, -100, -0.1109955889383603, 144.683829635, 14.0036745793, 13.6984383577, -1.83040098202, 0.637545477344, 136, 2019
N, 100, 0.5808309018797835, 355.701570425, 53.1596354426, 7.46675028663, 0.91773617124, 1.71225587962, 136, 2019
E, 100, 0.7789816115807153, 434.391080321, 29.6314111266, 16.5472675726, 0.873187177885, 1.52720095339, 136, 2019
Z, 100, 0.8269618517613616, 160.552369118, 38.8947633451, 3.50108884546, -0.378425502272, 0.266523547976, 139, 2019
N, 100, 0.6810302321578232, 458.639597045, 154.563303009, 2.82235914703, -0.778781207393, 0.0796312928028, 139, 2019
E, 100, 0.4363932564103743, 477.287298507, 84.831542717, 5.48805717535, -1.13000094346, 0.0148897209631, 139, 2019
Z, 100, 0.8931628526726008, 166.717154192, 52.2248887844, 3.12923931792, -0.394487370658, 0.0329206283405, 142, 2019
N, 100, 0.6414352788805379, 493.621412812, 194.909184194, 2.26203336588, -0.590142393278, 0.289061693687, 142, 2019
E, 100, 0.6515268197176914, 543.742085011, 118.251626633, 4.17318456169, -0.691439746067, 0.14038347765, 142, 2019
Z, -100, 0.9570776853272119, 169.297395375, 51.9452930769, 3.53293565551, 0.314145854161, 0.221492793019, 145, 2019
N, 100, 0.7100138995497476, 761.715478357, 175.437351333, 4.10802038132, 2.36963113568, 3.16501066642, 145, 2019
E, 100, 0.9604464196601242, 786.417570484, 111.610732445, 6.97293857208, -0.190036823923, 0.0998875305909, 145, 2019
Z, -100, 0.8920100568093702, 127.092890159, 24.7850403076, 6.29515861163, -2.49132723752, 2.60709974528, 148, 2019
N, 100, 0.9574297080510741, 418.830711356, 106.680085014, 4.41739517716, 0.0448084912574, 0.253896493201, 148, 2019
E, 100, 0.9005466381422215, 562.120860039, 68.53034591, 8.58506939209, -0.142578172683, 0.297140977315, 148, 2019
Z, 100, 0.2772923247311029, 109.294030738, 21.2753270826, 4.61843717402, -1.60931052813, 0.479323266302, 151, 2019
N, 100, 0.6149925141925641, 266.442829233, 74.4267430892, 3.81333705156, -1.28253141986, 0.388257019466, 151, 2019
E, 100, 0.37181890041586296, 410.206035551, 42.1521216113, 9.86763118927, -1.71867574403, 0.537675602811, 151, 2019
Z, 100, 0.8823456734018511, 123.321754133, 45.2726751929, 2.49663715324, -0.412752788394, 0.019466151504, 154, 2019
N, 100, 0.7319173893516252, 337.209905533, 170.870883914, 1.88609129349, -0.774536604176, 0.0634923715394, 154, 2019
E, 100, 0.5054723420894093, 415.430498442, 95.6467176567, 4.15225248917, -1.14609326752, 0.148965962299, 154, 2019
Z, -100, 0.9339602401453405, 163.358043979, 58.1302482977, 2.4212854894, 0.107205472048, 0.19909866075, 157, 2019
N, 100, 0.7536040170889996, 538.716099235, 224.455159756, 2.4221865558, -0.643414581163, 0.0966105650108, 157, 2019
E, 100, 0.8394919929331607, 651.140072909, 135.023850606, 4.55598371699, -0.536144769924, 0.00622356981217, 157, 2019
Z, -100, 0.09668839339565596, 430.557792366, 61.9669622668, 7.23587782722, -1.52047908244, 2.70793900181, 160, 2019
N, -100, -0.35879399455138145, 498.718323692, 201.869650598, 2.1513886946, -2.05860128526, 0.183383590411, 160, 2019
E, -100, 0.9692041721639167, 1140.51783351, 128.586726912, 8.74757855557, 0.177404362787, 0.207726427194, 160, 2019
Z, -100, 0.8216623181680693, 99.0109232129, 24.2284980814, 5.58961823158, -2.41212026923, 2.53884498512, 163, 2019
N, 100, 0.8584898944746827, 419.345764386, 93.8779259263, 5.7300160852, -2.50133394985, 2.28529933609, 163, 2019
E, 100, 0.9814428759146533, 556.047695228, 58.7352254968, 10.1571270128, 0.0513887757013, 0.172802029977, 163, 2019
Z, 100, 0.7219571596212299, 80.828258621, 35.2839008968, 1.91178589449, -0.440626099141, 0.271809036265, 166, 2019
N, 100, 0.5766562287463642, 508.589864667, 142.227484938, 3.52537662457, -1.11447882445, 0.22603984789, 166, 2019
E, 100, 0.7868331555469193, 539.560108304, 77.467106715, 7.23625369883, -0.76302236262, 0.171244831469, 166, 2019
Z, 100, 0.9288098362119309, 114.692453438, 49.6170097424, 2.18597512247, -0.363181948633, 0.0783505394175, 169, 2019
N, 100, 0.7164453001074609, 471.948419167, 198.286853966, 2.20141943497, -0.923969075227, 0.283896142884, 169, 2019
E, 100, 0.6503063744169783, 462.05866616, 116.71712416, 3.94424077168, -0.958083723309, 0.153763489877, 169, 2019
Z, -100, 0.9863485982239399, 87.1900900144, 52.202797588, 1.71715147554, 0.154993898401, 0.105056811223, 172, 2019
N, 100, 0.9540808034650206, 373.06258442, 191.253287769, 1.92544278435, -0.250194238246, 0.0649333826528, 172, 2019
E, 100, 0.8823488218484635, 430.742935386, 122.344056507, 3.51559096816, -0.389455801259, 0.111122917806, 172, 2019
Z, -100, 0.8142110980605548, 88.7554397218, 44.6645838807, 2.48457838173, -2.2401632281, 2.633373045, 175, 2019
N, 100, 0.9635190304874041, 346.656527306, 146.574397123, 2.55970160152, -3.09979523421, 2.89302087608, 175, 2019
E, 100, 0.9197213371442344, 470.226391542, 95.9982411986, 5.24959650811, -0.134915688986, 0.252885703652, 175, 2019
Z, 100, 0.7856144802902546, 69.5271061496, 14.8812710225, 5.18518639763, -2.0980629509, 1.62540302241, 178, 2019
N, 100, 0.6866574044157208, 305.571036251, 68.3425914803, 5.16230661095, -0.496015524851, 0.320868610392, 178, 2019
E, 100, 0.7285044053837026, 435.144579714, 44.4491406107, 10.9971370166, -0.628167310002, 0.128705515955, 178, 2019
Z, 100, 0.8643317519799448, 74.4769712674, 39.315472263, 1.73173022647, -0.46572126295, 0.0180184188566, 181, 2019
N, 100, 0.5616146448030103, 345.688257802, 147.377393114, 2.22880515448, -1.06348210976, 0.117293743642, 181, 2019
E, 100, 0.3240520714596134, 437.154454987, 81.7172921253, 5.17236480999, -1.39435277433, 0.200341580182, 181, 2019
Z, 100, 0.9704417760494468, 111.860134706, 57.064486391, 1.87191580267, -0.0703600088734, 0.145108708473, 184, 2019
N, 100, 0.8006140505734595, 407.947652426, 226.612685529, 1.75042948524, -0.633114313959, 0.0102173208363, 184, 2019
E, 100, 0.6312809431756791, 480.179223824, 132.250569307, 3.49043995824, -0.881877314241, 0.00438014501684, 184, 2019
Z, 100, 0.978571776223704, 109.136559336, 60.1419597388, 1.85286530748, 0.052196710965, 0.152772401823, 187, 2019
N, 100, 0.8935126893609999, 442.923361235, 218.071860468, 2.01403482888, -0.355180860216, 0.1064144539, 187, 2019
E, 100, 0.8130815060202289, 488.631569503, 139.652438256, 3.44038704353, -0.535070375986, 0.0792366792815, 187, 2019
Z, -100, 0.883196243442085, 95.0641688437, 51.0014839414, 2.41742499094, -2.56017219816, 2.76260189798, 190, 2019
N, 100, 0.9273571047572226, 423.412250644, 139.289704325, 3.40157575566, 0.0335649850991, 0.245592047926, 190, 2019
E, 100, 0.9019422293216399, 514.200664377, 92.8331605936, 6.53583149485, -0.046474818126, 0.364491580517, 190, 2019
Z, 100, 0.6242320278979727, 75.6615498142, 26.6588812769, 2.65072813548, -1.54297654939, 0.891602870884, 193, 2019
N, 100, 0.657362247775148, 371.490213315, 111.30699356, 3.50985416344, -1.16990770256, 0.455404425702, 193, 2019
E, 100, 0.28998634923384675, 244.945989452, 59.7537356125, 4.35325818362, -1.69403408947, 0.454260801142, 193, 2019
Z, 100, 0.9873470122052338, 113.831695017, 45.575699628, 2.3845237832, -0.0822826040462, 0.0907368760186, 196, 2019
N, 100, 0.7431394201025209, 372.612715198, 180.944707475, 1.98176268173, -0.6794017081, 0.0681322837013, 196, 2019
E, 100, 0.4927886434272101, 394.528951869, 104.321992711, 3.52587854692, -1.00827885122, 0.0542598130802, 196, 2019
Z, 100, 0.9468739094122073, 102.517317488, 46.9942279092, 2.13681689971, -0.155743139678, 0.178190608857, 199, 2019
N, 100, 0.8035067295173183, 588.097753446, 186.398158539, 3.04895560473, -0.544574152118, 0.112895590428, 199, 2019
E, 100, 0.7902812189085451, 455.440399887, 116.03601082, 3.7772570463, -0.607288936078, 0.046844952803, 199, 2019
Z, 100, 0.9379170752298193, 101.806332247, 45.3348663445, 2.39467095197, -0.314733381405, 0.069553308492, 202, 2019
N, 100, 0.864670135843713, 643.682060331, 154.309242781, 4.24257188389, -0.364005414648, 0.170858595981, 202, 2019
E, 100, 0.928231329268585, 423.31429492, 103.640587304, 4.17125397313, -0.0285888972303, 0.284904697162, 202, 2019
Z, 100, 0.9296468567434784, 66.0778314378, 34.231594577, 2.11341887163, -0.258381760173, 0.0631359254061, 205, 2019
N, 100, 0.757214950880462, 563.608888323, 97.5603277788, 6.89687928605, -0.358151226393, 0.384605314135, 205, 2019
E, 100, 0.8818347447247826, 490.123695798, 66.0590313866, 8.91683177637, -0.137701669811, 0.337028751859, 205, 2019
Z, 100, 0.6987924397947507, 41.7824478575, 27.5433146409, 1.51344064807, -1.14074301183, 0.438818345802, 208, 2019
N, 100, 0.0769594924519424, 393.432927421, 103.55721913, 4.0300579094, -1.95900214441, 0.530400652933, 208, 2019
E, 100, 0.31083978832750514, 213.209107955, 56.7395532444, 3.89048173693, -1.57570939311, 0.332579876828, 208, 2019
Z, 100, 0.8079990840540158, 65.9752833011, 50.1023855187, 1.27111695264, -0.57942467844, 0.0649765336112, 211, 2019
N, 100, 0.5963889648309981, 603.112701697, 198.274384054, 2.69727855835, -0.837924616248, 0.122442992926, 211, 2019
E, 100, 0.7050640219070722, 680.918615518, 113.163137826, 5.3981759634, -0.673293727345, 0.163484064162, 211, 2019
Z, 100, 0.9262108153914314, 67.1865280525, 53.9807131458, 1.1929539486, -0.156790734605, 0.151298622815, 214, 2019
N, 100, 0.615422487688198, 632.959487569, 214.627526208, 2.5632987689, 2.10159410759, 2.87136079521, 214, 2019
E, 100, 0.5584553074549431, 760.679402956, 132.651513208, 4.72074149242, -1.14350823856, 0.331778226326, 214, 2019
Z, 100, 0.9526468357492355, 67.259870169, 54.1649074513, 1.60739358118, -3.03571127714, 2.87026549675, 217, 2019
N, 100, 0.8339870553301137, 465.952743414, 147.97818269, 3.6217857096, -3.33781200521, 2.7747966825, 217, 2019
E, 100, 0.8589013440262164, 379.77435493, 107.044176683, 4.09107423475, -0.107520018689, 0.359747034878, 217, 2019
Z, 100, 0.7679979007413931, 35.0874458705, 28.3253969351, 1.46409578573, -1.4955403969, 0.995528853972, 220, 2019
N, 100, 0.009443704223429465, 396.089149169, 76.0859607615, 6.06771467003, 0.516901685122, 2.08230272947, 220, 2019
E, 100, 0.38148088188804646, 382.380552366, 40.4766563935, 11.2759208481, 0.715418944856, 1.82746118794, 220, 2019
Z, 100, 0.7677868535762828, 47.5887783159, 36.244025911, 1.14836937604, -0.439366787249, 0.247462639556, 223, 2019
N, 100, 0.11446153145492143, 399.713261215, 148.401578921, 2.60257506799, -1.57379448622, 0.165124125827, 223, 2019
E, 100, 0.1602791232161219, 436.026391796, 83.4443753474, 5.07771309244, -1.48430944125, 0.109119702821, 223, 2019
Z, 100, 0.937875576149181, 82.1312980647, 41.8622516188, 1.85310179488, -0.170554589059, 0.117793032989, 226, 2019
N, 100, 0.5880866573447506, 475.21883418, 165.015512562, 2.71770828732, -0.902813768881, 0.0272815572534, 226, 2019
E, 100, 0.5346650423234477, 467.205703253, 100.47614279, 4.44186864557, -0.968330513792, 0.0330470762475, 226, 2019
Z, 0, 0.9681683291852474, 86.5873482073, 35.3740921091, 2.38314632316, 0.105775191929, 0.0795053468404, 229, 2019
N, 100, 0.7830665611859785, 496.664485052, 134.834023435, 3.70888050741, -0.571704684702, 0.116346506564, 229, 2019
E, 100, 0.7544502621862047, 514.234382477, 90.8277697371, 5.80823184695, -0.55793411098, 0.17973927847, 229, 2019
Z, -100, 0.8752124916012436, 99.5295778164, 34.6082595847, 3.95413162734, -2.68434866982, 2.77537775668, 232, 2019
N, 100, 0.7661141233773361, 491.24097512, 93.2785997509, 6.30022628743, -0.327640803353, 0.354371947318, 232, 2019
E, 100, 0.7713617466933436, 491.313125552, 71.8899590122, 8.36371361183, -0.430191499589, 0.283884365447, 232, 2019
Z, 100, 0.4391723270100381, 49.4856072731, 21.0962986927, 2.70278037239, -2.43784084359, 1.54956064174, 235, 2019
N, -100, -0.2185803981806855, 381.661607229, 64.393375425, 7.05088694887, -2.86508786058, 1.03943594695, 235, 2019
E, 100, 0.03973785900966072, 289.925699565, 33.9673107886, 9.8567963532, 0.26309683495, 1.83574500123, 235, 2019
Z, 100, 0.757197099676253, 46.2281699121, 37.7079108424, 1.20077911904, -0.680168298469, 0.0654243417491, 238, 2019
N, -100, -0.07920763724653884, 290.652730023, 152.735463014, 1.84451095878, -1.79243885252, 0.197686336956, 238, 2019
E, -100, -0.0465643145088365, 300.026514593, 85.6304251105, 3.33169474021, -1.71071442004, 0.132363640399, 238, 2019
Z, 100, 0.8374158947320094, 83.054722213, 47.7726030844, 1.54906035944, -0.36989098505, 0.245934954976, 241, 2019
N, 100, 0.6165577637574391, 455.62503545, 191.001269005, 2.19853410992, -0.787450198674, 0.143486156611, 241, 2019
E, 100, 0.48572508674814063, 433.403211056, 115.204270283, 3.59091480064, -1.01710655173, 0.0689112912266, 241, 2019
Z, 100, 0.9028195301724974, 76.9480212979, 38.2720501808, 2.31384381666, -0.133827328663, 0.204339004586, 244, 2019
N, 100, 0.8508390905696116, 564.284621963, 126.247265037, 4.59269812412, -0.182124134682, 0.341088989135, 244, 2019
E, 100, 0.6729148259200417, 347.272458599, 91.3694485019, 4.17300342944, -0.636790901585, 0.229258720632, 244, 2019
Z, 100, 0.46364165107865746, 61.9067093657, 36.4504725957, 2.94125356936, -2.4349858706, 2.03942842691, 247, 2019
N, -100, -0.28693871417222117, 424.831293564, 59.7284230457, 8.38171315617, -0.187814204872, 4.37529101078, 247, 2019
E, 100, 0.20502518249279508, 341.416503545, 55.0834371315, 10.1690743328, -0.149533364031, 1.27505843508, 247, 2019
Z, 100, 0.14853737489700528, 41.0193790019, 27.0617514155, 1.6341274927, 1.58331370694, 3.36685588144, 250, 2019
N, -100, -0.4257749392541706, 335.940559226, 119.405207927, 2.87266207996, 0.982071147683, 3.35204833095, 250, 2019
E, -100, -0.47838484933538633, 298.974437067, 64.9744015332, 4.69596162172, 0.872452010404, 2.89365164063, 250, 2019
Z, 100, 0.4074681460629744, 19.8024569941, 33.8406081493, 0.462006736289, -0.77703131749, 0.426660977346, 253, 2019
N, -100, -0.087809168886833, 311.100765701, 135.978114171, 2.22832786271, -1.6150472415, 0.0293174191384, 253, 2019
E, 100, 0.22717882203483167, 296.938636919, 82.6013414543, 3.29605000226, -1.16071468204, 0.249482926665, 253, 2019
Z, 100, 0.7836119392161941, 47.4240014705, 29.4999812002, 1.74262339609, -0.473064842167, 0.168304442943, 256, 2019
N, 100, 0.29518242683389595, 281.595819474, 106.750094723, 2.58574329396, -1.13574576784, 0.110329882689, 256, 2019
E, 100, 0.43074633660472267, 332.620737681, 71.9360358479, 4.73926115591, -1.0634262216, 0.047580181056, 256, 2019
Z, 100, 0.6229087288109654, 43.0032335197, 21.9698692497, 3.15634785875, -0.215717592031, 0.519172180137, 259, 2019
N, 100, 0.5349434381751476, 413.637892377, 59.8543556518, 8.36986689876, -0.576912310351, 0.462259787527, 259, 2019
E, 100, 0.674177820925424, 379.916087784, 52.581494509, 9.48971392411, -0.383633526432, 0.46574954431, 259, 2019
Z, -100, -0.013229313960768018, 62.6227570718, 20.1633642089, 3.86599985385, -0.396730999937, 4.42338295114, 262, 2019
N, 100, -0.5662045298636805, 361.660620783, 61.183702019, 6.76365718519, 2.19199977634, 0.842683230323, 262, 2019
E, -100, -0.17342499337657452, 270.878256249, 34.5367526354, 9.86643536994, -0.783523312304, 1.9835614258, 262, 2019
Z, 100, 0.1476437285804534, 16.1048131928, 29.7112330707, 0.571214530973, 1.65498152657, 3.11811804134, 265, 2019
N, -100, -0.8110811229178544, 225.74385568, 124.301210367, 1.84065852664, 0.304455930658, 3.43777748004, 265, 2019
E, -100, -0.7048102493952844, 222.808200991, 69.7981678225, 3.28358794057, 0.506804790071, 2.89192065152, 265, 2019
Z, -100, -0.5176648794378589, 34.2311321674, 37.5577945759, 0.858258516195, 1.0863952877, 3.04505243983, 268, 2019
N, -100, -0.3772891621000599, 307.752296107, 158.45900951, 1.86452959213, -1.95931315934, 0.0317585113091, 268, 2019
E, -100, -0.35740344018979375, 296.604627814, 95.4348028723, 3.00369665042, -1.92696307087, 0.00665291393647, 268, 2019
Z, -100, -0.22907857595052375, 42.5312350323, 35.9689912844, 1.28783589486, -1.62067246674, 0.465518154223, 271, 2019
N, 100, 0.2234856641572474, 310.08275005, 106.281137954, 2.96817367031, -1.01736679307, 0.389777545507, 271, 2019
E, 100, 0.22368961413875624, 294.38586933, 76.791109387, 3.96564130636, -1.02139235055, 0.379343280775, 271, 2019
Z, 100, -0.09170066100762263, 63.7589888818, 21.8454665484, 4.47493043214, -1.43333995753, 4.37556226461, 274, 2019
N, 100, -0.4098000788813512, 345.153202124, 71.7441836237, 5.70064619378, 1.7139487951, 0.794262857172, 274, 2019
E, -100, -0.10718826554542599, 304.055845333, 38.4777797788, 10.8301477919, -1.04732557388, 1.84971833046, 274, 2019
Z, 100, -0.3906250735270826, 69.2707586252, 28.5299928682, 2.71983294215, 2.01333924141, 0.904531550208, 277, 2019
N, 100, -0.9683576784341724, 319.044839639, 126.68176603, 2.57570826974, -0.197664521181, 3.36338762506, 277, 2019
E, 100, -0.9082018707576518, 365.902606628, 70.2209076028, 5.57261939241, -0.249508520728, 2.83759375788, 277, 2019
Z, -100, -0.9261830904964936, 35.7764172988, 27.2245615629, 1.21605571213, 3.27723695644, 0.179151732998, 280, 2019
N, -100, -0.7849514738006974, 307.142517261, 124.282263851, 2.4317704635, 0.550046235953, 3.30162662874, 280, 2019
E, -100, -0.8685809944377583, 315.997424213, 75.6282071048, 4.0393363603, 0.382233717762, 3.00786914605, 280, 2019
Z, -100, -0.6212484179134331, 40.0020671865, 25.5599860614, 1.55835141875, 0.983917948301, 2.88040009035, 283, 2019
N, -100, -0.4846682424711418, 301.202100266, 89.1285574466, 3.44149051656, -1.96117738362, 0.148243212644, 283, 2019
E, -100, -0.5977726884581267, 332.493962869, 63.8883593641, 5.2149833655, -2.09771015524, 0.158876186484, 283, 2019
Z, -100, -0.3391808780097224, 49.692789938, 19.8872811321, 4.22845551803, 1.67646670851, 1.97653227065, 286, 2019
N, -100, -0.3958296715913781, 343.978361904, 37.1046190853, 13.134323323, 1.51198170273, 2.03999073615, 286, 2019
E, -100, -0.3673132965898578, 340.420300251, 35.2121231803, 13.7100793288, -1.46694037371, 0.751721810502, 286, 2019
Z, 100, -0.7098866836337079, 66.0723474426, 23.3172739442, 3.41097531002, -0.879800644343, 3.77862345233, 289, 2019
N, -100, 0.055940493267761356, 380.373429536, 87.9609674673, 4.91258287994, 1.30607583773, 0.45037825939, 289, 2019
E, 100, -0.037030904736178684, 373.000479032, 46.5847196997, 9.34086811622, -1.73628594609, 2.50108773648, 289, 2019
Z, 100, -0.06892336848471337, 42.0884115403, 33.8414254444, 1.05942122525, 1.56586060832, 0.891057196154, 292, 2019
N, 100, -0.44179194690777757, 124.333092053, 142.415643201, 0.768459356731, 0.225025167662, 1.90349855392, 292, 2019
E, 100, -0.7963422465326978, 161.401905449, 81.8974320498, 1.7263595861, -0.44093882369, 3.21711791854, 292, 2019
Z, -100, -0.6538893015302927, 22.6457386838, 32.8958759431, 0.799200683916, 0.619034438031, 3.38379483996, 295, 2019
N, -100, -0.9194786977188342, 223.627137729, 152.716695705, 1.47125013809, 0.358752237068, 3.18202003576, 295, 2019
E, -100, -0.9318494277396604, 282.541512855, 92.3890276937, 3.0298444623, 0.352459816675, 3.16892216834, 295, 2019
Z, 100, -0.5589457676231084, 20.1708440195, 27.9901159388, 0.779279821357, 2.13163874035, 0.379580684937, 298, 2019
N, -100, -0.8843765155997653, 208.552395202, 102.358404976, 1.94741637765, 3.59417743222, 0.0413720212123, 298, 2019
E, -100, -0.9455137349206716, 262.561361374, 74.9247867316, 3.19672882263, -2.9137271932, 0.0798190534768, 298, 2019
Z, -100, -0.4111057358481586, 62.7405751157, 28.8686415921, 3.00938484104, 2.76368963757, 1.40131177405, 301, 2019
N, -100, -0.7309857725928888, 37.2628209055, 86.6212584561, 0.459472697599, 0.456491840261, 3.49901380536, 301, 2019
E, -100, 0.5108329230338509, 33.4479338743, 41.2571229619, 0.890267458882, 0.406759311735, 0.725631743966, 301, 2019
Z, 100, -0.8560677688334469, 4466.15922953, 37.4349240273, 111.085226026, -0.190397415563, 3.0397965406, 304, 2019
N, 100, -0.49735048528450515, 5002.36923789, 165.19321587, 29.6044892017, -1.01042658166, 3.13135437477, 304, 2019
E, 100, -0.091002179874828, 3291.98932422, 91.2387385142, 36.1075073958, -1.50218125773, 3.04453397135, 304, 2019
Z, 100, -0.08306924675180624, 4691.59511958, 32.4146549758, 100.879568353, 1.35413557839, 0.862940145445, 307, 2019
N, -100, 0.022024720501980868, 3794.12590577, 153.091381443, 15.5919045913, 1.10448391652, 0.652378629411, 307, 2019
E, -100, 0.3529739100145048, 2585.77816668, 93.1553587566, 16.8801165907, 0.470990655857, 0.798963317336, 307, 2019
Z, -100, -0.5135683597447491, 22.0356017955, 20.7791187071, 1.07483538563, 1.17723256069, 2.84549857497, 310, 2019
N, 100, -0.9734940174644349, 142.511299924, 102.522148541, 1.42721123075, 3.16788518629, 0.0776673141455, 310, 2019
E, -100, -0.949604719125354, 161.696556142, 71.9389949553, 2.18812917108, 0.313175305448, 3.26324017141, 310, 2019
Z, -100, -0.4693779540575934, 31.3268147049, 21.95593447, 1.18450932105, 3.68177121639, 0.556928905463, 313, 2019
N, 100, -0.7953820735767093, 278.734867679, 52.484421448, 6.37422760853, 0.439334973128, 2.25207762739, 313, 2019
E, -100, -0.8420971874136502, 333.34214941, 46.7242994115, 8.36916870906, -2.4203989187, 0.645976582652, 313, 2019
Z, -100, -0.8060857569032579, 407.435288713, 27.6810646692, 15.282543121, -0.204510552576, 3.5951600481, 316, 2019
N, 100, -0.16087316755382888, 208.391279641, 108.014507832, 2.15549969555, 1.44099446039, 0.345574859143, 316, 2019
E, 100, -0.3824420337864455, 260.711948638, 57.2394179034, 5.28135114694, -1.60958940171, 2.59106728478, 316, 2019
Z, 100, -0.11722300359769688, 26.236639593, 42.2027087044, 0.39754351697, -0.871310853824, 2.21884060904, 319, 2019
N, 100, -0.01566175531684576, 227.834946132, 177.066039578, 1.27014799467, 1.45766478709, 0.168111894499, 319, 2019
E, 100, -0.3239798593322409, 302.869218337, 100.884677316, 3.07577646463, -1.43900387467, 2.80629017714, 319, 2019
Z, 100, -0.2582742457845196, 56.0244789141, 39.7374419295, 1.11466652945, 1.90788348025, 0.930043109626, 322, 2019
N, 100, -0.5587181086943211, 228.189017291, 184.129540513, 1.14752700077, 1.98976580726, 0.276478113573, 322, 2019
E, 100, -0.8086164080517575, 302.274147987, 111.128313225, 2.61475888744, -0.684786917736, 3.01502810012, 322, 2019
Z, -100, -0.535387513221694, 62.1302434269, 23.4650164125, 2.8277005496, 0.954049144637, 3.16856433204, 325, 2019
N, -100, -0.9198974961875125, 214.302816626, 121.467469752, 1.84576999871, 0.524560599388, 2.80749969084, 325, 2019
E, -100, -0.985747266764654, 314.294813455, 83.2093296523, 3.72242805633, 0.139340061687, 3.21300825349, 325, 2019
Z, 100, -0.3764991322562871, 17.4318791438, 28.1727188648, 0.874933859762, 0.405769503309, 1.64870403328, 328, 2019
N, 100, -0.24153450481982747, 273.762862041, 82.6289092736, 4.06313708868, 1.21988672588, 0.657037859581, 328, 2019
E, 100, -0.7738985093028956, 293.015327547, 50.4483415614, 7.52972054571, -2.67673565865, 1.00430668184, 328, 2019
Z, -100, 0.5617874445490705, 26.7032845945, 42.5156452635, 0.646993907984, 1.08455539623, 0.181475677045, 331, 2019
N, -100, 0.19807283164051656, 298.911168507, 185.218626449, 1.61936276239, 1.25798703785, 0.158446106348, 331, 2019
E, 100, -0.273517597789911, 302.260026509, 100.93343675, 3.08099589593, -1.5431041735, 2.7738308639, 331, 2019
Z, -100, 0.8317496574589749, 10.8511492209, 43.5332889723, 0.166998069604, -0.0434194769406, 0.16425120924, 334, 2019
N, -100, 0.06384515777241959, 200.367993906, 198.415085641, 1.02158784401, 1.47350102907, 0.0471107721655, 334, 2019
E, 100, -0.39793929946610385, 236.095538894, 116.428459225, 2.12265094744, -1.2567720519, 2.96404534056, 334, 2019
Z, 100, -0.17090043370350033, 21.8148911482, 27.6565064715, 0.582308821679, 1.525658836, 0.788293321924, 337, 2019
N, 100, -0.4596435056004995, 160.623826085, 141.749957088, 1.05242908057, 1.85546989219, 0.250063350606, 337, 2019
E, 100, -0.7646858274989866, 192.196370015, 91.7186935844, 2.0436643956, -0.686362867821, 3.09872954334, 337, 2019
Z, 100, -0.6908368675226414, 39.5789975813, 14.5586302171, 2.43036267631, 0.75127293875, 2.16438774889, 340, 2019
N, 100, -0.8036101423338121, 234.447087759, 75.6098654213, 3.23209490717, -0.190525037446, 2.71189763391, 340, 2019
E, 100, -0.8612879883329471, 318.812343673, 60.75759061, 5.3483567971, -0.212043308132, 3.46190332002, 340, 2019
Z, 100, -0.26104094636396, 54.8108536357, 27.0638310053, 2.33578726939, -1.64091179651, 3.52267150927, 343, 2019
N, -100, 0.17288647426073658, 405.004514049, 103.359800797, 4.25314539097, 1.15289409787, 0.286111744555, 343, 2019
E, 100, -0.19490123921178534, 404.1013325, 56.9117045779, 7.78641046053, -1.59043690384, 2.90259916019, 343, 2019
Z, 100, -0.10996871756859468, 302.392226921, 49.6850294635, 5.63534325376, -1.33343884893, 2.9467214315, 349, 2019
N, -100, 0.6176413510925772, 165.043388492, 221.516625757, 0.641716912743, 0.566789152566, 0.346128879725, 349, 2019
E, 100, -0.17775993747777027, 121.88233844, 129.926091936, 0.620184122041, -1.73324368296, 1.6546085545, 349, 2019
Z, -100, 0.01315947563575446, 32.1847077516, 16.7943296772, 1.22970456518, 0.10910217378, 1.46245414424, 355, 2019
N, -100, 0.07096817580785462, 229.917219822, 68.1529532739, 4.09619985231, 1.09044839365, 0.384331042107, 355, 2019
E, 100, -0.36108743305003105, 225.240306178, 54.5037808063, 4.5289968271, -0.905677192465, 3.47581686494, 355, 2019
Z, -100, 0.6009016678043101, 73.8132907488, 40.3478858379, 1.75297265761, -2.02687739897, 2.86111628649, 358, 2019
N, -100, 0.6360803608618498, 370.024312159, 172.352684396, 2.16969119161, 0.842149221051, 0.0481332907401, 358, 2019
E, -100, 0.3226307087990826, 287.439946489, 92.1571740806, 3.19741874096, -2.05199097154, 2.94637018156, 358, 2019
Z, -100, 0.857534740280657, 64.4995579339, 49.4794989834, 1.12787197568, 0.0350110593243, 0.452265658668, 361, 2019
N, -100, 0.6559483283066934, 261.280886614, 216.952793279, 1.08223831936, 0.619285556768, 0.269091047828, 361, 2019
E, -100, 0.12472918882223986, 202.583287657, 123.589979728, 1.58339464252, -1.81494313511, 2.96946829118, 361, 2019
Z, -100, 0.3042444452171336, 39.4762045619, 36.4334273486, 1.14937640926, 1.12012742007, 0.219367674138, 364, 2019
N, 100, -0.020348980140577146, 245.514200245, 176.292729778, 1.36776812055, 1.55365273984, 0.03898071673, 364, 2019
E, 100, -0.272191434351256, 238.061689431, 108.796857535, 2.14172291917, -1.42446442381, 2.94357400171, 364, 2019
