Chan, Phase Shift, Correlation, ptp-data, ptp-synthetic, rat, phasem, phasestd, DOY, Year
Z, -100, -0.47246143809371544, 861.851675164, 26.8498400912, 33.870148352, 0.538618621001, 3.66585093194, 58, 2019
N, -100, 0.8453340697245806, 2340.55688386, 65.9919761133, 32.5793413143, 0.225251700611, 0.345690693498, 58, 2019
E, 100, -0.424626852693623, 4289.64768382, 19.139608413, 236.434335654, 1.09972435882, 0.936736014358, 58, 2019
Z, 100, 0.04990572938994512, 1451.54274826, 30.6391398317, 46.9123770244, 1.63791607236, 3.09968304293, 61, 2019
N, -100, 0.2438065854750351, 2691.72350681, 80.2182232187, 31.4363015226, 1.40650848931, 0.0970676730501, 61, 2019
E, 100, -0.6723089606782179, 7689.6179081, 27.2012021427, 276.453729352, -0.768053492837, 3.04228049167, 61, 2019
Z, 100, 0.46530376586693734, 2644.10436167, 31.9625690841, 76.0070558554, 2.26007764234, 2.88151540208, 64, 2019
N, 100, -0.36974807589460207, 4928.09614723, 68.148200391, 70.2018666624, -0.974663022727, 2.85598452154, 64, 2019
E, 100, -0.7380197366324697, 11665.4040191, 27.5641635216, 411.266722248, -0.555491883872, 2.92346775768, 64, 2019
Z, 100, 0.5026182300294992, 3352.12426633, 39.5947816251, 108.22697239, 2.71510531466, 2.6356926637, 67, 2019
N, 100, -0.6132061543555096, 7369.93521849, 35.8934042662, 228.550878454, -0.514359163542, 2.73050394703, 67, 2019
E, 100, -0.790473785306959, 15252.8611678, 21.2528679323, 818.617057809, -0.139390773469, 2.69470272108, 67, 2019
Z, 100, 0.19091010142394463, 4080.04922062, 32.9617771457, 200.280733357, -0.41880590907, 1.00989212849, 70, 2019
N, -100, 0.9154629712614125, 9071.70206957, 29.279607551, 350.761707647, -0.293941036101, 0.44715852486, 70, 2019
E, 100, -0.31295675698556824, 17101.7125976, 17.8514458786, 1603.70716495, 0.422103653533, 1.72797029038, 70, 2019
Z, 100, 0.043291124431027936, 4589.14765979, 28.309969012, 171.520197887, -1.7924866933, 0.291064894443, 73, 2019
N, -100, 0.9308946050848631, 10451.7973699, 70.9102996837, 143.049680751, 0.31340547196, 0.0735600248479, 73, 2019
E, -100, 0.15516452104306833, 18498.41172, 20.4202285433, 1065.42726078, 0.900880485922, 0.590230462677, 73, 2019
Z, 100, 0.5050418543781002, 4639.58256787, 33.9157906645, 137.172511653, -1.16789196059, 0.181551814869, 76, 2019
N, -100, 0.6290119606280417, 10010.6887091, 91.8855810695, 104.90692919, 0.889281597407, 0.00389194419799, 76, 2019
E, 100, -0.15012153287160582, 17962.0139132, 28.9587886519, 611.470456111, -1.46232719506, 3.19919146947, 76, 2019
Z, 100, 0.7516648810090519, 4596.09364745, 26.1981612369, 171.258233649, -0.515071840377, 0.182274318619, 79, 2019
N, 100, -0.017687240918798294, 9330.22830736, 68.0927933745, 141.128281474, -1.4574290646, 3.01459521264, 79, 2019
E, 100, -0.40319347920558846, 18847.6278522, 28.6872455546, 673.164178018, -1.01388171315, 2.96982102213, 79, 2019
Z, -100, -0.7434339609156465, 21486.9434375, 20.2644145406, 1219.06021769, -0.621589370129, 2.19553701965, 124, 2019
N, 100, 0.9266234180251444, 28656.7835387, 48.3720579009, 590.17575626, 2.79970159306, 3.29926653018, 124, 2019
E, -100, 0.3432027826347869, 34687.8917295, 17.3181271897, 2562.99367258, 0.828159995332, 0.282311516807, 124, 2019
Z, 100, 0.7531117263364064, 224948.358439, 35.4853160109, 6496.67288926, -0.144409242377, 0.0227712407984, 127, 2019
N, 100, -0.8030844107487101, 81258.7511642, 94.2096251112, 717.036455975, -0.272356963976, 3.49212163494, 127, 2019
E, 100, 0.5720783502516087, 19227.4032143, 29.5671062837, 797.819237945, -0.871154074484, 0.258557520894, 127, 2019
Z, 100, 0.5502706455522427, 307141.78347, 40.2760087319, 5687.3515661, -1.22828222111, 0.574239930378, 130, 2019
N, 100, -0.012563778802263136, 116255.659139, 107.319411361, 675.199822879, -1.70063663131, 2.58871686794, 130, 2019
E, -100, -0.8087825833591792, 62824.6634861, 32.7372116813, 1977.9742933, 0.535018096757, 3.0131961585, 130, 2019
Z, -100, -0.27990046399341506, 1245.90773295, 23.9517871157, 45.9473958862, -2.0367781738, 0.216922114219, 133, 2019
N, 100, 0.96724372303752, 1481.56600543, 77.4109795242, 19.6082074428, -0.275342976085, 0.0458023895819, 133, 2019
E, -100, -0.8947695450758218, 1029.17291801, 24.2615786802, 39.2732077344, -0.0890877918648, 2.75135944691, 133, 2019
Z, -100, 0.3000954529439124, 808.873286693, 18.606838975, 30.8765647075, 0.793999104881, 0.434691521907, 136, 2019
N, 100, 0.8239818867147097, 2079.1018829, 31.7647800144, 74.7027896219, -0.801727886562, 0.524814083035, 136, 2019
E, 100, -0.9429351648374248, 701.218973831, 22.1887822831, 41.2605182529, -2.86321900666, 0.379538589911, 136, 2019
Z, 100, 0.1200341400233489, 246.312066941, 37.0433224982, 6.34563604483, -0.812193660829, 0.4149276786, 139, 2019
N, 100, 0.5608487456446974, 2610.97646926, 87.8143815609, 28.4839185657, 2.17921414941, 3.10421536412, 139, 2019
E, 100, -0.9629290798654139, 871.097497831, 28.4721160696, 29.8785254801, -0.0805314915743, 3.25019962155, 139, 2019
Z, 100, 0.628001265695757, 392.108919539, 40.4988985446, 10.3964513004, -1.09808966496, 0.258189321576, 142, 2019
N, 100, 0.8549762517257683, 2223.59386399, 108.824972129, 19.4927594333, -0.398678148648, 0.148903786349, 142, 2019
E, -100, -0.9900847986199034, 1164.19213269, 34.2885561244, 34.2247933054, 0.104052416135, 3.17225404997, 142, 2019
Z, 100, 0.5149164082126477, 153.39828505, 32.2346045327, 4.69774291632, -0.0199396650567, 0.388579692593, 145, 2019
N, 100, 0.9810531111043228, 2925.88439419, 88.7044009461, 34.1803274152, -0.0765251120631, 0.1110022712, 145, 2019
E, -100, -0.9837882812221265, 1327.31637525, 28.5606469714, 49.0362299753, 0.102966676229, 3.07562894819, 145, 2019
Z, 100, 0.13414667499394228, 119.043553707, 17.1765996839, 6.75349882351, -1.40076692811, 0.0356420358731, 148, 2019
N, 100, 0.947316314947639, 2552.76146842, 49.6693391932, 57.2458378643, -0.079481800193, 0.235113238797, 148, 2019
E, 0, -0.9942438417339119, 961.665400385, 18.9871422828, 51.5969300886, -0.0731565606543, 3.06442388399, 148, 2019
Z, -100, -0.29108350410641576, 349.934078367, 20.2815868027, 10.5339372696, -2.70390318921, 0.858510495699, 151, 2019
N, 100, 0.3387621301945308, 1738.92552246, 46.9593986851, 41.6952058047, 1.58832949512, 3.46725836076, 151, 2019
E, 100, -0.8789607628299356, 737.649154944, 18.0743878945, 35.1809748465, -0.809680060106, 2.77720067298, 151, 2019
Z, 100, 0.3825462322755953, 387.91646635, 39.786572328, 7.07208997322, -2.31174304119, 1.15947177571, 154, 2019
N, 100, 0.31149963805762265, 2581.77134951, 98.906622888, 25.4178106474, 1.8190728826, 3.22811049589, 154, 2019
E, 100, -0.9039044274720601, 472.492558896, 31.9099154659, 12.3360647109, -0.430415298592, 3.07038339082, 154, 2019
Z, 100, 0.7043752659241034, 489.865512466, 46.7343341746, 12.4378062314, -0.32868548811, 0.0511108940553, 157, 2019
N, 100, 0.7087570360288878, 2587.02964452, 125.506509548, 18.9625569591, -0.637338441997, 0.167817981807, 157, 2019
E, -100, -0.9350651378363807, 1140.09245743, 39.4345545522, 27.7211747587, 0.274456449809, 3.34872132028, 157, 2019
Z, 100, 0.5650374850026011, 296.345653673, 33.482785223, 9.84808872139, -0.84112195704, 0.148050052032, 160, 2019
N, 100, 0.9271864765844929, 2651.54759131, 98.5821211858, 28.0996186397, -0.278120987142, 0.124476559073, 160, 2019
E, 100, -0.986828438205563, 1050.03658475, 30.3358500366, 36.2977082386, -0.07310840514, 3.09072048251, 160, 2019
Z, -100, -0.7581554588390628, 113.937873756, 16.8012652417, 4.18562889892, -3.52135645773, 0.602228126364, 163, 2019
N, 100, 0.7072483221151337, 1987.38501893, 41.4897412234, 60.4317033505, 0.0612298375582, 0.821087609893, 163, 2019
E, 100, -0.8970287044410824, 732.297499948, 18.545105094, 39.37702958, -0.555938855571, 2.99032964115, 163, 2019
Z, 100, 0.08153417330445224, 304.626933755, 39.6985775339, 5.21396946837, -2.90123715336, 1.47650948086, 166, 2019
N, 100, 0.12109700319650107, 2665.77011356, 81.468256702, 33.2481994279, 1.63561074179, 3.19426903597, 166, 2019
E, 100, -0.7157937930517486, 832.53267114, 27.8524187314, 23.3141532433, -1.34259481751, 2.50017378957, 166, 2019
Z, 100, 0.7010601583241102, 442.188107615, 45.0641974125, 10.9411192643, -0.75696504157, 0.058503946448, 169, 2019
N, 100, 0.32149908764054297, 2892.48218624, 114.78200647, 24.1689750133, 1.90667647506, 3.13285092348, 169, 2019
E, 100, -0.9364088194106451, 774.517063364, 37.1593806099, 18.9806707009, 0.189924616443, 3.47745288826, 169, 2019
Z, 100, 0.6629238186662129, 260.56585506, 38.0943773785, 7.28559477238, -0.717405998777, 0.00214753144456, 172, 2019
N, 100, 0.6883921723906887, 2646.6962445, 105.445970085, 24.3907791975, -0.746257695507, 0.0844965210148, 172, 2019
E, -100, -0.9776245681456311, 809.947944391, 34.1879806069, 23.6786820203, 0.110034747745, 3.18207383209, 172, 2019
Z, 100, 0.4672455360851704, 349.313684497, 23.1179133862, 12.6259322642, -1.41971585802, 0.416022773192, 175, 2019
N, 100, 0.787009456742372, 1874.61721933, 68.5381414919, 29.5025220126, -0.561921340864, 0.1274900277, 175, 2019
E, -100, -0.9747604738829814, 719.17460861, 23.2032375841, 33.5254379442, 0.153390761083, 3.08986879826, 175, 2019
Z, -100, -0.352215077095443, 197.046375719, 16.6011072366, 7.2859541669, -2.71306223565, 0.819682113115, 178, 2019
N, 100, 0.3114067069369868, 1504.91864445, 38.1230093497, 46.1614094732, 1.62869564152, 3.39036827539, 178, 2019
E, 100, -0.7372064460801647, 654.349852283, 17.0426431967, 29.2775879339, -0.98207986047, 2.476270321, 178, 2019
Z, 100, 0.7501823790333133, 281.548062535, 38.6176664105, 6.35136472944, -0.693121722827, 0.229550741773, 181, 2019
N, 100, 0.10688735462592644, 2459.54667757, 87.3612534796, 28.2253093775, 1.67271979908, 3.12947780867, 181, 2019
E, -100, -0.975547862756612, 431.970841197, 29.359711264, 13.7713492252, 0.378846748665, 3.45121981714, 181, 2019
Z, 100, 0.5789536662802609, 177.690713756, 51.3728099736, 3.68896417662, -0.968448639229, 0.00867652115503, 184, 2019
N, 100, 0.2634243484848372, 3063.14944753, 128.527393744, 23.0012470839, 1.82416024231, 3.15744589829, 184, 2019
E, 100, -0.9357284505009164, 683.025639204, 41.3966915414, 16.1058275077, -0.0945963165937, 3.2994299353, 184, 2019
Z, -100, 0.4598278133342515, 267.335945449, 43.0203571949, 6.50055669397, 0.162151091571, 0.149003043644, 187, 2019
N, 100, 0.6332099240397173, 2205.24709646, 117.39746442, 18.4214487324, -0.735369095484, 0.172967414829, 187, 2019
E, 100, -0.8133300535686852, 573.447912332, 36.20934905, 14.1176025546, 0.0220639459831, 3.5052610106, 187, 2019
Z, -100, -0.04459780838184034, 245.551035982, 11.8503006989, 19.3248862945, -0.90650066312, 1.27355069863, 190, 2019
N, 100, 0.685271204122984, 1572.14651547, 57.6754788268, 30.9716694048, -0.630951095149, 0.24212165992, 190, 2019
E, 100, -0.8842762543360367, 363.635639977, 19.3003715793, 19.2001698265, -0.411285690162, 2.84285958102, 190, 2019
Z, 100, 0.06224981063515269, 71.5621736172, 35.7166656303, 1.37893333759, 1.22909532734, 2.59945247969, 193, 2019
N, 100, 0.1546194725640897, 1145.83804326, 66.642989517, 17.7793176326, 1.43118320851, 3.43509054884, 193, 2019
E, -100, -0.9380013706091593, 474.599397411, 24.6142404726, 16.2716777548, 0.506772829924, 3.62772879178, 193, 2019
Z, -100, -0.18022592991522998, 317.576735308, 46.8416301793, 4.16489411134, -2.4241349725, 0.790373843913, 196, 2019
N, 100, 0.4532192877416678, 1523.12528796, 104.676613613, 13.9721322101, 2.14043357964, 3.00741577879, 196, 2019
E, 16, -0.9822326884071628, 563.163744986, 34.9602412113, 14.7924811209, 0.0489715814474, 3.19119330451, 196, 2019
Z, -100, 0.7053993225196613, 286.883018632, 40.4693086832, 5.94507103877, -0.12093796393, 0.32645278141, 199, 2019
N, 100, 0.6610365751986137, 2086.3982149, 108.049104371, 18.74308981, 2.42486242715, 2.96220807338, 199, 2019
E, -100, -0.9010364780160731, 769.513418536, 35.5173635799, 21.7793173759, 0.353398601906, 3.30477152215, 199, 2019
Z, -100, 0.5553164381138492, 137.123450332, 30.2636206836, 6.37420868252, 0.34487835063, 0.379798322428, 202, 2019
N, 100, 0.7423709092215063, 2324.87300125, 79.0540019887, 30.3901581034, -0.589133049771, 0.181848556651, 202, 2019
E, -100, -0.9407605702366059, 890.955060661, 25.7042121614, 36.6591142023, 0.322073605969, 3.18847183875, 202, 2019
Z, 100, 0.23279483116820174, 125.166912155, 10.1534687777, 11.8812125946, -0.453312427293, 1.4117355398, 205, 2019
N, 100, 0.48615826169699955, 1548.97815866, 37.4530237608, 50.3051797463, 2.49469867299, 2.68746214497, 205, 2019
E, 100, -0.9405537034047925, 704.361634908, 15.0977306155, 47.2505276072, -0.338711919629, 2.96138646519, 205, 2019
Z, -100, -0.30587700719494715, 91.3618481286, 29.5491950463, 1.87976916291, 0.496115718946, 2.33066806394, 208, 2019
N, -100, -0.08925376272823754, 1397.33947661, 66.5203557759, 22.4392812746, 1.25804448659, 3.38632610218, 208, 2019
E, 100, -0.9471442606822348, 610.878447719, 23.5937343963, 24.9291715176, -0.367074464684, 3.01847747414, 208, 2019
Z, 100, 0.6502917855530849, 223.689320721, 50.2670702512, 4.20806786266, -0.715256068587, 0.0406529177362, 211, 2019
N, 100, 0.0767162136896645, 2602.49089237, 112.227676914, 22.3830366332, 1.72408061073, 3.0138899719, 211, 2019
E, 100, -0.962400682191582, 944.440231226, 37.2195681652, 24.6906604385, -0.188915317497, 3.23091263696, 211, 2019
Z, -100, -0.028799999793602392, 329.058492437, 45.4425585477, 7.78770269281, -1.72613159136, 0.146353346341, 214, 2019
N, 100, 0.12611827387146482, 2423.81407622, 120.670653041, 19.3224704372, 1.6753716343, 3.18596655099, 214, 2019
E, 100, -0.9861472321177309, 1056.76016129, 38.0977172205, 26.2529619955, 0.11085875168, 3.29149783594, 214, 2019
Z, 100, -0.9296673045396839, 265.812012943, 36.5649360133, 6.64540996234, 2.83977563014, 0.0738093071068, 217, 2019
N, 100, 0.5278444689626981, 1658.56818288, 69.4792242926, 26.7869471501, -0.623137125855, 0.443295489237, 217, 2019
E, -100, -0.825297418420434, 465.874250369, 19.154285962, 25.0317764732, 0.222231013589, 2.96374394888, 217, 2019
Z, 100, -0.48054618015039313, 282.321236774, 24.5858363717, 6.54568950182, -0.85497803366, 2.32031886403, 220, 2019
N, -100, -0.24887179101856177, 1397.38894526, 49.8460625587, 31.4811865931, 0.686883915068, 3.77080528656, 220, 2019
E, 100, -0.8724035539097719, 632.511810222, 20.584979022, 25.3271294885, 2.59338296648, 0.198723946527, 220, 2019
Z, -100, -0.20966548528768156, 169.617857576, 43.9886419606, 2.30584715049, 1.03296318693, 2.73282707683, 223, 2019
N, 100, 0.008709207765673122, 1457.99867329, 86.7517887881, 16.4802266636, 1.60809479866, 3.08348202502, 223, 2019
E, 0, -0.895825240162693, 516.464605117, 30.4792654065, 14.0391488074, -2.64441507697, 0.517392946173, 223, 2019
Z, 100, 0.5784732258025388, 165.341834842, 39.9505477381, 3.86291921007, -0.155163769562, 0.531661911365, 226, 2019
N, 100, 0.2465378207251789, 2074.11265684, 96.5159660812, 20.5666665854, 2.00147132461, 2.90426074824, 226, 2019
E, -100, -0.9147107256897832, 652.735190254, 32.0568460363, 19.9276026943, 0.51847646306, 3.37157535305, 226, 2019
Z, 100, 0.6827148133112221, 146.341225332, 30.3626501789, 5.69163593203, -0.415013830539, 0.30007329402, 229, 2019
N, 100, 0.4566235304579509, 1893.74937928, 76.8310399036, 23.4219467582, 2.04307934166, 3.17487838415, 229, 2019
E, -100, -0.9221378402006187, 600.550753736, 24.4346151921, 25.3326363813, 0.267870384778, 3.18993518745, 229, 2019
Z, 100, -0.45883887785080774, 339.313402386, 26.3882733407, 16.0442178367, 1.7791557372, 0.566094705867, 232, 2019
N, 100, 0.585199409111091, 1702.01607098, 36.6992093621, 59.0675153801, 2.71697177896, 2.56873676225, 232, 2019
E, -100, -0.8750711964719963, 390.535000315, 11.1758448029, 33.1111842319, 0.125766092641, 2.84149118951, 232, 2019
Z, -100, 0.06483112188459675, 305.968407094, 20.2544341363, 9.23695258878, -1.56424330816, 2.21182249293, 235, 2019
N, -100, -0.5831881861691607, 1041.11777139, 46.8120962713, 24.2459196836, 0.445410342243, 3.61454798422, 235, 2019
E, -100, -0.891006915716384, 499.60699988, 17.8322087243, 24.1983624229, 3.53044871833, 0.00581251815679, 235, 2019
Z, -100, -0.3949141120136683, 149.820299354, 40.5431789524, 2.88177173626, 0.855433391354, 2.7757806339, 238, 2019
N, -100, -0.3207571856146058, 1794.00443654, 89.1399132219, 20.0434753904, 1.18224598902, 3.22007190541, 238, 2019
E, -100, -0.9884068209251239, 737.827538963, 31.0355093905, 22.8494857181, 3.27034364568, 0.0623000412432, 238, 2019
Z, 100, 0.02722878520473962, 211.598644634, 46.2936599493, 4.21437325258, -1.66773022553, 0.155459653144, 241, 2019
N, 100, 0.10921638462828441, 2399.36320371, 105.53228943, 22.1371044216, 1.77036555057, 3.00158761878, 241, 2019
E, 100, -0.9514139380801052, 598.760478894, 34.334111198, 16.6171752923, -0.368049792722, 3.01784046525, 241, 2019
Z, 100, -0.11513168245754166, 214.940718918, 37.0566484679, 6.9096968182, 0.68143734459, 0.91013138565, 244, 2019
N, 100, 0.28072483338284226, 2021.80696547, 70.9138681479, 31.0621693791, 2.14984481353, 2.78955233484, 244, 2019
E, -100, -0.6624161539326218, 424.765724392, 19.0506519443, 24.6298875545, 0.384142758979, 3.53831257371, 244, 2019
Z, -100, 0.8173536581574228, 188.785165057, 34.5608137364, 5.02875373163, -2.58056732692, 2.75294337786, 247, 2019
N, -100, -0.7087309574448213, 1259.19333175, 38.6599326162, 37.1543558929, -0.252017395183, 3.9511285201, 247, 2019
E, -100, -0.8569693158497909, 578.014401694, 19.5729814317, 18.7242552191, 3.07582809939, 0.510208841702, 247, 2019
Z, 100, -0.4085112256621734, 254.206753729, 35.3473786436, 4.00735058826, -1.04200878841, 2.57869418322, 250, 2019
N, -100, -0.5465895115867677, 981.33424593, 72.8859784076, 12.3326644987, 0.604600945096, 3.59149079205, 250, 2019
E, -100, -0.8961454277792933, 616.692733591, 30.2836517303, 19.0185409269, 0.49361453708, 2.94635279886, 250, 2019
Z, 100, 0.6076848090121614, 198.87290519, 38.0939016054, 4.20551836717, 2.22725229255, 2.98305073794, 253, 2019
N, 100, 0.24672439475209332, 1477.14095464, 78.3837143777, 17.5936590341, 2.04551014286, 2.80340633409, 253, 2019
E, -100, -0.8833788523424817, 636.217748636, 27.5296548079, 21.3143841196, 0.546816520496, 3.25524336649, 253, 2019
Z, 100, -0.702645830704948, 245.266828541, 23.7335339143, 7.08156592337, -0.729640224022, 3.60061264521, 256, 2019
N, 100, 0.24749731019316507, 1593.35486248, 62.844394525, 24.8642872628, 1.88735105587, 3.06393330785, 256, 2019
E, -100, -0.43020563680234575, 142.820721187, 19.7953946423, 5.06007674435, 0.884568829216, 3.02740687914, 256, 2019
Z, 100, -0.2341973416867874, 231.691367388, 29.8106306067, 11.0155420243, 1.54787158964, 0.49509525025, 259, 2019
N, 100, 0.39608884408576495, 1695.67701454, 29.2136933774, 75.8630479924, 2.60275854297, 2.41373229706, 259, 2019
E, 100, 0.5752192748627947, 437.409594691, 5.70081323675, 76.6065023112, 1.84541201675, 2.49995407861, 259, 2019
Z, -100, 0.892895260108277, 321.689264775, 31.5438276458, 8.36839644489, 0.390892405225, 0.344326244021, 262, 2019
N, -100, -0.8211274746629049, 845.686317678, 41.3863011465, 19.6149122688, -0.370539986386, 3.80326351091, 262, 2019
E, -100, -0.9100956178842443, 589.451109877, 17.1783485978, 28.5371389053, 0.294732542076, 3.25147838162, 262, 2019
Z, 100, -0.5007996429745926, 395.719688103, 34.3039106755, 7.38045992569, -1.11372648489, 2.58651184039, 265, 2019
N, -100, -0.6191271886134538, 845.036524163, 76.1558766237, 10.2965049573, 0.610608045504, 3.53554461133, 265, 2019
E, -100, -0.8907547644010021, 730.577456775, 29.9049486538, 23.1387201207, 0.528885452877, 3.00254872414, 265, 2019
Z, 100, 0.4180506292908414, 420.233551116, 41.0687227653, 6.96250104329, 1.96224053041, 2.96189606348, 268, 2019
N, 100, 0.3143648301822771, 1557.69314753, 85.8536226445, 16.800114131, 2.12827128727, 2.73659941466, 268, 2019
E, -100, -0.8974854395640921, 661.755631271, 30.8241226459, 19.7703148246, 3.56352567189, 0.0355457762877, 268, 2019
Z, -100, 0.08086524834676202, 162.256895859, 25.9465381879, 5.61526103276, -1.19739219555, 1.21853677869, 271, 2019
N, 100, 0.06425416354158396, 2207.35833776, 59.1988114914, 40.8223877256, 1.74649314123, 2.90838658625, 271, 2019
E, -100, 0.31030724767758816, 236.586184056, 17.4339074938, 6.06564411616, -2.50242815094, 2.91724783385, 271, 2019
Z, -100, 0.46826342232750356, 91.1360235589, 44.7613078319, 2.53402593217, 0.984614916302, 0.231613813679, 274, 2019
N, 100, -0.606073095212661, 741.082814514, 40.4087516042, 17.9035212885, -1.31086001556, 3.90668615426, 274, 2019
E, 100, -0.8337797530806337, 756.66710618, 13.7726216372, 40.1998001579, -0.397369019752, 3.64030924303, 274, 2019
Z, -100, 0.30024603593023863, 329.386449123, 43.218223758, 5.46340145638, -1.87211683283, 2.75516765595, 277, 2019
N, -100, -0.5298492463856468, 776.294386146, 77.3627685232, 8.90304677266, -2.36884700409, 0.353833282576, 277, 2019
E, -100, -0.9573167504605515, 1002.97390341, 35.1559716284, 25.4006879889, 0.184367059665, 3.17051976731, 277, 2019
Z, 100, 0.3541289759965941, 86.7958555033, 35.8550134619, 1.49485821295, 2.02569756193, 2.87200263698, 280, 2019
N, -100, -0.3971855813723802, 817.32175523, 72.9993299918, 11.3848643833, 1.23949955454, 3.02038407634, 280, 2019
E, -100, -0.9006494511012632, 821.614519188, 31.6781548146, 25.7851750871, 0.536158318459, 2.96961291525, 280, 2019
Z, -100, 0.6341477122410212, 123.190335048, 24.834112779, 3.43655386915, -2.52596461276, 3.34475215097, 283, 2019
N, -100, -0.4338219520186088, 925.282471647, 49.1237939524, 18.4098787926, 1.1914337363, 3.05377382204, 283, 2019
E, -100, -0.8235716663708916, 444.534433445, 17.3910892982, 24.1026951469, 3.66069107751, 0.130189652664, 283, 2019
Z, 100, 0.7892541891613382, 311.06820751, 16.0471456088, 21.0253152878, -0.489459740791, 0.28893104661, 286, 2019
N, -100, -0.43683135048249455, 652.568093937, 19.8690243334, 47.2646986893, 1.42891140314, 1.79158230951, 286, 2019
E, -100, -0.062205703365833226, 287.900762274, 5.74560059829, 98.5562853812, 0.713018249874, 4.27946023205, 286, 2019
Z, 100, -0.4126075504806221, 216.645973341, 38.4947364543, 4.08442491572, 1.86808331754, 0.170356081801, 289, 2019
N, 100, -0.35143911042097525, 711.220957274, 52.2056419073, 13.0344605895, -1.17124793644, 3.10334929854, 289, 2019
E, -100, -0.843205475716495, 652.390110463, 18.1567872945, 31.3532274419, 0.410094484388, 3.20034412728, 289, 2019
Z, -100, 0.8665461025672245, 235.394536063, 43.6000284561, 4.05138915193, -2.77649818049, 2.84883016874, 292, 2019
N, 100, -0.6492040729854849, 324.489491653, 85.0058111601, 2.92031465212, -0.512842429525, 2.87698192388, 292, 2019
E, -100, -0.9077417475720171, 1042.89342554, 32.7767500501, 31.7334910289, 0.53268782419, 2.99035036721, 292, 2019
Z, -100, 0.20501813484476442, 126.691627356, 39.4214374149, 1.93264953838, -1.88639933511, 2.52171964751, 295, 2019
N, -100, -0.45059661927316086, 326.198045964, 86.0361073713, 3.24837049566, 1.43141070063, 2.61649246201, 295, 2019
E, -100, -0.9439235116610246, 1405.02489082, 36.4805200348, 38.0032111566, 0.38298559496, 3.05215269751, 295, 2019
Z, -100, 0.009864614898843561, 55.933788773, 30.7498560157, 1.38662659617, -5.00778937717, 0.639893532747, 298, 2019
N, -100, -0.6674218149057051, 1044.29681467, 51.021749958, 22.5066524759, 1.06595497095, 2.76180644357, 298, 2019
E, -100, -0.8857448901082604, 382.785230133, 19.3103962015, 19.3459057677, 3.68469846916, 0.0445885507203, 298, 2019
Z, -100, 0.5802912239313934, 185.749957272, 24.4609696092, 4.30348068628, 0.798125055445, 0.710142473594, 301, 2019
N, 100, -0.2699160854481047, 715.837538112, 47.6525352145, 14.6880577232, 1.05236587302, 0.867001148491, 301, 2019
E, -100, -0.8741007014139115, 515.351592915, 17.3789614394, 32.3740348471, 0.386023998625, 3.25383996797, 301, 2019
Z, -100, -0.35906201207443, 109.366155675, 58.9459046482, 1.23086566576, 4.09007357866, 0.682007981477, 304, 2019
N, 100, 0.09692569612825823, 469.205583148, 93.9803699676, 2.86544416981, -2.13694205622, 0.908739291258, 304, 2019
E, -100, -0.9538229358193558, 1275.19729838, 34.6456975233, 33.6614608732, 0.141256358275, 3.23718951874, 304, 2019
Z, -100, 0.6124641922391607, 76.7541693879, 46.6869207243, 1.10166032789, -3.67895621419, 2.09889891348, 307, 2019
N, -100, -0.49473639075699294, 508.179217366, 92.0247870362, 4.22222891732, -2.35368894014, 0.114410809222, 307, 2019
E, -100, -0.8828749775194715, 1208.83028332, 41.7334543983, 27.7259222238, 0.507288571229, 3.10733815506, 307, 2019
Z, 100, -0.5418146912661413, 157.598180781, 30.0331002572, 4.24474093884, -1.1147450633, 2.91641819099, 310, 2019
N, -100, -0.9425033212221503, 361.227813338, 58.4762640679, 5.91088895616, 0.14218262795, 3.08050238318, 310, 2019
E, -100, -0.6406623355126312, 705.798105292, 27.3340713178, 26.0384985914, 1.01966193903, 2.93968865297, 310, 2019
Z, 100, -0.5997776608128955, 277.658083741, 11.388572015, 26.5630701381, -3.54619464365, 0.894957679756, 313, 2019
N, 100, -0.7342503533426868, 595.623177086, 23.2882654765, 21.2794205548, 2.58707246639, 0.196777517458, 313, 2019
E, -100, -0.5926225743879385, 522.292291481, 9.72272549593, 71.6751540092, 0.504419948494, 3.5227747605, 313, 2019
Z, 100, -0.48469365842871237, 450.445368334, 28.4148930212, 7.87879689791, 2.57630745363, 0.687112941798, 316, 2019
N, 100, -0.10567560985867325, 423.044296942, 63.5956587808, 6.32247724107, -1.36064971034, 3.01670054004, 316, 2019
E, -100, -0.9133625653367647, 583.91411892, 22.64516207, 24.0103661482, -0.0670371227321, 3.27624479778, 316, 2019
Z, -100, 0.9807686016999909, 233.508167819, 52.0173959327, 3.60052158469, 0.0452811636777, 0.151921560486, 319, 2019
N, 100, -0.14115562863348727, 212.401542038, 101.78834603, 1.15115596896, -1.21809827451, 2.49150756312, 319, 2019
E, -100, -0.9414269232768766, 900.097668879, 36.6360515913, 22.7958176543, 0.171781759623, 3.26495313172, 319, 2019
Z, -100, 0.8945530659459576, 150.853724609, 51.7040808189, 2.5793728432, -2.85230446918, 2.98015991855, 322, 2019
N, -100, -0.5148115716043744, 525.484679745, 105.923961293, 5.07435862952, -2.24234240483, 0.0213728817282, 322, 2019
E, -100, -0.8586272989169182, 1292.65128922, 43.2131660736, 29.4164793255, 0.698452359557, 2.88238637272, 322, 2019
Z, 100, 0.8234116160522318, 232.598094615, 33.8726287256, 4.64533161088, 2.48560685592, 2.70598368812, 325, 2019
N, -100, -0.9888773061908306, 738.785636977, 66.1759162182, 12.0320624963, 0.150814477118, 3.01816573851, 325, 2019
E, -100, -0.9633331227658766, 1064.07053354, 33.0140229243, 30.0587314866, 3.31587122649, 0.114186526238, 325, 2019
Z, 100, -0.04260155129805449, 178.832535906, 22.2003688156, 7.41848818712, 0.289583313355, 1.14535152876, 328, 2019
N, -100, 0.026126745004865365, 788.661124161, 48.5630136133, 17.0049351939, 0.749114581888, 0.797369629187, 328, 2019
E, -100, -0.803350369933564, 579.932399783, 18.3660765239, 40.6686637026, 0.187958023546, 3.56323815898, 328, 2019
Z, -100, -0.190232669672619, 141.129576484, 48.9985198923, 1.36112245579, 3.17089637638, 1.4424311591, 331, 2019
N, -100, -0.057992456479171825, 291.456659233, 104.078706496, 0.926904959141, -1.62449081227, 0.224014743597, 331, 2019
E, -100, -0.9803429737743139, 1247.0728544, 37.1071822549, 32.9591517398, 0.0914066461459, 3.17510908768, 331, 2019
Z, -100, 0.8573287780117405, 491.804302961, 62.2972315071, 6.69584166742, 0.307124850566, 0.0890681985895, 334, 2019
N, 100, 0.44719113565004187, 572.5011054, 115.113903933, 4.11779138426, -0.188267551473, 0.85882464397, 334, 2019
E, -100, -0.9873207863664692, 1441.47120652, 44.2574837836, 31.5601104037, 0.14203729086, 3.14130656414, 334, 2019
Z, -100, -0.13523684584945425, 576.127670858, 42.8437117645, 10.5416752246, 1.33404414445, 2.82596839717, 337, 2019
N, -100, -0.2839164097313948, 1015.22293377, 84.3945898666, 11.8718027981, -1.97882150731, 0.0492223490396, 337, 2019
E, -100, -0.985106078653647, 1188.34339417, 40.4685765372, 30.0608786264, 0.212104093487, 3.0316417533, 337, 2019
Z, 100, 0.7637002977065139, 273.01989112, 22.8377197549, 8.73646365483, 2.66009472698, 2.98115979387, 340, 2019
N, 100, -0.7850040822735761, 693.041046849, 43.0151197811, 18.7380568849, -0.431277415437, 2.87510011227, 340, 2019
E, -100, -0.9926775859228718, 658.040879211, 21.0193746051, 32.3771689759, 0.202950014134, 3.03753181723, 340, 2019
Z, -100, 0.48615897324527974, 372.929704578, 25.0788325387, 14.3296059681, 0.182417186674, 0.764365757952, 343, 2019
N, -100, 0.56991324340286, 951.191642691, 63.1634722868, 16.814970056, 0.68275718455, 0.270921736761, 343, 2019
E, 100, -0.9626647771612648, 442.233760803, 22.4223788235, 20.870450952, -0.285163173698, 3.4057789486, 343, 2019
Z, -100, 0.720691140197686, 329.924704995, 48.1533125018, 4.28014808112, 0.251481557215, 0.545155751028, 346, 2019
N, 100, 0.6051369893233404, 775.47939526, 109.100854246, 8.11186596294, -0.88442047735, 0.0782558896251, 346, 2019
E, -100, -0.9713310216952702, 732.500248002, 38.5432846056, 19.7962021057, 0.224161506624, 3.17030174238, 346, 2019
Z, -100, -0.20961920014121355, 207.220730388, 61.8829622169, 1.81149258942, 4.31165152242, 0.836885733631, 349, 2019
N, -100, -0.20330641340796407, 896.524396775, 125.281215717, 6.27293627406, -1.95937316491, 0.315924289954, 349, 2019
E, -100, -0.9825429508664721, 1234.39080125, 46.1935947744, 26.0727850975, 0.157314548878, 3.13724856729, 349, 2019
Z, -100, 0.8512453659629365, 122.390273768, 46.4698198124, 2.78152866245, -2.50759658104, 3.34019959045, 352, 2019
N, -100, -0.7451771689597348, 580.043750951, 90.8059405164, 5.44530034715, 0.404971157222, 3.2752028416, 352, 2019
E, -100, -0.9749963378172176, 1208.94504634, 43.8889863088, 27.7393210865, 0.259125550925, 3.08089067127, 352, 2019
Z, -100, 0.4853222561621877, 62.197433604, 23.5912815036, 3.07635332335, -1.31863666997, 1.94206383436, 355, 2019
N, -100, 0.18626603842611267, 307.237076713, 43.4643385287, 7.66667454393, -1.86675661003, 3.2072962004, 355, 2019
E, -100, -0.974088515313964, 616.561949932, 20.6804851986, 32.3553486972, 0.558095179544, 2.66711728484, 355, 2019
Z, 100, 0.48326134683533867, 250.612635588, 41.0738533219, 4.59583154727, -0.48064373134, 0.701296448627, 358, 2019
N, 100, 0.7523282866637889, 952.400273366, 98.5342834199, 11.2347859082, -0.486667037232, 0.0147086251452, 358, 2019
E, -100, -0.964389636116964, 750.023883945, 34.1709604554, 24.0090982089, 0.178066277599, 3.25238035873, 358, 2019
Z, -100, -0.5935157651239482, 114.535352282, 57.8781456245, 1.49354135932, 1.95248683081, 1.48213665851, 361, 2019
N, 100, 0.3626307574205688, 1391.91665867, 123.036727858, 11.7734287474, -1.27640242594, 0.102046189484, 361, 2019
E, -100, -0.9902539676557088, 1171.86954194, 44.4418428932, 26.5426141974, 0.0698979317174, 3.14252409874, 361, 2019
Z, -100, -0.7924971624903948, 326.46346271, 56.7411928831, 4.79005411823, 3.74445862064, 0.164506914455, 364, 2019
N, 100, 0.17226992355951923, 1351.92740427, 103.108007802, 11.1816760574, -1.63689013813, 0.370552341826, 364, 2019
E, -100, -0.9917709654737336, 1343.05506588, 43.281149001, 29.4867834986, 0.0573062779676, 3.15487600731, 364, 2019
