Chan, Phase Shift, Correlation, ptp-data, ptp-synthetic, rat, phasem, phasestd, DOY, Year
Z, -100, 0.22507829069353186, 615.026641459, 98.2833380282, 7.12223227326, -0.904378760075, 3.03727365966, 58, 2019
N, -100, 0.0258764886073304, 2711.37438657, 50.7455260804, 52.9911140712, -0.116607460205, 2.69578000093, 58, 2019
E, -100, 0.3323213697392635, 3578.95496261, 58.5556185761, 54.4578486045, 0.840682530987, 1.10261377997, 58, 2019
Z, -100, -0.3631092981278474, 1048.3390784, 152.058344157, 7.0609448295, 0.351163498704, 2.78255790759, 61, 2019
N, -100, 0.7177502779466753, 2533.14436473, 33.5410939725, 58.3785783312, 0.566220818732, 2.12268415267, 61, 2019
E, 100, -0.5675377250014443, 6763.52039823, 79.518509556, 92.7385112726, -0.320598050646, 2.97330098801, 61, 2019
Z, 100, 0.19592176576173828, 1721.90340327, 233.80164187, 6.65322286302, -0.88593096135, 1.33825287108, 64, 2019
N, -100, 0.6237453218880069, 3394.37225184, 50.1434031007, 72.3530016475, 0.297431214969, 1.2820346042, 64, 2019
E, 100, -0.7570653119816377, 8893.23658396, 133.461908359, 67.3458367166, 0.839697927169, 2.32231506663, 64, 2019
Z, 100, 0.6827979450933306, 2466.26639145, 259.438099486, 8.79816262944, -1.15706223392, 0.234730918423, 67, 2019
N, -100, 0.4256267667465208, 4952.81244013, 62.8831214668, 76.3558314835, 0.98118666349, 0.228298296689, 67, 2019
E, 100, -0.9064527196499156, 8693.07220858, 154.092163466, 58.8306817131, -1.62742678342, 3.01226446579, 67, 2019
Z, 100, 0.9642017527213946, 2806.04724067, 215.328612489, 12.940253669, -0.381516784395, 0.150534530735, 70, 2019
N, -100, 0.2324390367544955, 5900.44001943, 63.0519153673, 90.820006186, 0.194987228646, 2.72348787217, 70, 2019
E, 100, -0.9797053340681584, 6077.19474639, 132.580301273, 47.1443918323, -1.25313753388, 2.89963748737, 70, 2019
Z, -100, 0.364754396003988, 3043.62767248, 116.872941525, 25.2643741754, 0.634351988912, 0.370835585926, 73, 2019
N, 100, -0.14656743323425725, 5353.89729745, 50.9072549241, 99.3709918275, -0.30351374759, 2.9782025834, 73, 2019
E, -100, -0.14743987963848257, 2947.86703039, 73.0179646027, 47.5799086165, -1.07261944722, 2.76071747985, 73, 2019
Z, -100, -0.5822111349273797, 2956.34569623, 174.75902631, 20.4741001648, 0.653228744957, 2.94437098176, 76, 2019
N, 100, -0.4966682174953938, 3230.57819153, 40.8261859445, 77.3914459401, 1.34390686408, 1.26878146018, 76, 2019
E, 100, -0.6308454129148209, 8663.17468014, 90.5575063395, 96.5386491302, -0.694753257187, 2.9563072569, 76, 2019
Z, 100, 0.2780489081019748, 2825.12694409, 295.657432964, 9.9282540809, -1.2126644202, 1.45087357151, 79, 2019
N, -100, 0.495990230824753, 4131.1498126, 66.102681567, 55.5880558585, -2.12849434261, 2.58005751121, 79, 2019
E, 100, -0.8861037629762859, 11607.8331071, 167.612713136, 71.9261560406, -0.0221838656956, 2.84118024799, 79, 2019
Z, 100, 0.09310407564708456, 13533.9119678, 255.831495649, 39.4494802005, -1.28827936826, 1.48237752351, 124, 2019
N, 100, 0.905370965347231, 13712.9076215, 58.9710992877, 177.447693324, -0.301768654917, 0.7839419239, 124, 2019
E, 100, -0.9690161013207417, 22506.1749483, 148.305304015, 127.759527447, 0.21595064831, 2.92332771363, 124, 2019
Z, -100, 0.6009883418068133, 77039.0286568, 246.047992241, 213.161398268, 0.0161127207345, 1.61950631826, 127, 2019
N, -100, 0.30733655442174623, 51023.388678, 67.882674531, 541.842910407, 1.1043558097, 0.51954089221, 127, 2019
E, 100, -0.4548681392124664, 25731.1541405, 147.00168632, 151.464123046, -1.79636617126, 2.8165863647, 127, 2019
Z, 100, -0.1312267114530731, 106272.177323, 161.722806236, 607.357036706, 1.17876580367, 1.3069180374, 130, 2019
N, 100, -0.2292843769417372, 51130.3715586, 61.4627534006, 842.794701563, 0.329985563682, 3.13310859382, 130, 2019
E, 100, -0.6329487442543021, 50397.6241695, 99.2916846832, 446.515874979, -1.95257244786, 2.7870062701, 130, 2019
Z, -100, 0.06320582684331819, 276.141342127, 131.738137898, 2.17227209628, 0.98540004385, 3.09755646919, 133, 2019
N, -100, 0.5105548170935591, 2383.54446611, 45.618865996, 51.5865356972, 1.18007403195, 0.299861474689, 133, 2019
E, 100, -0.6765737435995421, 3374.61424989, 68.3363272398, 49.9745608095, 1.37035674452, 1.73650449131, 133, 2019
Z, -100, 0.262258304499367, 309.025739373, 238.448559619, 1.67628455007, 1.1138842787, 2.14984359645, 136, 2019
N, -100, 0.5720675268326845, 4338.9624695, 54.9583678393, 77.7942272592, -2.44590508913, 2.84691279631, 136, 2019
E, 100, -0.6682676441537732, 5860.16343715, 131.736942199, 44.0585878379, 0.283984762558, 3.10831723481, 136, 2019
Z, -100, 0.8749053945995414, 271.989633799, 268.440070448, 0.978975491169, -0.312363113256, 0.377092100833, 139, 2019
N, -100, 0.38185245380057026, 5597.4710281, 68.1790568445, 82.0148964878, 0.626854692585, 1.30360129548, 139, 2019
E, 100, -0.6265510732037591, 6312.06663943, 155.025351874, 41.7301041334, 1.15700299356, 2.15363911473, 139, 2019
Z, -100, 0.6816058503791738, 175.21691363, 212.372260785, 0.828837837855, 0.580906795051, 1.39770495064, 142, 2019
N, -100, 0.14900456777798732, 4465.57441272, 65.3493236182, 69.8748375683, 1.30950550692, 0.0949072823382, 142, 2019
E, 100, -0.5580668158319811, 4915.79392354, 127.479409586, 38.922079233, -1.88015877051, 2.83038564819, 142, 2019
Z, 100, 0.9600743605806356, 236.633557477, 115.331573487, 2.04215660649, 0.0317373861395, 0.198680576972, 145, 2019
N, 100, -0.14466361239618264, 2486.76092016, 49.8097557694, 48.2956516614, 0.0320407603065, 3.15676811212, 145, 2019
E, 100, -0.43539188485147157, 2803.02529743, 70.7338477332, 38.7331750895, -2.39125961277, 2.65631122147, 145, 2019
Z, -100, 0.9896819635143015, 125.686624447, 107.207243353, 1.13718022219, -0.15604491675, 0.255743768637, 148, 2019
N, -100, 0.08587428129536606, 1318.13538279, 33.6455682139, 42.2218407103, 1.38226650335, 0.397294259757, 148, 2019
E, 100, -0.6646240109685068, 2540.85480888, 56.1682967333, 46.6422053307, 1.81020796651, 1.16816848032, 148, 2019
Z, -100, 0.9161838592241901, 260.658216362, 197.708149396, 1.56916072617, -1.04762142813, 2.35873682053, 151, 2019
N, -100, 0.2635715830029301, 2524.57906452, 45.0213506387, 53.796063477, -1.97658661965, 2.79137521791, 151, 2019
E, 100, -0.7781009325861753, 4029.11942395, 109.687046006, 37.3200969902, 0.391925674311, 3.08385478273, 151, 2019
Z, -100, 0.5833812531845076, 314.148956187, 248.283838069, 1.35849121513, 0.737516926317, 0.32099005723, 154, 2019
N, -100, 0.35568939559899393, 4098.86795668, 61.59876556, 63.0580180967, 0.825476436956, 1.33162185231, 154, 2019
E, 100, -0.7655553577214076, 4975.70906673, 143.736772917, 34.9482310829, 0.744192703744, 2.5875557714, 154, 2019
Z, -100, 0.6473306228122029, 153.215889873, 226.799847712, 0.716265005212, -0.971075077884, 1.23456839652, 157, 2019
N, -100, 0.3148946688246026, 4727.25888867, 68.3134392536, 69.4428222252, 1.1579394745, 0.171763492459, 157, 2019
E, 100, -0.6589952949736962, 5002.10313733, 134.073397892, 37.6332685419, -1.76839582711, 2.92937354717, 157, 2019
Z, -100, 0.9074654732094045, 139.114193473, 146.717423636, 1.06137247429, 0.665234087298, 0.29281692043, 160, 2019
N, -100, 0.23382880579507115, 3428.25277883, 60.4399092636, 54.4091479691, -0.276573664444, 3.14621641039, 160, 2019
E, 100, -0.5742220894425377, 3636.21032669, 86.3326444869, 41.0025499215, -2.2605855566, 2.67314091788, 160, 2019
Z, -100, 0.8576077999612203, 141.508127799, 153.641791149, 0.937447773887, 0.535280460238, 0.172537031012, 163, 2019
N, -100, 0.49575743173193926, 2436.0835921, 47.1203235408, 53.6678869591, 0.958331744076, 0.344161905419, 163, 2019
E, 100, -0.6923579639527309, 3631.79841683, 81.2263875648, 46.051588109, 0.529050052386, 2.74853928494, 163, 2019
Z, -100, 0.5127160067543869, 253.902255935, 221.797017013, 1.30943538727, -3.60095711753, 2.75758364604, 166, 2019
N, -100, 0.5388487752194029, 3733.27549974, 54.3284951743, 64.8910187639, -2.06800758203, 2.80044397523, 166, 2019
E, 100, -0.7287843086288921, 4904.15613766, 123.150772934, 39.6330459041, 0.297395978713, 3.02057236974, 166, 2019
Z, -100, 0.20617131563829308, 174.573506652, 234.41929267, 0.639600293651, -1.54816173244, 2.80042626892, 169, 2019
N, -100, 0.40719699581060004, 4586.77275532, 61.9751796278, 72.7813766845, 0.614761678976, 1.32197980724, 169, 2019
E, 100, -0.6774392902598296, 4987.3568892, 135.609567325, 38.0292856266, 0.687251479178, 2.63645885426, 169, 2019
Z, -100, 0.9452236755593643, 146.852365789, 187.914749226, 0.854716575727, 0.148482282984, 0.221270054857, 172, 2019
N, -100, 0.13867415966429816, 3622.60299994, 58.7222136234, 61.6504374861, 1.44057435006, 0.106000644781, 172, 2019
E, 100, -0.6229751984162243, 4119.6351616, 112.843378237, 36.44788227, -1.82221884162, 2.7966637286, 172, 2019
Z, 100, 0.6591133580034254, 94.346794703, 115.412146944, 0.898773463599, -1.24317771999, 2.4400605338, 175, 2019
N, 100, -0.03957134684382568, 2150.55282104, 46.8471090723, 43.847551345, -0.132769311772, 3.12105764282, 175, 2019
E, 100, -0.6128439086623562, 2712.15403773, 69.3067283842, 38.5003027355, -2.2615498055, 2.72070213815, 175, 2019
Z, 100, 0.9200844824226801, 133.752196565, 112.713794173, 1.44287464978, -0.904125581255, 0.873273251747, 178, 2019
N, -100, 0.3736660113124948, 1665.48527597, 36.6123957882, 45.459387241, 0.998199346351, 0.643144568483, 178, 2019
E, 100, -0.7327574779600399, 2499.34507842, 60.2749153879, 43.0841948632, 1.7314840016, 1.77189707555, 178, 2019
Z, -100, 0.7872507906959438, 172.542134067, 198.49070886, 0.812460495426, 0.993210186209, 1.94020474387, 181, 2019
N, -100, 0.4721895764820558, 3127.11603383, 47.6213260739, 62.6549662447, -2.26886711146, 2.77567763447, 181, 2019
E, 100, -0.7569023778423954, 4220.06158131, 109.53125554, 37.9673427553, 0.368404447682, 3.09279872654, 181, 2019
Z, -100, 0.5490115649740498, 219.648886363, 248.552838478, 0.939169994725, 0.795960933828, 0.155376845051, 184, 2019
N, -100, 0.4731664641696471, 4790.13246609, 64.5827048449, 71.8427850195, 0.649529550205, 1.33185448781, 184, 2019
E, 100, -0.7179033800027412, 5372.34445878, 143.12586768, 38.4343910612, 1.00125848768, 2.41926822709, 184, 2019
Z, -100, 0.8508759085937582, 167.663539431, 226.665573735, 0.815006572882, -0.179467426888, 0.433882639308, 187, 2019
N, -100, 0.42020295817225245, 5062.44704157, 70.7972325363, 72.0543437964, 1.14580462382, 0.0808493895455, 187, 2019
E, 100, -0.6383076020994338, 5181.48022933, 133.191766263, 39.0779398988, -1.75849585966, 2.82449735474, 187, 2019
Z, -100, 0.9433319070249305, 92.7755812505, 151.399812266, 0.522513507809, -0.704102338574, 2.91760786608, 190, 2019
N, -100, 0.3669189134797264, 3910.69352572, 61.0367357902, 60.9352993079, -0.645142712449, 2.97020673, 190, 2019
E, 100, -0.6131765149677447, 3764.1588759, 86.9529121192, 42.8330310486, -1.69798423886, 3.01739788949, 190, 2019
Z, -100, 0.9926125029679183, 162.434764469, 144.938341751, 1.13802445764, 0.123914778791, 0.18733351511, 193, 2019
N, -100, 0.3756267255997621, 2442.78038741, 45.154182321, 56.37141241, 0.816253502681, 1.345826709, 193, 2019
E, 100, -0.6467880434295045, 3573.94073448, 75.7828504219, 46.9344967985, 0.284424771699, 2.99838432888, 193, 2019
Z, -100, 0.9024099804310952, 289.237559521, 207.54104834, 1.51341308982, -1.86198992074, 2.86589840625, 196, 2019
N, -100, 0.2808838808622368, 3333.74447907, 50.4353586461, 61.6784896082, -1.89040101944, 2.88118328933, 196, 2019
E, 100, -0.7034547795338468, 4750.79565175, 115.397411583, 41.1103238178, 0.135851122219, 2.86791757071, 196, 2019
Z, 100, 0.951374387727097, 200.812664074, 225.471502832, 0.931771897717, -0.537678265976, 1.55402258854, 199, 2019
N, -100, 0.07239446323072256, 3846.90443195, 58.558005345, 65.9714821328, 0.924323961339, 1.32763378495, 199, 2019
E, 100, -0.676367386635338, 4946.13071217, 131.236104381, 39.1584586702, -1.91776047224, 3.08132940931, 199, 2019
Z, 100, 0.9775972904968291, 203.018307173, 190.696416753, 1.144041245, -0.30773925608, 0.146177257303, 202, 2019
N, 100, -0.08697570258789403, 3258.21924283, 57.4003665924, 56.7018541036, 0.852213230122, 2.29436646856, 202, 2019
E, 100, -0.6277897956962653, 4305.08096866, 114.811547554, 37.3021831525, -1.81260501189, 2.76188471896, 202, 2019
Z, 100, 0.9810100890815079, 125.329555444, 123.996127354, 0.943335917497, -0.0889372536298, 0.252551453773, 205, 2019
N, 100, -0.12630940255658146, 2219.72905833, 47.6497589365, 44.7773193583, -0.0459850191196, 3.10878723202, 205, 2019
E, 100, -0.6196147617998694, 3038.30900712, 75.1274389634, 39.3335615689, -1.96999948134, 2.865933077, 205, 2019
Z, -100, 0.9435851239629552, 136.694224243, 113.346852624, 1.32250672946, -0.710261187537, 0.845636785874, 208, 2019
N, -100, 0.36243470413545054, 1696.73483199, 37.8452311014, 46.8938130153, 1.08615351713, 0.779210660141, 208, 2019
E, 100, -0.7183355459168465, 2571.68361524, 59.1193067289, 44.1385682586, 1.65719516453, 1.75142048225, 208, 2019
Z, -100, 0.54786847973736, 198.401721347, 216.522145902, 0.843558771223, -2.05950970484, 2.91512817782, 211, 2019
N, -100, 0.542295291728865, 3741.88993154, 50.8456337687, 67.7627734564, -1.96856200499, 2.76270643231, 211, 2019
E, 100, -0.7744210000617852, 4647.82923815, 119.073961899, 39.2309823592, 0.359152353367, 3.04098639232, 211, 2019
Z, -100, 0.43217473798619904, 282.582289844, 273.843709452, 1.07160120993, 0.935884864998, 0.186252295442, 214, 2019
N, -100, 0.48003890851097897, 5472.38838931, 71.0013889789, 75.7912211351, 0.626436216803, 1.34158502801, 214, 2019
E, 100, -0.709764263069176, 6441.65155241, 157.877835187, 41.6428806126, 0.457556126304, 2.82513943373, 214, 2019
Z, -100, 0.8734263888989902, 263.331053094, 237.02193993, 1.18426057879, 0.0482530585349, 0.283533997325, 217, 2019
N, -100, 0.38242494552644507, 5444.33475826, 74.8064413035, 72.1397612959, 0.708804760239, 2.00810173264, 217, 2019
E, 100, -0.6455967487545363, 5788.11778221, 140.611625313, 40.9062284513, -1.78269976255, 2.74349490626, 217, 2019
Z, 100, 0.5341497035025832, 102.079325309, 133.643665365, 0.893297366977, -2.33291557188, 0.821812687409, 220, 2019
N, -100, 0.3246328300389306, 3172.96661904, 57.326524351, 53.7718183546, 0.521908437273, 1.85610094725, 220, 2019
E, 100, -0.5897589730959958, 3433.02422716, 77.4063275279, 43.8840983597, -0.603512971866, 3.17606120515, 220, 2019
Z, -100, 0.9459405638261994, 158.887424489, 145.172393708, 1.37335983988, -0.535680507178, 1.35298885853, 223, 2019
N, -100, 0.591555872463519, 2373.60329909, 38.6389471998, 58.9881352826, 0.359419940623, 1.87406022374, 223, 2019
E, 100, -0.7155119677916346, 3414.74456063, 74.7843499327, 45.9443502464, 0.377410511884, 3.12432193812, 223, 2019
Z, -100, 0.9167889568342119, 212.105534323, 217.96703143, 0.981132218921, 0.0504510663803, 0.196801506223, 226, 2019
N, -100, 0.366924017060759, 3511.53404882, 49.5889559636, 66.5698265498, 0.795163991115, 1.31582636723, 226, 2019
E, 100, -0.740735158479804, 4872.00938103, 122.903157244, 40.7838305975, 0.0830895957864, 2.75082811974, 226, 2019
Z, -100, 0.9587515396583329, 201.04417966, 238.455699129, 0.885977761911, -0.183965727387, 1.30880323847, 229, 2019
N, -100, 0.13171093441683857, 4081.84670168, 60.0105254812, 68.8574895214, 0.893458261103, 1.323112753, 229, 2019
E, 100, -0.7126338150722995, 5098.05435846, 140.551148593, 37.3130545502, -1.81347439766, 3.02059760412, 229, 2019
Z, 100, 0.9215912333736581, 287.113581015, 200.322370262, 1.48961335996, -0.557966546218, 0.255754379403, 232, 2019
N, 100, -0.1224455118113494, 3449.32572103, 59.2469445854, 58.0852567107, 0.56538118596, 2.63927494765, 232, 2019
E, 100, -0.6487190746801647, 4382.30178792, 122.292461547, 35.4857464748, -1.77708058853, 2.76411178201, 232, 2019
Z, 100, 0.6918128544541872, 97.7434372094, 119.771216912, 0.839752435751, -1.1429811966, 2.38483319779, 235, 2019
N, 100, -0.20476810261433087, 1976.55933801, 47.9738396035, 40.4852173445, 0.0274761917602, 3.14255940712, 235, 2019
E, 100, -0.6182794397991982, 2899.54696765, 74.3884344778, 38.0080803538, -2.23439896876, 2.74177257206, 235, 2019
Z, -100, 0.9461363535497953, 140.325883539, 136.589836046, 1.20600286174, -0.163924455149, 0.51005923363, 238, 2019
N, -100, 0.4897454114607568, 1994.29362018, 37.3309597326, 49.1015802823, 1.0513934309, 1.46467288994, 238, 2019
E, 100, -0.7736179656608799, 2881.17962444, 69.6915890318, 42.246292412, 0.614027198976, 2.77181220435, 238, 2019
Z, -100, 0.8719289677990467, 208.846262104, 261.786439611, 0.914757871875, -0.681713930199, 2.42109254862, 241, 2019
N, -100, 0.49115226565751907, 4603.72430914, 58.6100149323, 73.0133535898, -1.49499927232, 2.84602107938, 241, 2019
E, 100, -0.7718783139563872, 5634.58217924, 146.641947781, 38.2682556432, 0.329011097341, 2.92773309574, 241, 2019
Z, -100, 0.8564355102446269, 235.843023574, 302.697001248, 0.75976313193, -0.838691044094, 1.25081659143, 244, 2019
N, -100, 0.37325190930092705, 6165.93174776, 78.9364214761, 78.8960683936, 0.700028563454, 1.33439292895, 244, 2019
E, 100, -0.6904493336509316, 6951.8030669, 176.323672147, 40.4522724623, -1.81827841357, 3.03623446593, 244, 2019
Z, -100, 0.8287486929877345, 181.121998745, 220.599496821, 0.851833161622, 0.615081631217, 0.177290163095, 247, 2019
N, -100, 0.23718644170119868, 4860.9618362, 73.8931916269, 64.9921849274, -0.0276645445697, 2.95477974304, 247, 2019
E, 100, -0.5918335440147195, 5296.85835236, 134.056903213, 38.9229063739, -1.86379063123, 2.70438696572, 247, 2019
Z, 100, 0.5287769374987451, 106.558551636, 90.3009554168, 1.20492659804, -1.73588064675, 0.618661891852, 250, 2019
N, -100, 0.3156852894900107, 1929.79054657, 47.0300675567, 41.8574560275, 1.31203082736, 0.197329674626, 250, 2019
E, 100, -0.4367198550572171, 2172.99343937, 52.4082354586, 43.4860396489, 1.27155064667, 1.78083024002, 250, 2019
Z, -100, 0.9750436579440446, 162.723258023, 168.63897491, 0.925983742854, 0.657745615615, 1.34245787247, 253, 2019
N, -100, 0.5378076493972095, 2490.09018605, 36.3516597997, 63.0144424102, -2.40011722058, 2.91728763014, 253, 2019
E, 100, -0.741424411528323, 3702.15013454, 89.8605074506, 42.0208951027, 0.284989207118, 3.11753890268, 253, 2019
Z, -100, 0.9918890208691442, 230.729013387, 240.952695746, 1.09810559339, 5.52538177089e-05, 0.123601847143, 256, 2019
N, -100, 0.19794656456928472, 3780.69802663, 53.2433912954, 67.4819690643, 0.829605812849, 1.2933697653, 256, 2019
E, 100, -0.7614939260185999, 5041.39225418, 138.4382639, 37.5818327664, 0.987557018716, 2.37727626174, 256, 2019
Z, 100, 0.9663157135467328, 214.57517984, 252.301442772, 0.921932915975, -0.665023001952, 0.408739163629, 259, 2019
N, -100, 0.06601690489779717, 4526.48277942, 63.5146771285, 71.6670632721, 1.02757441173, 1.33583842596, 259, 2019
E, 100, -0.7589890840360167, 5174.85805513, 150.655182464, 35.2562802361, -1.72469407094, 3.01513938506, 259, 2019
Z, -100, 0.9407430271419939, 154.256822597, 196.621185863, 0.79753548395, 0.776400250527, 0.45392046064, 262, 2019
N, 100, -0.10817410465945333, 3582.64995873, 60.3117174442, 59.3327825403, 0.546666571664, 2.66072544229, 262, 2019
E, 100, -0.720514198002938, 4258.80207244, 121.812331709, 34.6909925063, -1.72471822806, 2.78240444214, 262, 2019
Z, 100, 0.021060231554249492, 146.559784054, 96.8682205309, 1.42870019926, -1.26650024735, 2.31711946963, 265, 2019
N, 100, -0.04060184549163883, 1786.36985186, 45.2227439465, 39.4367392105, 0.0274400093706, 3.17560239748, 265, 2019
E, 100, -0.6551145594154816, 2244.97894543, 61.0385808768, 37.356301032, -2.13533866238, 2.72251226766, 265, 2019
Z, -100, 0.6940901657457124, 237.566506701, 190.067758742, 1.62348573294, 1.29786207762, 1.06366650241, 268, 2019
N, -100, 0.6194683670389297, 3062.35911788, 41.8664429768, 64.2381326066, 0.738795165582, 1.37409675232, 268, 2019
E, 100, -0.762998997450499, 4303.61930696, 100.448709044, 42.7466296362, 0.437654710328, 3.09778877135, 268, 2019
Z, -100, 0.8719398199664127, 263.362654684, 304.578792747, 0.853228672416, -0.550972267425, 0.522931072766, 271, 2019
N, -100, 0.422852541447584, 5402.29471219, 69.1340857316, 74.6758179084, 0.7930921987, 1.32957622653, 271, 2019
E, 100, -0.762247990649162, 6949.32298928, 173.709569472, 40.9162387335, -0.128925057731, 2.87770484278, 271, 2019
Z, -100, 0.9062834755363139, 210.976485509, 297.119633062, 0.689706151868, 0.20257698828, 1.37608207631, 274, 2019
N, -100, 0.3133759383349651, 6037.38342487, 81.0870170651, 76.6595756411, 1.06825068591, 0.287627049649, 274, 2019
E, 100, -0.7090079259684756, 6790.5459048, 175.326465483, 39.7501961823, -1.74821815578, 2.97963707597, 274, 2019
Z, -100, 0.8238399941045198, 108.60706188, 172.89020573, 0.604168276437, 1.22582518691, 1.29327436027, 277, 2019
N, -100, 0.09695470819692355, 3713.78687171, 64.8892005365, 56.6454361323, -0.194828831032, 3.18373015903, 277, 2019
E, 100, -0.5689104543554253, 4052.00138974, 108.411870918, 36.9554349484, -1.86166815361, 2.69697653295, 277, 2019
Z, -100, 0.9706538255857637, 98.5774119368, 89.0868453323, 1.29860126325, 0.418248637511, 0.244308391188, 280, 2019
N, -100, 0.5084887246092427, 1311.46813107, 36.1197277588, 38.4936663739, 1.28656687653, 0.409366815458, 280, 2019
E, 100, -0.5659648143016122, 2205.62425574, 42.9809147967, 50.694205636, 1.37560734658, 1.23934798049, 280, 2019
Z, 100, 0.9893162429395781, 179.054496359, 194.591246496, 0.851929832484, 0.81720031621, 2.39900680622, 283, 2019
N, -100, 0.28117959051602487, 2935.40137796, 39.9598726706, 68.0751558803, -2.17159337712, 2.86424681072, 283, 2019
E, 100, -0.7677197273212895, 4425.28941884, 106.572716707, 42.2191120779, 0.276877523386, 3.01055592336, 283, 2019
Z, -100, 0.9387289068086967, 270.344843778, 256.597779511, 1.17748307436, 0.572163322809, 0.276104464644, 286, 2019
N, -100, 0.07829755218991635, 4053.01094105, 57.7378235132, 68.7776111783, 1.02345696244, 1.30501083967, 286, 2019
E, 100, -0.8008373731439307, 5444.00139243, 148.911995769, 37.2565760178, 0.771436802585, 2.5672925713, 286, 2019
Z, 100, 0.9573653589869137, 201.088559481, 250.703571572, 0.881364890794, -0.71969300611, 0.442939157607, 289, 2019
N, 100, -0.03610743342787425, 4381.8380376, 65.4867453766, 69.3485235568, 1.08093176544, 1.33162799378, 289, 2019
E, 100, -0.752731218717884, 5178.94558399, 150.512651687, 35.4574940705, -1.71096136012, 3.01116599514, 289, 2019
Z, -100, 0.9841932885210222, 146.619899748, 173.454981824, 0.858425314731, 0.391508039891, 0.164466049581, 292, 2019
N, 100, -0.18712236842180108, 2811.48957811, 58.6230920627, 48.8425027267, 0.39537654039, 2.85943738516, 292, 2019
E, 100, -0.6179290163599305, 3802.15562532, 108.988464689, 34.5978050518, -1.7835944236, 2.75069405447, 292, 2019
Z, 100, 0.920155837035305, 101.812999303, 94.2834215356, 0.925448420189, -0.889328619254, 0.411661861442, 295, 2019
N, -100, 0.3573210521291335, 1606.20505647, 41.2909373218, 39.2996868606, -0.188168175617, 3.07280157436, 295, 2019
E, 100, -0.6171315149719249, 2463.67413677, 47.5645680465, 46.1272177625, -0.691645158202, 3.07183762948, 295, 2019
Z, -100, 0.9395144440541048, 208.797250592, 239.063919757, 0.927388131384, -0.500816653719, 1.31537180763, 298, 2019
N, -100, 0.4999661472391684, 3878.71442135, 51.2850742679, 70.9765240333, -2.31548214846, 2.91663194459, 298, 2019
E, 100, -0.842658771660937, 5342.36515529, 130.429483911, 41.9606956885, 0.444118676192, 3.11502929175, 298, 2019
Z, -100, 0.6385286375274776, 235.724719984, 307.835890087, 0.718793448648, -1.92942861002, 2.85423225335, 301, 2019
N, -100, 0.41357167134263545, 6179.21931838, 73.9615401358, 82.7258946469, 0.623444781537, 1.29189153088, 301, 2019
E, 100, -0.7720941642797737, 6572.8134282, 177.229397262, 37.3168981974, 0.00967584882019, 2.9199594479, 301, 2019
Z, -100, 0.9390802110327517, 219.354939894, 253.869788913, 0.868611848842, -0.14158812578, 1.30515278174, 304, 2019
N, -100, 0.23804213174832198, 5201.14309175, 74.3973977732, 72.9875484384, 1.1830478574, 0.233064660593, 304, 2019
E, 100, -0.6655061696832067, 5697.76989704, 151.987345013, 38.177567635, -1.76194225636, 2.92437529259, 304, 2019
Z, 82, 0.9960484956128121, 127.591853699, 126.101727003, 1.04827943513, 0.0620092088316, 0.0676932126449, 307, 2019
N, -100, 0.17290681972255997, 2427.80059216, 53.5765209924, 45.3973685386, -0.157079135542, 3.20691886454, 307, 2019
E, 100, -0.4545933667785716, 2798.61146702, 80.37390461, 34.9403532328, -1.93196555684, 2.69715874356, 307, 2019
Z, -53, 0.9411135532375489, 112.313308849, 109.74916917, 1.20732514802, -0.622132133913, 0.628619332315, 310, 2019
N, -100, 0.5520449479468756, 1715.25637685, 31.4289562692, 51.5312842227, 1.07474908578, 0.702626871205, 310, 2019
E, 100, -0.7293095979150993, 2769.16142469, 56.1473426874, 51.7101721167, 1.68801616484, 1.17918920886, 310, 2019
Z, -100, 0.9409241641957433, 248.517706832, 205.423914759, 1.4390736703, -2.51324022907, 3.11379633822, 313, 2019
N, -100, 0.33170053082502754, 3301.88635178, 43.9017174071, 69.395992309, -2.15208574039, 2.81350431648, 313, 2019
E, 100, -0.8330341542686571, 4416.12767616, 114.406290132, 39.3321936413, 0.462892710448, 3.03731370491, 313, 2019
Z, 100, 0.856195023476643, 223.140560453, 254.631810173, 0.934313055462, -1.23870324254, 1.32927996419, 316, 2019
N, -100, 0.18337743459297443, 4267.73647982, 59.9761388526, 72.6779035343, 0.79942092111, 1.28915931556, 316, 2019
E, 100, -0.8065076384988366, 5300.39374367, 148.510006405, 36.5445001341, -0.0305833510977, 2.86878835637, 316, 2019
Z, -100, 0.9469326892586615, 199.147047449, 233.964388397, 0.919289067727, 0.184197700125, 1.38684957761, 319, 2019
N, -100, 0.0687870653840619, 3943.50511748, 65.2786143593, 63.0484729766, 1.05045170618, 1.33733574921, 319, 2019
E, 100, -0.7608539980215622, 4788.68882607, 140.546947602, 35.0402663578, -1.69860241761, 2.99928727718, 319, 2019
Z, -100, 0.9692628066179546, 105.974889552, 146.592860208, 0.634351312745, 0.356551972665, 0.338018792889, 322, 2019
N, -100, 0.09125470680787796, 2550.57367787, 56.1128299398, 46.8760203587, 0.259931701604, 2.97414478891, 322, 2019
E, 100, -0.6739640181984876, 3191.52839809, 91.8989999856, 34.9459372871, -1.74119634336, 2.73226181237, 322, 2019
Z, -100, 0.8697332282467719, 152.999544873, 139.066214349, 1.36060605355, 0.881209729028, 0.584456618724, 325, 2019
N, -100, 0.39990095344598026, 2301.01997796, 42.0964066403, 52.8947407785, 1.233171736, 0.499522813633, 325, 2019
E, 100, -0.7378254733676781, 3373.40174037, 72.9437719512, 46.1559996165, 1.43589558307, 1.68724938796, 325, 2019
Z, -100, 0.9691945479907235, 271.159235239, 247.889477917, 1.28160148009, 2.26776674735, 2.96831599852, 328, 2019
N, -100, 0.4631534790415167, 4308.00761037, 56.8295388713, 71.0894364881, -2.18194701871, 2.7785054383, 328, 2019
E, 100, -0.8345004708675049, 5161.84039737, 137.452751396, 38.5146606643, 0.461497761429, 3.0804962967, 328, 2019
Z, -100, 0.9663178729093979, 231.790475752, 273.866701101, 0.788016869068, -0.567797961943, 0.415057554381, 331, 2019
N, -100, 0.341166641973257, 5239.91973572, 69.8769687505, 76.4163487968, 0.651238310092, 1.29361411956, 331, 2019
E, 100, -0.7481863660754363, 5640.55745216, 158.067051147, 36.558908236, 1.10354928787, 2.4221851565, 331, 2019
Z, -100, 0.5555118770052357, 283.824146744, 209.498618199, 1.30367814254, 0.821286172516, 1.71947402136, 334, 2019
N, -100, 0.2001925873576297, 3955.79404015, 64.8369655102, 64.0713231857, 1.31260074896, 0.14921235049, 334, 2019
E, 100, -0.667778442846278, 4458.59991583, 126.280738419, 35.6410780733, -1.75937696999, 2.85919761714, 334, 2019
Z, 100, 0.9209699941205506, 287.768270491, 107.703462484, 2.48267520175, 1.57774329113, 2.79052918152, 337, 2019
N, -100, 0.16555274053304783, 2085.81832619, 46.7136619472, 43.6994139499, -0.173412356713, 3.16323020334, 337, 2019
E, 100, -0.474662310603887, 2317.33224002, 66.9693625249, 34.5941213794, -2.25108101621, 2.66387696651, 337, 2019
Z, -100, 0.7809003356925631, 120.210964887, 113.864635059, 1.32186600971, 1.39836676836, 0.683561729872, 340, 2019
N, -100, 0.4242916312602817, 1850.6080285, 33.3509545725, 53.6302735091, 1.02433708912, 0.50836654856, 340, 2019
E, 100, -0.7468635941454606, 2664.85846353, 60.033286134, 46.5565750867, 1.26927527538, 2.04722530122, 340, 2019
Z, -100, 0.9421562751325786, 247.487247949, 199.838491351, 1.43005994285, -1.66678127036, 2.79616017998, 343, 2019
N, -100, 0.2686975888081214, 2971.61055403, 45.417682495, 62.6523589359, -2.13940906136, 2.83701266002, 343, 2019
E, 100, -0.8647826050171465, 4036.11716138, 111.427709723, 36.7010943756, 0.482335967111, 3.0511572408, 343, 2019
Z, -100, 0.8727264221387293, 236.699632828, 244.80522883, 1.06831683424, 0.687451320388, 0.273788401333, 346, 2019
N, -100, 0.2788936690736707, 4301.51270323, 60.4820041441, 69.9328506676, 0.801612658685, 1.30416098956, 346, 2019
E, 100, -0.8552227300422198, 4635.38981883, 142.239581229, 33.0916978822, 0.121515644685, 2.91562828655, 346, 2019
Z, 100, 0.9700636238768211, 218.906167622, 222.369463171, 1.07799537239, -0.391533142702, 0.280711774046, 349, 2019
N, -100, 0.21729993540919582, 4254.45109003, 65.7937191085, 68.5450564802, 1.26887191785, 0.245264926347, 349, 2019
E, 100, -0.7630693506467949, 4511.69179858, 132.451208661, 34.3895212713, -1.63129389226, 2.94327603835, 349, 2019
Z, -52, 0.996911709713563, 126.661646497, 144.400023864, 0.909721925307, 0.201916664621, 0.108674798477, 352, 2019
N, -100, 0.26701620006836263, 3042.41975871, 56.9607601612, 53.4991017038, -0.234492307517, 3.18065962057, 352, 2019
E, 100, -0.7008771131811505, 3163.64163862, 86.7578448349, 36.2628137913, -2.04476522637, 2.66072502664, 352, 2019
Z, 100, 0.9914979443328878, 151.743634222, 150.9575777, 1.02115682445, -0.211852751381, 0.191283993649, 355, 2019
N, -100, 0.4741904992292576, 2728.3164769, 46.1787987191, 58.2515651988, 1.18476544217, 0.803393918544, 355, 2019
E, 100, -0.7954078794273586, 3489.48811384, 79.4977222368, 44.4624203287, 1.1884701303, 2.37240223666, 355, 2019
Z, -100, 0.9681967068448109, 254.337714772, 225.918838886, 1.32690192974, 0.151474725527, 0.324472986175, 358, 2019
N, -100, 0.44048619117339477, 4225.94529768, 54.4529223436, 72.7031657975, -2.31214411701, 2.81496115642, 358, 2019
E, 100, -0.7897543077112097, 4862.13193802, 124.902478797, 39.1792753486, 0.442518473891, 3.05045297457, 358, 2019
Z, -100, 0.9628968470368259, 271.654781073, 243.068469291, 1.10655557916, 0.26840720714, 0.0404382671621, 361, 2019
N, -100, 0.28568855030387014, 4718.41675776, 63.0076089105, 78.5332660809, 0.697541030235, 1.30878025667, 361, 2019
E, 100, -0.7338142333682253, 5240.91053726, 140.475058434, 38.6428263573, 0.482002747035, 2.80637096808, 361, 2019
Z, -100, 0.9773588919574098, 232.716329878, 194.378592405, 1.27879843407, -0.263330101631, 0.207209750798, 364, 2019
N, -100, 0.08586717455827993, 3595.95801258, 59.4086781431, 62.9444783817, 1.51566972267, 0.137944277243, 364, 2019
E, 100, -0.6576127739623601, 4326.41408834, 117.512974795, 36.6660587354, -1.74751717569, 2.79167176293, 364, 2019
