Chan, Phase Shift, Correlation, ptp-data, ptp-synthetic, rat, phasem, phasestd, DOY, Year
Z, 100, 0.9991261371826187, 88.5437892725, 77.755393306, 1.12842938893, -0.0382979993421, 0.00632209110336, 328, 2019
N, -100, -0.6321137459991159, 81.4895818035, 6.76617808649, 8.61025648479, 3.29389148911, 1.01499781386, 328, 2019
E, 100, 0.5035915116216271, 44.0201254529, 38.3851000762, 1.08355285045, -0.575891797939, 0.617874022276, 328, 2019
Z, 100, 0.9994026710685704, 173.729611567, 164.951544457, 1.03823028187, -0.0215153977592, 0.0136091127912, 331, 2019
N, -100, 0.3452418192909028, 21.5004214549, 16.4019067117, 0.736368651217, -2.31311267719, 3.74409458517, 331, 2019
E, 100, 0.9031322786966577, 67.6648540893, 78.7016493862, 0.807494392975, -0.412230275568, 0.031056254358, 331, 2019
Z, -100, 0.9990773200167847, 184.485219784, 182.369751839, 1.0096663962, -3.09617055866, 3.15065353529, 334, 2019
N, 100, 0.5209473291069608, 19.4430948286, 21.6752320568, 0.834102861029, -0.867492830058, 0.355200871837, 334, 2019
E, 100, 0.9887771760634793, 111.253945991, 85.7691517181, 1.34662799482, -0.117799521542, 0.0200266792614, 334, 2019
Z, -100, 0.9992945800858887, 145.935755851, 133.7837994, 1.08929626996, 0.0430615218779, 0.0115802706295, 337, 2019
N, -100, -0.4056924262949216, 13.2189157199, 16.6889569423, 0.836888740302, -1.97371689167, 0.0430251261435, 337, 2019
E, 100, 0.9526085185598566, 104.880686307, 68.149107704, 1.56887734865, -0.306065407304, 0.0160321553534, 337, 2019
Z, 100, 0.9967032374464616, 77.5395955539, 65.4858117546, 1.16637778794, -0.096686751375, 0.0216741624967, 340, 2019
N, 100, -0.9469607684963746, 11.5900770762, 8.61512131455, 1.42670473801, -0.0103050915522, 2.85556807979, 340, 2019
E, 100, 0.6836872487902401, 50.9305869815, 36.2266506355, 1.37157947172, -0.766423749357, 0.0672566482664, 340, 2019
Z, 100, 0.6558236420515442, 104.324382568, 94.3890909385, 0.936500960404, 0.386131874869, 0.916558177137, 343, 2019
N, -100, -0.16607123341369448, 333.633766853, 10.107832574, 22.63923933, -0.3717745023, 2.08226477684, 343, 2019
E, 100, 0.2967050384663233, 173.066439805, 46.4028428312, 2.52459664832, -1.75916788859, 1.03897560037, 343, 2019
Z, 100, 0.8894846599920386, 354.909820723, 168.363280839, 2.05881315201, 2.77430949459, 3.02495453008, 346, 2019
N, 100, 0.9395714435572124, 5795.23875833, 18.4083534228, 268.501847408, -3.18446964222, 2.8891371499, 346, 2019
E, 100, -0.1756456163329779, 2062.54183424, 81.203693511, 20.3648144206, -1.28042210372, 2.98729618452, 346, 2019
Z, -100, 0.5808778534437775, 758.134879068, 196.135390034, 2.7879502316, 0.640731297455, 0.390199743076, 349, 2019
N, 100, 0.8278141511072449, 3515.62287514, 23.3084596484, 107.190926487, -0.491302146724, 0.351809175695, 349, 2019
E, 100, -0.5571902699417464, 1689.5194666, 91.3490539041, 14.4161479234, 2.0802180951, 0.336367502418, 349, 2019
Z, -100, 0.9978796328297418, 147.185422928, 141.131911731, 1.03221914111, 0.058492896401, 0.00650894440038, 352, 2019
N, 100, 0.11652036035613826, 22.8711535606, 19.1302573539, 1.28503804524, -1.39425026945, 0.0771367142076, 352, 2019
E, 100, 0.982823697291732, 107.385780359, 72.542533392, 1.54195796927, -0.101193814416, 0.0985959802328, 352, 2019
Z, 100, 0.9951858756718205, 71.4347595711, 65.311892255, 1.15219586387, -0.747454278033, 0.693677701559, 355, 2019
N, -100, -0.22274864617516546, 21.1449259266, 9.55163818075, 2.6103777819, -1.91288679637, 0.599542381737, 355, 2019
E, 100, 0.6976935687365389, 65.5623656642, 33.031195363, 1.92571288876, -0.641333748689, 0.137204198394, 355, 2019
Z, 100, 0.9999445800693082, 155.368241569, 152.90833124, 1.01199869054, -0.00944836579361, 0.00137184790493, 358, 2019
N, 100, 0.9673667980893722, 9.00837794518, 14.3335997889, 0.646089624589, -0.0413834126333, 0.127385496593, 358, 2019
E, 100, 0.9910317833827526, 68.1467337535, 74.1223832008, 0.89980682898, -0.0585250823137, 0.0455104344663, 358, 2019
Z, -100, 0.9989982620207066, 200.054306654, 192.671918191, 1.04008228873, 0.0499914516732, 0.00058314132329, 361, 2019
N, -100, -0.04324445244943319, 20.3699651316, 21.0393072463, 0.867215864624, -1.51090418024, 0.101608265545, 361, 2019
E, 100, 0.9599166621771797, 120.675240572, 90.9107579698, 1.38812506239, -0.297547509239, 0.0774994081651, 361, 2019
Z, -100, 0.9984475788389079, 182.391872577, 164.430749667, 1.11918209357, 0.065124896286, 0.0287695675796, 364, 2019
N, -100, -0.7669947462332148, 25.6058196089, 20.6005578124, 1.30564014957, -2.5278236657, 0.143078054151, 364, 2019
E, 100, 0.8708989693070631, 139.3859432, 78.0005174165, 1.82570317164, -0.525668637104, 0.0444002566924, 364, 2019
