Chan, Phase Shift, Correlation, ptp-data, ptp-synthetic, rat, phasem, phasestd, DOY, Year
Z, -100, 0.9841739772786084, 136.284865648, 95.8181121696, 1.52374381096, 0.0414608359806, 0.121221533088, 1, 2019
N, -100, 0.36589487205642535, 4.48164248306, 9.70735160066, 0.405540859624, 0.827987657516, 0.578718012434, 1, 2019
E, -100, 0.9782692275636682, 32.2153010958, 35.6237309323, 0.826901809616, 0.255020897585, 0.0942395177831, 1, 2019
Z, -100, 0.9941300982055276, 201.615157149, 151.123243271, 1.34507176758, 0.0234558794996, 0.0862339698512, 4, 2019
N, -100, -0.6943777311285935, 13.5912830751, 15.8335135183, 0.769260495102, 0.184184085297, 3.24885827302, 4, 2019
E, -100, 0.916866345517531, 58.6672996456, 59.4333840459, 0.946701345284, 0.44679774986, 0.0976060645264, 4, 2019
Z, -100, 0.9491712390864885, 192.568890477, 162.787458084, 1.18210361473, 0.348686659195, 0.034027011807, 7, 2019
N, 100, 0.6853359756887711, 22.9457484238, 16.3844025482, 1.56165070293, -0.746895052534, 0.0993144308098, 7, 2019
E, 100, 0.9785609755453245, 47.6071085135, 65.2923466419, 0.70132552359, -0.217989972355, 0.108098021477, 7, 2019
Z, -100, 0.9417618841341412, 156.874661717, 135.853088873, 1.10166699009, 0.257819060142, 0.122421112118, 10, 2019
N, -100, -0.13593794812019278, 25.9055316111, 11.4561575522, 1.58615812476, 4.03537286924, 0.642621383767, 10, 2019
E, -100, 0.9251057824051417, 43.3503145327, 51.6062346584, 0.834893844253, 0.367866720678, 0.194896474228, 10, 2019
Z, -100, 0.7780572586882797, 121.736201804, 81.9688138524, 1.63588957484, 0.797492434655, 0.180702613128, 13, 2019
N, -100, 0.7049680447161569, 14.8682901167, 5.9829659776, 2.53960367037, 3.08277550436, 2.89531325003, 13, 2019
E, 100, 0.9257379187553255, 22.3508709802, 29.8841286744, 0.654996156882, -0.456764303708, 0.465811836509, 13, 2019
Z, -100, 0.9798631942994671, 133.651475524, 92.8844058036, 1.43353135677, 0.255284803257, 0.0840711928071, 16, 2019
N, 100, 0.5038924538051434, 14.5010210567, 7.22519223305, 2.18724284246, -0.779285103847, 0.604197122638, 16, 2019
E, 100, 0.9216154091211295, 34.1993931401, 34.5246013563, 0.941811152555, -0.8964955343, 0.755786059829, 16, 2019
Z, -100, 0.9883538962954289, 224.415219434, 172.202893708, 1.30130905201, 0.112379663975, 0.0450169322084, 19, 2019
N, 100, 0.47323301228632053, 6.09102147518, 15.022678968, 0.257337948652, -1.61751439143, 1.54547003132, 19, 2019
E, -100, 0.9767230497623106, 62.2567370566, 67.7220569578, 0.911267340284, 0.239868612596, 0.0516658308535, 19, 2019
Z, -100, 0.9416755304313589, 220.171340223, 188.601354285, 1.15970565766, 0.311734285611, 0.0531431475653, 22, 2019
N, -100, 0.8604310416390513, 11.724903687, 19.4192361366, 0.56288618261, 0.528233228532, 0.0295150989221, 22, 2019
E, -100, 0.9993462636088076, 71.2631785244, 75.0878946333, 0.942022092453, 0.0328766865396, 0.00271321173175, 22, 2019
Z, -100, 0.8314124941337271, 145.047930451, 121.245360678, 1.23838772862, 0.641288188824, 0.0582506745327, 25, 2019
N, 100, 0.7769128643335431, 7.44151864672, 9.9184507669, 1.08087673648, 3.47890622117, 2.38188566875, 25, 2019
E, 100, 0.9869173365551898, 36.799466255, 42.7757975518, 0.808993390348, -0.139256674549, 0.120243507838, 25, 2019
Z, -100, 0.9847380770260207, 92.3382043667, 66.3587042258, 1.46305666505, -0.214456846717, 0.348286431396, 28, 2019
N, 100, 0.868521993709998, 20.3481315422, 7.16493860668, 2.67139702328, -0.52917232565, 0.156357740248, 28, 2019
E, 100, 0.8679709037742609, 30.2226105544, 24.6254485825, 1.38845684384, -0.416675968921, 0.207892556213, 28, 2019
Z, -100, 0.9696409578779324, 191.076880293, 126.426362662, 1.49688454824, 0.282212596606, 0.0542506527797, 31, 2019
N, 100, 0.37733147527491906, 18.7343496983, 12.0819152327, 1.12990553745, -1.49325843891, 0.53873198792, 31, 2019
E, 100, 0.9404101388516393, 34.2487709204, 48.4978691509, 0.610112478982, -2.86129802767, 2.75575428303, 31, 2019
Z, -100, 0.9714117812684535, 190.243453284, 144.405751762, 1.31660250362, 0.160235535568, 0.0922725407702, 34, 2019
N, 100, 0.9501925471552177, 14.1978565785, 15.0247358953, 0.90249399668, -0.36487829496, 0.126200964401, 34, 2019
E, 100, 0.9965228706327787, 46.4735947709, 58.4720338372, 0.807388701264, -0.00173906934466, 0.0726694761559, 34, 2019
Z, -100, 0.8768200926247816, 163.563939184, 126.038903145, 1.29274096469, 0.472716077207, 0.0496579376248, 37, 2019
N, -100, 0.9424306398653868, 15.7704279224, 13.2672330711, 1.17638693652, 0.441062024804, 0.344243389302, 37, 2019
E, 100, 0.9847919218966416, 47.2830054453, 49.7704067092, 0.932865748746, -0.162262847794, 0.0263896527084, 37, 2019
Z, -100, 0.8534553174492613, 99.303944841, 77.9506624362, 1.34386824284, 0.608279076683, 0.0804662858574, 40, 2019
N, -100, 0.8593687543867596, 16.9517066296, 7.46573095027, 2.52638073639, 0.529265452876, 0.050098510186, 40, 2019
E, 100, 0.9418259071798102, 22.3280664498, 27.8237108894, 0.732696714167, -0.334047532342, 0.139446690915, 40, 2019
Z, -100, 0.9865144773610901, 107.522272456, 56.5291876467, 1.98762569418, 0.00934425525566, 0.109500207603, 43, 2019
N, 100, 0.9279158056971539, 7.29598449744, 5.49617665892, 1.32242010758, -0.578380581659, 0.255276808585, 43, 2019
E, -100, 0.9978466915808505, 18.5867377384, 20.8875895519, 0.900001677623, -0.0119245575715, 0.0516785778204, 43, 2019
Z, -100, 0.9944322060051689, 193.800671538, 133.984368463, 1.45285280409, 0.000133060172831, 0.0864370702733, 46, 2019
N, 100, 0.7604068890733394, 19.5053254368, 11.1624277465, 1.71029285225, -0.69253864775, 0.0386072156663, 46, 2019
E, 100, 0.9774941625270598, 40.0419222882, 50.9282625078, 0.791963267951, -0.261683964286, 0.0790912787773, 46, 2019
Z, -100, 0.9148753452212651, 201.315600649, 164.979711968, 1.09933381849, 0.196365359199, 0.232581019305, 49, 2019
N, 100, 0.5985479104512827, 115.263126113, 15.7526764145, 5.55668533759, 0.241466507682, 0.916141579912, 49, 2019
E, 100, 0.48739156158455316, 89.6854380937, 66.3756747046, 1.24420469385, -0.763972376887, 0.491896488397, 49, 2019
Z, 100, -0.2711725274023536, 198.261845303, 113.625596044, 1.73232519309, 1.99193712848, 0.273158563671, 52, 2019
N, 100, 0.8676856480682007, 349.225672794, 14.1928736936, 28.7093309912, -0.183378054725, 0.298730985844, 52, 2019
E, -100, -0.47856814315447593, 272.799120035, 43.802755729, 5.62914783097, -2.05681923625, 0.026364133579, 52, 2019
Z, -100, 0.9029543005879385, 112.26485685, 38.333203701, 3.21931908363, 1.95804523374, 1.94492355497, 55, 2019
N, 100, 0.7303940732763277, 10.611665871, 8.01278319286, 1.82499584903, -0.945525751255, 0.334141101489, 55, 2019
E, -100, 0.9936742788804471, 17.073838043, 16.7644040014, 1.05949101821, 0.125354267582, 0.103811123282, 55, 2019
Z, 100, 0.9916682962794184, 181.621627209, 100.665721514, 1.80812931127, -0.150256791697, 0.0268580237759, 58, 2019
N, -100, -0.6644844263133786, 13.8860682277, 10.1405086963, 1.06883218545, 0.542171405941, 2.75616999707, 58, 2019
E, -100, 0.7736794338744951, 28.6928630458, 38.4706751023, 0.616433912773, 1.0810837967, 0.566395059466, 58, 2019
Z, -100, 0.989637062769617, 177.163938158, 119.521943865, 1.41664550853, 0.111852443797, 0.0610954676553, 61, 2019
N, 100, 0.48227761182221013, 8.9166778147, 11.2088023097, 0.639716670228, -0.0394918366485, 0.715779223707, 61, 2019
E, -100, 0.9486526500254948, 39.5014891047, 46.8327798632, 0.853032429824, 0.216751630466, 0.0523480617389, 61, 2019
Z, -100, 0.8874853868204409, 176.154370002, 100.867439996, 1.7673302069, 0.55824117933, 0.14565927699, 64, 2019
N, 100, 0.7191582597573554, 15.424558934, 12.1803783286, 0.98372678692, -1.10853905426, 0.705558358066, 64, 2019
E, -100, 0.4652565039675704, 16.4740411396, 41.0351887233, 0.338577202565, -0.315792458245, 1.14857981863, 64, 2019
Z, -100, 0.8108109882367665, 200.083609087, 54.7682632477, 3.57383756657, 0.629336763323, 0.0148422966293, 67, 2019
N, -100, 0.6953736576529159, 15.1341928302, 8.95779533939, 1.42862909316, 0.302268105319, 0.573266466443, 67, 2019
E, 100, -0.11463561347304534, 49.6746977149, 21.1891165011, 2.25849814416, -1.459411852, 3.13814153955, 67, 2019
Z, 100, 0.8040246960900852, 103.079282574, 40.4710847234, 2.81938868563, 2.12183604017, 2.61216093543, 70, 2019
N, -100, -0.11633117529727317, 11.5484645891, 6.24543735859, 2.0985622936, 1.04242903827, 3.9430966474, 70, 2019
E, 100, 0.9763024571637422, 11.0236168514, 16.7333974598, 0.608078178568, 0.397993050793, 0.514967701805, 70, 2019
Z, 100, 0.9722670149811312, 157.958913969, 107.864259813, 1.46634244005, -0.289607289361, 0.110314786694, 73, 2019
N, 100, 0.6729130866100902, 10.3500605704, 9.2682357294, 0.889165673927, -0.819017419579, 0.0844336589778, 73, 2019
E, -2, 0.9993328624666666, 38.0282491697, 41.7730309609, 0.902360201014, 0.0192559457451, 0.0188763932546, 73, 2019
Z, 100, 0.9985873901965849, 171.690619505, 137.710812249, 1.24364684812, -0.0470903225209, 0.0443950001363, 76, 2019
N, -100, 0.7122581154029927, 7.28986192388, 11.4900301066, 0.494864492096, -2.04337987959, 2.43921664858, 76, 2019
E, -100, 0.9836320455341001, 53.7787506017, 53.3667269862, 0.99244630534, 0.217472491544, 0.0875774821614, 76, 2019
Z, -100, 0.39492838930896723, 193.076900078, 92.2345517519, 1.78916176464, 1.62628088637, 0.690988045303, 79, 2019
N, -100, 0.46474688596573716, 13.3164650707, 13.0485567115, 1.0335570757, 0.711942113308, 0.391814347877, 79, 2019
E, 100, 0.24664322489501952, 40.306058708, 38.0884563003, 0.898378692201, -1.58482213942, 0.564778730928, 79, 2019
Z, 100, 0.10605062655614936, 288.864242399, 39.3527399595, 8.0381922367, 0.925274425661, 2.12036377258, 82, 2019
N, -100, -0.1907448318095155, 23.9084252404, 7.00850190244, 3.64816545566, 0.688848176102, 2.7263183126, 82, 2019
E, -100, 0.5659147023569938, 84.5163176252, 17.1600965609, 6.02544418491, -0.688674500288, 1.32500944376, 82, 2019
Z, 100, 0.9301204325995308, 97.9785437487, 100.430946737, 0.977119637844, -0.359899260955, 0.0128773319171, 85, 2019
N, -100, 0.9465712571025738, 22.3895141837, 11.391087189, 1.70701627044, 0.0430626060263, 0.138565109231, 85, 2019
E, 100, 0.9811846853734583, 52.9864623503, 40.7237230867, 1.21660364448, -0.177495577727, 0.00860018986918, 85, 2019
Z, 100, 0.8372233374439009, 131.136733606, 124.186344888, 1.03213247512, -0.555485730592, 0.0425593933706, 112, 2019
N, -100, 0.3202603849193049, 17.4736681919, 11.4979592237, 1.18091562639, 1.23579942115, 0.311122737697, 112, 2019
E, -100, 0.9954427957093159, 58.3357036124, 49.8798079706, 1.16325467805, 0.0864007964075, 0.0405801238417, 112, 2019
Z, 100, 0.9314872250021408, 169.234849433, 135.21826383, 1.24165339727, -0.318090222956, 0.0715019589225, 115, 2019
N, 100, 0.6703026260201121, 17.5384059481, 13.7183679437, 1.24520938437, -0.796196275534, 0.201373818736, 115, 2019
E, 100, 0.9871693034357972, 52.3275320662, 54.6717765747, 0.901649113809, -0.186691586589, 0.140967482576, 115, 2019
Z, 100, 0.9673380421559822, 163.361828427, 99.6254229546, 1.68599656998, -0.173413997226, 0.093537968427, 118, 2019
N, 100, 0.7800602635342854, 12.7320896858, 9.70344926852, 1.30192320081, -0.345132046449, 0.261752708161, 118, 2019
E, 100, 0.9927095213693115, 34.75823756, 38.2892662501, 0.931699344548, 0.0264402979069, 0.119037656183, 118, 2019
Z, 100, 0.8426706897696775, 111.039783232, 41.4957238516, 3.08128182149, -0.169881152318, 0.4089888333, 121, 2019
N, -16, 0.8229888513600188, 20.3535689759, 5.86518701988, 4.99887370728, 0.330324513657, 0.523814686221, 121, 2019
E, 100, 0.7698119350111016, 20.484011577, 15.8610521591, 1.27419819381, -0.638597508288, 0.140708401172, 121, 2019
Z, 100, 0.33266759067840296, 68.7232432692, 74.6393438609, 0.85106879984, 1.43402804961, 2.64232335657, 124, 2019
N, 100, 0.08820687455788209, 15.494626685, 5.82497505521, 1.90333060542, -1.28065659858, 1.70362567751, 124, 2019
E, -100, 0.9772084593244934, 24.3207953875, 29.0344101783, 0.837098884907, 0.133020905139, 0.019680606834, 124, 2019
Z, 100, 0.8492135021484313, 147.420962025, 142.193339798, 1.01477701024, 2.62313298687, 3.20534907579, 127, 2019
N, -100, -0.7525442575768938, 9.38132943471, 11.1564412605, 0.717703339932, 0.524431785339, 3.03937453871, 127, 2019
E, -100, 0.9912872295870218, 51.6695134361, 56.912002418, 0.889662633056, 0.172913505488, 0.0565101267123, 127, 2019
Z, 100, 0.9362164003618939, 203.459414025, 161.621279257, 1.25152955736, -0.298345464464, 0.0856822545178, 130, 2019
N, 100, 0.0362353437038549, 18.5723983987, 14.3862661653, 1.06757661815, -1.35308198603, 0.366951070491, 130, 2019
E, -100, 0.9981771578773656, 50.4285795906, 65.1337569042, 0.781560124102, -0.0192811688924, 0.0442691871755, 130, 2019
Z, 100, 0.9456503932120448, 175.844083592, 109.878302655, 1.6547116565, -0.257026832994, 0.0855921978805, 133, 2019
N, 100, 0.6417008409601505, 12.6225467177, 10.8035655531, 1.39320189168, -0.541106384721, 0.450466727614, 133, 2019
E, 100, 0.9884039900657374, 37.9362567648, 42.6702161498, 0.904327328479, -0.112212991917, 0.0361706972289, 133, 2019
Z, 100, 0.17959379360519218, 91.3716058272, 54.7148824535, 1.99799721644, 0.908560779666, 2.32646749606, 136, 2019
N, -100, -0.4885515152791693, 18.3537439292, 6.15985009851, 3.6880774552, -0.184531339532, 2.28905315192, 136, 2019
E, -100, 0.8112269976332132, 19.5011839602, 20.7224841756, 1.01845712517, 0.357946639435, 0.0500399217184, 136, 2019
Z, 100, 0.6054021618805112, 98.9032148133, 138.078868092, 0.640988636279, 2.29813797079, 3.21105070337, 139, 2019
N, -100, -0.5755826215912757, 23.2195080644, 12.1155481624, 1.63923952478, -0.171282867558, 2.38762273735, 139, 2019
E, 100, 0.9803891084222802, 44.9720685893, 54.1340280182, 0.823115526531, -0.277067204832, 0.141877406672, 139, 2019
Z, 100, 0.5509794080730303, 212.531639416, 164.701439456, 1.37556499242, -0.898670773294, 0.158306308459, 142, 2019
N, 100, 0.17916978817242937, 15.011133384, 14.0490266376, 0.81095571147, 2.15832906939, 3.64213339627, 142, 2019
E, 100, 0.9492855780627649, 113.004140017, 65.9403572606, 1.64809524989, 0.153118774274, 0.288692278386, 142, 2019
Z, 100, 0.36022863040287334, 191.122268374, 132.023693515, 1.05669918442, -1.67854181978, 0.618419665038, 145, 2019
N, 100, 0.6360002908180489, 15.7107847327, 13.3655798328, 1.09245636261, -0.646600819463, 0.128329393183, 145, 2019
E, 100, 0.8920997323122587, 115.438185702, 52.6182720028, 1.85584906056, 2.555917906, 2.8728098454, 145, 2019
Z, 100, 0.8183364330501005, 116.978791477, 71.4849098574, 1.78838599953, -0.497177315014, 0.154168565867, 148, 2019
N, 100, 0.7079359109585638, 23.3962323321, 7.77839658, 3.52893707452, -0.437515499938, 0.435324080309, 148, 2019
E, 100, 0.8308375323478467, 30.718359885, 26.7079619557, 1.17816393014, 2.58735497567, 3.18899104684, 148, 2019
Z, 100, 0.3253108218408528, 66.7005356238, 71.9779890945, 0.898513089926, 1.37031075614, 2.61209675944, 151, 2019
N, -100, -0.3400669936429681, 19.218006393, 5.14716052517, 4.26366633749, -0.278701842908, 2.06327783624, 151, 2019
E, -100, 0.9522775073344031, 15.3612998022, 27.8214670563, 0.530291452701, 0.256934653394, 0.076829180161, 151, 2019
Z, 100, 0.8582873504408406, 129.38997166, 151.47621191, 0.812582386554, -0.482344102851, 0.0747093191851, 154, 2019
N, -100, -0.6709034384429802, 20.3148487947, 11.6220473749, 1.78232492205, 0.224944479114, 2.7357956433, 154, 2019
E, -100, 0.9935722837760682, 39.963773607, 59.8402850906, 0.672872692293, 0.114744305019, 0.018279084603, 154, 2019
Z, 100, 0.9328196958395715, 196.036962113, 189.474315425, 1.0419673927, -0.329773137382, 0.0691011834525, 157, 2019
N, -100, -0.5120969701973237, 22.7689827207, 14.6018675492, 1.36168276971, 0.924670432084, 3.01419186043, 157, 2019
E, -42, 0.9961251198865396, 52.8088934027, 75.3420048256, 0.714083250952, 0.0804633299334, 0.0857552400497, 157, 2019
Z, 100, 0.9230052823275962, 183.446854396, 144.912017086, 1.30810194044, -0.367259829109, 0.0532731934525, 160, 2019
N, 100, 0.4336888421283043, 10.3863092241, 14.0397102132, 0.708881677768, -0.895866384045, 0.886085681598, 160, 2019
E, 100, 0.9953992369654276, 54.2641066388, 58.6248873886, 0.904326970674, -0.0685381046825, 0.063097033285, 160, 2019
Z, 100, 0.5502677795667743, 89.04688595, 51.4167871674, 1.88491143636, -0.18575883264, 0.868209900552, 163, 2019
N, -100, -0.8028273672668229, 13.4087927823, 7.11755585183, 2.15334027167, -2.61021759169, 0.113925398788, 163, 2019
E, -100, 0.7835971378764466, 23.2040923702, 18.7744315451, 1.4616184851, 0.39914104946, 0.0293577839065, 163, 2019
Z, 100, 0.8414701850054455, 83.6726647767, 129.446273141, 0.582015456222, -0.357813262735, 0.229072025887, 166, 2019
N, -100, -0.3200604445239434, 20.3919271172, 11.8048711792, 1.54754916918, 0.447645850787, 2.43450678014, 166, 2019
E, 100, 0.9685325160353904, 30.8641256194, 51.2561072058, 0.551136412716, 0.0260955632334, 0.216232958462, 166, 2019
Z, 100, 0.8660537883058702, 156.759217557, 175.239319249, 0.912109305882, 2.68158143725, 3.24564075823, 169, 2019
N, 100, 0.06380878864681283, 22.6851279544, 13.90842722, 1.45609171254, 1.78476015848, 3.40587147753, 169, 2019
E, 100, 0.9952781234401635, 56.7470398925, 69.1251676301, 0.839084179837, -0.0105989464784, 0.0783054385029, 169, 2019
Z, 100, 0.7752898018616935, 173.814664267, 157.389014398, 1.12548349651, -0.664231430538, 0.0514307768859, 172, 2019
N, 100, 0.4888926425100731, 21.2481226978, 13.4300071982, 1.45719176678, -0.858013082014, 0.206031898272, 172, 2019
E, 100, 0.9557491742161555, 72.422194398, 63.3860655278, 1.23918479951, -0.065784233074, 0.222802777891, 172, 2019
Z, 100, 0.7375730889662906, 160.516661033, 100.027604395, 1.6635941619, -0.326450173985, 0.423923153929, 175, 2019
N, 100, 0.5970567200523309, 32.8484387637, 11.6062412202, 3.0775887868, -0.69405693224, 0.35788117758, 175, 2019
E, 100, 0.5957223449729625, 80.7795797621, 40.2002847672, 1.8194287458, 2.05398893479, 2.86555974628, 175, 2019
Z, 100, 0.020767057245889748, 157.089478856, 56.5748831056, 2.5393390394, 0.282303037738, 1.9114817968, 178, 2019
N, 100, 0.2548694237603985, 29.1753620058, 6.07872400614, 5.79009768832, -0.93287109238, 0.427176195312, 178, 2019
E, -100, 0.7833077616513388, 71.6752157094, 21.6861127421, 2.94919500823, 1.14180458382, 0.899579494037, 178, 2019
Z, -100, -0.0813969717451172, 152.206098331, 135.358001797, 0.857752847708, 0.808942127837, 2.35082162287, 181, 2019
N, 100, 0.026621848190346686, 37.2666637276, 10.5081059403, 3.7040689816, 1.39977135336, 2.93132997542, 181, 2019
E, 100, 0.8281218985711986, 155.144501338, 53.4972241407, 2.58080410052, -0.655524776589, 0.364852253697, 181, 2019
Z, 100, 0.959425705180423, 161.072274087, 195.585149016, 0.825349421976, -0.224030425532, 0.0822683208447, 184, 2019
N, -100, -0.15244492107534904, 35.2198074387, 14.6077867534, 2.40990379085, 1.25204438551, 2.9090003184, 184, 2019
E, 100, 0.9826602647199729, 50.8723327871, 77.7688514637, 0.652114243287, -0.135660083928, 0.0567181910781, 184, 2019
Z, 100, 0.9160329619088186, 173.140127738, 175.22972774, 1.0132990421, -0.376032632411, 0.0723817017168, 187, 2019
N, 100, 0.501178516387007, 28.3914453408, 13.174260514, 1.91447609645, -0.759762454076, 0.343857007546, 187, 2019
E, 100, 0.9612764869411494, 58.9612629963, 70.7081127766, 0.882626271081, -0.248480870256, 0.0427816854424, 187, 2019
Z, 100, 0.6364501407952986, 100.905122856, 74.4248766589, 1.56702942226, -0.63396327127, 0.346076099563, 190, 2019
N, 100, 0.42176158475157677, 26.8586975707, 11.7611628948, 3.26918346647, -0.745061435285, 0.553003532004, 190, 2019
E, 100, 0.7508581270095595, 37.2670736812, 30.4300987575, 1.27913119043, 2.53137804725, 3.33472017886, 190, 2019
Z, 100, 0.8281740501796002, 55.5752829062, 108.355159234, 0.437014106496, -0.086721618497, 0.462760318655, 193, 2019
N, -100, -0.4522276127975386, 29.9143471947, 10.2267308956, 3.22137923162, 0.952311404324, 2.97702828989, 193, 2019
E, -100, 0.9300539410502188, 15.351941989, 41.8640619351, 0.348319044604, -2.73456805825, 3.21741634098, 193, 2019
Z, 100, 0.9424700161586791, 123.325418914, 161.609652129, 0.750390853876, -0.301690147993, 0.05657503739, 196, 2019
N, -100, -0.5048842297574712, 37.3624852637, 13.1717196336, 2.83333006336, 0.809931631727, 2.88796052203, 196, 2019
E, -100, 0.9865478159052736, 32.8877714311, 64.7323346422, 0.525879956545, 0.158927220427, 0.0335507311317, 196, 2019
Z, 100, 0.9374550740944974, 147.573684133, 163.109005945, 0.913919500536, -0.326548890719, 0.0540361731131, 199, 2019
N, -100, -0.16877509007639133, 38.9609082714, 12.4943647848, 3.05918940799, 1.39788798744, 3.14896644743, 199, 2019
E, 100, 0.9760498825388458, 33.3486945585, 64.8256721266, 0.523642922063, -0.221620281395, 0.00508996184663, 199, 2019
Z, 100, 0.9047513979359786, 123.599959615, 117.448353607, 1.12226483485, -0.355767345411, 0.121038158237, 202, 2019
N, 100, 0.19655743443174115, 35.5018681481, 10.7577501709, 3.10543209062, -1.1631555839, 0.346184968798, 202, 2019
E, 100, 0.8461677926726844, 27.5699272089, 48.346299793, 0.594732548616, -0.560339381798, 0.0135357444301, 202, 2019
Z, 100, 0.40986254188769106, 70.316917456, 48.4351429841, 1.59839341891, -0.974548543537, 0.287761440399, 205, 2019
N, -100, -0.01648518243357978, 32.7035087248, 9.45952219139, 4.53041194144, -1.11154980992, 0.640116755334, 205, 2019
E, -100, -0.24130900617254344, 12.9891914269, 19.8241244083, 0.813429884665, 1.43434990242, 3.77905935946, 205, 2019
Z, 100, 0.8905253251611824, 52.7351574221, 104.163940114, 0.445095019727, -0.0373116688806, 0.356985124744, 208, 2019
N, -100, -0.6717200282642524, 38.2099552218, 7.94895568521, 5.2267457628, 0.466575852072, 2.79093604103, 208, 2019
E, -100, 0.5469252902673625, 21.481652968, 39.5623011885, 0.596798368315, 0.949708630054, 0.0691282665713, 208, 2019
Z, 100, 0.961376820746477, 128.521304006, 174.774056518, 0.732202055129, -0.222994559417, 0.0706853612475, 211, 2019
N, -100, -0.6638396317865239, 37.7969085304, 13.5098903436, 2.92951664111, 0.632904087905, 2.91767774585, 211, 2019
E, -100, 0.9331532276512642, 39.4812587302, 69.5542068289, 0.579305144448, -2.77547206284, 3.14048927219, 211, 2019
Z, 100, 0.9346260031119987, 167.815883101, 183.030751948, 0.931715263189, -0.333580589006, 0.0640111326705, 214, 2019
N, -100, -0.3248385738677265, 34.2627520545, 11.9990440616, 2.55374924735, 1.04597376543, 2.96248824669, 214, 2019
E, 0, 0.9872714597567738, 42.3674901702, 72.5637494299, 0.627252670612, 0.00800360483368, 0.0329366866192, 214, 2019
Z, 100, 0.7870555048152744, 102.482710297, 97.2399439011, 1.15747130203, -0.582093746541, 0.176451094021, 217, 2019
N, 100, 0.0201523992282045, 40.355842752, 9.30795208137, 5.52808407505, -1.12832148835, 0.707195400239, 217, 2019
E, 100, 0.6250588862708073, 37.5617890879, 44.230635499, 0.997207386588, 2.36025201192, 3.44065923035, 217, 2019
Z, -100, 0.5225554365095849, 27.7523198332, 80.3405857634, 0.314391693232, 0.66551093916, 0.127152132077, 220, 2019
N, -100, -0.6053465708389414, 37.9450364141, 10.0181620535, 4.84265848757, 1.03070716892, 3.33231576068, 220, 2019
E, -100, 0.19506838613037486, 20.2048968361, 29.6842450516, 0.857700969489, 1.18575954561, 0.366980219828, 220, 2019
Z, 100, 0.9831774179607622, 81.2160253223, 137.158508946, 0.601437719145, -0.112307089158, 0.0611302132718, 223, 2019
N, -100, -0.659535656570008, 40.9277222348, 11.8876507824, 3.5092984464, 0.742700946214, 3.01534662101, 223, 2019
E, -100, 0.8331545649491818, 26.4896057172, 54.7505275443, 0.501073135141, 0.556547672609, 0.0607143463723, 223, 2019
Z, 100, 0.9189155639488951, 117.268560778, 147.518734052, 0.812492121474, -0.358497006135, 0.0736001018914, 226, 2019
N, -100, -0.6122205410691285, 40.0166397313, 11.3289294417, 3.52450729361, 0.710711674012, 2.92815329955, 226, 2019
E, -100, 0.9533102397370767, 29.3224196032, 58.4703785328, 0.515246648673, 0.30805060261, 0.00289825555697, 226, 2019
Z, 100, 0.8337097728919372, 115.518600403, 116.060104669, 1.03997263508, -0.537683026662, 0.0970859634079, 229, 2019
N, -100, -0.26485198890282974, 30.4385908459, 8.45576719945, 3.25578289656, 1.32542733107, 3.20880870565, 229, 2019
E, 0, 0.9809856242411941, 23.1943852688, 46.5422721866, 0.497932719703, -0.0651813046523, 0.0332583870224, 229, 2019
Z, 100, 0.4759479502770844, 72.0205549154, 51.1172126783, 1.6829539889, -0.925879470156, 0.304381785849, 232, 2019
N, -100, -0.12135910315931785, 28.3149788971, 7.1695277577, 5.03627502057, -1.4444913327, 0.564073525773, 232, 2019
E, 100, 0.8002615657493399, 19.1169027194, 26.2900304196, 0.659836029059, -0.666926702473, 0.0609696469843, 232, 2019
Z, -100, 0.7318441789537903, 21.1707548969, 71.7142650903, 0.277229364737, 0.392268579952, 0.102401208608, 235, 2019
N, -100, -0.7796932190196649, 31.5498129386, 7.57257952903, 5.88932609886, -1.67114314603, 1.10860192437, 235, 2019
E, -100, 0.5308635590542039, 26.6355435389, 26.5911681231, 1.02434841846, 1.0558704767, 0.0553720573799, 235, 2019
Z, 100, 0.9881452002598818, 72.3372255841, 139.895137285, 0.509657739237, 0.0362376038481, 0.11215644067, 238, 2019
N, -100, -0.7610780777956898, 31.7643696206, 11.2206992229, 2.74873901692, 0.633523483805, 3.06143977182, 238, 2019
E, -100, 0.893950132767547, 36.97319412, 54.8722570335, 0.688406270066, 0.372702240075, 0.136814846422, 238, 2019
Z, 100, 0.920277952531788, 116.068685818, 162.367710408, 0.739291895356, -0.346560997344, 0.0848764069823, 241, 2019
N, -100, -0.556891560817722, 33.2410505844, 11.2115135973, 2.92220071099, 0.756098152575, 2.8905089873, 241, 2019
E, -100, 0.9732588917514694, 40.0213738761, 65.0009285169, 0.632921556057, 0.245036906398, 0.0440176162031, 241, 2019
Z, 100, 0.6522874338160165, 103.592794123, 107.092366355, 1.14819280814, -0.775113385957, 0.248043609005, 244, 2019
N, -100, -0.29143806957542595, 19.4075695031, 3.68942235563, 5.37236955823, 1.43028243805, 3.73581395177, 244, 2019
E, 100, 0.9760693571869161, 32.5614906852, 44.9199341062, 0.752879249803, -0.0817094600772, 0.0597619720067, 244, 2019
Z, -100, 0.14517612218779513, 56.1262591817, 60.5840317961, 1.09505471152, -1.80581480555, 2.5519751159, 247, 2019
N, 100, -0.7895733007424819, 21.677059392, 8.42341569883, 3.77544226008, -0.0261217835961, 3.2389749583, 247, 2019
E, -100, 0.8285824364773894, 27.3678604321, 23.1984902997, 1.36932975109, 0.532730012171, 0.299617351985, 247, 2019
Z, -100, 0.9338044491594739, 46.3388124988, 116.598345301, 0.419825432238, 0.287502870847, 0.0761369105617, 250, 2019
N, -100, -0.9426870156865039, 25.0962162121, 10.4808126473, 2.1936729528, -0.243027972716, 2.82719479257, 250, 2019
E, -100, 0.9223470557554427, 46.3771415249, 44.8249731389, 1.05894180935, 0.34330805663, 0.0659546454918, 250, 2019
Z, -78, 0.9790802121579544, 66.2544455832, 121.7420947, 0.56158778443, 0.0954347954359, 0.147407661849, 253, 2019
N, -100, -0.5131880684407213, 12.8787240539, 10.0400821144, 1.32858610073, 1.13824370639, 3.38552997084, 253, 2019
E, -100, 0.9975002697208484, 41.291014498, 49.7111016913, 0.841786503372, 0.0721326878658, 0.0338909604057, 253, 2019
Z, 100, 0.7145719764528421, 96.5666299027, 96.2110786599, 1.09145993663, 2.46247897551, 3.32691286107, 256, 2019
N, 100, -0.86476866786603, 29.314699984, 6.5235498388, 4.55653030239, -0.34843933083, 2.76648733366, 256, 2019
E, 100, 0.947272830254047, 34.315107476, 37.8152222421, 0.846052054685, -0.289904638149, 0.147277348049, 256, 2019
Z, 100, 0.1898091930775206, 73.3948947908, 45.1609422425, 2.33677871992, -1.2309233166, 0.452859312665, 259, 2019
N, -100, -0.09871824183208716, 23.7362927389, 3.00163314324, 10.8160614704, 1.5788065707, 4.13366510832, 259, 2019
E, 100, 0.5710041036209875, 14.9355304675, 23.7668934134, 0.859294986927, -0.758071190774, 0.869148296256, 259, 2019
Z, -100, 0.3115858600758941, 58.3335850596, 61.3437860894, 1.03091037834, 1.14600542168, 0.21434449337, 262, 2019
N, 100, -0.527762232619315, 26.5688056471, 5.38042450818, 6.55777534735, -1.94577064316, 1.98331539098, 262, 2019
E, -100, 0.9249563152624787, 36.0584334121, 24.6146980927, 1.66794857503, -0.000631076631639, 0.299946998487, 262, 2019
Z, -100, 0.8605467801897595, 76.5894022793, 119.466397306, 0.672094901003, -2.69850102496, 3.05918880851, 265, 2019
N, -100, -0.8998006979611373, 33.0231889228, 9.31319550386, 3.44868887392, 0.284089100558, 3.30382867584, 265, 2019
E, -100, 0.8416629947500461, 44.5736328363, 45.6566705907, 0.956872761168, 0.619850121665, 0.0936394129057, 265, 2019
Z, 100, 0.9129883826688222, 66.4529172067, 134.042742573, 0.505859777622, -0.39936361517, 0.0336725959333, 268, 2019
N, 100, -0.9838150378329868, 26.4683613263, 10.1566085412, 2.53804945073, -0.121584636222, 3.05839675639, 268, 2019
E, -100, 0.9325423409783051, 56.3942385376, 54.7957465144, 1.01024044699, 0.344071043791, 0.0615102591899, 268, 2019
Z, 100, 0.5855434578988931, 68.8926067986, 92.6947725955, 0.963334449259, -0.861796035783, 0.371459400675, 271, 2019
N, 100, -0.14775259434969598, 25.6785543397, 3.33592931548, 9.76087326334, 2.17173085187, 0.241124498873, 271, 2019
E, -100, 0.9719111679470153, 32.0114106376, 36.8110566001, 0.870367495271, 0.231394181122, 0.000158527234104, 271, 2019
Z, -100, 0.5208917920232092, 88.2056614065, 65.0643930276, 1.63390532544, 0.839019161632, 0.351584117433, 274, 2019
N, -100, 0.2296898013810201, 25.1265287408, 8.36245269782, 2.81467267518, 1.56271655877, 0.266253230972, 274, 2019
E, 100, 0.984338613008232, 36.4676218028, 27.2759622689, 1.34783637199, -0.137857789455, 0.00820579935263, 274, 2019
Z, 100, -0.17095435899619035, 151.033113599, 123.367613793, 1.03023538399, -1.196198386, 3.4039718641, 277, 2019
N, 100, -0.6505915988334686, 20.463275148, 10.92173579, 1.78328242653, -0.639261922498, 3.31153619889, 277, 2019
E, 100, 0.8486269442964051, 37.8955328425, 46.5718319933, 0.832428052258, -0.54647387081, 0.150780188644, 277, 2019
Z, -100, 0.0714047145605399, 197.932274802, 116.971546717, 1.15383726725, -1.79354760561, 2.64333320461, 280, 2019
N, 100, -0.9758690652204794, 27.6311690411, 9.80029967976, 2.88825387085, -0.21824801733, 3.12974556493, 280, 2019
E, -100, 0.7228341685439096, 36.6100332805, 46.4332288632, 0.645431580672, 0.845580348994, 0.666288571943, 280, 2019
Z, -100, -0.0393916334667963, 32.5145712251, 76.5233696977, 0.434838490487, 1.75005617758, 3.62491052389, 283, 2019
N, 100, -0.9309502470228288, 19.9045364983, 5.61216954723, 3.51968633845, 0.104446535587, 3.37282933286, 283, 2019
E, -100, 0.8803060493813047, 34.6616054979, 32.7943605783, 0.998453237307, 0.4416776715, 0.0831985334724, 283, 2019
Z, 100, 0.2574956339123503, 82.1314459361, 31.1964022966, 4.93592160707, -1.75011885433, 1.33303509395, 286, 2019
N, -100, 0.694161446688028, 23.4829082285, 4.55703262879, 7.45423303646, 1.16832669103, 0.620989107811, 286, 2019
E, -100, 0.2552332487472014, 16.7580219758, 13.0217605496, 1.8214107971, -1.59407684367, 3.15036531485, 286, 2019
Z, -100, 0.7040352811582945, 112.949549867, 79.9840990236, 1.53596083738, 0.66361786777, 0.187227399969, 289, 2019
N, -100, 0.6441341580876202, 16.0593902643, 6.90575198016, 2.04134840247, 1.16070236662, 0.293317545174, 289, 2019
E, 100, 0.963552224690105, 37.9206594953, 32.9158158789, 1.07367512188, -0.122825498267, 0.0946982461967, 289, 2019
Z, -100, 0.7807887069865584, 116.691387638, 131.368094736, 0.887956839683, 0.623958089193, 0.102825768907, 292, 2019
N, -100, 0.218732405289941, 12.8937028819, 10.3733987542, 1.17268833095, 1.20270881726, 0.204807030688, 292, 2019
E, 100, 0.9969919006518315, 53.8731546258, 50.9943075262, 1.051990489, -0.041589430534, 0.0443291308546, 292, 2019
Z, -100, 0.7964648717362841, 84.0926824729, 136.445803916, 0.556825410396, -2.6134476612, 2.93565114362, 295, 2019
N, 100, -0.559909957114103, 5.92726224442, 10.2821746146, 0.539620549019, -0.932366023685, 3.08030333349, 295, 2019
E, -100, 0.9992862678592646, 54.6343724953, 53.0291501449, 1.02609599241, 0.0214944453994, 0.011939432332, 295, 2019
Z, 100, -0.22376979985832285, 39.559037739, 80.0672526102, 0.455512399869, 0.94268200781, 4.44894271181, 298, 2019
N, 100, -0.6534057189993928, 13.4824956366, 3.78344529396, 4.33947062444, 0.0236886143175, 3.90607641692, 298, 2019
E, -100, 0.9821949818380619, 33.2102314888, 36.9719623546, 0.876523784663, 0.149829898375, 0.0452074588941, 298, 2019
Z, -100, 0.7044479197143375, 153.04626368, 78.5379486863, 2.16985214658, 0.616097105742, 0.248814513005, 301, 2019
N, -100, 0.8378192122700847, 19.3758658544, 11.7945338, 1.47649042173, 0.428482490587, 0.156751011625, 301, 2019
E, 100, 0.9270659130175368, 18.380992901, 31.4720143324, 0.579181925192, -0.20546126508, 0.0713982602266, 301, 2019
Z, -100, 0.8395510511845559, 185.402178721, 146.419937427, 1.2952018934, 0.455252885614, 0.172405159889, 304, 2019
N, -100, 0.6326250053990117, 13.0764260429, 15.0979062564, 0.607771376159, 1.36940544325, 0.542523382962, 304, 2019
E, -100, 0.9823895999560469, 55.3671797237, 58.1191479439, 0.907854919719, 0.134156322184, 0.156280172883, 304, 2019
Z, -100, 0.8147445083566285, 118.355285829, 146.923726735, 0.762447524734, 0.561399258662, 0.112086685087, 307, 2019
N, -100, 0.8696162794505137, 17.4092471419, 11.8311929679, 1.47677406538, -3.05617731563, 3.02616448663, 307, 2019
E, 100, 0.9462988794516224, 56.3762856284, 55.0979979502, 1.01909395409, -0.372742462425, 0.0994388148903, 307, 2019
Z, -100, 0.17588068455293876, 53.7269376393, 93.8304301324, 0.49732069469, -1.92618125098, 2.84548261331, 310, 2019
N, 100, -0.2556237956828051, 6.18093983211, 7.14164180899, 0.75201270188, -0.426115756137, 3.92556993324, 310, 2019
E, 100, 0.997227205458351, 38.8775913123, 38.6106668148, 1.00192121982, -0.0418206908156, 0.0218815605601, 310, 2019
Z, -100, 0.1299361372551182, 85.7455343398, 32.3520385767, 2.92415773872, 0.211161408084, 1.32331156706, 313, 2019
N, -100, 0.49526834395632496, 15.7084657495, 4.05446843739, 4.98231198693, 1.43216657797, 0.52396324676, 313, 2019
E, 100, 0.9765839398434334, 18.5521532061, 15.7237111058, 1.26993785876, 0.524957166689, 0.606229758326, 313, 2019
Z, -100, 0.8440938028045057, 148.508939697, 98.1430143837, 1.64333927576, 0.43866920487, 0.152049835665, 316, 2019
N, -100, 0.9263974854190347, 16.5576472028, 10.0979847998, 1.69553307776, 0.457389901161, 0.100340977765, 316, 2019
E, 100, 0.9810896457109309, 37.4240519527, 39.0093229155, 0.913976757534, -0.156480992602, 0.0372988559504, 316, 2019
Z, -100, 0.8771229047161858, 180.419411314, 155.214985145, 1.17519501643, 0.454374472235, 0.0751024978827, 319, 2019
N, -100, 0.6160470744061853, 11.2446603835, 13.9021266467, 0.6230056635, -1.06859192403, 1.85977296666, 319, 2019
E, -100, 0.9955919569982009, 59.3732723817, 62.1516794182, 0.925330384989, 0.0660880795014, 0.0654461741737, 319, 2019
Z, -100, 0.8460650646671626, 143.85774439, 165.078540439, 0.841812380375, 0.519987544239, 0.0866981409681, 322, 2019
N, 100, -0.061722948015354114, 7.71719019604, 12.6934900757, 0.473238297057, 1.44439837953, 0.285712363919, 322, 2019
E, -100, 0.9973233600575357, 61.6340172185, 62.5801973498, 0.965924729113, -0.0122139956059, 0.058765232564, 322, 2019
Z, -100, 0.517784525609217, 76.429459754, 107.522897414, 0.639036079603, -2.28724321033, 2.88349719971, 325, 2019
N, 100, -0.5738094978065601, 11.3280982847, 6.29055281107, 2.45680135368, -0.00773220024033, 3.85846866633, 325, 2019
E, -100, 0.9949718237065263, 40.6231795517, 43.2561586785, 0.963099479086, 0.121607558655, 0.0421488310493, 325, 2019
Z, -100, 0.8251642146907574, 136.683296018, 79.5409094364, 1.95063028829, 0.24574227425, 0.357587460937, 328, 2019
N, -100, 0.9205320699064844, 15.8533822566, 8.95955229524, 1.79318693294, 0.244513268971, 0.112283228063, 328, 2019
E, 100, 0.992175403837086, 28.0631131692, 29.8233752335, 0.954039358678, 2.94576809597, 3.02677646554, 328, 2019
Z, -100, 0.93825054365611, 226.726362134, 160.96375741, 1.45232689176, 0.334157521484, 0.0323482456634, 331, 2019
N, -100, 0.9825748244741472, 19.0820911848, 18.5276932052, 0.832251065737, -0.0988632015902, 0.200292439761, 331, 2019
E, 100, -0.1488871675606499, 38.8224596826, 64.5081372394, 0.42755348075, -0.796326308028, 2.18829981798, 331, 2019
