Chan, Phase Shift, Correlation, ptp-data, ptp-synthetic, rat, phasem, phasestd, DOY, Year
Z, -100, 0.9978033392572889, 82.8216292939, 77.3925730534, 1.06779585655, -0.191731289756, 1.30640575353, 1, 2019
N, 100, 0.9944258568186969, 61.5260767522, 39.2958305274, 1.57881632741, -0.175324761146, 0.181752995285, 1, 2019
E, -100, 0.9518933003257513, 60.5866446675, 62.9185208829, 1.01872577362, 0.277613264986, 0.139338805369, 1, 2019
Z, -100, 0.9980937463253832, 102.953486452, 111.414752552, 0.935478433436, 0.0967072938602, 0.0474248583693, 4, 2019
N, -100, 0.9967123446705836, 77.2773819733, 56.9673164277, 1.4100996347, 0.00975323700708, 0.076676442605, 4, 2019
E, -100, 0.9784478712751662, 82.6320142232, 90.5460092101, 0.903531574625, -1.1590072592, 2.75075252141, 4, 2019
Z, 100, 0.9989057450774959, 110.334980619, 122.1425537, 0.879126214599, 0.520547090194, 1.83773582711, 7, 2019
N, -100, 0.993863571253546, 79.8722681753, 62.4303325019, 1.25869981305, 0.144093642282, 0.0338270732963, 7, 2019
E, -100, 0.9913905902632023, 88.0861223056, 98.3370110355, 0.891519826495, 0.055395037825, 0.05424141816, 7, 2019
Z, 100, 0.9974001508461173, 96.4929893003, 105.390898337, 0.92654689257, -0.0367312133145, 0.0164459988256, 10, 2019
N, -100, 0.9906439877824638, 63.9841300248, 53.394202114, 1.21786943662, 0.204663881455, 0.0854252928727, 10, 2019
E, -100, 0.9944267610439773, 76.1429113331, 83.6571394982, 0.88758853183, 0.158602249031, 0.0637080676092, 10, 2019
Z, 100, 0.9911677359525, 69.7952708058, 69.1744624858, 0.999224159386, -0.173549022526, 0.0818427458518, 13, 2019
N, 100, 0.9772975813100139, 29.81113612, 34.3057108514, 0.905183261492, 0.0761580271514, 0.179314195996, 13, 2019
E, 100, 0.997518123575543, 54.2991187648, 54.9795114231, 1.00791042698, 1.14565799741, 2.46027330695, 13, 2019
Z, -100, 0.9961786423000502, 67.5894785119, 64.785745766, 1.06174792623, 0.0920551517792, 0.0632071775211, 16, 2019
N, 100, 0.9901042783552189, 47.8561462943, 31.8591565485, 1.44113923164, 2.35009177966, 2.92408544094, 16, 2019
E, -100, 0.973370899812281, 50.4037422463, 51.7025649982, 1.0128134625, 0.0894429108914, 0.0663662939698, 16, 2019
Z, -100, 0.9983884972031978, 109.736336667, 122.59293022, 0.905307085961, 0.0777803566566, 0.0483699477311, 19, 2019
N, -100, 0.997225642111386, 84.6035925913, 60.7389425936, 1.40494720975, 0.047138005593, 0.0513529027341, 19, 2019
E, -100, 0.9781187084781232, 91.3455600252, 99.5883784283, 0.919265301958, 0.336174183258, 0.133567469677, 19, 2019
Z, 100, 0.9969878708701938, 144.982766127, 155.274466751, 0.915679340534, 0.197782681699, 1.33722221475, 22, 2019
N, -100, 0.9949912555908725, 101.302072105, 76.9557444715, 1.32843077015, 0.0870964030541, 0.0432847321335, 22, 2019
E, -100, 0.986171635631794, 113.127760639, 124.277878704, 0.913151327483, 0.132797287594, 0.0517590075626, 22, 2019
Z, 100, 0.9972162282607755, 130.584646353, 133.207973398, 0.987675763245, -0.096676378005, 0.0120341083375, 25, 2019
N, -100, 0.9879484056793197, 77.1495120791, 65.5836923078, 1.17948265922, 0.150337868733, 0.0599877074581, 25, 2019
E, -100, 0.9972284716979128, 91.7439379233, 104.910328586, 0.883958578183, 0.112936723048, 0.015930347649, 25, 2019
Z, 100, 0.998328556072048, 74.122075078, 70.496918589, 1.04777261446, -0.062912311593, 0.0272819044991, 28, 2019
N, 100, 0.9625097510959144, 33.68978566, 34.3927166505, 1.07849385819, 0.045460551059, 0.160841722886, 28, 2019
E, -100, 0.9904880332633892, 56.0774778677, 57.4740455129, 0.987000673334, 0.016590537299, 0.0572910772913, 28, 2019
Z, -100, 0.9860068779053002, 54.0548703601, 70.9541024937, 0.809245698001, -0.305383817915, 1.14947840769, 31, 2019
N, 100, 0.9947695659188278, 53.6476326217, 36.3757584023, 1.50851674373, -0.172777125166, 0.127284121324, 31, 2019
E, -100, 0.9658374580136003, 57.6583794747, 58.5242178533, 1.05299926218, 0.260263377178, 0.101757168056, 31, 2019
Z, 27, 0.9950346283894246, 103.171267713, 112.867736654, 0.835000644552, 0.378997082134, 1.24759547238, 34, 2019
N, -100, 0.9964602536446234, 81.7825282464, 57.7791936171, 1.41053460613, 0.0309937244471, 0.0402034044754, 34, 2019
E, -100, 0.9768777032431224, 82.7879815103, 91.5929881943, 0.903558031207, 0.157726454829, 0.0466455752688, 34, 2019
Z, 100, 0.9984796874254775, 125.818564963, 129.695780104, 0.96715711117, -0.0816026487807, 0.0331242589715, 37, 2019
N, -100, 0.9868245252691742, 87.5509756456, 65.9909188172, 1.35568507189, 0.179461896443, 0.0790226294572, 37, 2019
E, -100, 0.9862267382751586, 89.1703819626, 104.045521861, 0.866166222925, 0.166407929778, 0.0667398537147, 37, 2019
Z, 100, 0.9988066122331201, 107.142946559, 115.296628448, 0.940137420561, -0.0925732496374, 0.0357165287996, 40, 2019
N, -100, 0.9934848220732322, 66.7496153246, 58.0642659264, 1.12947712133, -0.159396316725, 1.3537802982, 40, 2019
E, -100, 0.9990370725109843, 83.077052457, 91.5906036814, 0.906056255955, 0.0500324073494, 0.0184838810928, 40, 2019
Z, -69, 0.9987828647894214, 72.1011012934, 74.120364369, 0.977331375032, 0.000342447872524, 0.0270684308349, 43, 2019
N, -100, 0.9725290943678122, 34.713992888, 36.4261551356, 0.965509133703, 0.132873095808, 0.123807083536, 43, 2019
E, 100, 0.995159964446987, 54.1670862684, 58.7932074504, 0.933086493702, -1.47243461665, 2.65542850831, 43, 2019
Z, -100, 0.9948422825051751, 66.3758549083, 71.2345546113, 0.94450594257, -0.0850465382709, 1.37416771434, 46, 2019
N, 100, 0.9699219052042346, 55.374779335, 34.9952555912, 1.50473992831, 0.965901595074, 2.50016778676, 46, 2019
E, -100, 0.9721684421824532, 61.764156422, 57.958718675, 1.10060831713, 0.0999731483083, 0.133436141731, 46, 2019
Z, -100, 0.8722307202010188, 157.46078886, 141.76089595, 1.15564614811, 0.276132143009, 0.228826968903, 49, 2019
N, -100, 0.6316578888743017, 196.668511227, 70.3836059213, 2.5712373185, 0.522412471205, 0.527440553951, 49, 2019
E, -100, 0.3258098178080342, 89.2767562046, 114.345829902, 0.929503356326, -0.300697282511, 3.12021373774, 49, 2019
Z, -100, 0.33527609986916146, 223.698789054, 167.57908363, 1.177773029, -2.80054422237, 2.89409816953, 52, 2019
N, 100, -0.20964523344066957, 394.625935628, 83.4275553957, 3.76719658778, 0.95012802625, 1.259104431, 52, 2019
E, -100, -0.4644984026637043, 250.979045003, 134.013168527, 1.3329319274, 0.932464321362, 2.47473142155, 52, 2019
Z, 100, 0.9995413561385355, 131.800751602, 126.644625149, 1.04602265486, -0.034280697995, 0.0121795541187, 55, 2019
N, -100, 0.983724387018556, 71.2499741949, 63.1263429078, 1.1207583272, 0.176150931614, 0.0462633201829, 55, 2019
E, -100, 0.9978872800569443, 87.7128267581, 99.7482885336, 0.881395076174, 0.0950540987365, 0.0228427863796, 55, 2019
Z, -30, 0.9974607532853077, 56.7465720702, 50.9088324608, 1.11313677531, -0.0208585854108, 0.0355809959721, 58, 2019
N, 100, 0.8419875077280106, 24.2398752195, 25.2387730113, 0.962185397198, -0.0498115418857, 0.217499141133, 58, 2019
E, 100, 0.9793056479108941, 42.5353981116, 41.7467126402, 1.07966822438, -0.0240654585266, 0.0889536836028, 58, 2019
Z, -100, 0.9961713207136592, 73.2391002397, 78.8490986774, 0.907281169156, 0.31039482474, 0.166774657419, 61, 2019
N, -35, 0.9947096972632911, 66.9210183642, 40.4445405328, 1.59214971911, -0.133328331848, 0.108341333087, 61, 2019
E, -100, 0.945123885448308, 61.9897954454, 65.0010534377, 0.995759895799, 0.180616511735, 0.153187402831, 61, 2019
Z, -100, 0.9926603479535149, 108.063452339, 124.685768118, 0.847138444628, 0.0503420094966, 0.0823902710772, 64, 2019
N, -100, 0.9940152689132757, 90.9669813338, 63.5690891876, 1.47950764167, 0.0746472571646, 0.0471126072137, 64, 2019
E, -100, 0.9847985271853655, 85.3089208432, 100.753469483, 0.831499175889, 0.193846561581, 0.0596209169455, 64, 2019
Z, -100, 0.991290368872501, 112.637700825, 140.70077064, 0.788553971508, 0.0591066461189, 0.129100694992, 67, 2019
N, -100, 0.9843892421771931, 93.9810895683, 71.119135681, 1.3355185508, 0.193876964086, 0.0774038507811, 67, 2019
E, 0, 0.99813936667123, 100.242649635, 112.63390964, 0.869866903592, 0.0151164487617, 0.0296528662495, 67, 2019
Z, 100, 0.999561662117709, 123.118447707, 119.126436617, 1.04108649026, -0.0400718945564, 0.0159404324486, 70, 2019
N, -100, 0.9690418321952974, 67.2266960317, 59.4804867113, 1.12348181604, -0.0419079588056, 1.36737686047, 70, 2019
E, -100, 0.9986557371961944, 79.0341175012, 94.3408029914, 0.841741204313, 0.064471416111, 0.0206120133248, 70, 2019
Z, -100, 0.9971061867714978, 72.1366791464, 65.4361862214, 1.10280205079, 0.0789885448507, 0.0396113760858, 73, 2019
N, 100, 0.8796175636525856, 26.6930965918, 31.8079254695, 0.96308702445, 0.270087915208, 0.241795076785, 73, 2019
E, 100, 0.9785509960587965, 48.0428054709, 51.8950335015, 0.936351211051, -0.100947826605, 0.076399279037, 73, 2019
Z, 70, 0.9999531211089573, 88.9963856689, 95.1736764735, 0.930807626349, 0.0236638482816, 0.0274963110792, 76, 2019
N, -100, 0.9929102367097428, 66.6258940455, 47.1404351292, 1.52519518906, -0.129302500915, 0.135668239455, 76, 2019
E, -100, 0.9636389849112242, 74.3330631365, 78.0262938438, 1.01144994808, 0.352896424809, 0.16505097981, 76, 2019
Z, 100, 0.9206054591757438, 163.558616645, 161.45506231, 0.981748607589, 0.0931687069086, 1.30007563303, 79, 2019
N, -100, 0.9928261960835773, 109.438766714, 80.6252883105, 1.3696530257, -0.00600896394623, 0.0799771954493, 79, 2019
E, -100, 0.9789980493327044, 142.738652007, 129.97318516, 1.06649393812, 0.200070496906, 0.0784632593368, 79, 2019
Z, 100, 0.9285107115277741, 222.447116027, 163.390824017, 1.40567856638, -0.525746014931, 0.153450554131, 82, 2019
N, -100, 0.9845595218205638, 102.153155049, 81.9217995401, 1.23895649327, 0.25320549452, 0.0941683540786, 82, 2019
E, -100, 0.9603880333085769, 148.318858435, 130.861232694, 1.13911294222, 0.247235219023, 0.139043211666, 82, 2019
Z, 100, 0.9962377852365144, 102.700187055, 103.571797647, 0.989454679149, -0.122984167865, 0.0518476345193, 85, 2019
N, -100, 0.9928923303820272, 55.0350955766, 52.2243470328, 1.03436037304, 0.00259420510299, 0.0651690158936, 85, 2019
E, -84, 0.997947702567947, 78.1523652387, 81.6469305781, 0.984572580442, 0.0622562481962, 0.0326676205664, 85, 2019
Z, 100, 0.9993609862671129, 140.79124688, 139.770216513, 1.01154018558, -0.071149627931, 0.0270537888587, 112, 2019
N, -100, 0.9823312514583162, 92.0572418513, 70.5454938657, 1.27041819654, -0.626897341818, 2.25692604777, 112, 2019
E, -100, 0.9883161462558503, 95.3110051121, 111.9542679, 0.864637696504, 0.160565969794, 0.0711340932658, 112, 2019
Z, 0, 0.9985824464798119, 78.9825545781, 76.6364919378, 1.0433602586, -0.0146903993956, 0.0221315328884, 115, 2019
N, -100, 0.9785086750294973, 41.1573490363, 39.1013325453, 1.04282636419, 0.119669728759, 0.0702907602732, 115, 2019
E, 100, 0.9956574371922933, 54.3838969782, 60.9221556053, 0.899224745522, 0.0814434258941, 0.047069491603, 115, 2019
Z, -100, 0.9549762666787205, 34.2196689268, 48.2635394398, 0.81215672766, 0.30402558278, 0.277498472477, 118, 2019
N, 100, 0.8801859906478231, 42.2440082767, 24.7942334166, 1.51370147631, 2.45982244181, 2.84013099999, 118, 2019
E, -100, 0.9688314727042712, 49.7931023042, 38.5902813164, 1.28487219922, -0.0180752044236, 0.204511677123, 118, 2019
Z, 100, 0.9898347254550366, 90.7633140586, 102.590805397, 0.845908034538, -0.251996013929, 0.117328790773, 121, 2019
N, 100, 0.9967423454863555, 81.7911371882, 51.9947675752, 1.58931630681, -0.193998071688, 0.126638710543, 121, 2019
E, -100, 0.9587424547720095, 87.4797725087, 83.7649298802, 1.0663964154, 0.380248243004, 0.127576679155, 121, 2019
Z, 100, 0.9937725684168243, 135.240153324, 139.601518883, 0.950342722134, -0.200410069991, 0.0499493599069, 124, 2019
N, -100, 0.9974272924683887, 104.721682692, 69.8781841602, 1.49236286533, -0.00675959402954, 0.0434831079052, 124, 2019
E, -100, 0.9683475257311631, 107.497198347, 112.406228791, 0.956318833865, 0.227314930151, 0.0600382952783, 124, 2019
Z, 100, 0.9997418244709528, 134.353568875, 136.483612384, 1.00414898535, -0.0642975077903, 0.0333380109898, 127, 2019
N, -100, 0.9854722812365347, 90.683058567, 67.6284037711, 1.34876240305, 0.20962061623, 0.0768952904187, 127, 2019
E, -100, 0.985981863469326, 93.6455132147, 109.087824544, 0.850598682682, 0.163605519375, 0.0710095582244, 127, 2019
Z, -86, 0.9997561373114687, 96.7046231292, 91.3339293997, 1.06138706121, 0.0175114732161, 0.0164358918543, 130, 2019
N, -100, 0.9714978287202355, 47.7770181747, 45.0703792179, 1.04835206513, 0.18262710159, 0.101136487255, 130, 2019
E, 69, 0.9939142474858538, 60.3575886638, 72.2946445037, 0.855814435216, 0.0823642298993, 0.0400802613881, 130, 2019
Z, -100, 0.9864132341791131, 58.2620570831, 73.5793184192, 0.855173127543, 0.142491700414, 0.140610791255, 133, 2019
N, 100, 0.9610475108413177, 49.854508176, 36.4354547593, 1.27035144577, 0.199666361395, 1.79004939202, 133, 2019
E, -100, 0.9919975791310176, 66.5096988596, 58.4540318661, 1.13719125363, 0.0520172825633, 0.103314589481, 133, 2019
Z, 87, 0.9973867594693033, 114.577272179, 127.607579703, 0.868435184636, 0.241003336814, 1.32835100876, 136, 2019
N, 100, 0.9981815771708302, 93.2663258064, 64.2289170155, 1.46010566874, -0.115741762229, 0.0723000579589, 136, 2019
E, -100, 0.9738480393317899, 100.880569316, 103.568365769, 0.983656267456, 0.306404580499, 0.107854616665, 136, 2019
Z, 0, 0.9991413446070502, 129.426936581, 143.294152961, 0.914450870592, -0.0448762013576, 0.0363126731805, 139, 2019
N, -100, 0.9939723623558043, 104.199578233, 72.3389037944, 1.42927569287, 0.0399111275407, 0.0340744011429, 139, 2019
E, -100, 0.9851158543250147, 98.7410191313, 115.644774578, 0.859849549972, 0.156274938524, 0.0290076748337, 139, 2019
Z, -100, 0.9183549879289038, 101.921775905, 113.394502759, 0.86756106257, -0.0938187353943, 0.227025334189, 142, 2019
N, -100, 0.9655293364009493, 74.7416010174, 57.5759158531, 1.27933441853, -1.21872743021, 2.7428102134, 142, 2019
E, 100, 0.9753122636202755, 74.4154163558, 91.12007387, 0.849583181241, 0.107191138049, 0.127462365562, 142, 2019
Z, 100, 0.7427282570449873, 48.3943010296, 60.9938245123, 0.600191502254, -1.59928380835, 2.45704062905, 145, 2019
N, -100, 0.892654550934343, 30.4572177082, 31.456318148, 0.922277924228, 0.24569260342, 0.116103828956, 145, 2019
E, 100, 0.9519806648969895, 62.4972212452, 48.9994891212, 1.28700234106, 2.98909112489, 2.89008201189, 145, 2019
Z, -100, 0.9795780680331582, 45.0876487653, 58.2412359601, 0.822360149258, 0.766583322219, 1.13019018587, 148, 2019
N, 100, 0.911544940610761, 48.3609350844, 29.5548615895, 1.52861216711, 2.15990435783, 2.93602070249, 148, 2019
E, -100, 0.9739347916128888, 57.5754809521, 46.4760137265, 1.23855256778, 0.0840213719441, 0.182896106691, 148, 2019
Z, 100, 0.9951675504272555, 95.077834817, 107.233020684, 0.86175641186, 0.140089920194, 1.34230133191, 151, 2019
N, 100, 0.997143411529037, 83.5863999151, 53.7073416783, 1.58236741915, -0.144316201091, 0.0980252237362, 151, 2019
E, -100, 0.9635208248807939, 86.8794420267, 87.0926134308, 1.01921625387, 0.379396981078, 0.118223349994, 151, 2019
Z, 100, 0.9947299354663618, 133.653734135, 137.41932629, 0.961712415561, 0.130811283612, 1.32500522169, 154, 2019
N, -100, 0.9965769967651982, 100.317610337, 68.0432305307, 1.50349693348, 0.0127944683902, 0.0490639156458, 154, 2019
E, -100, 0.9717783800889165, 101.392535118, 110.101290534, 0.928876241181, -0.0755325746687, 1.34144314598, 154, 2019
Z, 100, 0.9979361090775576, 133.33480845, 126.299745813, 1.0537310707, -0.157556537772, 0.0638995143257, 157, 2019
N, -100, 0.9793207813170788, 84.1104603351, 62.242166256, 1.32826900822, -1.00872212782, 2.51785111113, 157, 2019
E, -100, 0.9896085848407438, 85.9226121499, 101.161410066, 0.874418821812, 0.160709651321, 0.0952341520869, 157, 2019
Z, -100, 0.9936024242967568, 86.5504375572, 81.5353133865, 1.04117315904, -0.0404426244027, 0.0772652731187, 160, 2019
N, 100, 0.9821007148157527, 37.5186073891, 40.39720327, 0.928810615012, 0.0886143382347, 0.090005503084, 160, 2019
E, 100, 0.9985433155130693, 65.3750736919, 65.2663413335, 1.02263181822, 0.283452516254, 1.33285355598, 160, 2019
Z, 100, 0.9957924010249403, 71.6302430956, 82.8812950939, 0.844351251572, 0.560454831262, 1.22358860598, 163, 2019
N, 100, 0.9460012282667659, 58.7543871922, 41.6181573937, 1.33825421144, -0.471680448853, 0.192184788537, 163, 2019
E, -100, 0.9865092172166517, 75.2819163332, 66.6329265967, 1.15169810369, 0.0476263073456, 0.232241122599, 163, 2019
Z, 100, 0.9949079208743434, 112.715401438, 117.442904132, 0.93410997267, 0.170662773979, 1.29572789155, 166, 2019
N, -45, 0.993346499025197, 95.6966329897, 59.4746183941, 1.56087615356, -0.111771655162, 0.088112358497, 166, 2019
E, -100, 0.9531328967874148, 94.692014281, 95.1935970691, 1.00077599867, 0.355374062536, 0.14821912673, 166, 2019
Z, 100, 0.9940607851277468, 120.095077374, 124.595745961, 0.972664726977, -0.119991910199, 0.0478663727997, 169, 2019
N, -100, 0.9896451351908018, 85.1882639248, 63.1114165567, 1.39002181555, 0.224686291013, 0.0523262783982, 169, 2019
E, -100, 0.9791775052230122, 93.0830443756, 100.526439031, 0.899658628415, 0.177450665294, 0.0619667757258, 169, 2019
Z, 100, 0.9802958411771062, 111.278274042, 100.590913098, 1.12260903255, -0.235599158202, 0.112810493969, 172, 2019
N, -100, 0.9665140352929334, 63.9869100974, 51.2536067892, 1.22060610722, 0.172782749045, 0.104156767489, 172, 2019
E, -100, 0.9530646722037607, 72.6520081739, 80.6383187171, 0.90513880241, 0.225936249999, 0.146163642322, 172, 2019
Z, -100, 0.9346780980277793, 104.095335939, 60.7793088049, 1.7319524021, -0.129896899583, 1.30296796869, 175, 2019
N, 100, 0.9259068397590605, 20.1535997017, 31.2782914677, 0.715232131842, 0.0922620858683, 0.268653311573, 175, 2019
E, 100, 0.7961751627227641, 23.2964671762, 49.132010822, 0.454144670465, -0.25812980651, 2.22736429022, 175, 2019
Z, -100, 0.49194224450442214, 58.5530198626, 62.7811646933, 1.05648778818, 1.3016424661, 0.732151513018, 178, 2019
N, 100, 0.9314450027674073, 52.9928438473, 31.3042825531, 1.62605543074, 2.03323346525, 2.84071566937, 178, 2019
E, 100, 0.9501188595529793, 83.8932484248, 49.8105189133, 1.45466005474, -0.207412173697, 0.298549921553, 178, 2019
Z, 100, 0.8392154911960819, 91.0094393278, 108.962499344, 0.682159129459, -0.592385257273, 1.32189585792, 181, 2019
N, -100, 0.997751853817888, 88.0295252011, 53.9542150152, 1.65896483076, -0.0265493531734, 0.0839672208911, 181, 2019
E, -100, 0.9532185183345457, 130.408561145, 88.3323973169, 1.53668025736, -0.148991379432, 0.328365446023, 181, 2019
Z, 100, 0.9979692548147229, 137.404767778, 138.56771512, 0.981355511173, 0.189707081305, 1.33498218711, 184, 2019
N, -100, 0.9915677415696352, 96.0725988905, 68.2205118884, 1.4462702452, 0.0495107584409, 0.0984187580798, 184, 2019
E, -100, 0.9764286809738587, 98.0507117683, 110.750145116, 0.903989685119, 0.2278069863, 0.0409456710712, 184, 2019
Z, 100, 0.999618148764918, 130.388334155, 126.097898504, 1.0409242147, -0.0579854339529, 0.0172193407219, 187, 2019
N, -100, 0.9831694172769017, 74.1004985968, 62.3394898246, 1.16243741472, -0.132273017934, 1.35922111154, 187, 2019
E, -100, 0.9956797914833944, 88.1615659726, 100.822862075, 0.891553013089, 0.116790550612, 0.0811462488601, 187, 2019
Z, -100, 0.9959028617050868, 83.8780065199, 81.3012475857, 1.03294425155, 0.0629548515551, 0.0373537146839, 190, 2019
N, 100, 0.9445840511466717, 34.346453063, 40.6862683884, 0.960164061065, 0.0216499334622, 0.239514736925, 190, 2019
E, 78, 0.9962170813255322, 69.858648258, 66.0428815647, 1.0425049389, -0.0316052782433, 0.115785012809, 190, 2019
Z, 96, 0.9959383643547246, 64.1675130747, 75.9934759562, 0.846816682248, 0.418984047799, 1.13627946338, 193, 2019
N, 100, 0.9784288772216186, 64.6952875339, 38.6666078135, 1.61077364507, -0.290579409723, 0.123258778961, 193, 2019
E, -100, 0.961940704039457, 69.0494959583, 61.7392999527, 1.14309132298, 0.196774820475, 0.292143220573, 193, 2019
Z, 100, 0.9946835062365506, 103.898868068, 109.571820341, 0.928622020019, -0.151193380912, 0.0502828775546, 196, 2019
N, -100, 0.996421307173016, 85.8090453124, 55.657004923, 1.58937390916, -0.0226944901701, 0.0881703248647, 196, 2019
E, -100, 0.958723544125398, 81.7299118294, 88.6737409158, 0.939533873396, -1.09276494596, 2.77471598646, 196, 2019
Z, 100, 0.9963479046911653, 117.441257638, 120.384085868, 0.973483092666, 0.41072196625, 1.83989553857, 199, 2019
N, -100, 0.9918001134658843, 81.5515538564, 61.0883718209, 1.35858802635, 0.167965559098, 0.0639351761621, 199, 2019
E, -100, 0.9861429702382297, 86.6009402613, 96.7726115023, 0.899417153433, 0.158863530693, 0.0513928402557, 199, 2019
Z, 100, 0.998355027069751, 104.062444134, 102.750612728, 1.01606230161, -0.0909167989437, 0.0152921612658, 202, 2019
N, -100, 0.9875197912948581, 61.4367869147, 52.1943963621, 1.17032765926, -0.0957443050318, 1.36804220678, 202, 2019
E, -100, 0.9968177026234405, 73.5626356561, 82.2955695058, 0.90343990529, 0.0897026907788, 0.0204163911333, 202, 2019
Z, -12, 0.9972436780348901, 70.2297901965, 66.3611102176, 1.05005761252, -0.0572356278193, 0.0411123957749, 205, 2019
N, 100, 0.9801825186036107, 32.2659793605, 33.686463296, 0.952918328864, -0.0151950876819, 0.126672610662, 205, 2019
E, 7, 0.9975740503136283, 52.6504783838, 53.6924675937, 1.00857291937, -0.845017948941, 2.19164590893, 205, 2019
Z, -100, 0.9939768489166905, 52.9207542264, 63.8769896455, 0.854711665479, 0.256111581655, 0.219391322257, 208, 2019
N, 100, 0.9461436493516113, 50.5047297526, 31.3944209523, 1.50297966534, 1.83442800389, 2.84190452913, 208, 2019
E, -100, 0.9751939855320378, 59.4649160989, 51.0088878574, 1.17014966426, 0.101489760964, 0.223446729757, 208, 2019
Z, 100, 0.996731652386755, 110.619366154, 119.289834713, 0.905580089453, -0.109444072355, 0.0480213948966, 211, 2019
N, -100, 0.9977516057910139, 89.0360903065, 58.8151825382, 1.54956145221, -0.0594122409249, 0.0991481805418, 211, 2019
E, -100, 0.9643323676113141, 92.2348088331, 96.5721099775, 0.976857194703, 0.379840330293, 0.130275306016, 211, 2019
Z, 100, 0.9982853739290285, 151.100443226, 151.977118033, 0.988310803159, 0.167080412032, 1.33864661326, 214, 2019
N, -100, 0.9876621066002259, 101.179670882, 75.0419126439, 1.35483836519, 0.136751552565, 0.0753144508643, 214, 2019
E, -100, 0.9852966553547078, 107.113307228, 121.569950219, 0.894009564411, 0.17270647247, 0.0693613535123, 214, 2019
Z, -79, 0.9997644988577934, 134.049357995, 130.562823135, 1.02963140953, -0.00691645520514, 0.0122712054321, 217, 2019
N, -100, 0.981673467345382, 68.5373146599, 65.0662396837, 1.03444184864, 0.172780809169, 0.0365662058943, 217, 2019
E, -37, 0.9996011882040939, 91.4438904977, 104.337542629, 0.882799933951, 0.0211114986223, 0.0196967095686, 217, 2019
Z, -100, 0.9923884712010986, 72.2916546322, 68.7649114948, 1.03850768005, 0.105871392367, 0.0596938413279, 220, 2019
N, 100, 0.9009206637502877, 30.2497895227, 34.9677361547, 0.966231103405, 0.0970187884539, 0.231878820511, 220, 2019
E, 100, 0.9866099081875074, 57.7791060102, 56.8592786244, 1.01505323802, -0.0834852985618, 0.106513211113, 220, 2019
Z, 100, 0.9921092698026986, 69.3609494316, 75.0480467805, 0.89176633316, 0.0173052920172, 0.0984544476366, 223, 2019
N, 100, 0.9895032995307932, 69.2396923491, 38.3576780053, 1.80908368048, -0.175953529171, 0.137405209032, 223, 2019
E, -100, 0.9294556278770734, 63.8660894332, 61.7104723488, 1.0911673647, 0.310031535406, 0.197957905434, 223, 2019
Z, 100, 0.9972493361165075, 113.07612972, 115.796089765, 0.968567578988, -0.124061736899, 0.0266417339309, 226, 2019
N, -100, 0.9877552795401847, 86.7942786959, 58.837675721, 1.53243447658, 0.116277189346, 0.0654545663258, 226, 2019
E, -100, 0.9651791639722813, 81.3757799507, 93.4469286259, 0.874264840363, 0.0374806858609, 1.34787028728, 226, 2019
Z, 100, 0.9985069357617649, 127.385163287, 128.474766883, 0.994131727942, 2.56987515699, 3.05895874525, 229, 2019
N, -100, 0.9791734225383281, 83.1716911879, 65.0409204293, 1.27551120245, 0.338444954567, 0.120913195579, 229, 2019
E, -100, 0.9908939445296978, 87.748647372, 103.052684096, 0.846111683085, 0.127451251239, 0.0543208975591, 229, 2019
Z, 100, 0.9995779999485377, 106.041107852, 109.53074424, 0.978958679894, -0.0510189174513, 0.0106781975904, 232, 2019
N, -100, 0.9718666941733791, 58.9539288825, 55.1563094115, 1.06013255469, -0.0941750547178, 1.36386162114, 232, 2019
E, -100, 0.9991784993106244, 75.9741089594, 87.3079346114, 0.867539173808, 0.0602647911964, 0.0227026957864, 232, 2019
Z, -100, 0.9929535033358267, 67.4312621632, 65.551376018, 1.02683703732, 0.00177698832017, 0.0651827186092, 235, 2019
N, -100, 0.9431807950552228, 25.3365492398, 32.6799066494, 0.780292276462, 0.253143062825, 0.158429143719, 235, 2019
E, 100, 0.9869942631607114, 45.2203180463, 52.7489432059, 0.879896787662, -0.151003548485, 0.0822009139741, 235, 2019
Z, 100, 0.9926825211360144, 64.881248337, 75.5195758384, 0.854255978857, -0.901976323352, 2.53363808386, 238, 2019
N, 100, 0.9653812416185107, 63.3816211116, 37.1406036245, 1.63187335313, -0.522697376351, 0.262572178239, 238, 2019
E, -100, 0.9579666873680099, 68.8737314611, 61.5316497079, 1.14075921771, 0.101252067623, 0.191175785899, 238, 2019
Z, 100, 0.997172415606187, 139.166545832, 144.367380331, 0.942832844097, -0.12216021078, 0.0460943384962, 241, 2019
N, -100, 0.9935894801379074, 104.540676384, 71.4301834383, 1.52763327663, -0.0119805273959, 0.112904656785, 241, 2019
E, -100, 0.9674827321754677, 105.912999722, 116.068538022, 0.929808692399, -1.10585733969, 2.77221009699, 241, 2019
Z, 100, 0.9995779500133871, 159.206965577, 165.810115871, 0.972188341666, 0.79750862321, 2.19068535592, 244, 2019
N, -100, 0.9869767171534213, 103.042045563, 82.5196151985, 1.25868471693, 0.219099435591, 0.0861755051989, 244, 2019
E, -100, 0.9932344011112614, 116.954915496, 133.111461325, 0.884744715553, 0.128448329838, 0.0485037009009, 244, 2019
Z, 0, 0.9989153805273816, 124.100060071, 120.160095565, 1.03447262533, -0.0474889286273, 0.021973246943, 247, 2019
N, -100, 0.9878560702833661, 62.0480695399, 60.44006723, 1.01940636062, 0.113958339006, 0.0534495336788, 247, 2019
E, 0, 0.9989930420707787, 87.9469866229, 95.4567417698, 0.925132164727, 0.0457699488362, 0.0239989611128, 247, 2019
Z, -100, 0.9784641121609097, 48.4651590749, 43.9044199377, 1.05252218427, 0.122785237042, 0.0734045017477, 250, 2019
N, 100, 0.8225528985042068, 32.1897091346, 22.546580812, 1.15630677317, -0.0171386173414, 1.17781104928, 250, 2019
E, -100, 0.9729512146556124, 41.6255948026, 37.6021137314, 1.12227382517, -0.0655038573239, 0.0683157546571, 250, 2019
Z, 34, 0.9992490944009474, 84.7935530993, 88.1652533719, 0.923233941569, 0.0037371233698, 0.0262412492599, 253, 2019
N, -100, 0.9956438064195945, 68.5285965859, 44.9811860708, 1.56937568087, -0.0707292905493, 0.114275582771, 253, 2019
E, -100, 0.9514197684777992, 67.8701894967, 72.1827823972, 0.987550326195, 0.383381409091, 0.112670423317, 253, 2019
Z, 100, 0.99749392459206, 122.335405088, 129.255373985, 0.930406055463, -0.0537020953844, 0.0562257751297, 256, 2019
N, -100, 0.9915965024553778, 84.6988428305, 65.4897767775, 1.31972101457, 0.109218903495, 0.0244352399042, 256, 2019
E, -100, 0.9660153195353925, 84.9380120588, 104.093133371, 0.835667170238, 0.227440587411, 0.0361931985036, 256, 2019
Z, -39, 0.9998476220136466, 144.254390722, 137.439672515, 1.05997016849, 1.44460597736, 2.65268696237, 259, 2019
N, -100, 0.9724573273558621, 90.7711432619, 69.1671822524, 1.32503787551, 0.315889392416, 0.10612279849, 259, 2019
E, -100, 0.9846315197855935, 90.0841112257, 110.01673103, 0.823707889428, 0.16854895612, 0.0692216520838, 259, 2019
Z, 0, 0.9987575442417495, 118.843970085, 108.95893165, 1.07924119954, -0.0708521667709, 0.02865858553, 262, 2019
N, -100, 0.9453798302276937, 63.8705936174, 54.314674495, 1.14035997582, -0.0311610571592, 1.36237736008, 262, 2019
E, -100, 0.9970087981282956, 68.0499111232, 86.3986044196, 0.809155851878, 0.0769418986102, 0.0364768404933, 262, 2019
Z, -100, 0.9629026835165587, 59.0632528036, 53.7261999719, 1.04493416085, 0.0734712907091, 0.0762235254308, 265, 2019
N, 100, 0.6266194203100482, 29.9768898655, 26.2833304686, 0.965252294338, 0.0403582286045, 0.366049489215, 265, 2019
E, 100, 0.9551718238548441, 45.1910480748, 43.3396799553, 1.05537009528, -0.123314615132, 0.177912801042, 265, 2019
Z, 100, 0.9976668989879576, 96.611316768, 103.893252148, 0.895885575623, 7.16713391464e-05, 0.0452789064887, 268, 2019
N, 100, 0.9930769163860664, 81.1645082961, 51.4605537243, 1.6382348948, -0.229934119675, 0.167981774026, 268, 2019
E, -100, 0.9545198246995233, 82.4530550655, 84.7568492935, 1.03789004186, 0.220297001814, 0.105538146617, 268, 2019
Z, 100, 0.9966331370802051, 158.870519035, 166.500410309, 0.943063386807, -0.0895428556204, 0.0381991130953, 271, 2019
N, -100, 0.997974322583944, 118.531584444, 82.9655927339, 1.45362797827, 0.0389407916205, 0.0418922732359, 271, 2019
E, -100, 0.9742840394138225, 127.140516068, 133.695075733, 0.94519045656, 0.28412624643, 0.059108889411, 271, 2019
Z, 100, 0.9974518481041308, 162.412062083, 160.022972302, 1.02024299278, -0.166443279365, 0.0697004455246, 274, 2019
N, -100, 0.9891001108776216, 103.107535266, 80.3801681004, 1.29069545781, 0.131534300934, 0.0561365204004, 274, 2019
E, -100, 0.9901310717480893, 114.984357427, 128.798380505, 0.911730759792, 0.148210856096, 0.0601260827492, 274, 2019
Z, 100, 0.9161477350796726, 122.42154941, 93.4347391346, 1.33493788299, -0.151041000949, 0.297895732299, 277, 2019
N, -100, 0.9474675449612325, 52.620758513, 47.2810113523, 1.0780756796, 0.157776676256, 0.0808928995584, 277, 2019
E, -100, 0.9904924016330233, 69.127705021, 73.4312799399, 0.952059676378, 0.138396578407, 0.0518549777593, 277, 2019
Z, -100, 0.7140335405161534, 92.1114393595, 46.7127203612, 2.14713873551, 0.287395686858, 0.422127975828, 280, 2019
N, 100, 0.8902897133842836, 37.4969793805, 24.0468226812, 1.42141424098, 2.42224126531, 2.60618583506, 280, 2019
E, -100, 0.9640167196169681, 41.7374636226, 37.7590831794, 1.11507907955, 0.39611844472, 0.086680806702, 280, 2019
Z, 100, 0.9981489927263402, 95.2807075436, 102.969477102, 0.891839196438, 0.0288665660328, 0.0705231129733, 283, 2019
N, -100, 0.997969994802823, 80.4597684562, 52.30184944, 1.54066654895, -0.0735770712056, 0.0872642165047, 283, 2019
E, -100, 0.9639875005240406, 79.6129150991, 84.012452719, 0.962837254739, 0.34518277961, 0.118136177478, 283, 2019
Z, 100, 0.9976986695962867, 138.410721355, 138.793965732, 0.980219547124, -0.124593986514, 0.0299872087934, 286, 2019
N, -100, 0.9904770648384789, 99.5451942968, 69.9231393835, 1.45150747241, 0.112865734205, 0.0415173498648, 286, 2019
E, -100, 0.9751613565459789, 99.4596390504, 111.911397668, 0.882464092734, 0.224843232438, 0.0159027933967, 286, 2019
Z, 100, 0.998073417199962, 142.333679879, 137.541695835, 1.03548755731, -0.121045109157, 0.0487605435361, 289, 2019
N, -100, 0.9816278256930577, 90.8234266237, 68.7674614974, 1.32241717714, 0.275073898634, 0.097001556305, 289, 2019
E, -100, 0.9870608438349121, 94.4654356011, 110.200601991, 0.857829794149, 0.139767397006, 0.0593294344607, 289, 2019
Z, 100, 0.9988579626583437, 105.291081382, 97.5747266813, 1.08763558998, -0.0746994507658, 0.0145647515102, 292, 2019
N, -100, 0.9593207290197666, 55.3829733458, 48.1032774165, 1.12427915005, 0.21180299117, 0.0654515714778, 292, 2019
E, -100, 0.995533187035788, 64.566487756, 76.4526768607, 0.852923843283, 0.0989687377626, 0.0583041663281, 292, 2019
Z, -100, 0.9774331123868729, 49.3141500351, 55.144638862, 1.05838160212, 0.0682194033758, 0.131452873779, 295, 2019
N, 100, 0.9021179603600915, 41.8366432214, 26.9677934924, 1.21744710243, 0.318202918378, 1.37658713643, 295, 2019
E, -100, 0.9793770999037474, 49.0150521294, 42.7268201567, 1.10144466076, -0.383906865654, 1.2977970863, 295, 2019
Z, 100, 0.9982824726755519, 116.940219719, 129.358276747, 0.882926811383, 0.0317300294812, 0.0756409291712, 298, 2019
N, -76, 0.9982856551230315, 96.82828186, 64.5645819147, 1.51421915809, -0.0800564978742, 0.0763334912531, 298, 2019
E, -100, 0.9701468866576227, 101.596242169, 105.168165424, 0.985475635536, 0.267136306843, 0.0634827770696, 298, 2019
Z, 100, 0.9906602681977699, 150.480517795, 165.394185118, 0.916870447545, -0.125307251362, 0.0290978361843, 301, 2019
N, -100, 0.9932670812846669, 115.120071711, 83.2586860721, 1.40870344448, 0.0754351534725, 0.0506860924193, 301, 2019
E, -100, 0.9844304382244361, 124.543233983, 133.512210861, 0.923302352204, -0.0982389669836, 1.33992259895, 301, 2019
Z, 100, 0.9899600924663545, 134.102502561, 135.177942813, 1.0156265515, -0.294109392975, 0.098926826661, 304, 2019
N, -100, 0.9817148805193033, 80.7917672031, 68.5307879487, 1.17261815648, -0.0709826538215, 1.37229130326, 304, 2019
E, -100, 0.9970788521602484, 97.9633867738, 108.389584053, 0.924040732656, 0.0795567844651, 0.0446672092465, 304, 2019
Z, 40, 0.9963249293708641, 72.08235688, 67.9874496205, 1.05824043311, -0.0959951871797, 0.0459318611664, 307, 2019
N, -100, 0.9513609330317463, 31.5453213122, 34.3038818125, 0.898153412086, 0.0943163713591, 0.0781743180778, 307, 2019
E, 100, 0.9878941010733919, 45.873574584, 52.8685291003, 0.901167023808, 0.286394520961, 1.34081700351, 307, 2019
Z, -100, 0.9861404073752377, 48.2651838071, 58.3988207578, 0.877841481606, 0.398782443989, 0.251945091092, 310, 2019
N, 100, 0.973792083027883, 52.1914606777, 29.8028144119, 1.71645622987, 1.74461077168, 2.73625119237, 310, 2019
E, -100, 0.9512222543034315, 50.0912022963, 47.1325762642, 1.10368161861, 0.0905756306294, 0.17885119242, 310, 2019
Z, 100, 0.9967379384959161, 97.2382708426, 110.47273343, 0.853954026707, -0.0747327361819, 0.0430752826119, 313, 2019
N, -100, 0.9986823279983346, 85.6023691312, 55.742524598, 1.56449984301, -0.0432452232916, 0.0595361879138, 313, 2019
E, -100, 0.9664952677675566, 86.2165387356, 89.6892053976, 0.973729246993, 0.39777140408, 0.14451521522, 313, 2019
Z, 100, 0.9955861110661044, 129.818546821, 139.366486523, 0.929498135765, -0.160582046101, 0.030195460535, 316, 2019
N, -100, 0.9939494127820439, 98.2810829742, 69.7948589205, 1.44245124954, 0.0642595837415, 0.0493282465777, 316, 2019
E, -100, 0.9789651033827795, 102.194785929, 112.128647058, 0.908464760707, -0.0831851063306, 1.34128729115, 316, 2019
Z, 100, 0.99449798889625, 128.944262089, 129.291192202, 1.00214388653, -0.161547622659, 0.0586680112344, 319, 2019
N, -100, 0.9806148526860674, 84.1912853597, 64.190154243, 1.30990257919, 0.239216880483, 0.0849907593513, 319, 2019
E, -100, 0.9903470087808968, 89.7279112529, 103.227677571, 0.870394360496, 0.133937874385, 0.0625577839773, 319, 2019
Z, 100, 0.996144524691169, 92.211714623, 83.801304555, 1.09991032246, -0.103292744635, 0.0524777483651, 322, 2019
N, -100, 0.9540939804900127, 42.2705035467, 40.6658670675, 1.02022496434, 0.233124867528, 0.0972769853219, 322, 2019
E, 100, 0.9950230046959401, 56.4293818177, 64.8643121959, 0.891549984924, 0.0512229889685, 0.0515260546037, 322, 2019
Z, -100, 0.9834594916692657, 67.9142616957, 77.5140765861, 0.980649256067, 0.184935996024, 0.174673432597, 325, 2019
N, 100, 0.9662346699000668, 59.3884116365, 38.4844562552, 1.46264650188, 1.02085285424, 2.58870952613, 325, 2019
E, -100, 0.9784305850192778, 67.5584648598, 61.5676771079, 1.10112103486, 0.11106072865, 0.141030090249, 325, 2019
Z, 61, 0.9994634786211287, 115.161376526, 132.363577742, 0.857943032363, 0.293962407422, 1.31800648181, 328, 2019
N, -100, 0.9974533769520767, 98.241112998, 66.7224912662, 1.49403010879, -0.0923381486787, 0.0950884903648, 328, 2019
E, -100, 0.9731898806577448, 102.498768366, 107.440186286, 0.975521342578, 0.315241241067, 0.0944763245896, 328, 2019
Z, 0, 0.9975728330846261, 129.894218583, 144.764487516, 0.899171959532, 0.192737902523, 1.34620119121, 331, 2019
N, -100, 0.9917569441124058, 99.9187857624, 73.6861835266, 1.37062616598, 0.104340767874, 0.0512981588477, 331, 2019
E, 100, 0.9830745606010022, 104.532685193, 117.254485087, 0.886532571441, 0.0246634128731, 0.196872002355, 331, 2019
