Chan, Phase Shift, Correlation, ptp-data, ptp-synthetic, rat, phasem, phasestd, DOY, Year
Z, -100, 0.9997397727347586, 97.9213083967, 96.2507828227, 1.00000346291, 0.0553082134715, 0.0296575536543, 328, 2019
N, 100, 0.959434958875334, 82.1678387954, 67.5766733945, 1.43964787157, -0.0567612047262, 0.404655159323, 328, 2019
E, -100, 0.9929988422045574, 110.548019829, 101.066587576, 1.13187668539, 0.261111719933, 0.15262900365, 328, 2019
Z, 72, 0.9996129816030023, 106.065993804, 105.641659341, 0.983059373817, -0.0549838412361, 0.0327672706802, 331, 2019
N, -100, 0.9979803429319914, 72.3839084356, 73.0474449771, 1.02740194919, 0.140369371607, 0.0675872381766, 331, 2019
E, -100, 0.9997700526330903, 115.038225451, 110.535371016, 1.03088291026, 0.0429890019396, 0.018553622734, 331, 2019
Z, 0, 0.9999510101527711, 82.3832062774, 81.4118964616, 1.00969428877, -0.0108970668826, 0.00597673812638, 334, 2019
N, 0, 0.9986020805745925, 53.4084343561, 54.9282870197, 0.975035170514, -0.11299249129, 0.0727416286295, 334, 2019
E, -100, 0.9958219327972266, 94.5147665689, 85.5905912057, 1.14880194713, 0.110721970349, 0.0894585439451, 334, 2019
Z, 100, 0.9993406216135089, 42.5406842234, 41.5973240131, 1.03354821565, -0.0717592514553, 0.0219124812483, 337, 2019
N, -100, 0.9974341207131323, 27.1075180184, 27.3021613952, 1.00001959956, 0.0611722999016, 0.0308093694718, 337, 2019
E, -100, 0.994512004383911, 45.0403132454, 47.0468193968, 0.968136067123, 0.135987612056, 0.0648190510757, 337, 2019
Z, -100, 0.996959400278569, 45.7319093369, 44.1702666626, 1.07561038682, 0.177882297329, 0.107411925937, 340, 2019
N, 100, 0.9865890178729021, 28.9108740486, 31.6808073363, 0.94102410694, -0.44593627655, 0.328397769973, 340, 2019
E, 100, 0.9929176710914155, 54.5215117306, 48.5636663659, 1.24063195474, -0.161785402548, 0.147633838102, 340, 2019
Z, -100, 0.8709794730747266, 79.5347272731, 79.7163875238, 1.06830769558, 1.74697276245, 1.21651665159, 343, 2019
N, 100, 0.15778397695289378, 167.261414486, 55.2739016307, 3.02383111368, -1.49296538418, 2.53195643005, 343, 2019
E, 100, 0.8506500082168108, 91.5778482662, 81.8782361083, 1.43211205812, -1.35588081848, 1.01157991559, 343, 2019
Z, 100, 0.39858528052803244, 168.828806124, 98.9763035727, 1.49386198873, 0.0578410054354, 1.31756980859, 346, 2019
N, 100, 0.7881903469764057, 2069.37184701, 67.336107395, 23.3591757216, 0.172695785384, 1.71581910768, 346, 2019
E, -100, 0.14063590922050292, 351.165843089, 101.410768757, 3.11418453829, -0.20019515676, 1.85592279265, 346, 2019
Z, -100, 0.8104383323978442, 158.294694368, 90.6848864894, 1.86199283574, -2.91226179195, 2.47874036942, 349, 2019
N, 100, 0.7200861990905213, 2359.34945957, 60.638426815, 36.502911403, -0.969019312946, 0.434238010658, 349, 2019
E, -100, 0.5074139814832125, 693.182721721, 94.1088278958, 6.40035678944, -0.626002977248, 1.46840702686, 349, 2019
Z, 100, 0.9988969991004059, 60.861521344, 59.2114975266, 1.0482859792, -0.0515691064183, 0.0413966657234, 352, 2019
N, -100, 0.9925288653750405, 41.9660257819, 39.0345000659, 1.08029950179, -0.333001082807, 1.31032494493, 352, 2019
E, -100, 0.9960345131075651, 62.6030942354, 65.9470041331, 0.959102329742, -0.230535583229, 1.3453362336, 352, 2019
Z, -3, 0.9999285817093155, 60.007450424, 57.6964331863, 1.04739184938, 0.0318050629541, 0.013576075761, 355, 2019
N, 65, 0.9986736623556354, 36.8574781559, 41.6313412366, 0.893838468782, 0.0338925110453, 0.0991506348781, 355, 2019
E, 100, 0.9960089458584358, 69.387322022, 64.4337658394, 1.05051483835, -0.0877483432539, 0.0367925203308, 355, 2019
Z, -100, 0.999943853486175, 87.4353593503, 86.3552361713, 1.00399848525, 0.0464615331685, 0.0211956787962, 358, 2019
N, 100, 0.9998327884395309, 57.1421566741, 60.8736876447, 0.949016890466, -0.0745007429138, 0.045381736767, 358, 2019
E, 94, 0.9994406055019943, 97.7776942153, 91.1995886011, 1.08414299072, -0.0629491347917, 0.0482042170506, 358, 2019
Z, -100, 0.999673272576657, 93.9960673397, 93.5856227387, 1.00884005959, 0.0583011849871, 0.0159913710633, 361, 2019
N, 100, 0.991265124218277, 61.2505807033, 64.5285445451, 0.911385160786, -0.294289837079, 0.11624002959, 361, 2019
E, 22, 0.9925029531289717, 112.165588389, 97.696018211, 1.2570048543, -0.150619525188, 0.141284470393, 361, 2019
Z, 0, 0.9999215556222315, 73.4434740282, 75.6744444121, 0.969215000651, -0.0245553876154, 0.0217756300844, 364, 2019
N, 18, 0.998418400044672, 52.8717202038, 51.0233719601, 1.04419603496, -0.101313938269, 0.0621671294793, 364, 2019
E, -100, 0.989981501139973, 88.6020132357, 79.8613932832, 1.13082326468, 0.212546911956, 0.103904156906, 364, 2019
