Chan, Phase Shift, Correlation, ptp-data, ptp-synthetic, rat, phasem, phasestd, DOY, Year
Z, 100, 0.9974607980247254, 51.8563731063, 48.6084706364, 1.07054586659, -0.0807629587355, 0.00435635079998, 1, 2019
N, -100, 0.9719866317628323, 29.5541343669, 40.3018311557, 0.675063115617, -2.80991114139, 2.90296085736, 1, 2019
E, 100, 0.5265903876427726, 11.1680421484, 13.6175113771, 1.0763356763, -0.676819657228, 0.446031198741, 1, 2019
Z, 100, 0.998743144115191, 80.1637522302, 78.7393656949, 1.01553614201, -0.0748333487514, 0.0342340021829, 4, 2019
N, 0, 0.9993378508554395, 54.2448092119, 61.2318824853, 0.894673105607, 0.0237367650044, 0.0348028170974, 4, 2019
E, -100, -0.37579573490772655, 19.313190487, 7.92665850531, 2.58796895578, 0.358578578345, 2.64007184425, 4, 2019
Z, 63, 0.9997628206844036, 86.5353034823, 85.5303205815, 1.00412005001, 0.00265964435209, 0.016671893935, 7, 2019
N, 100, 0.9882318561310867, 58.2260235532, 63.4645023403, 0.91032796474, -0.172204721963, 0.0317946381563, 7, 2019
E, 100, 0.7692289421128659, 22.4972390882, 8.00288467277, 2.71617768435, 0.0109885756422, 0.488737062598, 7, 2019
Z, 100, 0.9937925031239063, 68.4361494665, 66.1564400524, 1.04456885673, -0.116519470319, 0.0106291663208, 10, 2019
N, 100, 0.9386119549056593, 38.7265783052, 50.3099353026, 0.768927701818, -0.368637673745, 0.0523169455043, 10, 2019
E, 100, -0.7484850507410699, 15.889136539, 7.68782452494, 1.84292137808, -0.563058301147, 3.0150797526, 10, 2019
Z, 100, 0.9453944533574008, 28.6991898374, 33.1609477866, 0.765677268398, -0.0853979758128, 0.128722676084, 13, 2019
N, 100, 0.9010844753397743, 16.8075274684, 28.6126203263, 0.526342590664, -1.05380448014, 0.904879857862, 13, 2019
E, -100, 0.19957422660066299, 18.1020055506, 9.02073966887, 1.41294579775, -1.9632755909, 2.93031077873, 13, 2019
Z, 100, 0.9989479730419322, 49.616258205, 49.1214696348, 0.996192291965, -0.0218186110066, 0.0248937503995, 16, 2019
N, 100, 0.9131090693540106, 30.2921581978, 37.7704444394, 0.777426435337, 2.65085953394, 3.05804830773, 16, 2019
E, 100, 0.8710361708811858, 17.141456903, 11.5532590732, 1.87952645662, -0.0754671619955, 0.335841707837, 16, 2019
Z, 55, 0.9998885710232457, 94.0026775799, 92.6165547779, 1.01549921592, -0.0116206696535, 0.00458127433056, 19, 2019
N, 100, 0.9821054196972147, 65.0179985156, 68.2213542488, 0.928980209582, -0.101572092576, 0.0975833292566, 19, 2019
E, 100, 0.594437408771047, 21.7319538818, 9.2701904652, 2.11057769267, 1.84633449544, 2.73901344156, 19, 2019
Z, 100, 0.9220131599299024, 161.856774845, 102.573271029, 1.67232510324, 0.0834243263665, 0.305545522884, 22, 2019
N, -100, 0.14242980556488363, 107.413992784, 72.1964724858, 1.08781081558, -0.573706699383, 1.7039463761, 22, 2019
E, 100, -0.04493143995421834, 12.4816215999, 8.28391615677, 0.982649959202, -0.589629556118, 1.97851272715, 22, 2019
Z, 100, 0.6893993850947202, 210.590005092, 56.9683992203, 3.52736390926, -0.907722396981, 0.155153593488, 25, 2019
N, -100, 0.017802290764206096, 229.924280676, 41.9330558735, 5.55208587497, 1.61973634115, 0.171717083912, 25, 2019
E, 100, 0.15598622716744837, 5.76001146789, 8.04512481108, 0.583902507568, -1.48702884842, 0.65723552172, 25, 2019
Z, 100, 0.9842856073389835, 30.3793242549, 33.5270545171, 0.849602867836, -0.114703006598, 0.0571504288964, 28, 2019
N, -100, 0.9756520294103297, 30.5260149582, 28.5373497756, 1.09710701626, 0.12268547296, 0.00700571277556, 28, 2019
E, 100, 0.5943187591486427, 9.51129389311, 12.8397182331, 0.556546515962, 1.96649570486, 2.61432495671, 28, 2019
Z, 100, 0.9989730691590459, 68.2363222567, 67.3421110894, 1.00792857307, -0.00493729348404, 0.0377127422901, 31, 2019
N, 100, 0.9886562467272809, 36.651031863, 49.3377265508, 0.718419687259, -0.149125941, 0.0240266499561, 31, 2019
E, 100, 0.27032942252686387, 23.7730924077, 10.2872306401, 2.97120615629, -0.771629343328, 0.585400409893, 31, 2019
Z, 100, 0.9975207777441071, 82.4307032319, 77.252516957, 1.08447631257, -0.0739673271856, 0.00587355080459, 34, 2019
N, 100, 0.9933419953764088, 47.7716732228, 56.9792627734, 0.830054352061, -0.000733339855722, 0.0953755993946, 34, 2019
E, -100, -0.43189815695955297, 27.3644253526, 6.97979138083, 3.04007194538, -0.0879169712256, 2.21659913124, 34, 2019
Z, 84, 0.9994177387466043, 69.3899198365, 64.0892440213, 1.10503046708, 0.0048173466331, 0.0313438005465, 52, 2019
N, 0, 0.9957207347597644, 31.0679504101, 42.1326731321, 0.72808928038, -0.0187620867004, 0.0694712127307, 52, 2019
E, 100, -0.4563221103558655, 13.3280362446, 8.59659045843, 1.47038392133, -0.775251061996, 2.99773595156, 52, 2019
Z, 100, 0.9449443111941785, 17.5638722387, 18.4685791948, 0.874542711436, 0.0934503200681, 0.223045999924, 55, 2019
N, 100, 0.9506742538794469, 21.5862889815, 19.3479164682, 1.1341198892, -0.409595549028, 0.130159836675, 55, 2019
E, 100, 0.8234021751962318, 13.8774548763, 9.08475341159, 1.59725531063, -0.600648139878, 0.0281607409442, 55, 2019
Z, 100, 0.9954547939754802, 55.1050111433, 56.7513195385, 0.967719471808, 3.05843625713, 3.16699248571, 58, 2019
N, 100, 0.9978266332237617, 47.0725879638, 38.081095853, 1.20277978718, -0.062854138861, 0.00169970883706, 58, 2019
E, -100, -0.17193118846389993, 10.9879312556, 10.5920471966, 1.25329673289, 0.530608816927, 3.84109341257, 58, 2019
Z, 100, 0.991290390788306, 59.3718202363, 65.2400244764, 0.927137853444, -0.143422083954, 0.0116796506577, 61, 2019
N, 100, 0.9912180146181322, 41.1375354916, 44.9311309262, 0.898980612395, -0.151852298266, 0.0899891792521, 61, 2019
E, 100, -0.47387101134596504, 17.1202992567, 5.95278822015, 3.00571864253, -0.891119341772, 3.25557204834, 61, 2019
Z, 100, 0.9981953153751845, 59.427425806, 52.8077547465, 1.1380690491, -0.0596954153086, 0.00700487784615, 64, 2019
N, 100, 0.9653453250361037, 30.8512644676, 39.4233133974, 0.823466602995, 0.114622550807, 0.256377977427, 64, 2019
E, 100, -0.4277263852114514, 8.10401957894, 4.58657115588, 1.12152727597, -0.447181689624, 2.34641957002, 64, 2019
Z, 100, 0.9989255528719603, 33.2376313267, 27.9201513334, 1.21361212548, 0.00268306438951, 0.0173466959773, 67, 2019
N, 100, 0.938134165775464, 39.8107807689, 21.8327751338, 1.90422709374, -0.256941110911, 0.104465533293, 67, 2019
E, 100, -0.18136046790387741, 14.9999446138, 7.63749616059, 2.04003008571, 2.87248628607, 0.847898899889, 67, 2019
Z, 100, 0.9890171618670854, 21.6264926557, 24.3604280418, 0.842784934873, -0.0463931088913, 0.0520256904368, 70, 2019
N, -100, 0.9238592651238776, 32.9697812542, 19.5361629396, 1.94354201333, 0.044966137875, 0.305172032335, 70, 2019
E, -100, 0.40295587928602744, 16.7072901089, 7.71521881095, 1.84755107023, 1.07491522854, 0.231104230499, 70, 2019
Z, 100, 0.999226935776234, 57.8439553385, 60.7556045423, 0.942594512683, 0.00889892612647, 0.0377493529585, 73, 2019
N, 100, 0.9869036392048341, 52.985097292, 40.8082447189, 1.31444551844, -0.168907232627, 0.134754330939, 73, 2019
E, 100, 0.5934874545807195, 8.77084043395, 7.99212284243, 0.851621541166, 1.50450944055, 2.21028901107, 73, 2019
Z, 100, 0.9973232382225268, 77.3215899491, 78.2654271926, 0.992780459536, -0.0764966965766, 0.00632198130027, 76, 2019
N, 100, 0.9877315833514567, 37.5680062027, 50.0549059701, 0.750331200749, -0.156066923774, 0.102738435587, 76, 2019
E, 100, 0.20819029201371744, 16.3148859896, 7.8719715203, 2.66493937381, 1.89774307985, 3.53244004484, 76, 2019
Z, 100, 0.9987149497950858, 57.8873001458, 54.465842151, 1.07380066354, -0.0441541787576, 0.00530608976252, 79, 2019
N, -100, 0.9702491106719365, 29.1730463217, 36.3264877793, 0.748440863511, 0.15147065563, 0.148474448477, 79, 2019
E, -100, 0.18972328234691924, 19.3131869025, 4.24421578314, 4.8734812332, 1.38099334451, 0.067742209242, 79, 2019
Z, -100, 0.9962642358543978, 25.3311164804, 25.2512225245, 1.04299203643, 0.040955231822, 0.0443266787493, 82, 2019
N, -100, 0.9056479139506137, 27.3215138391, 20.2356127422, 1.38785312143, 0.0427668837081, 0.0393210936948, 82, 2019
E, -100, 0.9365049059106013, 22.0129244479, 13.4038763325, 2.45519166658, 0.110294959684, 0.301671396301, 82, 2019
Z, 0, 0.9973472607010088, 54.5123248194, 56.4631375623, 0.973584638038, 0.0129279027464, 0.0177392650265, 85, 2019
N, 100, 0.9807234855650918, 49.8187559667, 38.7143896264, 1.28597366554, -0.223311453894, 0.14956419635, 85, 2019
E, 0, 0.9006219220614637, 18.6490179003, 9.04680954685, 1.75453901197, -0.502058713156, 0.63529178999, 85, 2019
Z, 100, 0.9948546509577799, 62.5679272319, 66.7137156825, 0.947179431234, -0.093924070463, 0.0220942238102, 88, 2019
N, -100, 0.9948981825646777, 38.4431674644, 39.1155375191, 0.972710666216, 0.102737143976, 0.0417697923797, 88, 2019
E, -100, 0.4042992333982147, 7.9960615028, 6.97825596896, 1.7998646986, -2.67513679353, 2.1819158971, 88, 2019
Z, 100, 0.9884096302431755, 48.5665757082, 45.8015548607, 1.10294047955, 0.0125605334306, 0.0416127386601, 91, 2019
N, 100, 0.8439505791174393, 28.5757033204, 31.1076685023, 0.772663179346, -0.244931084535, 0.177399899058, 91, 2019
E, 100, -0.14570736019551117, 11.453755701, 3.31110137008, 5.07900677641, -1.28670839097, 2.74021825962, 91, 2019
Z, -100, 0.787755430018002, 34.5430541569, 20.2919720216, 1.99979154546, 0.741824491129, 0.143410084457, 94, 2019
N, 100, -0.6875680323001215, 17.1524900261, 16.5018034723, 1.48160490981, 0.0327315455544, 2.39990557029, 94, 2019
E, 100, 0.6854387643530713, 19.4115654028, 6.16442840872, 3.79343684384, 2.49399134662, 2.79663552296, 94, 2019
Z, 100, 0.9978823528343396, 34.127387152, 34.7013735229, 0.975112332536, -0.0212107405685, 0.00557404342334, 97, 2019
N, 100, 0.9724953502430953, 31.0903299168, 25.6290175369, 1.31084376885, -0.247952493906, 0.183591604657, 97, 2019
E, -100, -0.40955216090427604, 15.6340192211, 11.6351826017, 1.69672867316, 1.1036568362, 2.70213013084, 97, 2019
Z, -100, 0.9626040554030713, 59.6707306251, 67.554448665, 0.832259341467, -0.0221908389342, 0.216661096452, 100, 2019
N, 100, 0.9420609214281709, 75.4175622475, 45.7651449726, 1.72208173594, -0.158700525334, 0.13296762247, 100, 2019
E, -100, 0.42302885825278314, 10.4740725827, 10.045219455, 0.646890909855, 0.590156544406, 0.206208684827, 100, 2019
Z, -100, 0.814830193544545, 82.8754961586, 80.841599901, 1.01936759485, 0.643844750539, 0.0954456489648, 103, 2019
N, 100, 0.559932497369472, 105.151794755, 47.1195041807, 1.94849742311, 2.04243617306, 2.858332974, 103, 2019
E, 100, 0.127851074556966, 14.459344403, 6.98247135107, 2.77498272356, 1.62121007683, 3.12614129693, 103, 2019
Z, 100, 0.9969094780486034, 56.4171391033, 53.952755675, 1.02257889339, -0.0901647800101, 0.0322872122758, 106, 2019
N, -100, 0.8862051728242707, 28.8041473734, 31.0261067144, 0.869541676117, 0.297183569342, 0.212657343282, 106, 2019
E, 100, 0.00936015405810335, 22.9387052012, 3.89144158073, 6.77061634799, -0.0930220193266, 1.80699212106, 106, 2019
Z, -100, 0.995532369367405, 23.5269148646, 25.6934244364, 0.905025147705, 0.037672651751, 0.0507546256565, 109, 2019
N, 100, 0.9280964806388853, 39.2168020565, 24.5948085944, 1.77750900828, -0.596368038112, 0.470203088231, 109, 2019
E, -100, 0.6391760275799473, 6.45742515204, 10.2370529353, 0.756994050864, 0.256832346177, 0.529532667403, 109, 2019
Z, 100, 0.9984936012313373, 67.4345432306, 68.3093034037, 0.989070149487, -0.058772658214, 0.0186705934041, 112, 2019
N, 100, 0.9794499753357565, 46.0363604571, 48.5279405863, 0.928275612275, -0.199954577904, 0.0674561496665, 112, 2019
E, 100, 0.17767604996049094, 16.5290548093, 15.5571144116, 1.29499780362, 1.77684224192, 2.91362620049, 112, 2019
Z, 100, 0.9989273653955941, 73.303339712, 78.0131802255, 0.940717036023, -0.0245363599825, 0.0261059951351, 115, 2019
N, -100, 0.98411535874934, 43.4899326771, 48.3053160369, 0.843831306831, 0.0514331969352, 0.114379009642, 115, 2019
E, -100, -0.48952199749032277, 22.4729301153, 7.84032856624, 2.95463977334, 1.62824536425, 2.39314833658, 115, 2019
Z, 100, 0.9977106792507232, 60.5171570197, 60.1419562884, 1.01552899207, -0.0547459070752, 0.0246097896487, 118, 2019
N, -100, 0.8429952764426001, 29.821330704, 33.8486900515, 0.873171397669, 0.673001256419, 0.222612366844, 118, 2019
E, -100, -0.21915743862475304, 26.1553922388, 4.32557064899, 6.18863413301, 2.28767075047, 1.25969987594, 118, 2019
Z, 100, 0.9757935750741422, 23.2060315636, 19.0755765291, 1.19328444558, -0.28693670375, 0.1091332957, 121, 2019
N, -100, 0.9030228177410891, 29.1701382997, 17.3559283049, 2.0424981504, -2.39489857657, 2.64564501635, 121, 2019
E, 100, -0.17702284732749932, 10.0680023674, 4.41716733738, 2.39664896652, 1.58714097664, 0.312167305251, 121, 2019
Z, -100, 0.5449607378156046, 129.147784969, 80.507923164, 1.07369935214, -1.63470014903, 3.90129059647, 127, 2019
N, 100, 0.7305601747594382, 2501.56322348, 55.327457379, 36.1967150909, 0.499235277705, 0.855456857538, 127, 2019
E, -100, 0.31710901977534744, 34875.0255175, 15.1786878403, 2238.13960125, -0.866027429875, 1.75502693213, 127, 2019
Z, -100, 0.20047655365860872, 379.574157019, 92.741282801, 3.43189457546, -1.77287080058, 3.13642813338, 130, 2019
N, 100, 0.9153284705528316, 7196.72012213, 57.6618401941, 111.163276862, -0.411302169055, 0.135957675686, 130, 2019
E, -100, 0.5047744590107884, 100325.463038, 10.4328799541, 10226.5247087, 1.05783017709, 0.175613385413, 130, 2019
Z, 100, 0.9994510550751302, 72.6788587644, 73.3389340584, 0.989728671143, -0.0321651297413, 0.001630561249, 133, 2019
N, -100, 0.984182416517397, 44.7699825345, 35.430079462, 1.28425733934, 0.16179254159, 0.126817208508, 133, 2019
E, -100, -0.4875542311384422, 20.9734486254, 5.57532431728, 3.38830429708, 1.57086698737, 1.83454689876, 133, 2019
Z, 100, 0.9776968567942125, 42.7405402229, 45.4875867691, 0.905334520717, 2.92366455314, 3.12445737846, 148, 2019
N, -100, 0.9891365422391937, 46.1305623832, 25.1460375473, 1.78676445807, -0.045342279182, 0.0941820895575, 148, 2019
E, -100, 0.6382301951778689, 16.5128386843, 5.59647413117, 3.59260804521, 0.390378540962, 0.507656043107, 148, 2019
Z, -100, 0.9917712285673216, 34.244337274, 37.6593610751, 0.863582672821, 0.155053735565, 0.119289094689, 151, 2019
N, 100, 0.9406083281975839, 33.485773747, 30.379169855, 1.09344220779, -0.574585977009, 0.29869540069, 151, 2019
E, 100, 0.6349807511818631, 11.5237538457, 7.23799795155, 1.28265416939, 0.0340243180513, 0.731516774309, 151, 2019
Z, -100, 0.9994932482776598, 78.9624478007, 83.413967027, 0.943367395503, 0.0297485913146, 0.00582362114449, 154, 2019
N, 100, 0.9915101929513742, 69.636806623, 59.0995736426, 1.18042542638, -0.139076989814, 0.0104304011459, 154, 2019
E, 100, 0.5793309908047983, 29.458144318, 12.8364751175, 2.3907646136, -0.937667608499, 0.0473312271557, 154, 2019
Z, 0, 0.9997839403251025, 101.533328421, 104.904742585, 0.971685608738, -0.00295506866088, 0.000613907816989, 157, 2019
N, 100, 0.9960615311816623, 76.065184763, 69.0339636606, 1.10312576471, -0.0844314497714, 0.0366461258364, 157, 2019
E, 100, 0.6578385298507844, 15.3092308099, 16.9273141777, 0.871264659307, -0.839951451012, 0.0908732773787, 157, 2019
Z, 100, 0.9992978348360809, 85.698527316, 89.4185579011, 0.964941289705, -0.00557037149986, 0.0169216862396, 160, 2019
N, -86, 0.9994166540544392, 54.7316390535, 47.3721563111, 1.16667318836, 0.00810467708509, 0.0163100376283, 160, 2019
E, -100, -0.2620242424808195, 8.31002205509, 8.09155629337, 0.913734407047, 0.480850494222, 3.01978289833, 160, 2019
Z, 100, 0.9956649792835423, 45.2176212697, 43.0852270531, 1.07708244792, 0.0387611883402, 0.109651656941, 163, 2019
N, -100, 0.9560690544062042, 40.4481132091, 23.9211944395, 1.85450038788, 0.253062959296, 0.139827029584, 163, 2019
E, 100, 0.5937720974535841, 25.8664475791, 6.63375987352, 5.15256999526, -0.354748417765, 0.283506632331, 163, 2019
Z, -53, 0.9986202731178381, 62.6189643403, 66.4924757588, 0.922872746543, 0.0300252747583, 0.0421472086774, 166, 2019
N, 100, 0.9481348063751105, 118.668822472, 52.1963032315, 2.20644537106, -0.370569847065, 0.0884673839411, 166, 2019
E, -100, -0.4524451321763887, 125.683165875, 8.94580555863, 11.4722966483, 1.1206451123, 3.02998395848, 166, 2019
Z, 100, 0.9990340262825881, 93.4233868116, 95.4623304674, 0.966346637847, -0.0196486335491, 0.00671635663069, 169, 2019
N, 100, 0.9841369789133213, 76.3897990131, 64.7982931751, 1.17633622748, -0.200095152666, 0.0352141894032, 169, 2019
E, 100, 0.4784000235679232, 23.1561693511, 15.6630734367, 1.84832767855, -0.991362006679, 0.218642211811, 169, 2019
Z, 100, 0.9991547386734893, 85.0179348536, 87.7070405971, 0.975089336854, -0.0419890382544, 0.000924305397901, 172, 2019
N, 100, 0.9851055749316004, 60.9159970427, 55.4257298927, 1.0870705802, -0.150098990799, 0.0187840825413, 172, 2019
E, -100, -0.487530290315542, 9.80090073409, 12.686178456, 0.941152564618, 1.04678870066, 2.60530154449, 172, 2019
Z, 100, 0.9950163311772172, 63.8588504347, 62.6029158452, 0.981379494171, -0.13420100116, 0.0776247802282, 175, 2019
N, 100, 0.9943920870302558, 41.5044627081, 34.6117488764, 1.20722231233, -0.0510934664266, 0.0532918828589, 175, 2019
E, 100, -0.4902026288433937, 26.9584959005, 6.58809419851, 3.64098759452, 2.23071332158, 0.749103216604, 175, 2019
Z, -100, 0.9905441360816328, 30.1842983341, 28.1487010123, 1.07059607025, -0.545481973901, 0.670602825784, 178, 2019
N, 100, 0.9343726508819932, 37.7272089372, 25.4257385838, 1.49770574716, -0.286934789069, 0.0895015474352, 178, 2019
E, 100, 0.44758963420956416, 15.9017761224, 6.93517539627, 2.3944433821, -1.26724812859, 0.309859166242, 178, 2019
Z, -100, 0.9978708039137147, 68.6253723663, 71.8185057042, 0.934790649782, 0.026893887755, 0.012746498535, 181, 2019
N, 100, 0.9313124459597185, 53.256012713, 53.9518492745, 0.977565700262, -0.412021888314, 0.0986601184912, 181, 2019
E, 100, 0.9295560169228533, 15.1813869061, 9.32784872124, 1.4700465682, -0.0940989569183, 0.261269648534, 181, 2019
Z, -100, 0.9996106957978999, 110.1243838, 108.16594106, 1.01658747706, 0.0296555947684, 0.00843063396156, 184, 2019
N, 100, 0.9908639248449025, 77.6840508452, 72.7314189148, 1.06034004011, -0.170798504759, 0.0643599666168, 184, 2019
E, 100, 0.19232710786001664, 20.8723205862, 15.0007955164, 1.41165737505, -1.43512227351, 0.0395071538741, 184, 2019
Z, 44, 0.9993531539386985, 99.4015308495, 98.8508486699, 1.00255685006, -0.0336135199749, 0.0122259717209, 187, 2019
N, 0, 0.9947157395332392, 63.8834322805, 58.33375151, 1.1129631404, 0.081815623855, 0.10322206257, 187, 2019
E, -100, 0.8457344931428307, 12.5805010434, 16.3240996316, 0.695705732715, 0.493922768155, 0.0818717534704, 187, 2019
Z, 63, 0.9988878833301357, 59.405311296, 63.6662875127, 0.907176990208, 3.08506877866, 3.09397520851, 190, 2019
N, 100, 0.9901271796205842, 33.5828391209, 24.4640300551, 1.35307520064, -0.0411957329292, 0.0852796795486, 190, 2019
E, 100, -0.3247206141890856, 16.3468994562, 6.70614200563, 3.14812288417, -1.05193170266, 3.96925796126, 190, 2019
Z, -100, 0.9981987264869954, 47.1145441914, 51.247372023, 0.894504899728, -3.06185657975, 3.2070037198, 193, 2019
N, 100, 0.9856271982956727, 48.9236867347, 45.0059014716, 1.07526775437, -0.193611466905, 0.0561552485815, 193, 2019
E, 100, 0.8678692574249296, 10.7093303498, 7.66435004978, 1.38886405228, -0.449723842614, 0.0728938601941, 193, 2019
Z, -100, 0.758414812981903, 76.0242900472, 86.9230530939, 0.731669980623, -2.35374979807, 3.35992271875, 196, 2019
N, 100, 0.7893901892541176, 116.458126041, 61.1376100148, 1.94437555478, -0.487668725134, 0.141205287314, 196, 2019
E, 100, 0.15451885649354308, 17.6851928937, 10.3063554854, 0.962356472401, -1.60632002354, 0.664445684352, 196, 2019
Z, -100, 0.840161948959032, 126.761315061, 89.6439673208, 1.35947522222, -2.66861095247, 3.04451637927, 199, 2019
N, 100, 0.4506474885086671, 128.579176574, 57.8257166949, 1.64814114205, 1.69239466418, 2.59747309239, 199, 2019
E, 100, 0.7094746605230969, 16.399849456, 14.4426343316, 1.24346530619, -0.662205994186, 0.0468158528176, 199, 2019
Z, 100, 0.9978776285557166, 66.7779048515, 67.2312670324, 0.980701878045, -0.0737217558786, 0.0332228025655, 202, 2019
N, 100, 0.9607142905403531, 43.2495521003, 39.7001181728, 1.0761838152, -0.30418296887, 0.0312342842871, 202, 2019
E, 100, -0.1079936479110487, 8.24320653416, 10.2098320303, 0.902677139712, 2.37801955806, 0.817356273333, 202, 2019
Z, -100, 0.99272652056107, 34.9449761142, 40.6896991589, 0.827058212081, 3.09271903948, 2.97151670821, 205, 2019
N, 100, 0.861161490130451, 16.1063812264, 19.8611362205, 0.700313159648, 1.38861981823, 1.76404595571, 205, 2019
E, -100, 0.6074028159959393, 9.95778003818, 5.96622820047, 2.0678360241, 0.366768090571, 0.466764907233, 205, 2019
Z, -100, 0.9995443718009371, 51.838812447, 51.5844502719, 1.00064790304, 0.030605050937, 0.0197467134831, 208, 2019
N, 100, 0.9903276848139159, 48.2838264408, 42.3402486724, 1.17596584898, -0.159958965655, 0.0322870356299, 208, 2019
E, 100, 0.045878160059312396, 6.06285432776, 7.73611448702, 0.771440715237, 1.32378866534, 2.65881403228, 208, 2019
Z, 0, 0.9994025272309595, 88.1884917445, 93.3857358677, 0.932901826317, 0.00681547296903, 0.0168865111203, 211, 2019
N, 100, 0.99696088551173, 76.2421200452, 66.1428748676, 1.14401933885, -0.0869592589306, 0.00778842106459, 211, 2019
E, 100, -0.8859781091889958, 17.9688907261, 9.7973785661, 1.51917090249, -0.257731244339, 3.02050593725, 211, 2019
Z, 5, 0.996088413348277, 96.1063710338, 101.967653882, 0.903662434171, -0.0521038386658, 0.0669829112684, 214, 2019
N, 100, 0.9837973407188065, 77.0853441796, 62.1944400832, 1.3380639179, -0.0497026622731, 0.109503453914, 214, 2019
E, -100, -0.6587548409053101, 14.0330570615, 16.29887025, 1.03510196143, 1.18873185796, 2.45073749409, 214, 2019
Z, -100, 0.9670150192036369, 50.0953621208, 64.9798448847, 0.763220170498, 0.276938711217, 0.025887628999, 217, 2019
N, 100, 0.5823724195129308, 47.6502695991, 26.3206292432, 1.60798308188, 2.04412277631, 2.87866006717, 217, 2019
E, -100, -0.31023846032162344, 21.3094063945, 12.7300090482, 2.39148464917, 1.06483508636, 2.58798288273, 217, 2019
Z, 100, 0.9756308153743198, 28.8371096705, 36.0874861432, 0.716002352085, 3.20554005906, 2.89052302429, 220, 2019
N, 100, 0.9912715168155943, 40.1114601057, 35.1718985782, 1.12969579413, -0.171116157444, 0.118141851183, 220, 2019
E, -100, 0.7311303510118067, 20.6583026259, 6.17805389119, 3.358311954, 0.17033162601, 0.504684488086, 220, 2019
Z, -100, 0.988771424547568, 60.4385673317, 69.4531167945, 0.835871509365, 0.132142235927, 0.109275364855, 223, 2019
N, -100, 0.9870403633372867, 62.6099919298, 52.9288950022, 1.16627568038, 0.195031957848, 0.109379574134, 223, 2019
E, 100, 0.9529588883089608, 14.3137632078, 7.71536495272, 1.87066325237, -0.121936784358, 0.143919481322, 223, 2019
Z, 0, 0.9991331797603582, 77.565392044, 80.756124871, 0.95085600763, 0.0173382939656, 0.0177505090334, 226, 2019
N, 100, 0.9942673869544695, 65.0911607109, 52.5078507352, 1.19426375842, -0.111740944839, 0.0746941154299, 226, 2019
E, 100, 0.11381742389364845, 20.0732596414, 10.0052927289, 1.44874677939, -1.63846118798, 0.0128253776326, 226, 2019
Z, 100, 0.9987440222707702, 63.8055083828, 63.8880685385, 0.989829848177, -0.053155146025, 0.0138311838311, 229, 2019
N, -100, 0.9977167780575917, 41.3958029859, 37.9032080099, 1.07029105723, 0.0463493124395, 0.026739247969, 229, 2019
E, -100, 0.6960207876953785, 15.9313082473, 12.23861448, 1.77726038325, 0.839536976623, 0.684769777637, 229, 2019
Z, 0, 0.999148966050267, 36.1819920945, 36.4810422554, 0.987802424358, 0.0190902515371, 0.00381540283803, 232, 2019
N, -100, 0.8798138021331875, 25.2548857098, 14.4932464085, 1.95292558189, -2.30184793652, 3.55682304782, 232, 2019
E, 100, 0.8970294775759717, 22.8746987711, 7.18884032192, 3.93590990266, -0.9178789656, 1.01840432315, 232, 2019
Z, -100, 0.9937266291879312, 35.5492149386, 35.3086112048, 1.01622518846, 0.026387347481, 0.0950869770074, 235, 2019
N, 100, 0.9626741206571204, 38.7049102603, 30.2976514063, 1.30209939339, -0.363416371332, 0.15094613873, 235, 2019
E, 100, 0.45016534629315, 34.2392716665, 5.55582343577, 5.52955993846, -0.981954530989, 0.721247494878, 235, 2019
Z, -100, 0.9982772769650274, 69.0973920985, 71.6120282201, 0.957554220441, 0.0750766943427, 0.0266620715571, 238, 2019
N, 100, 0.9911813269462436, 54.2328192282, 53.9446777983, 1.00020131908, -0.112297470716, 0.024189295636, 238, 2019
E, -100, 0.535831958436402, 17.0305675229, 7.60946093686, 1.49301304954, 0.932509495463, 0.377031740145, 238, 2019
Z, 100, 0.9994556229115499, 84.6467519109, 89.8367789138, 0.928930598108, -0.0152255815132, 0.0019815295712, 241, 2019
N, 100, 0.999119367416726, 72.663166002, 56.6323787197, 1.27456238248, -0.0253738221041, 0.0145072092582, 241, 2019
E, -100, 0.8814087369286693, 21.0262361794, 9.20451050089, 2.12536886763, 0.431131630852, 0.0715499295918, 241, 2019
Z, 0, 0.9995225556922221, 57.5367489833, 63.3659916651, 0.89869381641, -0.0128083363619, 0.0141887122755, 244, 2019
N, 0, 0.9936983190682736, 33.6259798101, 27.2115653579, 1.20480942222, -0.000337843945797, 0.038948257498, 244, 2019
E, 100, 0.6684802742670535, 20.5063483565, 15.8788892168, 1.44433960502, -0.787707717081, 0.113349318038, 244, 2019
Z, 0, 0.9899873616214955, 34.5004262451, 29.1709741255, 1.15081798226, -0.0609983179492, 0.155032363979, 247, 2019
N, 100, 0.960379601246972, 31.4344446296, 28.0549372388, 1.09687500602, -0.203600071937, 0.0813228207787, 247, 2019
E, -100, 0.3761368761112846, 19.1190977759, 6.41577995221, 4.48436227236, 2.93539845889, 1.80483404589, 247, 2019
Z, -100, 0.9855705453061558, 66.458873293, 55.7255457618, 1.1789618936, 0.184606374693, 0.0209032542127, 250, 2019
N, 100, 0.9667259459385489, 52.3774973792, 46.2623505754, 1.07304190862, -0.157446025507, 0.0653201953962, 250, 2019
E, 100, 0.4627867920435076, 37.2083432377, 7.69432819681, 4.44276412544, -1.14230211807, 0.561763924645, 250, 2019
Z, -100, 0.9954687659813052, 72.0435031364, 65.0845803408, 1.11222862536, 0.01727801979, 0.0554165012834, 253, 2019
N, 100, 0.9969171101189265, 64.3963105123, 44.2195445845, 1.48354862134, -0.0244351172685, 0.002085873624, 253, 2019
E, -100, -0.3268965533124901, 55.3013499611, 7.39300800391, 5.24083794491, -2.06607688772, 0.471551595658, 253, 2019
Z, 100, 0.9970227745033976, 50.7081832058, 55.61218117, 0.911901774673, -0.0606305048497, 0.00974055277176, 256, 2019
N, 100, 0.9839713338133449, 39.7607797759, 30.3053252107, 1.25673767769, -0.219437292943, 0.131980606436, 256, 2019
E, 0, 0.8999901529668912, 17.4860939048, 8.6309567533, 2.44227681356, -0.0259675095748, 0.186477493101, 256, 2019
Z, 100, 0.9924045686434517, 29.7550516954, 30.8680425405, 0.960328571528, 3.03555625688, 3.20123571469, 259, 2019
N, -100, 0.2627485599123457, 19.73594939, 7.76028529103, 3.03971816865, 2.17511146566, 1.2066501154, 259, 2019
E, -100, -0.1508583227929278, 4.76427015318, 9.23613596545, 0.844828057751, 1.14020354275, 2.20668051686, 259, 2019
Z, -100, 0.9965935743579485, 34.8605557651, 33.5359004476, 1.02719759736, 0.0458060671122, 0.0246598119163, 262, 2019
N, 100, 0.9600111374649465, 25.9706875849, 27.307743474, 0.901087131869, -0.178017297188, 0.0915985397437, 262, 2019
E, -100, 0.3766248838813622, 17.6656941647, 3.96988362095, 5.61875592257, 0.916513916931, 0.924409335972, 262, 2019
Z, -100, 0.998514221709481, 62.1831563638, 59.8187642634, 1.05078859339, 0.0510007609905, 0.00868865479197, 265, 2019
N, 100, 0.9768486967125929, 56.5162656258, 46.7112224893, 1.19989713812, -0.217405107313, 0.00529212596193, 265, 2019
E, -100, -0.4666594373355105, 6.85111733349, 5.74459488918, 1.16067221283, -2.06743696319, 0.0460513498936, 265, 2019
Z, 100, 0.9979874185814885, 74.097663616, 71.2617276145, 1.05265134838, -0.0261173814013, 0.0357939705443, 268, 2019
N, 100, 0.9869925559113418, 53.535700054, 48.7807066348, 1.04407882469, -0.0953568310072, 0.0150335211516, 268, 2019
E, -100, 0.1765841256184381, 6.07168476301, 8.73056642594, 0.456586329607, -1.70501401899, 3.12135348233, 268, 2019
Z, 100, 0.9807665866800249, 54.460019981, 58.3617482308, 0.910512965768, -0.167256983738, 0.0419980163157, 271, 2019
N, -100, 0.8720785771583731, 23.8545018518, 23.725294063, 1.02070081592, 0.560892592885, 0.0796821059043, 271, 2019
E, 100, 0.7586196033879244, 33.4792876431, 9.06105007586, 5.2132790142, 0.19643594449, 0.645323485153, 271, 2019
Z, 100, 0.9850918973593008, 37.7913482768, 32.6042950868, 1.1294617073, -0.0830339983021, 0.0187639082876, 274, 2019
N, -100, 0.7904280816714319, 2264.19546431, 30.7809949871, 62.2353658242, 0.57478371442, 0.29948018273, 274, 2019
E, -100, 0.051937082592326184, 9815.16221916, 12.4549039762, 1276.15341547, 2.135996855, 1.42191299544, 274, 2019
Z, -100, 0.984660683090868, 68.1011691502, 60.1848444751, 1.14219685512, -0.114980874816, 0.175690827858, 277, 2019
N, 100, 0.9235157441652089, 3803.1157519, 48.5953043551, 64.7986196183, -0.243945013645, 0.276754665554, 277, 2019
E, -100, 0.5819742035634988, 16460.981446, 4.61966984276, 3218.04071335, 0.537775966601, 0.503568768088, 277, 2019
Z, -100, 0.5744469375879978, 2259.0718768, 56.8449561059, 31.3274479894, 0.643756655141, 0.788987324915, 280, 2019
N, 100, 0.47893409209360405, 1346.5708712, 43.5473470008, 23.9323804925, 0.496065097917, 0.962699238414, 280, 2019
E, -100, 0.18678022888118048, 2753.66172748, 9.74256599807, 250.038228312, -2.13347420336, 1.96948548411, 280, 2019
Z, 100, 0.9337859390499977, 5215.45477363, 44.652916883, 106.565277916, -0.337980115291, 0.0310699580386, 283, 2019
N, 100, 0.834834304859622, 3270.52419544, 24.945830239, 125.063026352, -0.577281509807, 0.0126610938803, 283, 2019
E, 100, 0.9252384938185665, 7011.37930509, 6.84949738027, 1084.10320438, -0.157050054682, 0.13932219086, 283, 2019
Z, -100, 0.9724441007693452, 38.640571402, 31.2055931919, 1.2423204398, 0.227919230041, 0.01866203887, 286, 2019
N, 100, 0.1938471948050053, 29.3163179813, 9.57479094772, 2.2254434554, 4.39595669504, 1.68964363905, 286, 2019
E, 100, 0.7382064694117876, 63.8508776126, 6.21451182952, 10.8076557812, -0.33422363745, 0.686642728216, 286, 2019
Z, 100, 0.9947909273330957, 46.2364642237, 42.929789712, 1.07919899964, -0.0820446045553, 0.054252822923, 289, 2019
N, 100, 0.9047176136377036, 27.1678658827, 34.9459780133, 0.761172706129, -0.403074104367, 0.0540924046415, 289, 2019
E, 100, 0.3292079209192891, 31.2071410081, 5.84928014292, 5.6950729431, -0.167112251457, 1.45595172974, 289, 2019
Z, 100, 0.9970690613546148, 71.5565040232, 68.1788700821, 1.05733150462, -0.0720569335283, 0.0550229780653, 292, 2019
N, 100, 0.9636702843952384, 44.5316754771, 51.9719774327, 0.833028150351, -0.204851961327, 0.072779761074, 292, 2019
E, 100, -0.5455963009554755, 20.5409494645, 5.53569770672, 3.16897054681, -0.431930277017, 2.46059598896, 292, 2019
Z, 100, 0.9985786136023083, 67.697654077, 68.0388343058, 1.00971803676, -0.0512924584794, 0.0426804063675, 295, 2019
N, 100, 0.9493691798745159, 41.0435097871, 50.1525158276, 0.8143826214, -0.306868144683, 0.0161930968938, 295, 2019
E, -100, 0.061656612856595946, 5.64817703112, 8.520121859, 0.644029572101, -1.51161633743, 2.96575693485, 295, 2019
Z, -100, 0.9976149672892981, 46.0647435539, 45.9797612869, 0.995173400578, 0.0670131784255, 0.0185527124553, 298, 2019
N, 100, 0.9769154618184905, 23.1662401269, 24.6821411283, 0.916739884922, -0.219509749961, 0.0120506752529, 298, 2019
E, -100, 0.2992322965533766, 3.41224470914, 10.3122775238, 0.302543297331, -1.57850761674, 1.93609755572, 298, 2019
Z, -100, 0.994071777930198, 41.1166463891, 39.4348196265, 1.07757828391, -0.18267120985, 0.216580490012, 301, 2019
N, 100, 0.9879063359617826, 28.156379505, 36.1603600541, 0.764421689972, -0.0444796776844, 0.0263199713388, 301, 2019
E, 100, 0.3545405970889327, 13.3814334624, 7.67264900872, 2.38029170657, -0.133355948937, 1.26662907946, 301, 2019
Z, 100, 0.9986309755981648, 84.4793317645, 75.3541647926, 1.12748545579, -0.0703074298773, 0.0242102670581, 304, 2019
N, 100, 0.9923929875947192, 55.663880126, 59.6607702988, 0.938313800142, 0.0134936320613, 0.10040346543, 304, 2019
E, -100, -0.204122758503422, 19.9136175504, 7.41644005329, 3.62319009436, 0.766224605987, 2.77546682001, 304, 2019
Z, 100, 0.9951992554548581, 76.751928764, 71.4444836112, 1.07439645382, -0.115485520537, 0.0445068052938, 307, 2019
N, 100, 0.9777461779111816, 54.9246306029, 54.2207535357, 0.999547624419, -0.248792171064, 0.0544248199914, 307, 2019
E, 100, -0.9631498560669635, 13.4126614715, 7.20910070989, 1.79682261151, -0.173882057993, 3.18204428282, 307, 2019
Z, -100, 0.998995750572697, 48.980925698, 44.9600732021, 1.10495901564, 0.0592304014896, 0.0302600851089, 310, 2019
N, 100, 0.9391532455553598, 34.6529458281, 33.5794652662, 1.05107326838, -0.305864715994, 0.0662611686904, 310, 2019
E, 100, -0.5932968950475587, 7.34852719261, 10.7921726414, 0.60195465878, -2.6089952721, 1.09904847007, 310, 2019
Z, 100, 0.9992727405447751, 30.8305694442, 28.2110748478, 1.08230928581, -0.0606205657377, 0.0228734648123, 313, 2019
N, 100, 0.9013005662143462, 11.4952716924, 14.8997822033, 0.742756273701, -2.76590509629, 2.58258202445, 313, 2019
E, 100, -0.5723928702230133, 7.28997800126, 6.55523873574, 1.10000082317, -3.78194779627, 0.054266239575, 313, 2019
Z, 0, 0.999258546619407, 54.042446, 51.1313993031, 1.07072716555, -0.0384806919875, 0.0446074338183, 316, 2019
N, -100, 0.9950470525026699, 39.3063303637, 42.0518571334, 0.936664372964, 0.0177733978112, 0.00174929870463, 316, 2019
E, -100, -0.2698770561228542, 11.6710026769, 6.21842390633, 1.39779556754, -0.762679162398, 1.49748547917, 316, 2019
Z, -100, 0.9985221264722955, 88.7599702474, 82.3814468762, 1.07588454478, 0.0433840735439, 0.0124928530384, 319, 2019
N, 100, 0.9930812664375172, 58.8279620815, 62.9264548223, 0.931656656109, -0.091117023209, 0.0328833597036, 319, 2019
E, -100, -0.21905532619203877, 42.358019588, 7.22327858615, 4.23649324114, -0.598728714601, 1.95152351376, 319, 2019
Z, 100, 0.9863933031551945, 86.9822563797, 79.5752918833, 1.08996162054, -0.188023826441, 0.0254311803522, 364, 2019
N, 100, 0.9938920955837635, 52.4680153067, 59.027063989, 0.903488301727, -0.060322359508, 0.050768764008, 364, 2019
E, 100, -0.32295303698820144, 11.1273907234, 8.3449107346, 0.932871875669, -1.06557599362, 2.38791473162, 364, 2019
