Chan, Phase Shift, Correlation, ptp-data, ptp-synthetic, rat, phasem, phasestd, DOY, Year
Z, 100, 0.9943671834306602, 67.041069353, 74.0820763266, 0.917189425201, -0.25988334649, 0.160683262953, 1, 2019
N, -100, 0.3441936414945062, 6.15524077744, 9.70428596491, 0.598886443462, 0.533910729407, 0.539542687987, 1, 2019
E, -100, 0.9979054739754784, 123.546791297, 161.09219144, 0.751208899677, 0.0873911022001, 0.0436004709694, 1, 2019
Z, 80, 0.9995261498413266, 106.96680835, 106.857682723, 1.00085526588, -0.01164534333, 0.0325447127569, 4, 2019
N, -100, 0.9857108975845222, 21.7081421611, 14.130630251, 1.65497745533, 0.159160692676, 0.144018776808, 4, 2019
E, -100, 0.9979405129643033, 144.443970922, 188.938389256, 0.770734178879, 0.0522271692523, 0.0230808412809, 4, 2019
Z, 0, 0.999986496682766, 107.888115642, 116.60991851, 0.925156296661, 0.00102858636864, 0.00427159954388, 7, 2019
N, 100, 0.9937713672625562, 28.7785087038, 24.9665916494, 1.13812630852, 2.42714823506, 2.99205385279, 7, 2019
E, -100, 0.9962487207397046, 145.88286867, 191.663205919, 0.759349212373, 0.0941686643945, 0.0127197529381, 7, 2019
Z, -100, 0.9991495901579753, 90.3686874579, 100.038596064, 0.911727644982, 0.0909749345579, 0.0436457511489, 10, 2019
N, 100, 0.9913449644300601, 28.9020690776, 27.381066084, 1.05951567092, -0.169670007108, 0.0312354650842, 10, 2019
E, -100, 0.9955002066536087, 125.14543537, 161.863114676, 0.763425059442, 0.125907041939, 0.0342933451792, 10, 2019
Z, -100, 0.9985473375661744, 59.3768787019, 64.4199087023, 0.927996432008, 0.0123294974766, 0.0207690494679, 13, 2019
N, 100, 0.9432172434107496, 22.2532801869, 20.8558750499, 1.08939265521, -0.175446926388, 0.0990188307132, 13, 2019
E, -100, 0.9981308804789175, 95.3739371762, 119.303599789, 0.793451072416, 0.0559703997356, 0.0237617316565, 13, 2019
Z, 100, 0.8749060520504695, 145.993783379, 61.3554196118, 2.12591042667, -1.32452187123, 0.819529785126, 16, 2019
N, 100, 0.15333684368475958, 36.0505186203, 9.47557479247, 3.02246371829, 0.361528042831, 1.3003332835, 16, 2019
E, -100, 0.949081377980768, 116.21774123, 128.13920819, 0.80381373975, 0.307680228958, 0.152282107018, 16, 2019
Z, -100, 0.9161916721182964, 147.81875922, 118.562088674, 1.40407192232, 0.799771038373, 0.586223535926, 19, 2019
N, -100, -0.00523126918651849, 40.6687566032, 11.5522291483, 3.96219228063, -2.18803392889, 1.55825844137, 19, 2019
E, -100, 0.9653145806215385, 155.547709996, 199.952184522, 0.801314509303, 0.116009670939, 1.4064840664, 19, 2019
Z, 95, 0.999676953735585, 137.085572838, 148.74263806, 0.911161810487, -0.0488062331697, 0.0165080961631, 22, 2019
N, 100, 0.9719743058496428, 30.9178503108, 21.8354833748, 1.45642625958, -0.436938238157, 0.188008098373, 22, 2019
E, -100, 0.9914180400374976, 197.56897579, 252.017978915, 0.790066230011, 0.11501688991, 0.0423153737745, 22, 2019
Z, -100, 0.987019070782834, 108.672496537, 126.982041113, 0.850459382964, 0.00826368396936, 0.0862447444784, 25, 2019
N, 100, 0.9893395060077579, 48.8230716023, 27.9919112176, 1.55609703332, -0.0161092691661, 0.157983700087, 25, 2019
E, -100, 0.9816053989912724, 182.637203976, 231.411167294, 0.778661642475, -0.106554184184, 1.33600195471, 25, 2019
Z, -100, 0.960969840451126, 81.2930004454, 65.4889224395, 1.2572502417, -0.24443847951, 1.75990493204, 28, 2019
N, 100, 0.7388064988750196, 41.4646369523, 24.3222692411, 1.78567169532, -0.390673147026, 1.38927294714, 28, 2019
E, -100, 0.9953960204896063, 121.20430951, 156.979348234, 0.811098579817, 0.0970291307529, 0.118300891322, 28, 2019
Z, 100, 0.9970119033104887, 58.4960912995, 68.8419062519, 0.873405514031, -0.125503022193, 0.0709537910704, 31, 2019
N, 100, 0.7024884459158123, 11.9588832425, 11.5364711188, 0.99136711974, -0.499933016919, 1.33013437958, 31, 2019
E, -21, 0.9991889824204423, 119.904067521, 146.934819486, 0.802244320819, -0.031988772559, 0.0545033654026, 31, 2019
Z, 100, 0.9994910489546237, 98.5755020314, 108.253390459, 0.922263798487, 0.525531922743, 1.85464988431, 34, 2019
N, 100, 0.9925739589688651, 19.5244956939, 17.0638037579, 1.15791619676, 0.135404217384, 0.200645299485, 34, 2019
E, -100, 0.9994654886806463, 145.54708769, 183.428482891, 0.796470276248, 0.00308364303645, 0.0213238000457, 34, 2019
Z, 19, 0.9998824942201298, 113.551073045, 123.261692421, 0.909288625527, -0.00599338719208, 0.0121364874914, 37, 2019
N, 100, 0.9917118140410903, 31.9361125786, 28.4113246494, 1.21606480006, -0.0810065510259, 0.0657104886941, 37, 2019
E, -100, 0.9981952902322752, 149.199951471, 192.63662679, 0.787616418681, 0.0889068593117, 0.0267540084249, 37, 2019
Z, 0, 0.9993540015393129, 100.44654994, 108.739336225, 0.927480243216, -0.0525719181667, 0.0416861019711, 40, 2019
N, 100, 0.9953548226649502, 32.1690047177, 30.5640900688, 1.03331291912, -0.0855749009388, 0.0767790422054, 40, 2019
E, -100, 0.9969234353095426, 134.653231147, 167.572953383, 0.792894232197, 0.0708611340078, 0.0211320435652, 40, 2019
Z, -100, 0.9986697256481805, 66.6057068405, 68.2299144322, 0.998941819813, 0.000667977785793, 0.0323320499081, 43, 2019
N, 100, 0.913465223355163, 23.6085904919, 23.5479521487, 0.981687318964, -0.612877736088, 0.289141472442, 43, 2019
E, -100, 0.9989712563729732, 101.964788028, 122.928217925, 0.828457366647, -0.0130990147364, 0.0192823605712, 43, 2019
Z, -78, 0.9941794491800469, 60.0323388235, 68.510487166, 0.912800305177, 0.212452651087, 0.13521070246, 46, 2019
N, -100, 0.8957365541654283, 10.6617630257, 12.4560096305, 0.96680429648, -0.142036947812, 0.313640342841, 46, 2019
E, -100, 0.9971873626810376, 113.136410753, 139.824315534, 0.798115255236, -0.216462946563, 1.33964884822, 46, 2019
Z, -100, 0.9916245271984672, 127.987530926, 160.292180315, 0.794315467357, 0.0186928033826, 0.135550531736, 52, 2019
N, 100, 0.9769545855601147, 26.4406003124, 28.0018730712, 1.02179762298, -0.161226142067, 0.124783322844, 52, 2019
E, -100, 0.9788893323205021, 179.601585818, 268.809599268, 0.678278725652, 0.18398078072, 0.216968996407, 52, 2019
Z, -100, 0.9888811867512565, 33.5860613618, 46.3856752591, 0.704446672127, -0.376928100033, 1.85612718881, 58, 2019
N, 100, 0.9794151021370499, 22.1024769203, 26.1492222419, 0.845348662979, -0.137346121308, 0.0775920881144, 58, 2019
E, -100, 0.9968889500286905, 94.0734869405, 127.803533275, 0.752836372162, 0.135453976787, 0.0810486559625, 58, 2019
Z, 100, 0.9944398969652886, 69.427032518, 76.5742170296, 0.863776892732, -0.0156074842591, 0.0854177157971, 61, 2019
N, -100, 0.8789914941968734, 12.8240482664, 10.9132372732, 0.957078933446, 0.25449532874, 1.01766678525, 61, 2019
E, 0, 0.9993225263134686, 116.901771585, 146.512149359, 0.794244088559, -0.0507626828086, 0.0339904157683, 61, 2019
Z, 100, 0.9997965023207958, 107.812734505, 119.096265967, 0.916402092848, 0.279125721804, 1.33762124609, 64, 2019
N, 100, 0.9995216283799097, 28.234449747, 22.7397643018, 1.20672602045, -0.0396546685141, 0.0633950436152, 64, 2019
E, -100, 0.9991798256155235, 147.547384603, 189.342827067, 0.784364715613, 0.0324244293499, 0.0135732645535, 64, 2019
Z, 16, 0.9999648008412877, 123.102956995, 133.150870734, 0.929374874572, 0.00121310205479, 0.00672712602331, 67, 2019
N, 100, 0.9981789136346121, 35.5185592298, 32.7331679228, 1.08438714332, -0.153869899331, 0.0696394439656, 67, 2019
E, -100, 0.996654218923356, 156.876426202, 199.20746917, 0.790778594091, 0.0806007437326, 0.0205575762178, 67, 2019
Z, 0, 0.9998146079064554, 103.145993614, 111.150304787, 0.92570367152, -0.025674522261, 0.0166270495862, 70, 2019
N, 100, 0.9963104942147933, 33.4910469413, 32.7306524896, 1.05352935287, -0.00679435035503, 0.057163360879, 70, 2019
E, -100, 0.993718725388684, 138.436003021, 170.367700243, 0.805187040386, 0.12098947401, 0.0190528503441, 70, 2019
Z, -100, 0.9972865438755844, 56.1721749351, 59.0469859618, 0.956856918878, -0.0553952277484, 0.036249850014, 73, 2019
N, -100, 0.9280489522131689, 27.0828933498, 23.9818315929, 1.13970622257, 0.528956635387, 0.172942144408, 73, 2019
E, -100, 0.9934503066610366, 96.1376252389, 118.853718319, 0.817801832789, 0.156799290958, 0.0765806461951, 73, 2019
Z, 1, 0.9981337163062554, 81.7718813631, 92.3337241391, 0.876307523979, 0.124202404381, 0.109754290438, 76, 2019
N, 100, 0.9334768637750531, 21.3012552689, 13.6602111867, 1.22626167526, -0.305018327527, 0.342625631134, 76, 2019
E, -100, 0.9808555176073779, 131.965791759, 169.322856955, 0.805481345133, 0.202541919342, 0.0715498699154, 76, 2019
Z, 100, 0.999335034846446, 140.975313347, 154.819588539, 0.892084753213, -0.103677384238, 0.0593504931782, 79, 2019
N, 100, 0.989342597463104, 28.9371065007, 21.7317418876, 1.3751469901, -0.182435228375, 0.0444763136198, 79, 2019
E, -100, 0.9965513650868285, 193.67188079, 254.660510578, 0.759825096468, 0.0823926025118, 0.0447091653691, 79, 2019
Z, 0, 0.999955779548238, 142.256930095, 155.453533597, 0.919913185621, 0.00815657616446, 0.0058892553387, 82, 2019
N, 100, 0.9786494312093837, 38.9910786368, 33.3463937907, 1.2222130342, -0.216377461548, 0.0646168705454, 82, 2019
E, -100, 0.9930999678483077, 204.998983569, 261.142427988, 0.78948495572, 0.142161942511, 0.0413048783658, 82, 2019
Z, 0, 0.9985520185518005, 90.9712139668, 94.2523218604, 0.972971386885, -0.0675356735914, 0.0427778609032, 85, 2019
N, 100, 0.9714568658016287, 34.2834637475, 34.2908354127, 1.00614787806, -0.276049806704, 0.0491456831164, 85, 2019
E, -100, 0.994279605727492, 138.852346923, 184.048402877, 0.753985061864, 0.106990343134, 0.0173002620363, 85, 2019
Z, 100, 0.8290206992771352, 28.5827951393, 33.7269161363, 0.651264805293, -0.237281580132, 1.35103139097, 88, 2019
N, -100, 0.9601332893618316, 18.3909876152, 22.8568580089, 0.80755651591, -0.140710286719, 0.145862235294, 88, 2019
E, -100, 0.9973500964025557, 84.2021145712, 107.028218561, 0.778778349839, 0.433223708862, 1.29778729188, 88, 2019
Z, 100, 0.9773453094730321, 87.5351645637, 89.0096987189, 1.05345705493, -0.45295560501, 0.22228177502, 91, 2019
N, -100, 0.9199744128424109, 18.6936346948, 12.812408727, 1.30065264664, 0.753702173776, 0.465675493701, 91, 2019
E, -100, 0.9992355569892207, 123.243920109, 155.148024832, 0.810319070941, -0.00172857035875, 0.0465017345696, 91, 2019
Z, -100, 0.9898364542489702, 121.732668331, 129.24653864, 1.07244732704, -0.116396357542, 1.37905973207, 94, 2019
N, 100, 0.9911499624364268, 34.5439793822, 26.7928355164, 1.2966794962, 1.62943950619, 2.800837239, 94, 2019
E, -100, 0.999176622403581, 153.373973815, 196.790811683, 0.788353164686, -0.0352077049286, 0.0441502927392, 94, 2019
Z, -100, 0.9980688155703887, 126.019909322, 135.60702696, 0.953495621417, 0.13240173952, 0.0510531949715, 97, 2019
N, 100, 0.9868468397817837, 38.5671001632, 33.7739430328, 1.18822544117, -0.159584233958, 0.0610408145176, 97, 2019
E, -100, 0.9967727600105121, 160.144651319, 202.201516927, 0.810973234244, 0.0819607249144, 0.038538810007, 97, 2019
Z, -100, 0.9935338470589538, 90.548148113, 100.297745447, 0.902316903296, 0.231275421839, 0.123155474578, 100, 2019
N, 100, 0.9888910245255542, 31.5750745469, 30.7633437117, 1.04253889956, -0.0957243221436, 0.0438075861222, 100, 2019
E, -100, 0.9944504196201979, 132.332443057, 165.086535337, 0.79787931721, 0.112963704724, 0.0174771104009, 100, 2019
Z, -89, 0.998291572385691, 37.5990293996, 46.3449515371, 0.775298602829, -0.28306819334, 1.33989793525, 103, 2019
N, -81, 0.9902472745851902, 17.8497878982, 20.6745422923, 0.886831108634, 0.0120299507497, 0.115472893247, 103, 2019
E, -100, 0.9928315436428846, 100.796139649, 125.109822346, 0.802746827765, 0.198565835154, 0.084076293895, 103, 2019
Z, 100, 0.9964601363564082, 106.337294026, 116.614158393, 0.953215069633, -0.212790333216, 0.111986779875, 106, 2019
N, -100, 0.9655257487140374, 20.19645235, 12.8945121399, 1.45119904388, 0.490279023418, 0.473303222922, 106, 2019
E, -100, 0.9954625172137929, 153.363986579, 203.27336828, 0.759261598124, 0.0768006050073, 0.0195875230426, 106, 2019
Z, -100, 0.9972162782670623, 146.588268196, 154.173021432, 1.01024892587, 0.0854665193443, 0.081533184953, 109, 2019
N, 100, 0.9724577720281657, 31.6662577623, 25.2536625766, 1.16446206963, 1.72075289648, 2.69606556925, 109, 2019
E, -100, 0.9944749492610395, 194.10764327, 256.524088086, 0.759835053477, 0.104304223605, 0.0392166880316, 109, 2019
Z, -100, 0.9974393874203326, 120.59684994, 130.886813732, 0.930127572553, 0.149373925632, 0.0487418391962, 112, 2019
N, 100, 0.9332741451759609, 38.4824996715, 33.3286718431, 1.2786805799, -0.156323624002, 0.146822392495, 112, 2019
E, -100, 0.9954647576953735, 176.067721427, 227.26116638, 0.79258599276, 0.14861326035, 0.0714354150633, 112, 2019
Z, -100, 0.9312482957402042, 52.7827587573, 67.6901856546, 0.781959259631, 0.759273305135, 0.356599899955, 115, 2019
N, 100, 0.8857231179009057, 28.9660887886, 29.7139254071, 0.960186093925, -0.472461153378, 0.0597726764334, 115, 2019
E, -100, 0.9992196038204172, 111.13060035, 146.530270881, 0.756794559449, 0.0435971448631, 0.0167531996701, 115, 2019
Z, 100, 0.9754221607235068, 37.869216797, 45.5375698646, 0.760348217363, -0.569491861584, 0.301624689358, 118, 2019
N, -100, 0.9764801607471878, 13.5649606534, 16.2505646671, 0.862196794058, -0.0305941682126, 0.0920168910075, 118, 2019
E, -100, 0.9995056166210863, 87.5867161915, 112.461872528, 0.779420726935, 0.0531642375238, 0.0319725816531, 118, 2019
Z, -100, 0.932482282872214, 95.5743667539, 98.5191175742, 0.921600096636, 1.34715508301, 0.993602619174, 121, 2019
N, 100, 0.9615845925414817, 18.6682932913, 14.9684521488, 1.31785866915, -1.09177436211, 1.34590996325, 121, 2019
E, -100, 0.9954420511480953, 124.53736934, 162.975689256, 0.769871194868, 0.127806064528, 0.0225176972411, 121, 2019
Z, 100, 0.9794433210424357, 119.559520921, 132.618055378, 0.802329658154, -0.355072571317, 1.47696689766, 124, 2019
N, 100, 0.9924226110773099, 31.9282789626, 26.6770821187, 1.17724856075, 0.72323705329, 2.18679177537, 124, 2019
E, -100, 0.9954194744133116, 155.485771374, 201.122095209, 0.757104721359, 0.112986064615, 0.0549667357262, 124, 2019
Z, 100, 0.9992435197973086, 117.624810003, 127.801491576, 0.910962304954, -0.0737978471367, 0.0235600694638, 127, 2019
N, 100, 0.9851681560843352, 35.0885014731, 30.3520476712, 1.18940885896, -0.160858923936, 0.0462235712589, 127, 2019
E, -100, 0.9948319731045929, 158.130417596, 200.457931121, 0.788729678447, 0.133387847412, 0.0376753266394, 127, 2019
Z, -100, 0.9969751019183708, 73.672632948, 82.2358929516, 0.890064649544, 0.153567735204, 0.0726446136264, 130, 2019
N, 100, 0.9760111377744498, 26.7777602033, 25.4656366982, 1.05651226312, -0.184476034003, 0.0455297671588, 130, 2019
E, -100, 0.9935619827947054, 126.874996509, 160.110802721, 0.787082409289, 0.088992314678, 0.0149545773013, 130, 2019
Z, 100, 0.9902907478699712, 59.0891331046, 69.8815070759, 0.787352701879, -0.357901549018, 0.21697412403, 133, 2019
N, -100, 0.9504117168139936, 12.5534814511, 14.7144567851, 0.892409759222, 0.0963649146211, 0.16353502569, 133, 2019
E, -100, 0.995328012164962, 124.178511302, 156.266136231, 0.788253542289, 0.150996581209, 0.0379078312602, 133, 2019
Z, 100, 0.9989855606358196, 107.248794985, 122.516333437, 0.885598601022, -0.046709411855, 0.0625566837665, 136, 2019
N, -100, 0.92038176536869, 18.2745047172, 12.7604022067, 1.45672644485, -2.93493538114, 2.57393816842, 136, 2019
E, -100, 0.9963434728553379, 171.557593325, 215.594354338, 0.794638004855, 0.0722595132614, 0.0177403126075, 136, 2019
Z, 100, 0.9923676212385233, 113.387581375, 135.52647799, 0.793173246805, 0.081868763146, 1.37308946336, 139, 2019
N, 100, 0.9784206408235889, 25.8804205328, 24.7799610237, 0.94814840352, 0.199362829608, 1.25042224706, 139, 2019
E, -100, 0.9942214160369164, 177.305615817, 232.164244164, 0.764147393969, 0.101614543914, 0.030248254388, 139, 2019
Z, -31, 0.9998573057001142, 97.2817310111, 104.366189145, 0.939005159929, 0.0263831177924, 0.0126775813231, 142, 2019
N, 100, 0.9664357028015973, 34.7821987726, 29.1965336331, 1.1998326744, -0.323268440297, 0.0995953219285, 142, 2019
E, -100, 0.9958238069945523, 142.593288365, 190.260008831, 0.744435567494, -1.07248874809, 2.49538002221, 142, 2019
Z, -100, 0.9553093896419512, 40.3899056312, 54.0021921839, 0.699030107273, 0.733518935139, 0.349058041993, 145, 2019
N, 100, 0.9811840374170838, 24.2549539189, 23.2923091553, 1.06561643108, -0.138527843496, 0.0486597279525, 145, 2019
E, -100, 0.9970331966681598, 93.518735529, 125.250620855, 0.753966734116, 0.103855828153, 0.0336882849767, 145, 2019
Z, 100, 0.9787941704135478, 45.9987019402, 54.9931694006, 0.799217276194, -0.598331681943, 0.407553729084, 148, 2019
N, 0, 0.9803267178213176, 9.44874742441, 10.103300568, 0.961964819436, -0.0346898267403, 0.0843553198362, 148, 2019
E, -100, 0.9985660382319683, 96.9230917705, 119.193703225, 0.794755670325, 0.0993202669377, 0.050290495369, 148, 2019
Z, 100, 0.9991672561104523, 92.0731884585, 102.659338163, 0.915062330072, -0.0864851199969, 0.0302882042254, 151, 2019
N, 100, 0.9920335846859862, 19.0133659539, 14.1478854727, 1.38870845656, -0.0547759614627, 0.0623614339528, 151, 2019
E, -100, 0.9975559079271822, 136.41833464, 167.704386799, 0.811589851662, 0.0391410563872, 0.0233077108496, 151, 2019
Z, 100, 0.9964787954701222, 119.168168052, 130.130359895, 0.868920290819, 0.731653649526, 2.25307128656, 154, 2019
N, 100, 0.9814408101475096, 30.3334668167, 23.0148912866, 1.31992828706, 0.413747182772, 1.84188547696, 154, 2019
E, -100, 0.9951518445708455, 164.304014482, 205.230538968, 0.806364139189, 0.0885069927998, 0.0316921063151, 154, 2019
Z, 100, 0.9992170033037061, 110.842132345, 117.503509004, 0.936541399343, -0.0865769962961, 0.0316542466513, 157, 2019
N, 100, 0.9604897310155764, 30.9077059125, 25.0861429979, 1.253089483, -0.294010666081, 0.0832545756727, 157, 2019
E, -100, 0.9931295137393902, 158.878976196, 202.840973969, 0.779293999899, 0.159501258064, 0.0546018892182, 157, 2019
Z, -100, 0.9989586196508254, 69.1747057858, 74.8562524555, 0.918769169944, 0.0280195367467, 0.0144916692144, 160, 2019
N, 100, 0.9646566456869465, 21.3226966903, 20.2743831536, 1.03980269694, -0.266720860265, 0.0352043521536, 160, 2019
E, -100, 0.9923231467874444, 129.144164638, 167.622121193, 0.771574944779, 0.112061735209, 0.034802303662, 160, 2019
Z, 100, 0.9931526441070935, 71.1118295926, 79.1315066083, 0.87325045489, -0.255814360573, 0.239590249616, 163, 2019
N, -33, 0.8279275507104205, 7.90699568098, 10.0274846236, 0.790278017238, -0.0944229026302, 0.193839301185, 163, 2019
E, -100, 0.9965943940345933, 134.026508902, 171.441857089, 0.775963981863, 0.134935552535, 0.0654772310535, 163, 2019
Z, 100, 0.9992476149415072, 94.1344099337, 112.230205853, 0.851841369358, 0.0302354497786, 0.064477099455, 166, 2019
N, 100, 0.9642080192993874, 18.6940722533, 12.0030544747, 1.77020379173, -0.255618799767, 0.182265605096, 166, 2019
E, -100, 0.997571276275096, 160.804746757, 203.68124296, 0.787762262439, -0.247644211198, 1.33104486693, 166, 2019
Z, 100, 0.9967286251162342, 105.073476047, 116.837080259, 0.87071845512, -0.195163416656, 0.0890460007038, 169, 2019
N, 100, 0.9789700549547894, 29.6766693176, 22.6063614516, 1.31426526781, 0.0706632404528, 1.33061405451, 169, 2019
E, -100, 0.9954986472986398, 157.669102616, 204.993667725, 0.769575726372, 0.0997580882984, 0.0125677663688, 169, 2019
Z, 100, 0.9987866713563155, 84.3209801196, 92.0190503116, 0.915122365199, -0.103412609057, 0.0646638036511, 172, 2019
N, 100, 0.9729904196603967, 29.5821608406, 25.6637417345, 1.16948426817, -0.246088623915, 0.0517672014802, 172, 2019
E, -100, 0.995439767712251, 127.810341939, 168.722659881, 0.752647495743, 0.111630598015, 0.0320074819286, 172, 2019
Z, -100, 0.9650105350158171, 44.9053021759, 55.4476907765, 0.74519092718, 0.0341250187494, 0.20972067046, 175, 2019
N, -100, 0.7845951976076561, 40.8271419544, 19.7376190798, 1.79883949377, 0.158309196081, 0.744486795718, 175, 2019
E, 100, 0.9791257579222656, 94.3322873227, 119.955269136, 0.84712807619, 0.0411201773488, 0.32260532142, 175, 2019
Z, 100, 0.8544740818830626, 59.3928376142, 59.1714102297, 0.913299818821, 0.256999443367, 1.28525864899, 178, 2019
N, -100, 0.5706984656714945, 72.0345789254, 7.89491243008, 7.24386371846, 0.601233614428, 0.521367887103, 178, 2019
E, 100, 0.9811635467182891, 154.866966583, 122.401783208, 1.16272066903, 0.984124217304, 2.42744034731, 178, 2019
Z, 100, 0.9954452191645735, 91.0365088449, 104.549800671, 0.844588484349, -0.0088479755811, 0.105890396991, 181, 2019
N, 100, 0.9913424783762106, 16.0060883514, 11.3700796208, 1.45525243373, -0.265355110159, 0.130882323238, 181, 2019
E, -100, 0.9952640452654233, 143.083986294, 174.202813377, 0.817555859938, 0.0416880460823, 0.0377318632097, 181, 2019
Z, -45, 0.9998356927606521, 124.377557522, 130.889407861, 0.948199575084, -0.267167537835, 1.33947206439, 184, 2019
N, 100, 0.9856036049362374, 25.8095156995, 19.4819916526, 1.34664824962, -0.0132838014518, 0.0921785568626, 184, 2019
E, -100, 0.9912597011282458, 167.656250714, 218.283974294, 0.78159763355, 0.138562417693, 0.0356664708255, 184, 2019
Z, 33, 0.9990624351379473, 108.558944573, 117.030050048, 0.922415586148, -0.0828753495469, 0.0448261549526, 187, 2019
N, 100, 0.9740472270558908, 28.6779148805, 22.9857595084, 1.25495877096, -0.294591857524, 0.0852504555092, 187, 2019
E, -100, 0.9919347746227248, 167.959559895, 216.454654952, 0.770732103754, -1.33870283676, 2.71310950857, 187, 2019
Z, -100, 0.9990802027869364, 67.6299672493, 76.9466500183, 0.867737013944, -0.244609558676, 1.34017636418, 190, 2019
N, 100, 0.9665197961180991, 20.138248718, 20.1968946506, 0.986372861947, -0.15716090858, 0.0556928105648, 190, 2019
E, -100, 0.9962096626686143, 132.941208993, 174.598497518, 0.762173447406, 0.0991226561746, 0.0442140956081, 190, 2019
Z, 42, 0.998049664396571, 63.0996970255, 72.8327510397, 0.882138356161, 0.0773881396626, 0.154839821445, 193, 2019
N, 100, 0.7126427755771577, 7.90606377353, 10.3781277863, 0.752609851966, -0.194851804173, 1.25564857187, 193, 2019
E, -100, 0.9989188240089244, 131.387656296, 162.969146979, 0.798805828201, -1.40848084197, 2.63957508303, 193, 2019
Z, 100, 0.997928286111076, 93.6959596694, 104.371813036, 0.855604218741, -0.0328572774186, 0.0745201650826, 196, 2019
N, 100, 0.9869379311894129, 18.9474845684, 12.4422950759, 1.63422336638, 0.165775491509, 0.161193671965, 196, 2019
E, -100, 0.9977625091904785, 149.266014518, 189.369843188, 0.796571865059, 0.0652335522383, 0.0366330957142, 196, 2019
Z, -80, 0.9982512715487541, 97.7117614096, 112.536637947, 0.861161305492, -0.0360829807079, 0.0586071736923, 199, 2019
N, 100, 0.9856622131590752, 27.5749168808, 23.5172906742, 1.21624919679, 2.47907334615, 3.03436913512, 199, 2019
E, -100, 0.9955235957732366, 139.764601786, 192.455734473, 0.727716981109, 0.0762847807213, 0.0751523247426, 199, 2019
Z, -22, 0.9963155999787214, 81.2370459547, 94.2985835208, 0.80829034433, 0.0289149055472, 0.0817277018421, 202, 2019
N, 100, 0.9174582439710994, 27.2867994696, 26.5782522667, 1.03192891421, -0.200186643717, 0.198460639463, 202, 2019
E, 100, 0.9916105669756076, 107.858158368, 162.32402775, 0.669317499213, -0.0108761260895, 0.153626911691, 202, 2019
Z, -100, 0.99879059909446, 53.5743730603, 61.4223253817, 0.848662608616, 0.0859308889946, 0.0355334661608, 205, 2019
N, 100, 0.970568830499138, 29.2996879198, 20.5741687599, 1.42594123812, -0.322977588659, 0.137709938766, 205, 2019
E, -100, 0.99456185251373, 107.378995641, 119.104801149, 0.912361121909, 0.000758159261459, 0.0383668575183, 205, 2019
Z, -100, 0.9935819159590119, 51.3663452656, 60.5747954391, 0.900102084046, 0.201895628538, 0.164889891637, 208, 2019
N, 100, 0.8800458493476607, 22.7295258888, 8.90134368467, 2.41006727781, 0.158026873615, 0.291804446773, 208, 2019
E, -100, 0.9235706418649395, 101.199796362, 125.617951496, 0.81421068381, -0.207126915131, 1.86887642208, 208, 2019
Z, 100, 0.9969019855411456, 100.825918392, 114.825308908, 0.823479101886, 0.109995029931, 0.136975288822, 211, 2019
N, 100, 0.7957885074272047, 18.9761270372, 11.6430580503, 1.89809238126, -1.02439182661, 0.37652443852, 211, 2019
E, -100, 0.9912837441476887, 140.821189794, 193.031438138, 0.702653322355, -0.126312134454, 1.36302988122, 211, 2019
Z, 100, 0.9990080770890695, 125.780664932, 143.162795208, 0.867807416042, -0.0837801034302, 0.0324378439239, 214, 2019
N, 100, 0.9493287543513851, 32.5269729835, 21.6828824582, 1.50436805819, -0.363917589236, 0.105470093379, 214, 2019
E, -100, 0.9982109011441522, 191.350251514, 244.169177626, 0.785319479521, 0.0636465575641, 0.00968518409799, 214, 2019
Z, 12, 0.9992651364323236, 112.689036877, 120.762117295, 0.934776189276, -0.0807482513141, 0.0504517842274, 217, 2019
N, 100, 0.9547710688287656, 36.2874937932, 27.5663437206, 1.34023952613, -0.299159560326, 0.0483350321847, 217, 2019
E, -100, 0.9955104236416272, 182.442289046, 227.397797837, 0.793435508762, -0.2229140761, 1.33073612227, 217, 2019
Z, -100, 0.9862166033447158, 71.3191168785, 65.9583528367, 1.13851457596, -0.25282732857, 1.33250801735, 220, 2019
N, 100, 0.9533097053499062, 28.2111952239, 23.8783912688, 1.18181247791, -0.297291091709, 0.0996068767365, 220, 2019
E, -100, 0.9921389728650818, 125.266463386, 158.294618562, 0.787503527084, 0.0830312668537, 0.044634082933, 220, 2019
Z, -100, 0.9234788238884675, 63.3549685736, 72.5475462877, 1.06655739431, 0.633147357732, 0.44018688474, 223, 2019
N, 100, 0.9636131372080896, 15.3146732288, 10.7757150177, 1.46328447722, -0.334726093208, 0.19943562273, 223, 2019
E, -100, 0.9980613257629648, 113.273655332, 153.345532629, 0.735447724531, 0.143745482245, 0.123005490878, 223, 2019
Z, 70, 0.9991655723074852, 88.1290236299, 109.962927496, 0.797983778605, -0.0862635029636, 0.0784529376432, 226, 2019
N, 100, 0.9691067467555884, 24.1431655817, 17.4228341332, 1.4564618765, 1.35097417925, 2.69554813735, 226, 2019
E, 0, 0.9999711044194601, 139.483431838, 188.219906126, 0.746761554611, -0.00141678956736, 0.00787844388439, 226, 2019
Z, 100, 0.99880836534294, 110.319347013, 120.094867929, 0.914841401313, -0.113824211843, 0.0360935911907, 229, 2019
N, 100, 0.9791205777856029, 37.1672365007, 28.5709275971, 1.32873331021, -0.228600218269, 0.0616434859851, 229, 2019
E, -100, 0.9996084363082905, 146.417238336, 192.16071836, 0.757799170343, 0.0256498713487, 0.0157278821196, 229, 2019
Z, -18, 0.9998250544911649, 92.964596943, 101.093612259, 0.918320662275, -0.0119391816368, 0.0108171253775, 232, 2019
N, 100, 0.9796968752534568, 38.00859448, 30.1619618508, 1.24990130652, -0.215118080466, 0.0150369024288, 232, 2019
E, -100, 0.9989598328274795, 130.415162604, 161.096682078, 0.798947340557, -0.272719094195, 1.32419420807, 232, 2019
Z, -100, 0.99672587898369, 52.162223148, 61.0035222636, 0.819396979714, 0.126806879267, 0.0602505564549, 235, 2019
N, 100, 0.9853412546932147, 25.3624911136, 22.2176971089, 1.14093870759, -0.164065304626, 0.0644728117316, 235, 2019
E, -100, 0.9955933905408365, 98.0134382386, 114.158190945, 0.852757922441, 0.0576770142925, 0.0319408230341, 235, 2019
Z, 0, 0.9958221612855859, 63.5171362738, 72.6647007213, 0.901189893914, 0.196275008253, 0.123471579512, 238, 2019
N, 0, 0.9853072112203077, 12.2253643963, 10.7146281957, 1.14095931345, -0.205687725264, 0.346800813747, 238, 2019
E, -100, 0.9953082784139105, 109.25083155, 141.541243337, 0.779979791886, -0.456630252744, 1.83868893898, 238, 2019
Z, 100, 0.9975090822137178, 124.76747103, 138.386340743, 0.853135359877, 0.0226822410084, 0.109012917246, 241, 2019
N, 100, 0.9969987602892679, 25.5554900493, 17.1780198779, 1.50072423398, -0.010784038589, 0.0589386188681, 241, 2019
E, -100, 0.9967515072613349, 177.543050375, 228.352439544, 0.775535384471, 0.0720892103765, 0.0291523324435, 241, 2019
Z, -100, 0.9968742769935878, 141.223132045, 155.981362732, 0.901333569379, -0.0217051873027, 0.0378619979927, 244, 2019
N, 100, 0.9871513769538688, 33.1634764514, 28.7682651688, 1.20030215056, -0.135875960887, 0.0911611486811, 244, 2019
E, -100, 0.9939652750811419, 202.91550296, 265.129745839, 0.76776165197, 0.126723668755, 0.0411040727449, 244, 2019
Z, -13, 0.9975705631805343, 97.3087816403, 111.012820989, 0.896508447258, -0.0195134548273, 0.0543954444007, 247, 2019
N, 100, 0.9714349349992447, 32.5133111962, 33.0117949313, 0.957359256613, -0.232470640092, 0.0213206006515, 247, 2019
E, -100, 0.9960883237356779, 158.32254703, 213.136265085, 0.733144116856, 0.0578041391949, 0.0171498243905, 247, 2019
Z, 100, 0.9792575416967935, 57.1918905738, 42.8192823864, 1.23936051324, 2.27159510863, 2.9915340107, 250, 2019
N, 100, 0.9626407285935996, 20.9805930461, 24.475693815, 0.849612760005, -0.274810321504, 0.111127939715, 250, 2019
E, -100, 0.9990825430307724, 92.9253648263, 126.489305374, 0.751392708713, 0.0888894245363, 0.070118730131, 250, 2019
Z, 100, 0.6392150657347704, 441.134599172, 84.8539674973, 5.38112741427, -0.383016719914, 1.2393837464, 253, 2019
N, -100, 0.4219200949718319, 25.7892688988, 9.79874596514, 2.27750835303, 0.0353043966474, 2.39219107896, 253, 2019
E, -100, 0.9622855502929455, 130.139790198, 158.267879987, 0.760258286857, -0.468877600918, 0.326129063789, 253, 2019
Z, -100, -0.7263052010912632, 333.199991051, 122.385674788, 2.55083639825, 2.61650043147, 1.72862005877, 256, 2019
N, 100, 0.5202402172984796, 39.5785744314, 24.4046708044, 1.97611901092, 1.0014093736, 2.29243627179, 256, 2019
E, -100, 0.9178641829366687, 183.615711225, 194.890940803, 0.885381137525, 0.372470754872, 0.306176247019, 256, 2019
Z, 100, 0.4349654835169102, 208.757400122, 128.729524267, 1.61884077748, -1.22725004079, 0.553951890866, 259, 2019
N, 100, 0.896947573020892, 52.3810523593, 33.4776265591, 1.65632647313, -0.315675046151, 0.320051077651, 259, 2019
E, -100, 0.9387825479933158, 187.486331028, 193.985462211, 0.948844754594, 0.474281160389, 0.111909144021, 259, 2019
Z, 100, 0.8138405105257631, 100.058118755, 101.51343751, 0.96500179897, -0.996976876702, 0.214412206136, 262, 2019
N, 100, 0.9789847121944586, 27.4979385316, 31.8298975813, 0.774127391501, 0.0415150706576, 0.143886134419, 262, 2019
E, -100, 0.9629532116270892, 117.674541203, 156.487602701, 0.767266819914, -0.972819049924, 2.79827285929, 262, 2019
Z, 100, 0.984151683654828, 51.2457085725, 51.0563651622, 0.976890124826, -0.123439239632, 0.0857053566871, 265, 2019
N, 0, 0.9825507632518007, 17.5749369348, 21.5936706133, 0.830925829749, -0.075828674193, 0.131112232826, 265, 2019
E, -100, 0.9979091801154404, 84.4331380923, 106.010071743, 0.799848629883, 0.12792355084, 0.0987060028747, 265, 2019
Z, 100, 0.30825141767392544, 542.21960298, 100.059116331, 5.61771869511, -0.542176691582, 1.74421386007, 268, 2019
N, 100, 0.3337263031914565, 86.8621082494, 13.4461399197, 6.7527070543, -2.42424945833, 2.6592198192, 268, 2019
E, -100, 0.9924056902163365, 173.913711008, 176.494453674, 1.03559572439, 0.118759510365, 0.243534585951, 268, 2019
Z, 100, 0.05980288139313418, 282.250461604, 158.558079134, 1.98344492461, 1.94379176986, 1.6097970843, 271, 2019
N, -100, -0.6411820203367599, 106.217847382, 23.5877457331, 5.07164196064, -2.32010631799, 1.42318708233, 271, 2019
E, 100, 0.9405905819824789, 284.544938579, 259.798794735, 1.20924676863, -0.570162214973, 0.33248383227, 271, 2019
Z, 100, 0.6309934676562029, 363.964767915, 151.392395694, 2.3696251266, -1.05539460109, 0.507610324247, 274, 2019
N, 100, 0.9214514988437115, 40.5964150195, 34.1044995906, 1.10144548941, -0.431558280988, 0.138715753544, 274, 2019
E, -100, 0.9152161627540036, 185.757449992, 258.114989507, 0.613297625001, 0.854259225553, 2.07240939168, 274, 2019
Z, -100, 0.8755826503677304, 63.6899170068, 87.4619811366, 0.783810480257, 1.20175216516, 0.843957167575, 277, 2019
N, 100, 0.9447470904864761, 39.8636850627, 33.2634387378, 1.23825881546, -0.172802126876, 0.121589771094, 277, 2019
E, -100, 0.9940568451131658, 136.921201961, 175.532417493, 0.770037255319, 0.0469899258116, 0.0447389457784, 277, 2019
Z, 100, 0.8184053936023309, 36.7828453954, 44.6065351748, 0.853275139608, -1.90035033, 0.983356160146, 280, 2019
N, -100, 0.9903589296701337, 15.9440463072, 20.41590406, 0.822714596621, 0.165640727574, 0.127892675621, 280, 2019
E, 0, 0.9985806249698173, 93.59665967, 117.210518867, 0.764159464117, 0.0624448550876, 0.0859941504415, 280, 2019
Z, 100, 0.9994816138669983, 88.8407338735, 98.5686194001, 0.920956943818, -0.0382556264576, 0.0321648953753, 283, 2019
N, -100, 0.9820770905481939, 19.683487539, 15.0925848258, 1.27038458421, 0.565867481177, 0.311379070773, 283, 2019
E, -100, 0.9993640777154367, 131.009549514, 167.686684704, 0.785294136771, -0.00675934688443, 0.0296081688468, 283, 2019
Z, 78, 0.9996893007786023, 120.400448549, 131.514441002, 0.93537763941, 0.0277251573327, 0.0327928850612, 286, 2019
N, -95, 0.9979232549523345, 32.7403335345, 28.8708971942, 1.18809868259, -0.249399846431, 1.33545027271, 286, 2019
E, -100, 0.9967626394687121, 154.3067632, 199.46160927, 0.778798360976, 0.0424328890474, 0.0255157001137, 286, 2019
Z, 0, 0.9998191723680843, 121.034423963, 130.012010861, 0.93243223795, -0.00452926488595, 0.0143434836089, 289, 2019
N, 100, 0.998152213782281, 38.0343403795, 34.2593270975, 1.12187896051, -0.0370399081109, 0.0299224842012, 289, 2019
E, -100, 0.9944536284401598, 155.10140087, 191.656099964, 0.817285512403, 0.129356799311, 0.040440889515, 289, 2019
Z, -76, 0.9991588822191403, 89.0639186757, 92.4129437839, 0.952490906509, -0.0331691597277, 0.0294286685867, 292, 2019
N, 100, 0.9925746925226125, 29.519264457, 29.3276976831, 1.00751673843, -0.0658781131785, 0.0533678707372, 292, 2019
E, -100, 0.9941903137756233, 113.665209112, 147.955877672, 0.76410216989, 0.109948633021, 0.0183059259764, 292, 2019
Z, -100, 0.9904525282561691, 44.1811212952, 51.9190764501, 0.994738689822, -0.524984282733, 1.71428892141, 295, 2019
N, -100, 0.972863927364, 13.7216417839, 18.152829559, 0.80156206934, -0.035925070718, 0.187992445175, 295, 2019
E, -100, 0.997205714650854, 103.422872942, 124.67521841, 0.819737100838, 0.10276362327, 0.0426858449213, 295, 2019
Z, 100, 0.9994339324262328, 111.374506126, 124.156521465, 0.88020863542, 0.00496934760448, 0.0425136525832, 298, 2019
N, -100, 0.951945434691381, 21.3891348396, 14.7027530455, 1.36138577851, -2.93223643205, 2.83885977609, 298, 2019
E, -100, 0.9955395800580679, 172.953427302, 211.573759716, 0.81499441273, 0.0702877167321, 0.031954155664, 298, 2019
Z, 100, 0.9999296946865556, 142.634163085, 157.223756122, 0.917172254003, 0.299399926752, 1.33669202199, 301, 2019
N, 100, 0.9856947084307452, 36.5261314081, 26.7601468029, 1.48152318891, -0.0531279310814, 0.0933254626474, 301, 2019
E, -100, 0.9945116226062647, 207.563502008, 261.862492077, 0.803563197026, 0.0669795679395, 0.040525056817, 301, 2019
Z, 0, 0.9995149705066078, 117.168143528, 129.433754557, 0.89628156548, -0.0238543705094, 0.0204548527139, 304, 2019
N, 100, 0.9708055600433573, 37.7605942129, 33.5328656551, 1.11561403415, -0.348064631749, 0.151136754589, 304, 2019
E, -100, 0.993847740925689, 170.638012189, 225.145876121, 0.754932671689, 0.170584397169, 0.0607576541552, 304, 2019
Z, -100, 0.9867968501972673, 55.2708660757, 64.5457827856, 0.847111648693, 0.222714161514, 0.0937310761195, 307, 2019
N, 100, 0.9635724437887636, 28.2414725696, 28.3400096557, 0.989435961919, -0.309097697162, 0.0563727449962, 307, 2019
E, -100, 0.9980188527366025, 106.56152696, 140.232850807, 0.760141695815, 0.0777797602212, 0.0376661279365, 307, 2019
Z, 100, 0.9973833824997819, 47.7515300881, 55.5175595024, 0.852719949318, -0.220929881677, 0.0796223284592, 310, 2019
N, -100, 0.9406589992440009, 9.43786507766, 13.979871329, 0.737467371304, -0.191349045727, 0.19646251632, 310, 2019
E, -100, 0.9993716719089507, 100.537768629, 123.04259521, 0.797021552921, 0.0284346978384, 0.0358911426255, 310, 2019
Z, 100, 0.990838266600271, 101.249363037, 105.346710003, 0.867521913567, 0.323487211688, 0.286562108722, 313, 2019
N, -100, 0.992290296240691, 23.0135640429, 17.2746309371, 1.34506111727, 0.36779092717, 0.198600487461, 313, 2019
E, -100, 0.9967974928248694, 134.598513078, 170.824262368, 0.793777028366, 0.0412679031989, 0.0289049680753, 313, 2019
Z, 100, 0.9941516454491975, 116.917153914, 132.392747151, 0.844698246682, -0.0243788927263, 1.38409386286, 316, 2019
N, 100, 0.9965514022942408, 30.5482212282, 28.2869500957, 1.12512622615, -0.048176126777, 0.0438032367536, 316, 2019
E, -100, 0.9929040153732941, 155.675266874, 198.886581876, 0.782034360364, 0.120355925231, 0.0372112933629, 316, 2019
Z, 100, 0.9925316181925067, 100.533176227, 123.542694217, 0.797980502917, -0.27091922263, 0.121947640485, 319, 2019
N, 100, 0.9857166073432269, 31.4963844296, 30.4800357651, 1.00753022466, -0.268485822337, 0.104801169893, 319, 2019
E, -100, 0.9928276193604598, 145.511738542, 188.630474685, 0.764211617787, 0.156443815851, 0.0483192680162, 319, 2019
Z, 100, 0.9939754430795653, 82.0109247806, 80.2784752079, 1.03006643466, -0.159330440178, 0.0852059478438, 322, 2019
N, 100, 0.9871049635021583, 22.0514092393, 24.0187198391, 0.916713576786, -0.142627518605, 0.0671007594295, 322, 2019
E, -100, 0.9924269931510725, 110.687990506, 146.524242563, 0.753332407433, 0.118135520517, 0.0427577740559, 322, 2019
Z, -72, 0.9968317446790894, 66.2321683395, 73.4717707413, 0.960508362035, 0.172220638289, 0.165154142741, 325, 2019
N, -100, 0.7501111428067255, 7.29846583089, 12.6507121431, 0.618805049934, -0.363605061796, 0.402894792674, 325, 2019
E, -100, 0.9960737768544548, 126.439523017, 156.252953915, 0.805221863069, 0.0894109469898, 0.0216308834914, 325, 2019
Z, 100, 0.9987080760355083, 115.372471498, 126.634931986, 0.935888187899, -0.140116052221, 0.0698227060583, 328, 2019
N, -100, 0.9778425148334995, 23.1332846604, 13.6901431296, 1.76356693105, -2.3805241108, 2.83677165338, 328, 2019
E, -100, 0.9955678101380845, 178.164601964, 220.518517623, 0.803495138315, 0.0734078903931, 0.0192820283695, 328, 2019
Z, -12, 0.9995383767117391, 127.583036572, 138.50362827, 0.936994475318, 0.0500333051368, 0.0347333667802, 331, 2019
N, 100, 0.9811726682616831, 32.0007358373, 25.1836651959, 1.37412098278, -0.186195301611, 0.0979754675462, 331, 2019
E, -100, 0.9922234024153533, 184.200847837, 237.394983269, 0.786873949986, 0.10128479925, 0.0396785721004, 331, 2019
Z, -100, 0.9989255143832404, 96.8910394599, 107.479704837, 0.910640968505, 0.0923876296488, 0.0342008526085, 334, 2019
N, 100, 0.9725899845345511, 30.8603881191, 29.0108922119, 1.04346911211, -0.368137463237, 0.143337329662, 334, 2019
E, -100, 0.9905058645343311, 143.212637995, 191.862946851, 0.7454092042, -0.985657082492, 2.5202075165, 334, 2019
Z, -100, 0.9844378034418526, 41.0261669805, 54.4995269304, 0.740313279137, 0.351687971981, 0.139642354361, 337, 2019
N, 100, 0.9602546582498154, 21.3808913505, 22.3738013227, 0.964752667873, -0.281214335497, 0.0518367668303, 337, 2019
E, -100, 0.9973608103805854, 92.4355514089, 123.914566232, 0.746755500893, 0.0993127011311, 0.0385755432976, 337, 2019
Z, -78, 0.9966009837669625, 44.4299436352, 58.7334851144, 0.759588506196, -0.0696342013231, 0.121508804424, 340, 2019
N, -100, 0.7834780945290744, 6.18276430833, 8.8463003523, 0.767202924378, -0.153469928734, 0.330495959742, 340, 2019
E, -100, 0.9995193276868385, 99.8790539983, 122.935461711, 0.792975308201, 0.0510983883948, 0.0438146806289, 340, 2019
Z, 100, 0.996107352251823, 91.6364324692, 104.077278236, 0.83242120549, -0.0103121839282, 0.0724299039039, 343, 2019
N, 100, 0.9655962256981836, 21.9703967912, 15.2759206285, 1.82852591688, -0.422080945686, 0.279751679663, 343, 2019
E, -100, 0.9978404570660218, 137.053444034, 167.82499667, 0.810381094197, -0.0742163466651, 0.0683531167284, 343, 2019
Z, 100, 0.9985028242020535, 117.366553236, 128.901938037, 0.869213480555, -0.0942637688565, 0.0710394688446, 346, 2019
N, 100, 0.9894942728895637, 29.7358277118, 23.8703298365, 1.35835387159, -0.0510144416607, 0.119083157503, 346, 2019
E, -100, 0.9934191201865417, 163.028938762, 200.299488902, 0.820883772003, 0.0899438465136, 0.0380775972375, 346, 2019
Z, 100, 0.9937596757754669, 108.503941814, 118.943601534, 0.904407025692, -0.231583831962, 0.106550654676, 349, 2019
N, 100, 0.9832247940515323, 29.2062420906, 25.303919829, 1.12622722009, -0.367708487054, 0.144061534057, 349, 2019
E, -100, 0.992782124426219, 155.493080196, 195.685181001, 0.798596580252, 0.197778006925, 0.0719326119274, 349, 2019
Z, -100, 0.9992944289974409, 70.031521178, 77.4736421728, 0.901665905234, 0.0117017066768, 0.0178631836796, 352, 2019
N, 100, 0.7951566643681501, 19.3230243696, 19.8836778176, 1.01285474667, -0.814113367947, 0.315654156752, 352, 2019
E, -100, 0.99622110626903, 125.380894867, 161.223300391, 0.776912411594, 0.0197235624756, 0.0289954986737, 352, 2019
Z, 100, 0.9743895443083964, 73.9440457925, 77.177961144, 0.921568303762, -0.515843825605, 0.354040055262, 355, 2019
N, 100, 0.305042415809832, 5.09110675848, 9.71623490917, 0.56146110053, -0.148935897811, 0.763171077356, 355, 2019
E, -100, 0.9940928867816503, 140.402694413, 167.480827393, 0.816875268813, -0.138214513817, 1.34137351062, 355, 2019
Z, 100, 0.996126345624611, 105.165524965, 114.004942467, 0.995507744234, -0.183549553062, 0.134414911191, 358, 2019
N, -61, 0.9672290346635753, 18.8829220534, 11.5472945835, 1.89549543031, -0.188939554628, 1.78892661484, 358, 2019
E, -100, 0.9937019527156357, 169.668654296, 206.40808022, 0.818245056278, -0.231352380122, 1.32596020373, 358, 2019
Z, -98, 0.9997068244458306, 114.577764839, 122.998648712, 0.94081761557, 0.0660237503135, 0.0309921944122, 361, 2019
N, 100, 0.9845144380622334, 29.1344948773, 22.844046322, 1.34411772026, 0.117783034869, 1.35619016381, 361, 2019
E, -100, 0.9968651140284294, 163.63220482, 213.170389568, 0.782999304761, 0.0675077531898, 0.0372429418245, 361, 2019
Z, -100, 0.998326615581161, 91.4262313102, 99.9715686005, 0.918090986386, 0.104941544908, 0.0457855224066, 364, 2019
N, 100, 0.9787548368357892, 29.4819848561, 26.5303477829, 1.17025330972, -0.19476652391, 0.0881129697058, 364, 2019
E, -100, 0.9950473363718693, 134.730103406, 175.685810753, 0.769816503093, 0.1301245472, 0.0359674131363, 364, 2019
