Chan, Phase Shift, Correlation, ptp-data, ptp-synthetic, rat, phasem, phasestd, DOY, Year
Z, 0, 0.9999479062245702, 102.615738532, 99.437317727, 1.02530443944, -0.00923459009498, 0.0198264892917, 1, 2019
N, 100, 0.9981252988710136, 39.0513181938, 41.457980989, 0.972574668083, -0.0656036243169, 0.0437422522836, 1, 2019
E, -100, 0.9996316569136817, 59.1520568115, 59.4793444735, 0.989456571901, 0.00188750863949, 0.0341230724498, 1, 2019
Z, -13, 0.9999799751222942, 146.81698958, 144.06033952, 1.01747682331, -0.00877872204148, 0.00725374204304, 4, 2019
N, 100, 0.9997487191794008, 55.5051216057, 56.211781637, 0.977188593992, -0.0059703461959, 0.0166780995357, 4, 2019
E, -100, 0.999757789950768, 87.4424943503, 87.7923236132, 1.00730056383, -0.00681379313517, 0.0297379914945, 4, 2019
Z, -82, 0.9998490804782303, 160.03986849, 158.171683938, 1.01216462421, 0.0342951936962, 0.0168620295225, 7, 2019
N, 100, 0.9887388436962213, 59.8796374388, 58.5762022632, 1.04205643771, -0.338231521318, 0.20592946644, 7, 2019
E, -71, 0.999720250381775, 94.0409273401, 96.7502938403, 0.959917003347, 0.0326375670796, 0.0310279853971, 7, 2019
Z, 1, 0.9997211710198064, 137.146851415, 135.367323093, 1.02656056107, -0.0327058042814, 0.0266006719076, 10, 2019
N, -100, 0.9988719419265405, 43.2510612714, 48.1818484906, 0.856096826963, 0.101014532912, 0.0561739416714, 10, 2019
E, -100, 0.9990726691767653, 85.5318874667, 83.2373318751, 1.02923416869, 0.0486959542012, 0.0134661875692, 10, 2019
Z, 4, 0.99985528893937, 88.6955749629, 87.862448633, 1.01484548285, 0.019421856554, 0.0198175540079, 13, 2019
N, 100, 0.9891134325663067, 24.9613303881, 30.8806995197, 0.769822735132, -0.279138358496, 0.140108700472, 13, 2019
E, -100, 0.9922389578522091, 50.8765832008, 53.2374054933, 0.9772351477, 0.197339642945, 0.10041179453, 13, 2019
Z, 100, 0.9992693046469114, 84.3301616637, 81.9293005136, 1.01674952946, -0.102976140355, 0.0706043612443, 16, 2019
N, 62, 0.9925653150252548, 32.338683501, 32.4952376046, 1.00532422575, 0.312474031683, 0.195728910999, 16, 2019
E, -65, 0.9994101563584327, 49.5435764287, 49.3239264374, 1.02961841606, 1.43196313169, 2.64165286972, 16, 2019
Z, -51, 0.9999217533910968, 161.518081104, 157.817281846, 1.01507768775, -0.0117889437928, 0.0189695535475, 19, 2019
N, 100, 0.9971177663986329, 57.1263797073, 59.8200910821, 1.01651447365, 0.043361078415, 0.0859251672754, 19, 2019
E, -29, 0.9991486401957369, 95.7583124802, 95.7823052433, 1.010210752, -0.0854608514776, 0.089065855655, 19, 2019
Z, 0, 0.9999408494206988, 201.155415545, 198.462195539, 1.01558705207, -0.0261554811049, 0.019998989811, 22, 2019
N, 100, 0.9988523912515334, 70.7767309703, 73.3118024981, 0.940259203349, 0.0464060777972, 0.0831951398003, 22, 2019
E, -58, 0.9996609686355451, 117.443986846, 120.348842164, 0.996676288333, 0.0464540265786, 0.0318385010606, 22, 2019
Z, 14, 0.9997321030158566, 172.825871894, 168.421902391, 1.03899159238, -0.0296462494162, 0.026216428378, 25, 2019
N, -100, 0.999333428136124, 57.1380295204, 61.3297839647, 0.911408638652, 0.0518401772537, 0.0447280608876, 25, 2019
E, -47, 0.9997966738584287, 101.899653411, 102.140936434, 1.00557698788, 0.0351000171305, 0.00930382910503, 25, 2019
Z, 100, 0.99977620591989, 89.5665620152, 89.7523516911, 1.00112239859, -0.00213012090767, 0.00847001209081, 28, 2019
N, 0, 0.9981040743277554, 33.2317764034, 34.1343820008, 0.973226738133, 0.0171387127859, 0.0352879178884, 28, 2019
E, -98, 0.9991906663190456, 52.7339203566, 51.3498445164, 1.01872681228, -0.00322761959517, 0.0250291849157, 28, 2019
Z, 100, 0.9773746418022614, 146.761387409, 92.4691896192, 1.54286943492, -0.0914805082958, 0.192665601389, 31, 2019
N, 100, 0.8151730366098454, 130.183983342, 38.9880163995, 2.8819236022, 0.220934134492, 1.37903343515, 31, 2019
E, -100, -0.238486765572527, 1044.61148396, 55.1601699731, 16.6678103366, -0.262560325264, 1.34814948226, 31, 2019
Z, -100, 0.9562739056526781, 189.981585945, 145.886382951, 1.27775226244, 0.105192888155, 0.293509192762, 34, 2019
N, 100, 0.2681158373940057, 118.360008122, 56.5776430939, 2.4542805651, -0.223882817721, 1.42682860782, 34, 2019
E, 100, -0.2680420355402201, 3139.3295867, 89.2520934938, 28.9694737164, 0.0366358168504, 2.90322758032, 34, 2019
Z, 0, 0.999905698720635, 170.652657063, 167.153654088, 1.02194893033, -0.0338546022848, 0.0230890009761, 37, 2019
N, 100, 0.9998164742576672, 57.9903276231, 61.5849653902, 0.93315067794, 0.0170832312588, 0.0268096117255, 37, 2019
E, -85, 0.9999791059626307, 103.26389874, 102.613824707, 1.01014359279, 0.00434580604947, 0.00801272222924, 37, 2019
Z, 28, 0.9993945250227708, 152.834937882, 147.597995139, 1.05775758463, -0.0497633093986, 0.0379402299548, 40, 2019
N, -100, 0.989183138686623, 46.0373376616, 52.2534289576, 0.786404736702, 0.254540467133, 0.223690194623, 40, 2019
E, -100, 0.9990102324637122, 91.2690710694, 90.8477408729, 1.02220128147, 0.0853946441399, 0.0276227846995, 40, 2019
Z, 100, 0.999435077384622, 91.539106527, 93.8789516877, 0.961884903639, -0.0452686929304, 0.0308267591757, 43, 2019
N, -100, 0.9579411884331444, 36.835068032, 32.4459895023, 1.14684739517, 0.546536237807, 1.258234094, 43, 2019
E, 100, 0.9980414935261841, 58.4122611785, 56.4322781951, 1.04211751845, -0.13389269903, 0.0770426756619, 43, 2019
Z, 0, 0.9994706796110284, 94.5379092136, 91.7647394869, 1.03565413377, -0.0779201216762, 0.0508271880924, 46, 2019
N, 100, 0.9691948141013554, 37.844736965, 36.7633787862, 0.983516181339, 0.0180353768514, 0.439328631406, 46, 2019
E, -49, 0.9990721333332012, 54.6421724528, 54.5763052207, 1.01801302391, -0.0689694577304, 0.0583641703401, 46, 2019
Z, -2, 0.9998773929281057, 185.071556283, 181.110458107, 1.01477901674, -0.0345383628104, 0.0251791791736, 49, 2019
N, 27, 0.9977863497416779, 66.9801511025, 68.9198094605, 1.00489874742, 0.159005885238, 0.124660336854, 49, 2019
E, -69, 0.9992239801939894, 110.021659676, 110.746283936, 1.01634677288, -0.061193039912, 0.0719654145387, 49, 2019
Z, -1, 0.9999639625010046, 218.524419916, 214.361142088, 1.02131835146, -0.000257880640961, 0.00565886008674, 52, 2019
N, 100, 0.9985109326653714, 78.1327958051, 79.4498585064, 0.979410796237, -0.127882303327, 0.0687946011102, 52, 2019
E, -100, 0.9999304590040481, 128.201281802, 129.99517915, 0.979289505264, 0.0412029606087, 0.0220733950756, 52, 2019
Z, -27, 0.9999354844234944, 163.119484937, 160.071489377, 1.02008922241, 0.00693346703745, 0.0087003949102, 55, 2019
N, 100, 0.9996497092628781, 56.048118353, 58.5264152737, 0.974057604858, -0.0636263243252, 0.0326401914157, 55, 2019
E, -33, 0.9998498774697503, 95.4284381566, 97.1278818226, 0.979632496541, 0.00502276232785, 0.0108673255376, 55, 2019
Z, 30, 0.999720197051597, 64.8540207373, 65.9530930907, 0.989012017259, -0.00275481898971, 0.0080928536004, 58, 2019
N, 100, 0.9892489892316256, 23.7770705871, 25.1487825438, 0.967306411763, -0.0704324535422, 0.0430284401213, 58, 2019
E, 0, 0.9991739280630739, 36.5677578131, 36.3612580631, 0.995041021363, -0.0477890500233, 0.0274789866055, 58, 2019
Z, -44, 0.9998748412939337, 105.919305207, 102.936558086, 1.01634104628, 0.0037364615108, 0.0185227928617, 61, 2019
N, 100, 0.9934584302675313, 41.6232239408, 42.5485917465, 1.06863264993, 1.98634178884, 2.90157371429, 61, 2019
E, -32, 0.9988008351181065, 59.6806849233, 61.8517290537, 0.974943239132, -0.144124715568, 0.12249516655, 61, 2019
Z, 18, 0.9997597977078416, 163.181932309, 160.640403434, 1.01046895925, -0.053553873495, 0.0279664711751, 64, 2019
N, -96, 0.997115857518488, 59.3973891334, 61.3670508378, 0.99949670032, 0.175346460849, 0.0986465377961, 64, 2019
E, -43, 0.9995425566106833, 97.2883456483, 98.6774449447, 1.01624256676, -0.0275496873153, 0.0385560002897, 64, 2019
Z, -100, 0.9995573044357589, 181.980905678, 180.574552502, 1.00249010841, 0.0768449082826, 0.0506708325361, 67, 2019
N, 100, 0.9786215574047322, 68.096063493, 65.6442116308, 1.12583750804, -0.416260992229, 0.228379058256, 67, 2019
E, 80, 0.998751315944548, 109.245325677, 111.203890739, 0.942931856892, 0.222546038888, 1.35454468692, 67, 2019
Z, -6, 0.9999602351971784, 154.280255438, 151.131770621, 1.02390914533, -0.00497796580363, 0.0081187776373, 70, 2019
N, 100, 0.9996401702094304, 50.0399399612, 52.9416338529, 0.94549738101, -0.0461903453299, 0.0062963089237, 70, 2019
E, -74, 0.9999027161721145, 92.1733307435, 93.2328655955, 0.987148498105, 0.00538973766579, 0.00478778839635, 70, 2019
Z, -100, 0.9116067018170979, 65.3321913482, 123.576462389, 0.577902515572, 0.10419980034, 0.71273817816, 76, 2019
N, 100, 0.94839922537856, 26.4134718934, 48.9372003601, 0.626997376881, -0.411405285932, 0.551519013717, 76, 2019
E, -100, 0.9180582211813562, 38.3906632108, 73.8820680487, 0.56205409224, -0.385028871381, 1.40956328204, 76, 2019
Z, 0, 0.9999932066079974, 211.633120108, 209.008305099, 1.01519917248, -0.00711796452093, 0.00625781863165, 82, 2019
N, 100, 0.9988885768819918, 78.1154099737, 77.6230686228, 1.00606564292, -0.1040180206, 0.0549750986232, 82, 2019
E, -93, 0.9999716988686279, 125.788036789, 126.962551847, 0.98660964282, 0.00849007112295, 0.00452194227049, 82, 2019
Z, -14, 0.9999869447484192, 133.210269747, 130.260819116, 1.02549193653, 0.00149367556608, 0.00419871172237, 85, 2019
N, 100, 0.9978356677561951, 44.4051505504, 47.5916453983, 0.926871513506, -0.054169794824, 0.0433312724613, 85, 2019
E, -89, 0.9996093038111629, 77.7605045692, 79.198439559, 0.975805893931, 0.00685739966277, 0.0114592984029, 85, 2019
Z, 4, 0.9999045126863716, 45.4989989478, 44.7554405913, 1.00362776279, -0.0158016763576, 0.0131844050016, 88, 2019
N, 100, 0.972978275444469, 23.4341807183, 21.7711055675, 1.00148133532, -0.244473743452, 0.139452348788, 88, 2019
E, -100, 0.9988286549491758, 25.8766195494, 26.5118575748, 0.948751485868, 0.0592653643882, 0.0304147074721, 88, 2019
Z, 27, 0.9996946585236666, 123.022735219, 120.060919124, 1.00865471502, 0.236615653691, 1.34841516262, 91, 2019
N, -5, 0.9929616817084018, 47.1785100217, 48.1896054541, 1.07888582768, 0.124639593513, 0.128398428954, 91, 2019
E, 14, 0.9986798538051412, 72.9929903215, 72.6422953751, 1.02259867709, -0.145412545999, 0.11648646186, 91, 2019
Z, -92, 0.9997798669563216, 178.705429899, 174.713010919, 1.03185045256, 0.0476474842859, 0.0184012823575, 94, 2019
N, 100, 0.9830198492150493, 63.0470208236, 65.4443099067, 0.946239718033, -0.483777869062, 0.292543945094, 94, 2019
E, -100, 0.9993406471343654, 107.808465248, 107.374273559, 0.976487100358, 0.0886867136448, 0.0432828684567, 94, 2019
Z, 0, 0.9999180488151929, 190.645928122, 183.943148201, 1.03420819944, -0.0185908005401, 0.0166173004635, 97, 2019
N, 100, 0.9978930286787023, 57.7527628328, 66.1027520221, 0.897125905072, -0.0598614236333, 0.0350517518001, 97, 2019
E, -100, 0.999717069441321, 111.33072449, 113.15074506, 0.989344101678, -0.242535650735, 1.34578846033, 97, 2019
Z, 0, 0.9999832727860616, 139.553067675, 136.928142517, 1.02404607487, 0.000100205581707, 0.00604179333734, 100, 2019
N, 100, 0.9987866854066637, 45.4135247087, 47.6985154396, 0.952103890882, -0.0711437714479, 0.0338059320452, 100, 2019
E, -40, 0.9998577684929714, 83.092356546, 84.3061649844, 0.978876680009, -0.000843501180642, 0.00551007138319, 100, 2019
Z, 0, 0.9999788276623532, 63.393326084, 62.4599709316, 1.01689803103, 0.00416299589771, 0.00278195333664, 103, 2019
N, 100, 0.9860492526971203, 24.7274794284, 25.5105416271, 0.882801920348, -0.239868093265, 0.100819396502, 103, 2019
E, 0, 0.9982883317915023, 37.3319078367, 36.303116503, 0.966419929362, 0.0383050080187, 0.0379049482047, 103, 2019
Z, 0, 0.999937291236028, 158.547479189, 156.081021916, 1.02490685677, -0.0210518906224, 0.0200054865262, 106, 2019
N, 100, 0.9991527144378778, 61.2375674165, 61.1388010362, 0.973262119609, 0.0315916350266, 0.0508274108086, 106, 2019
E, 0, 0.9999402009087872, 93.8468634544, 93.976470814, 1.00833432685, -0.0100425191147, 0.0080498036489, 106, 2019
Z, 0, 0.9999622934023014, 210.332273197, 207.483858194, 1.0125049594, -0.0195432736659, 0.0095657688672, 109, 2019
N, 0, 0.9999149700021737, 77.0592013304, 78.8407213343, 0.98077272483, 0.0216673321272, 0.017643917774, 109, 2019
E, -100, 0.9996381634752006, 126.612760439, 126.271128409, 1.01332017718, -0.00269386768512, 0.0325593434553, 109, 2019
Z, 0, 0.999992163330484, 180.929847357, 177.550642957, 1.02121920308, -0.00246240356399, 0.00274744832354, 112, 2019
N, 100, 0.9980131069177509, 65.6854823097, 66.3554633479, 0.997414343793, -0.118477607876, 0.0659075233558, 112, 2019
E, -67, 0.9997647002966005, 105.866688349, 108.599051772, 0.961688077507, -0.283243645928, 1.33268919235, 112, 2019
Z, -49, 0.9999651894675156, 98.5491898031, 96.5351410731, 1.02024830408, 0.00779624408279, 0.00543161943649, 115, 2019
N, 100, 0.9973227339928614, 31.4958002135, 35.3832916166, 0.884606262167, -0.0506816837541, 0.0353862941443, 115, 2019
E, -3, 0.9997285147756912, 56.8488201382, 58.1089786119, 0.974540080547, -0.01531340198, 0.0122503011035, 115, 2019
Z, 83, 0.9998281438992683, 61.1249345986, 61.1097517543, 0.989817255732, -0.0548147680625, 0.0254307274245, 118, 2019
N, 100, 0.9875822583713969, 28.9473485757, 27.2638693068, 1.00303079937, 0.400291794888, 1.20255868194, 118, 2019
E, 27, 0.9998058496100887, 37.7210009093, 36.6747632547, 1.02217304059, -0.0402182296008, 0.0267525551072, 118, 2019
Z, 36, 0.9999952484873361, 136.41405912, 133.391332269, 1.02281505006, -0.0119475488759, 0.00589237723932, 121, 2019
N, 100, 0.9993394936218997, 49.8417118915, 51.8119793033, 0.946466462907, -0.0904860280144, 0.06512407239, 121, 2019
E, -95, 0.9999291248065701, 81.5900618935, 80.675899396, 1.0179711044, 0.0107692953312, 0.00957202269699, 121, 2019
Z, 16, 0.999959840206501, 183.07433556, 179.123299103, 1.01918433759, -0.0202218383216, 0.00858306495221, 124, 2019
N, 0, 0.9999537092473434, 61.7984057619, 65.9137805898, 0.936204152186, 0.00655904525192, 0.010230331674, 124, 2019
E, -100, 0.9998846175837427, 112.037554082, 109.765940326, 1.02216633894, 0.00801779546174, 0.0145614771593, 124, 2019
Z, 0, 0.9999521771029586, 176.469897364, 172.789314421, 1.02297103851, -0.0188223896936, 0.0120202708433, 127, 2019
N, 31, 0.9995033210507932, 59.2109658948, 62.0039614626, 0.962820698784, -0.0738465668355, 0.048087689127, 127, 2019
E, -94, 0.9999739708012985, 105.649728718, 106.215152419, 0.985216464231, -0.280711332785, 1.33861003853, 127, 2019
Z, -23, 0.9999892573684973, 115.303317545, 113.645387113, 1.01632699476, 0.00453920642032, 0.00331325268444, 130, 2019
N, -100, 0.9992841740816463, 39.147724709, 40.2083537845, 0.977919433818, 0.000987698055099, 0.0460091473408, 130, 2019
E, 0, 0.9995391672453259, 68.0274209209, 68.8843005964, 0.987962030649, -0.0301462073897, 0.0215478713083, 130, 2019
Z, 0, 0.9999452719517097, 93.0889125072, 92.4336343136, 1.00520751596, -0.0275274057969, 0.0121735767456, 133, 2019
N, 100, 0.9977343652858419, 38.3647766434, 38.2895953076, 0.996900486226, 0.0681664857736, 0.051710936742, 133, 2019
E, -84, 0.9998736305829242, 55.3374526571, 55.522914151, 0.999674881559, 0.0467365397185, 0.0230436746323, 133, 2019
Z, 25, 0.9999933668560856, 167.27178103, 164.468086742, 1.02086487897, -0.00582585223362, 0.0049432645642, 136, 2019
N, 100, 0.9998435984832171, 61.6862467867, 64.4376205378, 0.945208248626, -0.0478730886846, 0.0359606500874, 136, 2019
E, -100, 0.9998357272722689, 100.02705563, 99.3976353149, 1.00562401866, 0.0249546936101, 0.0105836060743, 136, 2019
Z, 0, 0.9999483152705442, 187.180757075, 183.27019822, 1.01893687316, -0.0187125023663, 0.00730164181174, 139, 2019
N, 100, 0.9996017973043063, 66.3979757816, 70.1420429482, 0.943496757588, -0.0501522027367, 0.0160737573506, 139, 2019
E, -100, 0.9999083554364541, 111.016468206, 111.53161849, 0.997330722826, 0.0373434951525, 0.00872065329435, 139, 2019
Z, 0, 0.9999705958632645, 146.386208462, 143.094020505, 1.02516679673, -0.0113567324542, 0.00852037485608, 142, 2019
N, 98, 0.9995225994442588, 52.3365832578, 53.8232627882, 0.980928295817, -0.0592227018911, 0.0209265035618, 142, 2019
E, -98, 0.9998765413259494, 86.4950584799, 87.9335499531, 0.975361058205, -0.00156321103988, 0.0130947050187, 142, 2019
Z, -36, 0.9999739338316999, 78.4136158412, 78.1051031239, 1.00168034587, 0.0159147064417, 0.00781616298963, 145, 2019
N, -100, 0.9987844183797243, 28.5801290606, 28.89741021, 0.995048225298, 0.0707034492737, 0.0396891698443, 145, 2019
E, 71, 0.9996278097146739, 46.0654897824, 46.0321125392, 0.996397624645, -0.0412609512263, 0.0196041517645, 145, 2019
Z, 100, 0.9997928835783483, 75.5377319476, 73.8196770985, 1.01921413249, -0.0541138454688, 0.0363591631165, 148, 2019
N, 100, 0.9985047304560036, 28.6819320325, 30.6478206142, 0.929361984576, -0.00304612487286, 0.0519286513057, 148, 2019
E, -100, 0.9995270196443377, 45.4803999179, 44.5414377037, 1.03589856853, -0.00404911194481, 0.02991944724, 148, 2019
Z, 29, 0.9999918066891095, 141.642702482, 138.616995398, 1.01986150046, -0.00957408390721, 0.00578120180957, 151, 2019
N, 100, 0.9987298103801487, 50.0066762014, 52.5007709917, 0.940224705709, -0.0984639569579, 0.0431278425872, 151, 2019
E, -100, 0.9997954310592703, 85.4992296325, 83.9918346014, 1.01641447025, 0.0309972907911, 0.013801902912, 151, 2019
Z, 0, 0.9999840370238444, 178.095937087, 174.762139763, 1.01724502055, -0.0121268613852, 0.00595403879005, 154, 2019
N, 100, 0.9991524975625345, 62.1444738021, 64.0984939329, 0.962307855496, -0.0580194918719, 0.0135379869874, 154, 2019
E, -100, 0.9999233861770837, 106.585203373, 107.113628381, 0.999375595958, 0.0371352406218, 0.010169842779, 154, 2019
Z, 0, 0.9999765799423156, 161.833261476, 158.787661474, 1.02173029683, -0.0126769181356, 0.00993261243746, 157, 2019
N, 100, 0.9993261429822218, 54.7653062812, 57.7093942549, 0.961439421117, -0.0643981828486, 0.0322401854426, 157, 2019
E, -39, 0.9999569543253467, 95.5936161129, 97.025337764, 0.977017023015, -0.0032246075148, 0.0109025807496, 157, 2019
Z, 1, 0.9999901722087278, 104.261632032, 103.64152601, 1.0052026123, 0.00481952350239, 0.00376088747486, 160, 2019
N, 100, 0.999601337692949, 36.6855485766, 38.0631991888, 0.977489066003, 1.17858353867, 2.46691020947, 160, 2019
E, 87, 0.9995765681993748, 60.288013866, 60.2110171911, 0.998402030751, -0.0619542202564, 0.0312558474348, 160, 2019
Z, 38, 0.9999111110463414, 107.476824466, 105.538434342, 1.01931664588, -0.0325034260718, 0.0206904941892, 163, 2019
N, 100, 0.9995713923906383, 41.4493911774, 43.4398855026, 0.962400261407, -0.0335130630703, 0.0215023192179, 163, 2019
E, -100, 0.9998852656709323, 63.3137919425, 63.1498045908, 1.01407658013, 0.019209653205, 0.0101446728636, 163, 2019
Z, 18, 0.9999829053368412, 154.480006129, 150.950447976, 1.01982060677, -0.0114805456031, 0.00681289555894, 166, 2019
N, 100, 0.9991804979587586, 56.6752877369, 59.4399946478, 0.953518139256, -0.0799830963115, 0.0238199204553, 166, 2019
E, -100, 0.9997808640738555, 91.2492442236, 91.3699061778, 1.00196823071, 0.0181635560267, 0.011690206046, 166, 2019
Z, 0, 0.9999574607499532, 162.122754978, 158.487376608, 1.02166249514, -0.0205204463735, 0.011605699625, 169, 2019
N, 100, 0.9994321094588092, 59.6372872736, 61.0429833612, 0.975218740932, -0.0683262390951, 0.0351262671847, 169, 2019
E, -100, 0.9998819889547226, 95.6775280964, 96.8727454326, 0.984792296559, 0.0499505874013, 0.0203661922682, 169, 2019
Z, 0, 0.9999830064240572, 129.847806813, 127.070398577, 1.02455437963, -0.00518610681999, 0.00589001710555, 172, 2019
N, 95, 0.9997705027222896, 45.7068111865, 47.6241262995, 0.967153847022, -0.0310190581422, 0.0179249887188, 172, 2019
E, -5, 0.9999247372885783, 76.6469541104, 78.0195443761, 0.976636017613, -0.00818761057354, 0.0113739804751, 172, 2019
Z, -14, 0.999986653745486, 79.7342654692, 79.1134986897, 1.00495193415, 0.00990594939143, 0.00543512157257, 175, 2019
N, 38, 0.9997579646673035, 27.6723121773, 28.9917860459, 0.961811100573, -0.00331355286021, 0.0217459817612, 175, 2019
E, 100, 0.9985056229292757, 45.658758293, 46.2275208176, 0.995798620142, -0.0651563233293, 0.0601500856007, 175, 2019
Z, 0, 0.9999773188288016, 80.574845091, 79.1135584778, 1.01867343915, -0.0168448198734, 0.0102910367278, 178, 2019
N, 100, 0.9981900746417351, 28.5410094861, 31.4360717315, 0.912758411294, -0.0298120645396, 0.0747276581321, 178, 2019
E, 32, 0.9989527352625396, 48.1544005102, 47.9762733712, 1.02707306547, -0.103649292538, 0.0915567610509, 178, 2019
Z, -7, 0.9999914946774439, 143.26534205, 140.187188799, 1.01866781373, -0.00383274087631, 0.00574168203192, 181, 2019
N, 100, 0.9992383803329978, 51.2287938252, 52.6577358579, 0.965956180079, -0.0719112269801, 0.0301899380109, 181, 2019
E, -100, 0.9999185399193694, 85.752842296, 84.8765703571, 1.00858082241, 0.0231753356935, 0.0101176150781, 181, 2019
Z, 0, 0.9999770443927645, 177.904830071, 174.859527487, 1.01646996615, -0.015337651883, 0.00893170584291, 184, 2019
N, 93, 0.9997792784582911, 63.4334604766, 64.9020801062, 0.981407864105, 0.261025281883, 1.34246853083, 184, 2019
E, -92, 0.9999665239924682, 106.291458588, 107.045773659, 0.991844645831, 0.026242773043, 0.00863827499474, 184, 2019
Z, 0, 0.9999666062148556, 161.440459706, 158.234554118, 1.02402877878, -0.0111507100639, 0.0102725205959, 187, 2019
N, 100, 0.9996432702577328, 57.1750745134, 58.6330446419, 0.979876616633, -0.0411182323422, 0.0192321159462, 187, 2019
E, 0, 0.9998441074921295, 95.4771018938, 95.978209967, 0.987434442545, -0.0289294569193, 0.0149698588358, 187, 2019
Z, 5, 0.9999892413811183, 106.574686067, 106.071904654, 1.00382346301, -0.001675579308, 0.00316401150063, 190, 2019
N, 100, 0.9992001487660616, 36.9727121645, 39.8931091706, 0.936290289905, 0.0233758374255, 0.0430754403469, 190, 2019
E, 0, 0.9997644510633137, 60.8007725206, 60.1541968545, 1.01370667455, -0.0363117920706, 0.0210228812058, 190, 2019
Z, 23, 0.9999495720932017, 99.9628850417, 97.6781423696, 1.02174746629, -0.0160323265631, 0.0153566050389, 193, 2019
N, 100, 0.997965078125458, 39.4782669032, 40.910151039, 0.951559944092, -0.0776368872378, 0.019163549019, 193, 2019
E, -100, 0.9995318009109105, 58.0698983167, 58.2315600567, 1.00168697863, 0.0451658929025, 0.0102741053646, 193, 2019
Z, 0, 0.9999715085510832, 143.106472204, 140.386325246, 1.01431399067, -0.0140511022537, 0.0102881052018, 196, 2019
N, 100, 0.999753410480838, 52.7098277966, 55.580676164, 0.951068130791, -0.0525953023045, 0.0257313346255, 196, 2019
E, -100, 0.9994751041649876, 84.4289383579, 85.2936440616, 0.987639760444, 0.0532460052829, 0.0163413169349, 196, 2019
Z, 0, 0.9999396165175989, 155.952402496, 153.050081418, 1.01960488777, -0.0277556034472, 0.019304862242, 199, 2019
N, 100, 0.999528528524433, 55.683940953, 58.5205328356, 0.951255215364, -0.0585410638431, 0.0296276613019, 199, 2019
E, -100, 0.9998821552605468, 92.3952382525, 93.8555023207, 0.973950805601, 0.0407150607142, 0.0259582152976, 199, 2019
Z, 0, 0.999979363442738, 132.489132996, 130.430703016, 1.01905490919, -0.303178018645, 1.33226529584, 202, 2019
N, 0, 0.9993945263324113, 46.1926094398, 47.9307822926, 0.968245114485, -0.0383933625294, 0.0366923236377, 202, 2019
E, 0, 0.9998261993730917, 79.8339630902, 79.9232564753, 0.986468258806, -0.0279033605387, 0.0147256352139, 202, 2019
Z, -19, 0.9999970697201276, 87.5560374573, 86.6295335651, 1.01126331813, 0.00452640489188, 0.0016073649178, 205, 2019
N, 100, 0.9982635141602577, 27.3288758399, 30.6679060284, 0.888408925593, -0.0233535002894, 0.0413076822322, 205, 2019
E, 0, 0.9998623877581767, 50.8663839007, 50.9743284378, 0.998412444225, -0.0317532790458, 0.0193697163903, 205, 2019
Z, 0, 0.9999849911576388, 82.5165089338, 80.9259433988, 1.01870246615, 0.00761086482025, 0.00473410110687, 208, 2019
N, 100, 0.9955119140210753, 31.6806076463, 31.7245731001, 0.965467723885, 0.210906121255, 1.30445401162, 208, 2019
E, -100, 0.9999386143587767, 49.0021366356, 48.7359415906, 1.01487230454, 0.0323757830614, 0.0176526497475, 208, 2019
Z, -21, 0.9999803126875284, 155.700322255, 152.777752383, 1.01421606369, -0.303828176298, 1.33663749862, 211, 2019
N, 100, 0.9995666405835455, 54.6465623995, 57.8318290029, 0.95101655648, -0.0675063892214, 0.0314673043391, 211, 2019
E, -100, 0.9998078278259338, 92.6610614191, 92.6576876252, 0.999151730986, 0.0434253591345, 0.0205968292068, 211, 2019
Z, 0, 0.9999645287717824, 195.206186842, 191.736571338, 1.01761330659, -0.0204808759139, 0.0143511349051, 214, 2019
N, 100, 0.9997864394762703, 68.5217204972, 72.0049470912, 0.948204322137, -0.0388573729852, 0.0188823740877, 214, 2019
E, -90, 0.9999469258840135, 116.550595713, 116.972552502, 0.987525851247, 0.0318138349154, 0.0195335289782, 214, 2019
Z, 0, 0.9999616633316852, 167.48286711, 164.291923833, 1.02366803671, -0.306247260416, 1.32893220834, 217, 2019
N, 100, 0.9997276856962705, 58.8898589296, 61.4207273771, 0.966946383361, -0.0308922573384, 0.020791459947, 217, 2019
E, 0, 0.9999199278101315, 98.2162227612, 99.1378931212, 0.986864980245, -0.0249782704822, 0.0100110558835, 217, 2019
Z, 0, 0.999987840209487, 92.6798782967, 91.8525406555, 1.00985511353, -4.16567065841e-05, 0.00268898348821, 220, 2019
N, 100, 0.9991211203679262, 31.8853861551, 34.4565023768, 0.929060616889, -0.0299750591391, 0.012204493942, 220, 2019
E, 0, 0.9997142923606537, 51.9575661269, 51.2886281314, 1.01396087061, -0.0416473173817, 0.0174385402826, 220, 2019
Z, 0, 0.9999641622502453, 99.8923595031, 97.4814492109, 1.01823476057, 0.0113134700973, 0.0104361909569, 223, 2019
N, 100, 0.9995214825657384, 39.3711208155, 40.9265279498, 0.964584967857, -0.0804085039481, 0.0362640096977, 223, 2019
E, -100, 0.999550509718345, 57.838293109, 58.0766180571, 1.00196742389, 0.0504316200377, 0.0151354075925, 223, 2019
Z, 0, 0.9999381556204829, 151.166012375, 148.101782342, 1.01521816094, -0.0241188838618, 0.0141730490264, 226, 2019
N, 100, 0.9997961213906656, 55.4319879389, 58.0267742665, 0.953743412361, -0.0433343464395, 0.0153080609292, 226, 2019
E, -100, 0.9997408326839776, 90.5629126545, 90.4801996476, 0.996732958243, 0.049611244223, 0.0108091478775, 226, 2019
Z, -23, 0.9999213732016471, 86.3940636406, 85.3186691377, 1.01490770848, 0.0118063170239, 0.00993019327251, 235, 2019
N, -75, 0.999172015923103, 26.6544021187, 28.9504905552, 0.926754033435, 0.0224060062586, 0.0304401518044, 235, 2019
E, 0, 0.9998059720603513, 51.0650713128, 50.5048012127, 1.01228171947, -0.0412076267221, 0.0256733968258, 235, 2019
Z, 0, 0.9998783287576426, 99.8275578169, 97.5071772095, 1.01520584096, 0.0306571737283, 0.0331030660003, 238, 2019
N, 100, 0.9989540257417621, 37.1317436515, 38.5483341669, 0.947518902517, -0.0555941827912, 0.0355227318218, 238, 2019
E, -100, 0.9996026192066386, 58.7956471669, 58.1605575018, 1.02624665666, 0.0505335547897, 0.0258159442544, 238, 2019
Z, 0, 0.9999549228391454, 187.166916368, 183.547826443, 1.01398681689, -0.0184405848418, 0.0143736855828, 241, 2019
N, 100, 0.9998517379122775, 65.0441428077, 69.9335795852, 0.940800302339, -0.022366117767, 0.00857445424586, 241, 2019
E, -100, 0.9999010556889223, 112.266636127, 112.15375779, 1.00358126246, 0.0250518069059, 0.00651480780638, 241, 2019
Z, 0, 0.9999366779032158, 213.549512047, 210.102742928, 1.01807970074, -0.0270054266295, 0.0207741196396, 244, 2019
N, 29, 0.9997549837966236, 75.1671968015, 79.1740303844, 0.955124921963, -0.042964909142, 0.032263472843, 244, 2019
E, -85, 0.999975609633099, 127.826928108, 127.774646034, 0.993213210972, 0.0102289984174, 0.00524743466536, 244, 2019
Z, 0, 0.9999454918190143, 154.340432429, 151.60786779, 1.02311011942, -0.00945592780964, 0.0106519160087, 247, 2019
N, 7, 0.9999549105237254, 52.902976312, 56.0700124166, 0.952315003557, -0.00810482002058, 0.010200011673, 247, 2019
E, 0, 0.9999432950771885, 89.8626278862, 91.6068992914, 0.978300216897, -0.0189300859307, 0.0103202904038, 247, 2019
Z, 0, 0.9998512695130891, 61.2785230573, 60.0939247086, 1.02477833058, 0.0189975570168, 0.0123104174381, 250, 2019
N, -100, 0.9995657481294179, 21.3304598345, 22.4791095229, 0.943068857645, 0.0421432968958, 0.0141196678374, 250, 2019
E, 0, 0.9984145224784002, 35.3201174226, 32.7920347284, 1.07308036045, -0.0603755912297, 0.027208634786, 250, 2019
Z, 6, 0.9999270520491751, 116.93369558, 114.244153638, 1.01374781581, -0.00140661444696, 0.0182499339566, 253, 2019
N, 100, 0.9995340005982923, 44.384073029, 46.8225674408, 0.970561816173, 0.00643804366609, 0.0306508110905, 253, 2019
E, -100, 0.9998935316420955, 68.1228588183, 68.7672152979, 0.994611016339, 0.0154776314966, 0.00925765857786, 253, 2019
Z, 0, 0.9999136415965516, 168.683548538, 165.355571078, 1.01478941003, -0.0292283182226, 0.0151905869442, 256, 2019
N, 100, 0.9997253011933884, 60.0099672088, 63.2815619224, 0.944210268323, -0.0340597425643, 0.00903268994629, 256, 2019
E, -100, 0.9999549533124819, 101.198371865, 101.450985001, 0.996976831076, 0.0290623905077, 0.00673938402383, 256, 2019
Z, 0, 0.9999337250768043, 178.353858455, 175.165385029, 1.02030953602, -0.0297035317421, 0.0218064722073, 259, 2019
N, 100, 0.9991887470463277, 60.5847835966, 63.8670005685, 0.958136679606, -0.0841291881313, 0.0526049351429, 259, 2019
E, -100, 0.999858527489709, 107.880990978, 108.027556972, 0.98893662586, 0.00648037200062, 0.0113632928482, 259, 2019
Z, 0, 0.9999384487947927, 142.134452601, 138.564332148, 1.03046899462, -0.0171311292417, 0.0113669881846, 262, 2019
N, 100, 0.9990339398365825, 44.4270899315, 47.9932995542, 0.91197982307, 0.0237741696402, 0.0472115274846, 262, 2019
E, -100, 0.999700233852567, 84.7694893158, 85.337667868, 0.998693131119, 0.0388129193537, 0.00644351771073, 262, 2019
Z, -39, 0.9997497492964156, 72.5682897645, 70.0362890837, 1.04135992385, 0.0250357898953, 0.0176533784137, 265, 2019
N, 100, 0.9972441524043572, 21.756799182, 22.7744323794, 0.965005802146, 0.00803419537873, 0.0231135911319, 265, 2019
E, 0, 0.9999366610618659, 42.7752806066, 41.5722643629, 1.02673033657, -0.0226145405993, 0.0146749616624, 265, 2019
Z, -2, 0.9999286822108331, 137.245357798, 134.262989628, 1.01451701112, 0.0304948244054, 0.0272906011459, 268, 2019
N, 100, 0.9992429370213312, 50.5520838029, 52.7460363197, 0.972474111375, 0.193175230491, 1.33946074253, 268, 2019
E, -100, 0.999943858788802, 80.9274003026, 80.645666289, 1.00529547018, 0.00545068957323, 0.00982127890068, 268, 2019
Z, 0, 0.9999479818974227, 215.899764337, 211.940167905, 1.01328028887, -0.02178880024, 0.0121722564715, 271, 2019
N, 100, 0.999841259683486, 77.3889813203, 80.8114635899, 0.9578398887, -0.0334282243646, 0.00528355676526, 271, 2019
E, -100, 0.9999625402989286, 129.562630752, 129.419738874, 1.00387517138, 0.01700497482, 0.00385611589472, 271, 2019
Z, 0, 0.9999064347889125, 208.485215818, 204.349732565, 1.02224097462, -0.0309923214034, 0.0206279962535, 274, 2019
N, 100, 0.9997375782534226, 73.6586527761, 76.365785661, 0.963847211725, -0.0416002308392, 0.0181750941841, 274, 2019
E, -100, 0.9999850863881607, 123.428729712, 123.917451085, 0.994926769373, 0.0174737445087, 0.00565970131581, 274, 2019
Z, 0, 0.9998770504639177, 122.23291079, 118.567831953, 1.03598981927, -0.0144616028509, 0.0124781899289, 277, 2019
N, 100, 0.9997445143824304, 40.1527257466, 42.5553306967, 0.946028648784, -0.026388576821, 0.0129203345318, 277, 2019
E, 0, 0.9999361298788041, 70.8741337953, 71.991564268, 0.984776238077, -0.00436584350491, 0.00750781616881, 277, 2019
Z, 0, 0.9997245610215371, 61.1772145923, 59.4908442933, 1.03360635195, 0.0696751624956, 0.0644931753685, 280, 2019
N, 100, 0.9992472966728586, 26.426520287, 27.3325851874, 0.962109277352, -0.113149976376, 0.0588512798789, 280, 2019
E, -100, 0.9995268482624947, 36.0541633093, 35.6002896653, 1.01911332001, 0.0115364440887, 0.0146507943346, 280, 2019
Z, 52, 0.9997743093852695, 136.012431871, 133.421937838, 1.00425991172, -0.0388551802918, 0.0344908496218, 283, 2019
N, 45, 0.9989198576073464, 51.3466750749, 52.8090342539, 1.00595520662, 0.0450150158801, 0.0478446521135, 283, 2019
E, -100, 0.9998227649930691, 81.1735142499, 80.5966461018, 1.01310320488, -0.0286665009568, 0.0346900185234, 283, 2019
Z, 0, 0.9998905818263177, 181.264786175, 178.325289136, 1.01285748288, -0.0332322990351, 0.0183224743768, 286, 2019
N, 100, 0.9996701623862404, 65.0743842124, 66.2708108085, 0.970696767454, -0.0138599640768, 0.0159008112965, 286, 2019
E, -68, 0.9999623513617579, 108.909083648, 109.272158444, 1.00466877835, 0.012152647999, 0.00794824184111, 286, 2019
Z, 0, 0.9998930908602167, 179.872495963, 176.38823475, 1.02116825529, -0.0330592785521, 0.0234140757286, 289, 2019
N, 68, 0.9998758859928694, 59.9108606514, 62.4654502612, 0.961742076405, -0.0248531391094, 0.0138025821995, 289, 2019
E, -100, 0.9999735809981442, 108.029042327, 108.390537188, 0.995678868333, 0.0155549891538, 0.00849276652971, 289, 2019
Z, 0, 0.9999258760672203, 126.45631143, 124.046391188, 1.02698049901, -0.0115765812101, 0.0122835705808, 292, 2019
N, 100, 0.998897526831154, 41.1724113851, 41.579972934, 0.986931147372, -0.0778112513872, 0.0293491416625, 292, 2019
E, 0, 0.9999472176660051, 74.7871199136, 76.4324331814, 0.976070859215, 0.00306850246203, 0.00623808576071, 292, 2019
Z, -100, 0.9995291382168737, 68.9150809379, 67.2999393524, 1.04855716832, 0.0764922837964, 0.0580914926105, 295, 2019
N, 100, 0.9870775541838437, 27.5845601818, 28.2604553202, 0.940513769921, -0.347990431469, 0.11997601214, 295, 2019
E, 0, 0.9994972184083643, 41.4028811563, 41.5048793053, 0.969343129232, 0.0610106677714, 0.0356835303469, 295, 2019
Z, -8, 0.9998431427339268, 168.777707352, 166.75009125, 0.998466722164, 0.00517625584021, 0.0255468769652, 298, 2019
N, 100, 0.9989962607948272, 64.7190903664, 65.12318048, 1.02142299319, 0.286149030237, 1.33809284435, 298, 2019
E, -1, 0.999843701668879, 101.885846924, 100.646083435, 1.01072697612, -0.0379796042936, 0.0350155131139, 298, 2019
Z, 0, 0.9999877394729576, 215.131626271, 212.309293694, 1.01323259891, -0.00953839786555, 0.00732590875074, 301, 2019
N, 100, 0.9984688851960275, 79.285511128, 80.7864318536, 0.958761205403, -0.0897625484691, 0.0229859806008, 301, 2019
E, -87, 0.9999525400494412, 128.013386721, 128.882905008, 0.999523895518, 0.0246577719567, 0.0110795533853, 301, 2019
Z, 97, 0.9992338303154569, 179.968462592, 174.176776462, 1.03988389325, -0.0791596628137, 0.0454082452635, 304, 2019
N, -100, 0.9922025639818277, 57.1539337095, 63.7920303005, 0.880434132824, 0.268215429424, 0.175322899861, 304, 2019
E, -100, 0.999223334318617, 105.887986141, 105.355223856, 1.02094639285, 0.0718661526428, 0.038737534591, 304, 2019
Z, 89, 0.9996406197844924, 83.9523183032, 86.1887202585, 0.973404639806, 0.0127302544765, 0.0136424188323, 307, 2019
N, -100, 0.9848884057842932, 38.5363478286, 30.2287910673, 1.28829025854, 0.0187068510666, 0.0819310766199, 307, 2019
E, 100, 0.9969564091734421, 51.7059756616, 52.7378396233, 0.977458118922, -0.105960287134, 0.0406571601516, 307, 2019
Z, 15, 0.999746834186346, 76.2292450659, 74.5631585911, 1.02587181968, -0.0607511554953, 0.0409837917631, 310, 2019
N, 100, 0.9904391765332861, 31.7689801957, 32.050105571, 0.947803773833, 0.667220493177, 1.23678856482, 310, 2019
E, -100, 0.998354298251999, 45.1445280597, 44.8450610699, 1.04026144363, -0.250527886247, 1.33551714878, 310, 2019
Z, 25, 0.9996340740875368, 145.951929914, 142.733264714, 1.00289651192, -0.0520055074383, 0.0435860975292, 313, 2019
N, 53, 0.9961162277190526, 52.452864143, 54.7817565542, 1.02050209382, 0.117106581674, 0.0997007118646, 313, 2019
E, -43, 0.9994217439276647, 86.7287330463, 86.6783065802, 1.01537358155, -0.0768060404846, 0.0699392851055, 313, 2019
Z, 0, 0.9998438895749573, 180.787682067, 178.994721697, 1.00489781294, -0.0396153238488, 0.0221191453786, 316, 2019
N, 100, 0.9993414404295372, 64.5257576512, 65.1823330062, 0.999837193745, 0.0499577358246, 0.03998859444, 316, 2019
E, -68, 0.9998007048741014, 110.135381464, 109.868912575, 1.01832725492, -0.0195880624308, 0.0284259744862, 316, 2019
Z, 0, 0.9999338933382298, 168.805849785, 166.353919894, 1.01924326835, -0.00617056371109, 0.0121500282169, 319, 2019
N, 100, 0.996021203131675, 57.1053019396, 57.8230493692, 0.979512774343, -0.214362840281, 0.0967618513693, 319, 2019
E, -100, 0.9998592040676055, 100.417376737, 101.602665208, 0.979261581485, -0.844599917033, 2.20724170102, 319, 2019
Z, 33, 0.9998262058452855, 103.139992997, 105.491085305, 0.977690113585, 0.00999234449392, 0.011131922437, 322, 2019
N, -100, 0.9936951437927733, 41.815586321, 35.2769652156, 1.22353362984, -0.00869925987121, 0.0849836804952, 322, 2019
E, 100, 0.9991596044918606, 64.1313599989, 64.6714302078, 0.992237268805, -0.0628971997269, 0.0178316712082, 322, 2019
Z, 21, 0.9998947176304179, 99.244398114, 97.3573582566, 1.01639006557, -0.0235273913529, 0.0155267111504, 325, 2019
N, 44, 0.9956631394388112, 39.6827746918, 40.0072653284, 0.986761898266, 0.185505965459, 0.110967181706, 325, 2019
E, -36, 0.9996149225921707, 60.827759113, 58.973279285, 1.0535495445, 0.243986489628, 1.33704439572, 325, 2019
Z, -3, 0.999750103774874, 174.405397997, 170.610224129, 1.00446310852, -0.0235463067982, 0.0251780143175, 328, 2019
N, 100, 0.9965145416106593, 63.9798006887, 66.8211644396, 1.01886396898, 0.0621577938309, 0.0756332694804, 328, 2019
E, -52, 0.9989002345329544, 106.39316552, 103.159949687, 1.03847678823, -0.0767968029007, 0.0857749565685, 328, 2019
Z, -38, 0.999916666335943, 190.049285326, 187.755035084, 1.0147147734, 0.0203262238067, 0.00561334907902, 331, 2019
N, 100, 0.9926714630993538, 72.0267945525, 71.028571418, 0.992770273409, -0.255587101472, 0.13369741107, 331, 2019
E, -42, 0.9997765934610913, 112.966684773, 113.564706367, 0.984706380474, 0.0302185838954, 0.0271041509476, 331, 2019
Z, 30, 0.9997206781854959, 147.525042071, 143.92935641, 1.03169473088, -0.0490718966447, 0.0251087231084, 334, 2019
N, -100, 0.9954814614284545, 49.0009628804, 51.9377558909, 0.922726359203, 0.232953755782, 0.118610038304, 334, 2019
E, -90, 0.999625035735788, 89.2674695389, 87.387506113, 1.03834559112, 0.0433834574281, 0.0255120803272, 334, 2019
Z, 92, 0.998231291039058, 79.3270094189, 72.9511524864, 1.1034590144, -0.292047862023, 1.33648558281, 337, 2019
N, 100, 0.9664726845264916, 20.3765218175, 26.2321902316, 0.695315018437, -0.596241051724, 0.289000020834, 337, 2019
E, -100, 0.9966370866209484, 43.9999679343, 44.3497516802, 1.00690874179, 0.134717763138, 0.0537180936101, 337, 2019
Z, 48, 0.9991727316880021, 81.5528481479, 78.8586398037, 1.04242044791, -0.107794920964, 0.0850557520185, 340, 2019
N, 100, 0.9774637947035518, 30.1601740714, 32.4411653043, 0.876170415292, 0.502488578475, 0.358781446184, 340, 2019
E, -100, 0.9973145948186259, 48.4594821003, 47.8115920709, 1.05588272576, 0.0886644334476, 0.0699554834206, 340, 2019
Z, -25, 0.9998890763556673, 143.58561097, 140.552520827, 1.00952342129, -0.0281709551088, 0.0275741931386, 343, 2019
N, 100, 0.9985864155108992, 50.9408333559, 52.838324597, 0.997194993256, 0.0588990405772, 0.083263840544, 343, 2019
E, -100, 0.99961128507163, 85.1988321804, 85.5191118034, 1.0129882767, -0.0568083218318, 0.0595799499329, 343, 2019
Z, 5, 0.999645054149354, 176.627504224, 173.643605749, 1.01096212325, -0.0530916748037, 0.0264844704811, 346, 2019
N, -100, 0.9966628340437184, 61.9254937126, 62.6412429198, 0.997575177278, 0.165140427517, 0.0955987486775, 346, 2019
E, -69, 0.9993806572616817, 106.777022333, 106.326553205, 1.03581645715, -0.010724852011, 0.0442123966587, 346, 2019
Z, -32, 0.999914720904809, 159.076442636, 158.400755589, 1.00614575925, 0.0175817123325, 0.00657070088888, 349, 2019
N, 100, 0.996245884067869, 58.2728897949, 55.3968570931, 1.07162107858, -0.173462027834, 0.0830911024588, 349, 2019
E, 28, 0.9999791731791603, 94.8950427172, 96.4173363295, 0.978585449781, -0.0108719560927, 0.0072975736574, 349, 2019
Z, -79, 0.9987419040042083, 110.386146466, 102.080451493, 1.10635202493, 0.0227589989949, 0.0489620933449, 352, 2019
N, 100, 0.9602738090667622, 28.7169455004, 36.597712323, 0.687686131844, -0.733448856731, 0.350100607892, 352, 2019
E, -100, 0.9970315108871814, 58.9272224637, 61.3809114673, 0.974352174564, 0.156102893183, 0.0633287101381, 352, 2019
Z, 52, 0.999821009555921, 106.702001672, 103.125320896, 1.03115782126, -0.0390059961594, 0.0394850732086, 355, 2019
N, 100, 0.9970455952281215, 40.7139853322, 42.7602272338, 0.914602100176, -0.0108110211474, 0.046553227491, 355, 2019
E, -100, 0.9998948054062358, 62.457658545, 61.7205689686, 1.00977594415, 0.0533680150643, 0.0243102157457, 355, 2019
Z, -100, 0.9999582149767176, 157.210322271, 153.541295908, 1.03085398298, 0.0199399568029, 0.0105461641069, 358, 2019
N, 100, 0.9930122484009065, 58.9706973742, 60.5293364715, 0.936023296789, -0.179803347686, 0.073083232611, 358, 2019
E, -100, 0.9996428835895863, 90.4379188619, 93.0265796097, 0.980841430819, 0.0297196464928, 0.0190484086725, 358, 2019
Z, -42, 0.9999008083889663, 168.546383008, 166.386840667, 1.01558479321, 0.0196479240282, 0.00738098852591, 361, 2019
N, 100, 0.9909544819132557, 63.5692353765, 62.6646829402, 1.01138767821, -0.28506443178, 0.164624843029, 361, 2019
E, -100, 0.9998421478041395, 98.5037830814, 100.838677921, 0.967347117035, 0.0344619990966, 0.0241367725596, 361, 2019
Z, 31, 0.9991277680307259, 139.321983848, 134.018040489, 1.05657559423, -0.0595531316571, 0.0445444958061, 364, 2019
N, -100, 0.9920959195235766, 44.5703160038, 48.3649097207, 0.851901428777, 0.21116211172, 0.175705681143, 364, 2019
E, -100, 0.9992515004112119, 83.1184174184, 81.6815344478, 1.03019765704, 0.0777941058894, 0.0300081961351, 364, 2019
