Chan, Phase Shift, Correlation, ptp-data, ptp-synthetic, rat, phasem, phasestd, DOY, Year
Z, 100, 0.9935109219638378, 121.263186905, 97.782521591, 1.22024425495, 0.0594791410342, 0.126828076445, 1, 2019
N, -100, 0.8173286172013721, 12.111810646, 12.3391988822, 0.816365537771, -0.043461992122, 0.536697698601, 1, 2019
E, -100, 0.8230166927400733, 22.6031739366, 26.8145390572, 0.877088471574, 0.594230900455, 0.0539934616551, 1, 2019
Z, 100, 0.9352980010627118, 190.817887887, 160.170488653, 1.17010388235, -0.451611565302, 0.187003265577, 4, 2019
N, -100, 0.3080761087007718, 10.4608500667, 18.6808773619, 0.564062807481, 1.28330690343, 0.148383727089, 4, 2019
E, -100, 0.9478956746270546, 42.0795366859, 49.8957525677, 0.855217190433, 0.374691181353, 0.0804963514524, 4, 2019
Z, 100, 0.9957111314834394, 149.875518768, 171.596479962, 0.868910647558, -0.109831346498, 0.0207188944907, 7, 2019
N, -100, 0.8516248169849048, 11.6173676193, 18.1780170476, 0.558635624479, 0.520108805218, 0.0832772259027, 7, 2019
E, -100, 0.9254686207083755, 53.3011819006, 56.2995034386, 1.00714421001, 0.44958282682, 0.0908226063604, 7, 2019
Z, 100, 0.9988072146513755, 133.033231133, 141.216501122, 0.947132233182, -0.0019242709187, 0.0169216059286, 10, 2019
N, -100, 0.6792742275352659, 7.96692716863, 12.6982908414, 0.577884869509, -2.49878346264, 2.9064446371, 10, 2019
E, -100, 0.9540637879963936, 41.545333109, 39.9723408981, 1.01405460098, 0.282026834698, 0.0437847301786, 10, 2019
Z, 100, 0.9943102247028868, 76.937993777, 81.7952893115, 0.943362830736, -0.102675037372, 0.00350667825574, 13, 2019
N, 100, 0.6493587861219531, 11.0842571955, 5.29335101299, 2.37098527849, 0.00766548442322, 0.600104636931, 13, 2019
E, -100, 0.8858619704476527, 19.1814068008, 21.4805446703, 1.08039206086, 0.985648361664, 0.628497685663, 13, 2019
Z, 100, 0.9003071556088673, 481.506154586, 92.4783813176, 4.92889243241, -0.157897713147, 0.246983304586, 16, 2019
N, -100, -0.8891327239118006, 93.5257134674, 9.84905323199, 8.49904373281, 0.327214436091, 2.81463892302, 16, 2019
E, -100, 0.8160831717239111, 47.6030907427, 24.5854046924, 1.80850196965, 0.391006607613, 0.094580822031, 16, 2019
Z, 100, 0.617299718646508, 554.304368421, 180.761404354, 2.56001595242, -1.08244426087, 0.525774376368, 19, 2019
N, 100, -0.6975949632721724, 118.325496755, 19.1498329378, 4.48374789085, 2.36624135591, 0.525476494766, 19, 2019
E, -100, 0.9405519101783305, 75.9596835244, 49.070375861, 1.22644996782, -0.184407286517, 0.299997362878, 19, 2019
Z, 100, 0.9964810283569617, 174.129092793, 200.469015553, 0.861728705903, -0.088414938711, 0.00579519903281, 22, 2019
N, -100, 0.8157124408353974, 10.8885792579, 20.7999869046, 0.465360760766, -2.51420211866, 3.39489901144, 22, 2019
E, -100, 0.9249890075316185, 60.2855240775, 69.3166563995, 0.909246505241, 0.422426370995, 0.0479100143688, 22, 2019
Z, -37, 0.9271067097294218, 220.41539241, 131.895157503, 1.82472046961, 0.271284031994, 0.374421529975, 25, 2019
N, 100, -0.3993871950917235, 84.9400040521, 10.4858827315, 8.54751882747, -0.804193796964, 3.65240351908, 25, 2019
E, 100, 0.676802870852577, 55.164806521, 42.8675133017, 1.7859039446, 2.64079617448, 2.77455471624, 25, 2019
Z, 100, 0.21161803712026475, 81.7344649555, 65.0253372883, 0.654619210666, -0.490400497544, 1.52053505279, 28, 2019
N, -100, -0.36579960453183247, 65.7208385548, 8.76533966674, 4.67104719957, 0.636032104877, 3.74336417353, 28, 2019
E, -100, 0.09804868091376676, 24.3463867623, 22.4017531954, 1.30658960484, 0.469188154549, 1.1849470886, 28, 2019
Z, -100, 0.9986836372284525, 108.785909887, 130.657427307, 0.839713131135, 0.0257805492148, 0.0177324952628, 31, 2019
N, 100, -0.16145200179619737, 4.31218096411, 16.3119037658, 0.147632750827, 1.73676766213, 0.752925436104, 31, 2019
E, -100, 0.6919893886753229, 28.7396061217, 33.9848917291, 0.877463327147, 0.818061269714, 0.0258905222468, 31, 2019
Z, 100, 0.9958514610405381, 112.110260126, 154.439332422, 0.718848362303, -0.103496061746, 0.0319385122031, 34, 2019
N, 100, 0.8116731515720202, 5.18399835017, 17.1010571431, 0.243087418406, -0.138289426657, 0.00270658692295, 34, 2019
E, -100, 0.7954654690246726, 43.519328466, 50.4792967218, 0.927879297882, 0.776706370649, 0.228460490028, 34, 2019
Z, 0, 0.9986597540471691, 116.009052217, 134.47975984, 0.862172909848, 0.0171893406143, 0.0225641858678, 37, 2019
N, -100, 0.7983188387899046, 10.8152715815, 12.9295128272, 0.924556016016, 0.24189823489, 0.297093717162, 37, 2019
E, -100, 0.9431427039649467, 42.0500858575, 46.804164327, 0.949348433477, 0.38973745204, 0.127214878858, 37, 2019
Z, 0, 0.981535257493506, 75.9325802072, 85.5236098883, 0.967835105798, 0.163372587592, 0.212549286513, 40, 2019
N, -100, -0.059159831675423116, 11.2498380122, 5.37605754938, 2.01359603836, 1.50530004756, 3.17720194456, 40, 2019
E, -100, 0.8802258489563342, 41.0347842218, 26.6813324019, 1.67337997065, 0.529400024302, 0.0569627472949, 40, 2019
Z, -100, 0.9528146299778174, 68.369345824, 53.3969664687, 1.29097275907, 0.0819755183524, 0.0435200758538, 43, 2019
N, 100, -0.7392588894601938, 14.7267424065, 6.29805208881, 2.58927154402, 2.4146558461, 0.13848313641, 43, 2019
E, -100, 0.4884436739894372, 35.670269246, 15.9335363782, 2.59254037946, 0.68944485644, 0.299279140357, 43, 2019
Z, 100, 0.9754118944133948, 132.983239731, 136.020901449, 0.989508735109, -0.259480038251, 0.151446606475, 46, 2019
N, -100, 0.4534780901302603, 10.6498887293, 14.9730135286, 0.789605000676, 1.038873569, 0.0441187244666, 46, 2019
E, -100, 0.8920259961826416, 43.0449131199, 35.1588146319, 1.3863338501, 0.31513626443, 0.202127939361, 46, 2019
Z, 100, 0.9582688992215027, 110.301249162, 127.139231435, 0.779032132349, -0.279527994395, 0.148022899175, 52, 2019
N, -100, 0.7863600603580397, 7.37635090727, 11.613457146, 0.66924683925, -2.43699770878, 3.23689632807, 52, 2019
E, -100, 0.6482804354617072, 50.6850208764, 57.7169841865, 0.773560210204, 0.675739573943, 0.308378292993, 52, 2019
Z, 100, 0.13958042730749776, 210.959459517, 100.656557019, 1.9084723684, 1.62584788348, 3.30228446853, 58, 2019
N, -100, 0.6838422956221895, 26.0989877995, 13.8167485335, 1.64219044443, 0.845660658343, 0.0552255720671, 58, 2019
E, -100, 0.5690555334843536, 20.9450526138, 25.6325751296, 0.390707291007, 1.07195662938, 0.727935986841, 58, 2019
Z, -100, 0.9921002013878876, 104.216315203, 125.742353936, 0.834306693186, 0.0568449186178, 0.031036197765, 61, 2019
N, -100, 0.7200262590088826, 8.22266144237, 15.170228638, 0.507380903478, 0.823996019621, 0.105532178593, 61, 2019
E, -100, 0.5834031386545191, 25.892850839, 32.8895232635, 0.755059183886, 1.08440814439, 0.253223802292, 61, 2019
Z, 100, 0.9917333707700964, 102.877293427, 109.404382328, 0.942780963101, -0.129504029029, 0.00175550055088, 64, 2019
N, -100, 0.5670402042863193, 7.75414231651, 11.2387083251, 0.659651733284, -2.03365797921, 3.50743349286, 64, 2019
E, -100, 0.8765624794669559, 34.3691968534, 43.0493654563, 0.898391657488, 0.586493016252, 0.140112559235, 64, 2019
Z, 100, 0.9306265064019548, 54.8611683273, 66.0252344729, 0.855863304132, -0.364139076102, 0.0405420819917, 67, 2019
N, -100, 0.6094933802421457, 6.73710500277, 4.53988000223, 1.11774734004, -2.874968693, 2.48905526838, 67, 2019
E, -100, 0.9578304212666543, 29.0129727187, 32.1728075417, 0.782485712807, 0.157910397933, 0.189054351743, 67, 2019
Z, -100, 0.897184369386901, 46.4972303959, 42.8806548122, 1.20164379734, 0.350473215283, 0.286150229369, 70, 2019
N, 100, 0.44689948293941395, 13.3984883548, 5.77681052066, 1.7869046439, -1.49683422427, 0.774427684481, 70, 2019
E, 0, 0.9298519362072409, 10.0762701747, 15.0048963296, 1.01358756934, 2.78328098113, 3.30383602213, 70, 2019
Z, -100, 0.99604273398152, 96.1932541453, 106.339771695, 0.946242370391, 0.0308720679895, 0.045305225497, 73, 2019
N, 0, 0.9224910514549269, 37.1768356466, 12.8394365613, 2.01909075128, -0.243019397483, 0.269636506917, 73, 2019
E, -100, 0.8538280055669691, 23.3981105565, 28.0223376625, 0.852498952653, 0.465222764305, 0.228262888903, 73, 2019
Z, 66, 0.9984619033236195, 138.317460942, 143.293009021, 0.965309824716, -0.0334069770372, 0.0310785838743, 76, 2019
N, 100, 0.9701687014235262, 75.6325857095, 15.867955766, 4.21237181989, -0.124773686112, 0.0299627643168, 76, 2019
E, -100, 0.5899037979887704, 42.2000217962, 35.9853472866, 1.07333369701, 0.950346919586, 0.0618160029606, 76, 2019
Z, 0, 0.9954167471271268, 81.5814127403, 105.565502302, 0.7945750287, -0.0170109004213, 0.0360010973574, 79, 2019
N, -100, 0.9465353253494424, 17.162684164, 10.523470261, 1.43560084832, 0.0698005217146, 0.0819375407871, 79, 2019
E, -100, 0.948118073817685, 47.3698116032, 47.2915234685, 1.29909948116, 0.224389837248, 0.230232078746, 79, 2019
Z, -100, 0.921120299244374, 33.6773906107, 43.8536733477, 0.760709087722, 0.54668835593, 0.395980976905, 82, 2019
N, -100, 0.6999740013331877, 5.74259381976, 6.90006975804, 0.711836094778, -2.57723915617, 2.30859694512, 82, 2019
E, 0, 0.9414792816252133, 38.3039357195, 30.6364648833, 1.40312484918, -0.0369684285935, 0.42121670292, 82, 2019
Z, -100, 0.9917977593432308, 92.1786566713, 100.259325223, 0.935161570636, 0.079320668365, 0.0528859713264, 85, 2019
N, -100, 0.8260190070396942, 7.66522197855, 14.0051158338, 0.561450978805, 0.575901068503, 0.00708956490385, 85, 2019
E, -100, 0.8930619095665251, 20.8651764293, 25.7597237201, 0.84363180442, 0.48389880457, 0.0430592004025, 85, 2019
Z, 100, 0.8159866107337718, 87.272173588, 114.013393841, 0.81958207139, 2.65241939708, 3.02854172257, 88, 2019
N, -100, 0.6518243211095974, 15.4917878733, 14.8768001515, 0.874012667538, 1.24170152347, 0.625121726195, 88, 2019
E, -100, 0.9131306527825923, 32.8188095333, 29.5199035584, 0.941201380523, 0.36770866578, 0.181683584521, 88, 2019
Z, -100, -0.043535925338018804, 89.9178351508, 91.5458568317, 0.724040456386, 1.22576916602, 2.50465668239, 91, 2019
N, -100, 0.64365504078885, 22.485344764, 10.3112483907, 2.16245483833, 0.842102645852, 0.00670642466863, 91, 2019
E, -100, 0.6225222911370094, 10.8438444595, 27.6624268989, 0.3942792422, 1.28732428358, 0.508139363893, 91, 2019
Z, 100, 0.7094437440827025, 77.678055507, 43.2846299836, 1.7824461487, -0.793429368714, 0.111443677975, 94, 2019
N, -100, 0.725693653433987, 4.01709750382, 2.99855135145, 1.30463139934, -2.48259338853, 3.05432428273, 94, 2019
E, -100, 0.5662411650436052, 12.6851609952, 31.5534616447, 0.585822490863, 0.940575896286, 0.485604023756, 94, 2019
Z, -100, 0.8797085419253682, 59.3140774484, 63.0607906974, 1.0294701438, 0.353010790944, 0.155711568928, 97, 2019
N, 100, 0.7880605977760025, 4.47639619609, 7.92695495906, 0.477189661722, -2.81353502361, 2.42755310203, 97, 2019
E, 100, 0.7097951244254481, 17.6327968204, 14.9160666979, 1.59752051803, 0.426307127592, 0.723075104545, 97, 2019
Z, -100, 0.9719892709942793, 105.941877501, 118.427014541, 0.875045371407, 0.202149617814, 0.0819307240231, 100, 2019
N, 100, 0.9480812012916787, 10.6000653529, 14.3663479268, 0.623914260874, -0.263042401069, 0.253114095051, 100, 2019
E, -100, 0.9643099956788332, 24.7763225477, 30.2628200003, 0.853784139852, 0.240002084048, 0.0975007655553, 100, 2019
Z, -69, 0.9957411735465728, 111.076100716, 136.603391446, 0.799000516046, 0.0407015245809, 0.0444959736219, 103, 2019
N, -100, 0.967602306491803, 15.3961635061, 15.9913568987, 0.847400110483, -0.0174904120332, 0.207018015129, 103, 2019
E, -100, 0.9179009376479594, 38.8687114929, 36.7655818121, 1.05150230608, 0.40535522573, 0.0458632644053, 103, 2019
Z, 100, 0.9589239205249, 80.1291773314, 98.7745081357, 0.818564099822, 2.8818309354, 3.07511803092, 106, 2019
N, 100, -0.17458736008932887, 12.4395525743, 10.5490517757, 1.09336571711, 0.131643187399, 1.91380633455, 106, 2019
E, 0, 0.9253336771308863, 27.7252791972, 28.5058835931, 1.1057846921, -0.0130211993118, 0.201551366367, 106, 2019
Z, -100, 0.6221413926995312, 52.6949537092, 55.6452981897, 1.14249449159, 0.545457860738, 0.612105619864, 109, 2019
N, -100, 0.5578920743496723, 21.921990067, 7.73036321747, 2.52486081342, 2.92157368119, 2.30173698691, 109, 2019
E, 96, 0.9285383709217303, 30.6144639011, 33.5622599176, 0.934808251798, -0.384497881371, 0.548501287733, 109, 2019
Z, -100, 0.9796571051759637, 108.441688384, 125.991228551, 0.810469243952, 0.132141395929, 0.160430857515, 112, 2019
N, -100, 0.5037979553042282, 18.4594972015, 16.4295379617, 0.782709316273, -1.31040993639, 1.5485597792, 112, 2019
E, -100, 0.836707025991177, 32.3823749994, 28.3716395378, 1.45136510483, 0.162756609509, 0.397385391214, 112, 2019
Z, 100, 0.951049132538273, 99.6998458856, 133.827862681, 0.673376354098, 0.172667427129, 0.25681886555, 115, 2019
N, -100, 0.6984806062807315, 31.5112554272, 16.8268600176, 1.73048137368, 0.73018368894, 0.0555603374618, 115, 2019
E, -100, 0.9448717178094634, 27.3920286389, 37.3149702086, 0.749620534851, 0.338665608821, 0.0829748767689, 115, 2019
Z, 100, 0.989597359490006, 87.4580964818, 103.096108655, 0.810995074693, -0.0843762730941, 0.0401246629282, 118, 2019
N, -100, 0.6951040979294887, 10.417717644, 12.1838280199, 0.813567157195, 1.07671871603, 0.466301068751, 118, 2019
E, -100, 0.9903364053414973, 28.1857692677, 30.9552698834, 0.850807467315, 0.0391636013242, 0.0838513553069, 118, 2019
Z, -100, 0.797261966822945, 129.363517895, 51.2935346652, 2.4911735585, 0.277374797695, 0.252815527864, 121, 2019
N, -100, -0.5806956671538891, 16.4713101299, 4.46852177877, 3.9306134757, 0.527194199887, 2.57001808827, 121, 2019
E, 100, 0.9591529051841126, 33.2433595635, 21.7050253861, 1.67825857228, 0.094648803407, 0.316244687563, 121, 2019
Z, 100, 0.8042821173048279, 81.7559793344, 77.2762622523, 0.796360085573, -2.2050130053, 2.00015008295, 124, 2019
N, -100, 0.9191848521272502, 12.9799727145, 9.00292049578, 1.40416888618, -0.0568434349634, 0.376464113175, 124, 2019
E, -100, 0.7655378513349648, 29.7259114241, 19.1949838558, 1.03324831526, -0.616763852722, 1.2165113881, 124, 2019
Z, 100, 0.9964094002246721, 127.559513078, 145.03805381, 0.876458680825, -0.0692122115494, 0.0601908102271, 127, 2019
N, -100, 0.9607409223585273, 12.6861493644, 16.8398527818, 0.754271101455, 0.241776321611, 0.0377498988144, 127, 2019
E, -100, 0.8933003520954337, 30.131706154, 33.9181466763, 0.900216270659, 0.478717485097, 0.00961452231897, 127, 2019
Z, -100, 0.9874493098541509, 134.635646157, 159.155545921, 0.834766283328, 0.182508282655, 0.0497527383119, 130, 2019
N, -100, 0.9687754507324308, 12.5193650589, 18.6545157293, 0.617783854497, 0.0910699867364, 0.138856940242, 130, 2019
E, -100, 0.9540154010557554, 38.5963668288, 43.0080670366, 0.890874521289, 0.307158223622, 0.0149855184938, 130, 2019
Z, -100, 0.9830551595341825, 85.5014636485, 114.502204829, 0.735237482802, 0.166579474814, 0.143183547437, 133, 2019
N, -100, 0.9412357303572477, 10.8927667579, 12.890909971, 0.675677480923, 0.0346417076176, 0.251343877896, 133, 2019
E, -100, 0.9524872855873565, 37.1788249579, 36.9759650819, 1.06483530381, 0.333461491245, 0.0646458677839, 133, 2019
Z, 100, 0.9512674280871081, 42.6843887145, 55.6715729014, 0.791859181596, 2.61396523427, 2.92502774554, 136, 2019
N, -100, 0.8092651070587507, 45.9824938181, 7.26267517646, 6.56914395674, 0.502041125964, 0.185338160721, 136, 2019
E, -100, 0.2904230393467592, 22.561618696, 22.6422306967, 1.05746781128, -0.408691574523, 1.4133405349, 136, 2019
Z, 100, 0.9355380721465896, 98.9616568248, 140.957644283, 0.650669855444, -0.215743425156, 0.0128997017802, 139, 2019
N, -100, 0.9028785007440837, 75.9272623647, 17.344561231, 3.79168782762, -0.0625730885853, 0.350767177897, 139, 2019
E, -100, 0.3765128579442304, 38.4965411446, 31.809587389, 1.49960025023, 1.15216412405, 0.639158594777, 139, 2019
Z, -100, 0.9969067028527835, 146.416116786, 163.323381664, 0.901799987703, 0.0818049567845, 0.00336452986567, 142, 2019
N, -100, 0.9680366660941527, 13.546171234, 19.6877204322, 0.692410591091, 0.292490991439, 0.0623674334297, 142, 2019
E, -100, 0.8976468678555639, 33.0060373169, 39.0301826554, 0.850855792974, -2.68875337997, 3.16633862619, 142, 2019
Z, 100, 0.9817431441245186, 103.821318698, 130.846899795, 0.762199673714, 0.0897262466847, 0.144365063521, 145, 2019
N, -100, 0.9835431691541064, 14.2005279894, 14.9739871239, 0.949209144248, 0.183772250612, 0.0186610410903, 145, 2019
E, -100, 0.9079240912437693, 40.8893130759, 40.4740497993, 1.02280274429, 0.445893480921, 0.00632417015004, 145, 2019
Z, -100, 0.9099977853028606, 53.5326748826, 76.0272100517, 0.679696015096, 0.65557745073, 0.457071753063, 148, 2019
N, 100, 0.7814128639961285, 8.63126393437, 7.87470849107, 1.25277734976, -0.447068633764, 0.317164735996, 148, 2019
E, -100, 0.943617656502039, 36.5420846512, 28.7853701357, 1.30315526289, 0.33603449512, 0.0230132521122, 148, 2019
Z, 100, 0.9916708615476814, 69.7468885715, 73.3458887901, 0.988602310134, -0.238484059978, 0.159624988281, 151, 2019
N, -100, 0.7356455497455484, 9.39052590178, 7.96811868797, 1.3656439085, 0.50211754042, 0.239172805861, 151, 2019
E, -100, 0.9018769051369104, 20.348183343, 17.9959024132, 1.1123761249, 0.260331992145, 0.231046561391, 151, 2019
Z, 100, 0.9909865840512536, 140.089241187, 155.360268302, 0.883690366333, -0.069419856913, 0.0210726238782, 154, 2019
N, 0, 0.9898904435769127, 10.4686087619, 17.231833688, 0.639707682639, -0.0719582714695, 0.11286641143, 154, 2019
E, -100, 0.9153019441574872, 37.1066475151, 36.3701664137, 1.07871095484, 0.308991584995, 0.147977310582, 154, 2019
Z, 100, 0.9987632616886741, 167.561351608, 188.425660184, 0.903355913129, -0.0515566120622, 0.0427969987516, 157, 2019
N, -100, 0.9870498771477731, 15.9848593701, 21.2696658942, 0.732205114312, 0.185102257629, 0.0785571187253, 157, 2019
E, -100, 0.8857199444251507, 49.286746016, 45.3641990264, 1.10240202283, -2.64940485866, 3.14399657447, 157, 2019
Z, -100, 0.9953440508820744, 124.75831714, 140.432566274, 0.875633232199, 0.107085892563, 0.0538893538001, 160, 2019
N, -100, 0.9900547545606215, 13.2798750731, 16.0232567738, 0.7999570708, 0.0945894441705, 0.0462470472374, 160, 2019
E, -100, 0.951405928745859, 48.6009308474, 42.6520023484, 1.12982470019, 0.318044925172, 0.0110912019642, 160, 2019
Z, 100, 0.9859992884855159, 40.3075581858, 61.1551897958, 0.644306387275, -0.0616509145041, 0.0103099051604, 163, 2019
N, 100, 0.8898207630523364, 5.9010618107, 6.04520704476, 0.897837939004, 0.383354924717, 0.862481524645, 163, 2019
E, -100, 0.9847418387840206, 41.4754031482, 34.2736107095, 1.2550043585, 0.198501430561, 0.0526344220552, 163, 2019
Z, 100, 0.9981090050218722, 108.091861961, 133.028145853, 0.814625020999, 0.0170951682377, 0.0497471917267, 166, 2019
N, -100, 0.9505294346492295, 9.81988358268, 16.0652702729, 0.547350239464, -2.78665935502, 2.93792405011, 166, 2019
E, -100, 0.9556348907718551, 30.7698464553, 32.0188912791, 0.975736184973, 0.217756694795, 0.0891018239273, 166, 2019
Z, 100, 0.9925135777580412, 173.641445981, 175.760258998, 0.999129658562, -0.14461514398, 0.0953102935351, 169, 2019
N, -100, 0.9257178029316094, 12.6309976288, 20.6892771625, 0.621265332524, 0.419638472147, 0.0532410222095, 169, 2019
E, -100, 0.9167059080621717, 41.1464005837, 39.1809720897, 1.09864009504, 0.37878098342, 0.0682355812675, 169, 2019
Z, 100, 0.993084863646002, 145.492048579, 154.341874869, 0.952012625582, -0.120600314705, 0.0428526610972, 172, 2019
N, -100, 0.9637788560185603, 11.148446636, 17.4632659862, 0.579618629725, 0.112030928798, 0.149872882817, 172, 2019
E, -100, 0.9584974128767617, 48.4613920985, 39.9976896272, 1.22911670509, -2.8272933642, 3.0858875237, 172, 2019
Z, 100, 0.962502671411021, 64.1009457072, 98.8803231273, 0.600276930093, -0.135561020495, 0.0750176592352, 175, 2019
N, 100, 0.4958656258038036, 41.5705700855, 10.7067871557, 3.84767261727, 0.112468081166, 0.929040284361, 175, 2019
E, 100, 0.7047088912964274, 36.0671846498, 37.2171453142, 0.879745924464, -0.565888339537, 0.205803245231, 175, 2019
Z, -100, 0.4898189251392261, 69.7686347467, 57.7475166882, 1.35182232244, 1.07791024368, 0.292294142169, 178, 2019
N, -100, -0.5886296444845657, 111.372599846, 5.49618050852, 22.9365857999, -0.918440307278, 2.01830203361, 178, 2019
E, 100, -0.6710203182189264, 88.712941654, 25.3124267876, 3.93232401468, -3.47220810981, 0.448138435626, 178, 2019
Z, 100, 0.9379820555599022, 88.8999822457, 138.805900408, 0.590072217042, -0.322404741944, 0.0756472599652, 181, 2019
N, -100, 0.9394838984403207, 16.335448929, 14.8558134117, 1.20002107302, 0.17908466736, 0.0443275131693, 181, 2019
E, -100, 0.938449075270954, 32.623478918, 34.0783745694, 0.935750810775, 0.324355347681, 0.00387076759668, 181, 2019
Z, -100, 0.9863696503483875, 164.55360366, 198.111704026, 0.829188587785, 0.204528083042, 0.0923486523906, 184, 2019
N, 100, 0.9499929032282609, 18.9881244671, 21.8407837813, 0.799384284787, -0.316141149424, 0.117133494305, 184, 2019
E, -100, 0.8455072396012354, 51.0541754686, 45.8447623453, 1.22098436638, 0.455388090777, 0.151677402938, 184, 2019
Z, 0, 0.9991288273315508, 158.516273684, 167.82764901, 0.94144410028, -0.0230358619226, 0.0336665014561, 187, 2019
N, -100, 0.9802608575596002, 15.6401936279, 18.6800588477, 0.853651060582, 0.216878128679, 0.0389220052537, 187, 2019
E, -100, 0.9067215333638243, 47.1363022191, 40.8671437467, 1.17480735567, -2.70080588255, 3.14763901871, 187, 2019
Z, -100, 0.9928799917064653, 71.1273976654, 72.0324869668, 1.01811155029, 0.207346347576, 0.157681629827, 190, 2019
N, 100, 0.9866595458117717, 8.34933172077, 8.36026010109, 0.907168154767, -0.126566626925, 0.0296774261811, 190, 2019
E, -100, 0.9884865781918734, 42.3079987726, 41.8782961091, 1.07614755976, 0.162449698714, 0.0372903082459, 190, 2019
Z, 100, 0.994182853517536, 95.5734642258, 109.463151654, 0.855543636382, -0.0578220670505, 0.00658062536975, 193, 2019
N, 100, 0.9954604390665204, 10.7345548776, 13.0058531995, 0.828048619599, -0.0338228001392, 0.0216507060651, 193, 2019
E, -100, 0.9656798154414522, 30.0325984262, 31.1625781068, 0.954297995326, 0.304541882048, 0.0344551554624, 193, 2019
Z, 100, 0.9992689247283648, 152.043908526, 165.002079532, 0.91653762996, -0.0149179798422, 0.00158795499167, 196, 2019
N, 100, 0.9932320700221946, 14.4042296771, 19.0671877084, 0.757737214882, -0.130326903412, 0.0941332395199, 196, 2019
E, -100, 0.9036268297118707, 41.7822851673, 37.4498100343, 1.16682361988, 0.39966992673, 0.0750105264576, 196, 2019
Z, -14, 0.9967885770253135, 139.111429798, 160.560803907, 0.842686100401, -0.052959806382, 0.0817348018151, 199, 2019
N, -100, 0.9732641038597208, 16.5740850141, 18.1157410459, 0.962061631697, 0.174656373226, 0.238665350606, 199, 2019
E, -100, 0.672814985909081, 37.044531266, 36.8501375204, 1.04738452008, 0.796126012327, 0.0322568145205, 199, 2019
Z, -100, 0.986133722908966, 92.3000781848, 112.207578363, 0.815149485516, 0.174705830409, 0.145055479963, 202, 2019
N, 100, 0.7805140442617469, 29.5066742698, 12.1619898676, 2.68076705205, -0.529963351331, 0.202812477508, 202, 2019
E, -100, 0.7098698861925676, 84.0126494352, 32.0860149226, 2.75195617745, -2.34462182951, 3.02519211733, 202, 2019
Z, 100, 0.9957254274863666, 41.9423831133, 49.755758661, 0.825022301346, -0.115373511296, 0.0474312858066, 205, 2019
N, -100, -0.6350611505573741, 12.625407532, 5.95043109872, 2.18104938787, -2.00122129363, 0.557304310921, 205, 2019
E, 100, 0.8932693951713547, 44.439040641, 31.0826753622, 1.33857166345, -0.37976586811, 0.133532997246, 205, 2019
Z, 100, 0.9930166881270533, 93.7539346903, 103.830625703, 0.882361496248, -0.0692214465085, 0.0405885350656, 208, 2019
N, -100, 0.34747747282021374, 8.02450204787, 11.0338186086, 0.607022304702, 1.0159879886, 0.186762386889, 208, 2019
E, 100, 0.9403309591709271, 38.1911694718, 27.0923686667, 1.06418212008, 2.18717700072, 2.41290372177, 208, 2019
Z, 100, 0.9884736848914575, 161.205491071, 177.947388483, 0.900684497222, -0.165715835748, 0.0438400238237, 211, 2019
N, -100, 0.9225386742769411, 9.37744628389, 18.8968918228, 0.442842946321, -2.68003611486, 2.76941913272, 211, 2019
E, -100, 0.9806125115030973, 50.4045021862, 42.8645568618, 1.20819783539, 0.00521558366542, 0.163780871067, 211, 2019
Z, 100, 0.9902121902459988, 141.410965193, 177.846996951, 0.800030639289, -0.142381122148, 0.0293981782595, 214, 2019
N, -100, 0.9822020935682418, 18.0255046442, 19.5407930234, 0.911704644366, 0.202910918538, 0.0248730070873, 214, 2019
E, -100, 0.8921625915865374, 48.3884664198, 39.1207098153, 1.32665603, 0.381248634667, 0.12234953393, 214, 2019
Z, 100, 0.9980439618195724, 83.7078948861, 82.42262054, 1.02086060919, -0.0618358011512, 0.0294019214318, 217, 2019
N, 100, 0.9559256821095136, 9.18674195271, 9.705112379, 1.0974353201, 0.0745481119792, 0.314865425521, 217, 2019
E, -100, 0.9631004714429591, 30.464309813, 22.974749821, 1.32889492394, -2.85170948305, 3.0509239027, 217, 2019
Z, 100, 0.028196383687282806, 50.0378312672, 79.6469458579, 0.573443825302, -1.7874214867, 0.574445247738, 220, 2019
N, -100, 0.9127164351881596, 13.9298236143, 10.2257038007, 1.27415931722, 0.339050757904, 0.147866739501, 220, 2019
E, 100, 0.9899168207707231, 36.6560059666, 42.3446416584, 0.997625808314, -3.09297420039, 3.00133383662, 220, 2019
Z, -100, 0.752543700779928, 104.265057419, 139.93446646, 0.63874000917, -2.62086173211, 2.68725232264, 223, 2019
N, 100, 0.9012682439115648, 18.8925303597, 15.8235517279, 1.11527522941, -0.377641402111, 0.317538665182, 223, 2019
E, -100, 0.9452912835461909, 35.7681092016, 34.5422880421, 0.937405091489, 0.521713529135, 0.370118417252, 223, 2019
Z, 100, 0.9487074225119958, 112.589114995, 147.530675976, 0.735370450552, -0.404151385278, 0.18714468133, 226, 2019
N, -100, 0.958194520409027, 14.2134070847, 16.2790586822, 0.802047620495, 0.30819882539, 0.223602649489, 226, 2019
E, -100, 0.9399442777202353, 39.9371617297, 32.4521272256, 1.31499144883, 0.188118643062, 0.167556714294, 226, 2019
Z, 100, 0.9987549571399011, 102.843570753, 108.842297808, 0.949449995986, -0.0454813578345, 0.0231528823222, 229, 2019
N, 100, 0.9701316720193668, 11.9992802479, 11.8072788026, 1.08847450422, -0.190777092444, 0.0798743624945, 229, 2019
E, -100, 0.9118942266819419, 37.1398066006, 24.6613993626, 1.60078657186, 0.371535755647, 0.0774186669779, 229, 2019
Z, 100, 0.9921043388892711, 45.4698087602, 41.7802555376, 1.13708184469, -0.0237779442934, 0.101440453459, 232, 2019
N, 100, 0.902202101740861, 6.64391800806, 5.96308539255, 1.28163584817, -0.331180585118, 0.256624823743, 232, 2019
E, -100, 0.9885392858734374, 24.0395161759, 18.924766913, 1.32972240613, 0.0789547432879, 0.0660879064605, 232, 2019
Z, 100, 0.9961444060385651, 61.486958695, 70.5539047713, 0.90150747153, 3.07803579862, 3.07770779846, 235, 2019
N, 100, -0.11095611258549234, 4.17800148901, 8.04839949775, 0.42470320937, -1.0202413348, 2.15414860871, 235, 2019
E, -100, 0.9931554652975231, 23.0545742673, 25.9005534286, 1.05598340381, 0.29153935311, 0.259901153792, 235, 2019
Z, 100, 0.9974477123808325, 126.340529343, 142.379476847, 0.867728616727, -0.0289900068603, 0.0312250811755, 238, 2019
N, 100, 0.9772852591636783, 9.37130402769, 14.8871562508, 0.579910902808, 0.0749921055391, 0.176371673133, 238, 2019
E, -100, 0.9901919823774192, 38.7714489706, 36.1953688641, 1.06531447975, 0.138158980306, 0.00780137100603, 238, 2019
Z, 100, 0.9923870158160913, 147.128385135, 162.511273628, 0.890081690689, -0.10175669429, 0.0322310651417, 241, 2019
N, 100, 0.9902033551456433, 12.7974767935, 17.1130297729, 0.768438679083, -0.0946029043711, 0.0594808189835, 241, 2019
E, -100, 0.9368568951968568, 45.2586553049, 36.7130857599, 1.29263444035, 0.333190288216, 0.0383070140761, 241, 2019
Z, 100, 0.7574665169841074, 70.6004499673, 87.6292240913, 0.658733065819, -0.179942270385, 0.453558082646, 244, 2019
N, 100, 0.7918355991920376, 11.5066105474, 9.79596246987, 1.25524467964, 0.523231618696, 0.574538002412, 244, 2019
E, -100, 0.6849144105043842, 20.0988881379, 12.9965378808, 1.7699164032, 0.231316762481, 0.562781877323, 244, 2019
Z, -100, 0.8851947534112666, 73.2855238026, 61.9317342048, 1.19306304749, 0.00773891446821, 0.405837084277, 247, 2019
N, -100, -0.008233382679173087, 14.1837998927, 8.93110589173, 1.16078861361, 0.11735393343, 1.80090538688, 247, 2019
E, -100, 0.9126739704462277, 21.4509989907, 27.0760395172, 0.997940832448, 0.384213394671, 0.187248034567, 247, 2019
Z, -100, 0.966606075584541, 98.4938053178, 120.029704035, 0.81835485327, 0.227578959924, 0.0813331345429, 250, 2019
N, -100, 0.9819936954434889, 10.351753144, 13.6664216672, 0.695864384234, 0.122956288763, 0.154107541922, 250, 2019
E, -100, 0.974841517495959, 25.9500090353, 38.8535624736, 0.717561585813, 0.425200242882, 0.287798320729, 250, 2019
Z, 100, -0.06951733097150768, 743.281906896, 124.800674027, 4.0125637255, 1.2246215955, 0.553037916552, 253, 2019
N, 100, 0.45875235627740374, 49.5550889252, 13.29229753, 2.942230774, -3.24326976947, 2.23063234273, 253, 2019
E, -100, 0.6559353300868084, 84.8296424388, 28.4601067865, 2.11548116574, 2.43565817996, 1.82174474492, 253, 2019
Z, -100, -0.5521119706797724, 1116.16535459, 90.8033517242, 11.377360555, -1.99080423272, 0.312150809152, 256, 2019
N, -100, 0.49060841171370617, 110.992289775, 9.76517708985, 9.81695513686, -1.88134897106, 2.90300737327, 256, 2019
E, -100, 0.5388823502665891, 214.245093505, 17.8630747389, 14.9994031949, 0.867359316796, 0.264173342019, 256, 2019
Z, -100, -0.1995879769900897, 737.993151707, 27.3781897513, 31.0463241694, -1.70557618097, 0.326850626322, 259, 2019
N, 100, -0.38360683197928885, 93.1228203596, 4.38217513181, 22.176072936, 2.03515847788, 0.0189669551826, 259, 2019
E, 100, -0.006719757518901872, 98.5932341102, 8.29951003673, 19.6616783334, -0.637061301572, 1.55773579877, 259, 2019
Z, -100, 0.4371593835067466, 501.558290602, 64.8298277483, 6.12901065198, 0.630483963986, 0.557948831903, 262, 2019
N, 100, -0.32830550039096845, 20.7729528182, 7.96056121388, 1.96447508863, -1.02686436866, 2.32453093421, 262, 2019
E, -100, -0.28036528853095916, 84.2669307113, 16.7555129403, 4.00486977676, 0.421510014016, 2.47608058117, 262, 2019
Z, 100, 0.94814027046985, 128.684331, 121.593754991, 1.05231374511, -0.182357460076, 0.177917083102, 265, 2019
N, 100, -0.2197282984730706, 7.8167705559, 12.8959636508, 0.682000734944, -1.38468873743, 2.91772861217, 265, 2019
E, -100, 0.9885254977687983, 28.658662262, 30.2064799464, 0.910010246089, 0.290747296245, 0.235855001898, 265, 2019
Z, -100, 0.07878362196711432, 911.31121369, 138.527145777, 4.19702483107, 0.55184262492, 1.25914218997, 268, 2019
N, 100, 0.25852002870113516, 161.234021471, 13.8380270192, 9.95090015953, 0.41501204078, 1.13043056226, 268, 2019
E, 100, 0.5937533716424175, 291.291153116, 33.6127779891, 7.60093168056, -0.204482576526, 0.647255487071, 268, 2019
Z, -100, -0.5266156416272291, 649.785066344, 80.6112632469, 6.71947161651, -3.13767556722, 1.08016931411, 271, 2019
N, 100, 0.8451986609648329, 317.163618305, 8.36697830144, 39.466653006, -0.492741388138, 0.0950406048986, 271, 2019
E, -100, -0.3412603918526741, 530.158322789, 10.8946634511, 62.7890033081, 1.1822745342, 2.23245681687, 271, 2019
Z, 100, -0.1764292357668897, 778.506194604, 71.6655625919, 8.69231537783, -1.55506558873, 2.41023737248, 274, 2019
N, 100, 0.595653770769676, 59.074631707, 9.84928420347, 4.77373853052, -0.36148649115, 0.666452436592, 274, 2019
E, -100, 0.7194230122914564, 210.113147352, 30.3491518905, 4.3355008734, 0.257056480353, 0.531114709735, 274, 2019
Z, -100, 0.7677916369103148, 258.534662052, 129.302092584, 1.90093086588, 0.558151149301, 0.152410339036, 277, 2019
N, 100, 0.11791653369317825, 17.1484845064, 14.9519731228, 0.934708383053, 1.58789693741, 3.00958037768, 277, 2019
E, -100, 0.5629305687245272, 19.1426682281, 35.6662807213, 0.590095718079, -2.1196820286, 3.53595596177, 277, 2019
Z, -100, 0.9536712194823436, 155.198030297, 121.659089093, 1.27485704963, 0.112687642184, 0.110495434414, 280, 2019
N, -100, -0.37781992437949535, 13.6235369753, 12.105747167, 0.607104456906, -0.0713592748984, 2.13334779969, 280, 2019
E, -100, 0.993761216748866, 28.3339852518, 30.495874351, 0.902756201655, 0.124739767185, 0.0343945802441, 280, 2019
Z, 0, 0.9948366170570643, 72.5156842771, 76.2982483436, 0.958066063139, 0.0151232938897, 0.0121135380739, 283, 2019
N, 100, 0.7521220698004017, 3.88678000502, 7.15184821519, 0.46737709285, -2.88593656961, 2.48934204639, 283, 2019
E, -100, 0.9597247552650843, 20.4904228946, 15.1524937082, 1.47556912312, 0.01965285485, 0.129103063996, 283, 2019
Z, -100, 0.8657031991912117, 16.1496007468, 19.9208206002, 0.895112379355, 0.170939479218, 0.0461285702671, 286, 2019
N, -100, 0.4875235705016338, 4.62335148011, 3.22686905708, 1.6562040083, 1.06765453299, 0.456724127884, 286, 2019
E, 100, 0.40740363555067033, 6.32165107804, 18.350227809, 0.434297202566, 1.87440337773, 3.02949148486, 286, 2019
Z, -100, 0.9784613952177978, 63.9947776931, 87.0348414153, 0.693641893672, 0.166939220182, 0.0559728452413, 289, 2019
N, -100, 0.8496230973359105, 9.02891939232, 10.1720853791, 0.954961246292, -2.78372768867, 3.01783917292, 289, 2019
E, -100, 0.8874427251540536, 15.8257115194, 25.9972372794, 0.562073083273, 0.793742341029, 0.560597289801, 289, 2019
Z, -100, 0.9747499167036714, 143.951412401, 137.044171096, 1.04997514422, 0.212160160251, 0.0436101901609, 292, 2019
N, -100, 0.9748915244530448, 6.94920929378, 14.6951494748, 0.439092814709, 0.20213335883, 0.127845996015, 292, 2019
E, -100, 0.9224991533894824, 34.5527273737, 34.371341392, 1.02526750715, -2.79530744803, 3.08858788638, 292, 2019
Z, 100, 0.9947740053574594, 118.276569817, 140.868859355, 0.814978845208, -0.0740178027042, 0.00404361693748, 295, 2019
N, -100, 0.7937990328780613, 7.83054090907, 13.6094359473, 0.58302175978, 0.363121409478, 0.192363519955, 295, 2019
E, -100, 0.9541605697387218, 32.0122585453, 34.9841765613, 0.911967467199, 0.437761685207, 0.171313673668, 295, 2019
Z, 0, 0.9921523154631882, 71.7181599738, 79.9095159647, 0.96900317124, 0.075105985403, 0.124725182418, 298, 2019
N, 100, 0.725079786479931, 4.06428328659, 6.89197413821, 0.450604235633, -0.720374792553, 0.508454897919, 298, 2019
E, -100, 0.9866069632411147, 21.7028584699, 14.9047531485, 1.56621531922, 0.0175450538049, 0.0555769950928, 298, 2019
Z, 100, 0.9950818082017975, 58.4772844047, 86.1463490072, 0.672972673213, -0.0304172296776, 0.0347957811244, 301, 2019
N, -100, 0.8290795011641497, 19.0994281703, 10.8508570922, 1.88577859827, -2.6955299295, 2.90238048713, 301, 2019
E, -100, 0.40260628102952484, 16.5637326968, 36.8526061093, 0.421755276461, 1.95470039945, 1.09129599209, 301, 2019
Z, -100, 0.9966894182287812, 129.999965401, 157.104767043, 0.818588498244, 0.0703775076147, 0.00866413350047, 304, 2019
N, -100, 0.9382368029038402, 16.7449896653, 18.2630318417, 0.889890778737, 0.221446537206, 0.0800270144181, 304, 2019
E, -100, 0.8575174731058642, 45.5330115565, 49.8530486402, 0.947056857569, 0.500131431374, 0.00759387393586, 304, 2019
Z, -100, 0.9949743772132879, 137.42757659, 152.257352627, 0.92038309823, 0.0870975883184, 0.00589769745581, 307, 2019
N, -100, 0.9518168289128021, 9.99736408522, 15.3890418241, 0.621221410567, 0.263000144543, 0.0700385851026, 307, 2019
E, -100, 0.9593378761976449, 33.2920387951, 37.8786242166, 0.910477507242, 0.397178831904, 0.118665015926, 307, 2019
Z, 100, 0.9939791557300935, 93.4675249783, 96.8304792214, 0.994409868412, -0.0162313163015, 0.0151407507362, 310, 2019
N, -100, 0.48439364502686644, 2.69376032907, 7.59438111576, 0.363043636968, 1.02212945221, 0.055876363384, 310, 2019
E, -100, 0.969955497832625, 22.9493623769, 21.6529791794, 1.00183535988, 0.176211984386, 0.0719865884483, 310, 2019
Z, 100, 0.7152980136613787, 50.1687960736, 31.3135754528, 1.5926270548, -0.865150259294, 0.801151274951, 313, 2019
N, -100, 0.26626569030215747, 4.40714129495, 3.57832450987, 1.52903110419, 1.19440138329, 0.374404658049, 313, 2019
E, -100, 0.9483807839989211, 12.4398121619, 12.671197561, 0.969027738614, 0.184264344136, 0.00842740064019, 313, 2019
Z, -100, 0.934362515456046, 116.962807574, 104.963042849, 1.03099615271, 0.332269416371, 0.204958643626, 316, 2019
N, -100, 0.9099432394715067, 6.64839081977, 11.6878028684, 0.528162078458, -3.33711107614, 2.75210807962, 316, 2019
E, -100, 0.9300027329048214, 32.5039378362, 36.0454994161, 0.801790346785, 0.292081897702, 0.101857092329, 316, 2019
Z, -100, 0.9857700692223055, 198.608854432, 165.467741712, 1.18738233137, 0.132587612089, 0.0249463431843, 319, 2019
N, -100, 0.6927766226917131, 8.1973561484, 17.6619094428, 0.387763258046, 0.793421974208, 0.52239461942, 319, 2019
E, -100, 0.8946956895413833, 47.1509434389, 47.6068153374, 1.00248887118, 0.458557461812, 0.014930940891, 319, 2019
Z, 100, 0.9932137256587455, 134.044688946, 171.664421443, 0.766288771074, -0.0347246388457, 0.0670262691787, 322, 2019
N, -100, 0.8828832178887761, 13.2723211904, 17.0230429903, 0.796795895006, 0.480486567891, 0.0111175468295, 322, 2019
E, -100, 0.9045711519483385, 44.8833062714, 44.1432221662, 1.04288614121, -2.70231349484, 3.15117408864, 322, 2019
Z, -100, 0.9824261599037829, 82.3774068471, 109.018954406, 0.739775841182, 0.133782918761, 0.0742246439, 325, 2019
N, -100, 0.9527090575687, 8.57032716086, 8.93097233123, 0.958910138057, 0.155384167249, 0.0471527973368, 325, 2019
E, -100, 0.8665612718471306, 24.759845089, 27.2494203815, 0.985713999166, 0.757845449745, 0.271588484734, 325, 2019
Z, 100, 0.889934423566115, 60.3295848885, 83.3778618629, 0.722199619578, -0.594835446649, 0.193016077921, 328, 2019
N, -100, 0.8811157812329603, 14.9525512669, 10.3422615885, 1.52462862894, 0.453819783384, 0.0577100651065, 328, 2019
E, -100, 0.817812400826553, 18.9300831607, 23.7798884489, 0.723312796129, 0.789664570369, 0.254173210328, 328, 2019
Z, 100, 0.9917097428009729, 132.915691403, 172.308361813, 0.758766678316, -0.116953033875, 0.0388207754278, 331, 2019
N, -100, 0.950219877911609, 19.8924355016, 19.8933119034, 1.00661165238, -3.05978739588, 2.95895459417, 331, 2019
E, -100, 0.8980143940269203, 47.5220699241, 60.0379135184, 0.851550713251, 0.533211304291, 0.129179698066, 331, 2019
Z, 37, 0.9997376376616163, 168.868450765, 186.702785091, 0.905750961387, -0.00507919745207, 0.00315135456524, 334, 2019
N, -100, 0.898473185220129, 8.99735910204, 19.8381280242, 0.392932936915, 0.439356012643, 0.323654878613, 334, 2019
E, -100, 0.9522812034171909, 49.4838248079, 54.5659766545, 0.900019804737, 0.310500554013, 0.0168281796788, 334, 2019
Z, -100, 0.9974665908983549, 136.380720285, 138.712239237, 0.972709096424, -0.00686719430937, 0.046939040921, 337, 2019
N, -100, 0.9109610955338182, 7.89035634834, 12.0920120641, 0.664757300307, 0.403327668959, 0.0499139692391, 337, 2019
E, -100, 0.940046881207168, 30.5329817688, 33.5092283537, 0.904567731699, -2.77212532117, 3.15065114063, 337, 2019
Z, 100, 0.9005778322595362, 77.0492601547, 64.2957856153, 1.46675841939, -3.16240982044, 2.7768830478, 340, 2019
N, -100, 0.20562357614151416, 6.81674160338, 3.60717933063, 1.84740901057, -0.660186496283, 4.21218986523, 340, 2019
E, -100, 0.9261693925964256, 15.1154203519, 14.3503693717, 1.12491361594, 0.803694667154, 0.397933832771, 340, 2019
Z, 100, 0.7105483538457849, 59.4874154114, 100.296039748, 0.500417541628, 0.498375454071, 0.893143568519, 343, 2019
N, -100, 0.7020046569436175, 26.862923439, 10.9416608496, 2.11886175987, -0.0430372476012, 0.493854686127, 343, 2019
E, -100, 0.7912610042311011, 32.0270058357, 27.5112526913, 0.936908818466, 0.915078442066, 0.564942916054, 343, 2019
Z, -100, 0.9936188285216114, 141.050775906, 176.033618497, 0.819692810836, 0.0591753196654, 0.000359385433041, 346, 2019
N, -100, 0.39801838473807716, 5.80113817464, 18.7750251984, 0.250486668896, -1.96494840733, 3.50000866208, 346, 2019
E, -100, 0.9538138921991268, 59.7329368748, 53.4377471361, 1.08353196718, 0.308392596798, 0.00312789648274, 346, 2019
Z, -100, 0.9896659757256409, 171.833164466, 199.939336136, 0.837921567656, 0.0926584001371, 0.101974519459, 349, 2019
N, -100, -0.7276806846734036, 18.4683685693, 20.5941072733, 0.716165128624, 0.175448279545, 3.48627810999, 349, 2019
E, -100, 0.9463080313402442, 69.2014005172, 58.7178577818, 1.15466497236, 0.374847672139, 0.0803406684757, 349, 2019
Z, 100, 0.9904154009533708, 129.62837815, 149.055174784, 0.877515440291, -0.10264585986, 0.0485736101003, 352, 2019
N, -100, 0.887194151132434, 27.6863054126, 12.9087331327, 1.61001475634, -0.235687863229, 0.399612452819, 352, 2019
E, -100, 0.6545076560309444, 40.8059123402, 38.46744018, 1.25634176068, -2.15322873076, 3.37816816806, 352, 2019
Z, 100, 0.9667771175681674, 80.5130616157, 67.5540625304, 1.3261383158, -0.888483487597, 0.725097619085, 355, 2019
N, -100, 0.45848972711901964, 5.39284551382, 8.33944295741, 0.651070341911, 1.56984252548, 0.637906577141, 355, 2019
E, -100, 0.9705379634392788, 20.1697645076, 19.9382511441, 0.98701464951, -0.0338288915447, 0.0553617485909, 355, 2019
Z, 100, 0.974298578206509, 120.275352992, 160.865788123, 0.716622711315, -0.0832835367733, 0.028156589894, 358, 2019
N, -100, 0.9204262707316331, 13.4009750563, 18.8731308015, 0.740791306865, 0.309643482143, 0.104023024109, 358, 2019
E, -100, 0.9922780971373406, 35.4819487719, 45.9285511705, 0.736739586807, 0.114752363515, 0.0382527974455, 358, 2019
Z, 100, 0.9996375576403286, 172.513088635, 196.736785063, 0.885123774119, -0.0281272972604, 0.0116324583603, 361, 2019
N, -100, 0.9535425684484867, 12.2874606691, 21.7757913378, 0.572412272363, 0.300015014887, 0.00936355763118, 361, 2019
E, -100, 0.9108370226592309, 52.3372191455, 65.8251770908, 0.834406497547, 0.524480510232, 0.211024620676, 361, 2019
Z, 100, 0.9971129888385666, 147.634512171, 166.072865715, 0.869747946311, -0.08167097449, 0.0585086111014, 364, 2019
N, -100, 0.8792227138307914, 8.4212078896, 16.1003293345, 0.528976983772, 0.332852995102, 0.00823523576608, 364, 2019
E, -100, 0.9771253945687216, 48.3129058371, 47.523520865, 1.01625864534, 0.223021878941, 0.0018439490117, 364, 2019
