Chan, Phase Shift, Correlation, ptp-data, ptp-synthetic, rat, phasem, phasestd, DOY, Year
Z, 100, 0.9998564137747785, 139.521133049, 135.183211673, 1.02564610063, -0.0277267220582, 0.0123220900456, 1, 2019
N, 100, -0.5147713789602979, 82.7362914208, 82.0611015492, 1.08208140059, -2.49324987736, 2.85824052336, 1, 2019
E, -100, 0.713914535603389, 86.6667768159, 36.0902706426, 2.27258242385, 0.0519203317926, 0.608799651165, 1, 2019
Z, 0, 0.9999287561927057, 198.730771881, 194.551159913, 1.02214831913, -0.0228119679106, 0.0149643336258, 4, 2019
N, 100, 0.8949076826131649, 199.308708495, 153.342452688, 1.09964035502, 0.334463043902, 0.417993210921, 4, 2019
E, -100, 0.8835826881178223, 56.2976807171, 50.2910735124, 0.978506126344, 0.186657116511, 2.29214235875, 4, 2019
Z, 0, 0.9999226660003925, 216.160389704, 212.068242682, 1.02498008124, -0.0203744916429, 0.0192526188986, 7, 2019
N, -100, 0.7367441245360359, 276.323667056, 191.484947367, 1.28261013063, -0.880494604174, 0.896320083555, 7, 2019
E, -100, 0.6004959866695073, 73.1077055166, 52.6656327964, 1.63265037351, 1.47820206648, 0.735045752655, 7, 2019
Z, -2, 0.9998914781054429, 181.736571609, 180.920968069, 1.00968087078, 0.000556234238025, 0.0144900490654, 10, 2019
N, -100, 0.8850740670894715, 162.096262702, 181.564866464, 0.91634699696, -0.801681298164, 1.1508568572, 10, 2019
E, -100, 0.6794162025394768, 43.7235245566, 41.876697316, 0.872257707162, -2.60328262921, 2.91390559961, 10, 2019
Z, 100, 0.999900368381351, 115.981763481, 117.907596548, 0.984761444623, -0.0276367362583, 0.00644402612618, 13, 2019
N, -100, 0.9355699120941422, 92.9189164584, 129.120911701, 0.723048579055, 0.398949522781, 0.142877990343, 13, 2019
E, 100, 0.3818604918905921, 20.3156536465, 24.4076291369, 0.693389551136, -1.09017998261, 1.52534620774, 13, 2019
Z, 43, 0.9999040186475078, 105.026465224, 107.610255428, 0.985460033719, 0.278759693304, 1.32497285171, 16, 2019
N, -100, 0.8303943004508855, 95.4007676234, 64.8081346845, 1.16750720861, -2.6383439745, 2.89240570702, 16, 2019
E, 100, 0.5730848663330748, 66.7124797042, 22.5427534499, 2.81482168368, -0.0483326389959, 1.77714550941, 16, 2019
Z, -100, 0.998998084316808, 215.100599447, 204.872185392, 1.04753170795, 0.0305992083715, 0.0303566966471, 19, 2019
N, -100, 0.8098649146239545, 134.921747582, 159.639520214, 0.862463384052, 0.97057159425, 0.41276219629, 19, 2019
E, 100, 0.9397570002683591, 98.4503009674, 41.0391524096, 2.62249906046, -0.258022142365, 0.156515052371, 19, 2019
Z, -100, 0.9949629985661798, 256.476493714, 258.44271151, 1.01500980109, 0.0356453382008, 0.0957034632835, 22, 2019
N, -100, 0.9587826231833416, 204.419508474, 229.017071779, 0.840395496152, -0.798129347273, 2.52601864468, 22, 2019
E, -100, 0.8110494825612632, 121.422250041, 54.3768226874, 2.19827822336, -0.0269425242758, 1.13129472412, 22, 2019
Z, -32, 0.9999805954129763, 222.260383194, 220.088756959, 1.01138026671, 0.00568363765046, 0.00480112075974, 25, 2019
N, -100, 0.9446343100529007, 165.077442153, 215.01361593, 0.793650716679, 0.33012460474, 0.109261010512, 25, 2019
E, -100, 0.751526945320333, 54.4485371113, 50.2400500517, 1.02687007545, -3.1459614925, 2.76901050123, 25, 2019
Z, 0, 0.99992288648628, 117.468974825, 119.423304054, 0.982172380165, -0.0174826817179, 0.0106057335054, 28, 2019
N, -100, 0.9218407435870739, 95.6662857606, 123.248412975, 0.7942549572, 0.267562297587, 0.0779336231463, 28, 2019
E, 100, 0.4463278714582867, 71.1635124785, 31.9023641374, 1.70855045864, -0.868762850881, 1.25232793464, 28, 2019
Z, 100, 0.9999155516385133, 129.074657648, 126.369903759, 1.0173460946, 0.274872436872, 1.33732010818, 31, 2019
N, -100, 0.8036669894012086, 62.9525957055, 76.3339092772, 0.846441244288, 0.856726898612, 0.284891437403, 31, 2019
E, 100, 0.8775001635014236, 82.5937804212, 35.8684802766, 2.77846097811, 0.945208730844, 2.94699571008, 31, 2019
Z, 0, 0.9996827487570755, 201.66877915, 196.866276214, 1.02146397589, -0.0377304303859, 0.0285782888159, 34, 2019
N, -100, 0.8939389146236807, 147.75215538, 161.027479613, 0.96807586751, 0.47301584774, 0.169322865706, 34, 2019
E, 100, 0.989360602366059, 113.879626201, 50.2552166325, 2.21636726415, -0.238383647342, 0.135922933476, 34, 2019
Z, -80, 0.9999287374026241, 229.719624471, 224.038544482, 1.02761127499, 0.00640026033305, 0.00924675055691, 37, 2019
N, -100, 0.8757579599244795, 268.735140672, 207.694820268, 1.24521405354, 0.541106588129, 0.114066662778, 37, 2019
E, -100, 0.964392087892542, 114.154959582, 52.3521903425, 2.04815203939, -0.133432494379, 1.36972980497, 37, 2019
Z, -100, 0.9999076190624533, 200.956155357, 196.510301292, 1.02336714333, 0.018390404512, 0.00899621015512, 40, 2019
N, -100, 0.8793728269854053, 332.111155273, 200.897156171, 1.60941976276, 0.628517804106, 0.263381096306, 40, 2019
E, -100, 0.8974015032061406, 70.8472854796, 41.4510185532, 1.59630782446, 0.0455968159411, 0.354744461606, 40, 2019
Z, -100, 0.9998301968850825, 123.607875132, 124.668478491, 0.993261508871, 0.0368191526193, 0.00930476276213, 43, 2019
N, -100, 0.2637205881245506, 259.087984238, 140.017963743, 1.86757615146, 0.786637752784, 0.338061008907, 43, 2019
E, -100, 0.7867529089157473, 103.825405918, 23.3715719276, 4.07325934115, 0.499606599592, 0.211784421077, 43, 2019
Z, -88, 0.9999404188439855, 120.931331583, 119.707854501, 1.00846152783, 0.0306961107657, 0.0103460811399, 46, 2019
N, -100, 0.2647545274498779, 130.83269741, 68.0067085174, 2.08449819541, -1.58191614534, 3.20849679148, 46, 2019
E, 100, 0.9238222990961782, 75.1503298514, 23.7809654057, 4.25705070484, 0.343614256178, 1.05966480653, 46, 2019
Z, -21, 0.9999314594054655, 240.822987081, 236.284975252, 1.01485216962, -0.00638264661694, 0.0090629156441, 49, 2019
N, -100, 0.8540928962001929, 255.677039191, 190.945804527, 1.4109835597, 0.804349074689, 0.195797102102, 49, 2019
E, -100, 0.9771403046120493, 112.437932478, 46.9010856843, 2.56936744954, -0.231209318856, 1.25480323932, 49, 2019
Z, -66, 0.9998613337608011, 289.263465532, 281.055814164, 1.03325206167, -0.00647931437671, 0.0187731647477, 52, 2019
N, -100, 0.7798893634334934, 218.783511075, 255.096225083, 0.87310801961, -1.12386325424, 2.93952982828, 52, 2019
E, -100, 0.8733338960925136, 127.038769908, 59.9875563969, 2.08876202742, 0.0713910589608, 1.24657577729, 52, 2019
Z, -77, 0.9999608585420378, 215.578269252, 212.68905687, 1.01399965861, 0.0180572778054, 0.00952457564736, 55, 2019
N, -100, 0.8883417107568375, 190.888068735, 213.961593091, 0.880928782297, 0.417982151398, 0.173573406795, 55, 2019
E, -100, 0.7174040637748709, 62.3246902536, 50.3595225728, 1.34716758852, -2.8783806303, 2.94715286031, 55, 2019
Z, 100, 0.9993475432336656, 86.7756269724, 88.1600048983, 0.992531488029, -0.024901459425, 0.0135507315301, 58, 2019
N, -100, 0.9042710039252312, 64.8683158308, 98.9006733936, 0.662425129545, 0.179635641381, 0.144786094012, 58, 2019
E, -100, 0.17150071038290562, 66.0692943493, 26.8610798386, 2.19953350179, 0.763029912335, 1.21506925234, 58, 2019
Z, -4, 0.9999860888439885, 143.655072884, 139.895284085, 1.02806120784, -0.0198924288711, 0.0139204090953, 61, 2019
N, -100, 0.9736719206873418, 97.066375889, 95.0718179185, 1.00765899876, 0.162834157539, 0.126122491683, 61, 2019
E, 100, 0.9419836787452897, 86.9544422843, 37.7379503114, 2.26394738991, -0.673130980453, 0.351823594234, 61, 2019
Z, 0, 0.9998917912439994, 220.913281137, 216.023579346, 1.02299491347, -0.0316330277351, 0.0256381391546, 64, 2019
N, -100, 0.9488714404902587, 180.516014563, 184.679474355, 1.02757765345, -0.199709148626, 1.93007027765, 64, 2019
E, -100, 0.919430952553061, 120.052398959, 51.8019904936, 2.32350375693, 0.166559162836, 0.112691963377, 64, 2019
Z, -99, 0.9997499309292931, 244.387115131, 240.467307372, 1.01773786997, -0.00986313977906, 0.019067589984, 67, 2019
N, -100, 0.9463900311508057, 209.283597858, 228.548308236, 0.907910555355, -0.00211086796467, 1.32479659126, 67, 2019
E, -100, 0.7333136351230272, 97.410977708, 52.3520381498, 1.8942227057, 0.263336462743, 1.17677436265, 67, 2019
Z, -100, 0.9996090509331643, 198.869906156, 200.00451741, 0.991928793923, 0.0585767569169, 0.022788640461, 70, 2019
N, -100, 0.9485579013601321, 197.222203281, 208.986129985, 0.944906776843, 0.223711994359, 0.0947281332651, 70, 2019
E, 100, -0.24796949302208482, 50.9030072812, 39.9374023022, 1.08939270902, -3.50261607224, 2.68625224941, 70, 2019
Z, -100, 0.998831604282533, 103.777154096, 108.195929338, 0.965287899924, 0.0504402913935, 0.0256198692228, 73, 2019
N, -100, 0.8851468579915533, 118.230102461, 125.548751201, 0.965462320577, 0.183308477566, 0.0927612536852, 73, 2019
E, -100, -0.38201042161360693, 33.5442264513, 20.6966145412, 1.82367723067, -1.75206606306, 2.59457700331, 73, 2019
Z, -15, 0.9999846047847475, 162.972902399, 161.106918202, 1.01120827364, 0.278914531463, 1.33412757886, 76, 2019
N, -100, 0.9311436737382232, 93.4859839918, 106.508566736, 0.842644284704, -2.33321211707, 2.65193038236, 76, 2019
E, 100, 0.8182030434613361, 88.0731712682, 31.1151560161, 2.985821651, 0.550385410036, 2.95161471853, 76, 2019
Z, 0, 0.9999760304001305, 274.96038799, 271.69228398, 1.01324151615, -0.0169642057871, 0.0104777595611, 79, 2019
N, -100, 0.9782656701478956, 183.943203129, 229.106826258, 0.84023253028, 0.231585971822, 0.106804567436, 79, 2019
E, -100, 0.8689411713437776, 140.494620503, 55.4279719971, 2.53050335087, -0.157345118842, 1.1670202703, 79, 2019
Z, -80, 0.9997960310800285, 284.240256918, 276.988390312, 1.02700439462, -0.0136140131311, 0.0147211930233, 82, 2019
N, -100, 0.9868980823179406, 229.830017577, 259.073309375, 0.868200324667, 0.0263796012581, 0.0564253149872, 82, 2019
E, -100, 0.7177340012891882, 96.3701690675, 61.6478981782, 1.60330824565, 0.422925056395, 1.25290418011, 82, 2019
Z, -100, 0.9998272710442475, 176.048577499, 175.514234309, 1.00435761905, 0.0480076616831, 0.0202074287949, 85, 2019
N, -100, 0.9545443527457437, 179.529427072, 183.57119499, 0.95360122973, 0.237468560021, 0.113974438133, 85, 2019
E, -100, 0.41704471567866114, 59.5998185114, 44.5368121431, 1.37132110995, -2.94852234778, 2.835619886, 85, 2019
Z, 0, 0.9994559827348917, 66.1697473397, 63.7862478437, 1.02664580638, -0.0272047155606, 0.023059761467, 88, 2019
N, -100, 0.9686144859998018, 55.4304562933, 65.0205517775, 0.855617410645, -0.0344378402646, 0.0954499440111, 88, 2019
E, 100, 0.16743659754889448, 63.7992205912, 21.9595569127, 2.57635068452, -2.29206877011, 2.6990187986, 88, 2019
Z, 11, 0.9999777065878327, 164.936033386, 162.352701721, 1.0135957936, -0.0196863348469, 0.012941419773, 91, 2019
N, -100, 0.9798617554595727, 112.630963511, 120.094524402, 0.960041280436, -0.0792787647718, 0.186870941395, 91, 2019
E, -100, 0.9833048139969366, 114.128109865, 40.6495892727, 2.87628446574, -0.12220271331, 0.148337690257, 91, 2019
Z, 0, 0.999934916319999, 238.606300806, 233.199248029, 1.02021148816, -0.0256622527818, 0.0178308560056, 94, 2019
N, -100, 0.9677319683287547, 148.859903392, 205.005395493, 0.783450400443, -0.269171741589, 1.91331901124, 94, 2019
E, -100, 0.8645373040827621, 119.996608425, 52.336759219, 2.33477678579, 0.305168324432, 0.181205137008, 94, 2019
Z, 0, 0.999935455299549, 247.36400035, 243.007636675, 1.02376682157, -0.0113756981741, 0.0133270008127, 97, 2019
N, -100, 0.9303643102947631, 207.322068343, 234.835040903, 0.799559720059, -0.233200400709, 1.21599892411, 97, 2019
E, -100, 0.8648092648108625, 92.0314347621, 50.420675166, 1.84292596275, 0.0444920674393, 1.79194083022, 97, 2019
Z, -100, -0.055523516479614565, 524.145677669, 179.951492765, 2.23502860949, 0.336719009898, 1.73016052446, 100, 2019
N, -100, 0.9285970700369409, 169.42729107, 191.583054656, 0.897876666038, 0.243661776579, 0.113055889059, 100, 2019
E, -100, 0.7062403025012941, 44.5055116427, 36.4763316504, 1.21498366617, -3.32710631805, 2.67015427497, 100, 2019
Z, 100, 0.3526634448924495, 656.958417978, 78.3573059315, 6.43098473429, -1.48487825013, 0.428737904112, 103, 2019
N, -100, 0.6676375606522044, 94.7584492292, 89.5907697785, 0.978259589291, 0.730715822341, 0.324477773448, 103, 2019
E, 100, 0.41047222744826173, 57.4929907427, 17.2633521975, 2.20454497701, -2.43171157356, 2.24911663361, 103, 2019
Z, 52, 0.9999697736097126, 210.72723882, 205.338094978, 1.02471979623, -0.0305356551134, 0.0195165754978, 106, 2019
N, -100, 0.9041679719366553, 108.801345913, 151.684826077, 0.650658066214, 1.04902036316, 0.446562994409, 106, 2019
E, -100, 0.9817309159685677, 115.346349615, 41.1999530602, 2.97367931807, -0.218841744279, 0.241323929359, 106, 2019
Z, 0, 0.9999570349472385, 282.356133262, 276.180563508, 1.0213422333, -0.0128186706252, 0.0103720752364, 109, 2019
N, -100, 0.9673652724077549, 198.333649915, 238.418950114, 0.818902345275, 0.338781751981, 0.112513446524, 109, 2019
E, -100, 0.915425114479197, 134.107149602, 59.7455140615, 2.29008271506, 0.172309657133, 0.130568990131, 109, 2019
Z, -44, 0.9998503996549948, 242.067274542, 238.491375342, 1.02215879626, -0.00801150254691, 0.0142422325817, 112, 2019
N, -100, 0.9239307304229212, 184.882469583, 228.59415494, 0.8060916133, 0.270754954625, 0.0671820850173, 112, 2019
E, -100, 0.6753942327182385, 108.16757659, 56.6719802036, 1.92511788446, 0.0567396724347, 1.78757958116, 112, 2019
Z, -100, 0.9993672888699693, 130.714217084, 131.681524414, 0.992842964048, 0.0453069366079, 0.0268536965943, 115, 2019
N, -100, 0.9212475063330217, 114.261733976, 141.330283943, 0.823743032714, 0.344543807266, 0.153482738476, 115, 2019
E, 100, -0.26414235399991304, 47.2907035391, 36.0250677832, 1.31622179544, -2.6982132786, 2.67927603054, 115, 2019
Z, 100, 0.9988395606420308, 89.0244728215, 85.0289924034, 1.04267173873, -0.0878135943714, 0.0552959552903, 118, 2019
N, 100, 0.6618025618127428, 68.6655805329, 43.3494328124, 1.12042502214, 0.437675489388, 1.70285585291, 118, 2019
E, 100, 0.6205378828293207, 69.9176156336, 24.9542255746, 2.41302042011, -0.411862563227, 2.98561986764, 118, 2019
Z, 100, 0.9998884788844178, 182.158139955, 178.38133274, 1.02326602464, -0.0168241760656, 0.00990208745971, 121, 2019
N, -100, 0.9577786194564397, 111.658534903, 138.270245088, 0.976765116967, -0.154549752995, 0.273807762176, 121, 2019
E, -100, 0.981585200573644, 118.611584964, 41.8026945007, 2.81551317687, -0.501341618027, 1.26945428099, 121, 2019
Z, 46, 0.9996402917622097, 242.743465337, 236.422673387, 1.02965490428, -0.0583106388621, 0.0400819938551, 124, 2019
N, -100, 0.8414693390015703, 153.740030552, 210.625381103, 0.741122970154, 0.453311395961, 0.212650368462, 124, 2019
E, -100, 0.7516651838245516, 138.875941507, 50.5212743185, 2.70385076349, 0.332047976052, 0.204874086217, 124, 2019
Z, 0, 0.9999569841135171, 227.79764968, 226.703214191, 1.01478009323, -0.00842850096137, 0.00957483331936, 127, 2019
N, -100, 0.8987412846945232, 194.344720557, 220.549780544, 0.758749313945, -1.11755774938, 2.8920499953, 127, 2019
E, -100, 0.2516360153565448, 83.5743289499, 47.0265053236, 1.75608768055, 0.63167581272, 1.69506888992, 127, 2019
Z, -100, 0.9993399418991863, 151.043339982, 148.547057797, 1.01256953018, 0.0398879482338, 0.014467300568, 130, 2019
N, -100, 0.08222091909137669, 120.241929918, 157.668838234, 0.760615964605, 0.603624227712, 0.377942667009, 130, 2019
E, -100, 0.03340121217193, 35.0074320335, 32.5353459495, 0.879072477097, 0.0386201225699, 1.03831197031, 130, 2019
Z, 100, 0.9996087801419127, 126.990350455, 122.951037489, 1.01793444155, -0.0283454741162, 0.0276581453931, 133, 2019
N, 100, 0.6910949632998569, 103.651075806, 72.5871072054, 1.17715618365, 1.27459012922, 2.8698225829, 133, 2019
E, 100, 0.5774831635557889, 79.745002871, 26.06940107, 2.58082031755, -0.928922414439, 2.67128137685, 133, 2019
Z, 0, 0.9999833055560211, 225.320612951, 219.521566902, 1.02398423906, -0.0106309601193, 0.00642175312249, 136, 2019
N, -100, 0.9524013983295307, 139.75602063, 169.449382925, 0.860764241179, 0.177795094546, 0.104249630362, 136, 2019
E, -100, 0.9790047239556982, 124.459630194, 47.7896354167, 2.64212524978, -0.121745693403, 0.159417887273, 136, 2019
Z, 0, 0.9999331609758716, 253.435189872, 246.865195872, 1.02504229112, -0.0171060003823, 0.014335099711, 139, 2019
N, -100, 0.9033062379327494, 194.842890467, 215.377049109, 0.852237776829, -0.33651338542, 2.31368534751, 139, 2019
E, -100, 0.8546873299674417, 134.095539214, 57.7647932388, 2.35829316427, 0.314281420903, 0.163637447682, 139, 2019
Z, -30, 0.9999077883043581, 195.478924684, 194.720475559, 1.0118732824, 1.63061088437e-05, 0.0125123356657, 142, 2019
N, -100, 0.9240661248388029, 167.085875717, 188.438021183, 0.885728583218, 0.316080197485, 0.0531719788498, 142, 2019
E, -100, 0.6094657923059678, 75.1743607858, 49.096217549, 1.57764677317, -0.0680137219933, 2.11384831366, 142, 2019
Z, -100, 0.9995702280890774, 107.154931287, 106.318192368, 1.00473777888, 0.01968309958, 0.00895365851881, 145, 2019
N, -100, 0.7504670085472491, 113.090184392, 112.794720686, 1.0161063788, 0.53222417925, 0.239005372009, 145, 2019
E, -100, 0.023741652238187114, 28.653762265, 29.6522505001, 0.914475486275, -2.92530815149, 2.72584438416, 145, 2019
Z, -1, 0.9999906733537614, 187.661803382, 182.696561033, 1.02568910836, -0.00978735033306, 0.00791663010691, 151, 2019
N, -100, 0.9415176044832394, 129.596489842, 143.825405362, 0.900563502991, -0.0183252885407, 0.213853661115, 151, 2019
E, -100, 0.960746052595092, 108.075911334, 40.2158575521, 2.62757498566, -0.290086520942, 1.26931146641, 151, 2019
Z, 0, 0.9999624813838963, 234.603734167, 228.94059832, 1.02586010437, -0.0107957120102, 0.0125908436174, 154, 2019
N, -100, 0.9276442746484693, 163.232664353, 203.210255784, 0.826738769871, 0.643790844423, 0.245367722926, 154, 2019
E, -100, 0.8034168885521601, 115.783324082, 47.7926890008, 2.4956130824, 0.498226668558, 0.213084726393, 154, 2019
Z, 0, 0.9999631121058761, 211.141269909, 207.630865547, 1.01660972844, -0.00850744606789, 0.00699252991537, 157, 2019
N, -100, 0.9868466851754654, 185.792928484, 200.580927122, 0.890874231643, 0.134630257599, 0.195266863364, 157, 2019
E, -100, 0.11224440200920312, 64.3762471365, 44.5857161541, 1.48434977107, 0.194949143417, 1.63150649075, 157, 2019
Z, 5, 0.9999733953607081, 133.415699609, 134.055094375, 0.994692197598, 0.00320798952974, 0.00443216413699, 160, 2019
N, -81, 0.9489545042181263, 194.762422115, 134.735719782, 1.51526983108, -0.377467707753, 0.16711282156, 160, 2019
E, 100, 0.38322274799261263, 43.3087806364, 31.3051342709, 1.03942056856, -2.06359776129, 2.92787801657, 160, 2019
Z, 100, 0.9998392332653224, 146.149956331, 142.030091565, 1.02238991384, -0.0224732829001, 0.00789393831167, 163, 2019
N, -100, 0.9346764207770988, 103.735287286, 91.1344947859, 1.05011182309, 0.431785664205, 0.205762161857, 163, 2019
E, -100, -0.5632776905758478, 59.3603716572, 33.1743824242, 1.88317552124, 0.505576433872, 3.18366101241, 163, 2019
Z, 62, 0.9996597798421996, 213.65977642, 203.567672536, 1.05361085411, -0.00910072675478, 0.0311682363642, 166, 2019
N, -100, 0.902010434867939, 125.2464661, 158.241894768, 0.831735839278, 0.539774010175, 0.520294257054, 166, 2019
E, 100, 0.6549027470610642, 79.5749049696, 48.9780946294, 1.42368376597, 1.65358762759, 3.1033227112, 166, 2019
Z, -100, 0.9993097074118701, 234.762214816, 215.401859217, 1.08457515472, -0.0183599154905, 0.0415921053414, 169, 2019
N, -100, 0.9763625338475251, 166.910684296, 188.837831323, 0.907508300062, -0.0823637638768, 1.36543766074, 169, 2019
E, -100, 0.9172680536033003, 91.3567743034, 53.6856046672, 1.70933380294, 0.330976936709, 0.19399454408, 169, 2019
Z, -100, 0.9996887439289827, 173.432938215, 172.974140839, 1.00174378406, 0.0137758083363, 0.0195803776538, 172, 2019
N, -100, 0.945425416007483, 178.552035706, 168.386841729, 1.00259297531, 0.468600546669, 0.25396535401, 172, 2019
E, -100, 0.5879331584911508, 60.2087287902, 43.7541208025, 1.38688426522, -0.259861221327, 1.13224208993, 172, 2019
Z, 76, 0.999603199861683, 101.020528508, 106.061223119, 0.954390296201, 0.0050742362223, 0.0208839452736, 175, 2019
N, -100, 0.8838517588663648, 154.183523311, 111.250514584, 1.44070569623, 0.00768832173412, 0.206691858674, 175, 2019
E, 100, -0.28494134273566596, 28.791920845, 26.6479840806, 0.840910902203, -1.16190793661, 2.72888321, 175, 2019
Z, 0, 0.9997946975542221, 107.994921353, 105.045219707, 1.02609339594, 0.260360362201, 1.33666663392, 178, 2019
N, -100, 0.8865795815017569, 58.1768484649, 69.0680535196, 0.761657015987, -2.62801330197, 2.77542157972, 178, 2019
E, 100, 0.9837943484615631, 46.9776343001, 24.930010801, 2.0154746334, 0.0555513344507, 1.17022412779, 178, 2019
Z, -100, 0.9998911151755283, 190.182837591, 182.50532574, 1.03305427039, 0.00604590396494, 0.0120117781673, 181, 2019
N, -100, 0.9645059417966737, 114.779849011, 142.792128133, 0.812568565826, 0.409690053618, 0.186194434396, 181, 2019
E, -100, 0.9842218806443618, 79.4518667794, 38.2088469667, 2.15593069594, 0.201277556325, 0.0862702244347, 181, 2019
Z, 0, 0.9998232329027762, 232.648350885, 228.723071239, 1.02266909706, 0.0207429327671, 0.0129820646385, 184, 2019
N, 100, 0.9422319778840696, 129.454100602, 201.51618964, 0.736575222428, -0.187998524059, 2.84498639717, 184, 2019
E, -100, 0.8095973985391095, 89.5632137095, 47.6103517508, 1.8939891033, -0.160062561422, 1.1723088315, 184, 2019
Z, 100, 0.9975356354249486, 173.337394533, 176.299280994, 0.934457014066, -0.168464566586, 0.113264962448, 202, 2019
N, 100, 0.8863125803100211, 485.738098139, 175.754902046, 2.78742399934, -0.707869370906, 0.284041165305, 202, 2019
E, -100, -0.28791975934901176, 43.2136594209, 41.326942865, 1.13967795291, -1.91973842048, 1.4554192026, 202, 2019
Z, 100, 0.9995169863087013, 113.34902043, 114.314938799, 0.987821422469, -0.0104551278505, 0.0257201831762, 205, 2019
N, -100, 0.9523034317645444, 481.797022983, 123.786904689, 3.98733412083, 0.0125733032953, 1.28238307477, 205, 2019
E, 100, 0.5020157824385312, 88.5685924343, 24.4245885529, 3.2769893599, -1.43456741986, 0.426419412445, 205, 2019
Z, 100, 0.9986524744163561, 108.799671621, 105.71557243, 1.02389714525, -0.090769840151, 0.0542289500855, 208, 2019
N, 100, -0.16247045478084224, 418.369238093, 64.4930170842, 5.80680022788, -2.83122016763, 2.78803630006, 208, 2019
E, -100, 0.7380028977937884, 104.31781424, 23.0896743609, 4.92507901512, 0.115249616369, 0.534426765862, 208, 2019
Z, -100, 0.9994877489281561, 200.518824791, 198.358152557, 1.01161567347, -0.00867106278024, 0.0391955814709, 211, 2019
N, -100, -0.2773773041589723, 333.440576874, 156.633533947, 2.51672061549, -1.07643625148, 2.73050717035, 211, 2019
E, -100, 0.20008096688957258, 79.4137566067, 39.856541295, 2.17201723951, -0.395383294265, 3.17973766438, 211, 2019
Z, -92, 0.999624560025676, 256.303109859, 251.822036969, 1.00302755617, 0.0576806750963, 0.045968825043, 214, 2019
N, 100, 0.6111188524983597, 328.255283196, 224.64473551, 1.59890805145, -1.07983022854, 1.46020765366, 214, 2019
E, -100, 0.7905090745212825, 38.1108999358, 52.2738113845, 0.845013788138, 0.765780591816, 0.76993195474, 214, 2019
Z, -15, 0.9999961173482922, 222.401222813, 217.557049229, 1.02206673284, 0.0029993462924, 0.00237034476004, 217, 2019
N, 100, 0.9605125642107534, 325.338452132, 211.483644233, 1.55631084639, -0.436234018255, 0.283277440338, 217, 2019
E, 100, 0.9324229590617321, 44.9640775471, 48.8585187655, 0.933822478321, -0.660470352827, 0.810337996842, 217, 2019
Z, 0, 0.9999746185958768, 122.065530686, 120.98401183, 1.0073792996, -0.0118855822794, 0.00466099365023, 220, 2019
N, -100, 0.7440745377378218, 315.076707925, 121.175189976, 2.64175922512, 0.470032185997, 0.246141286907, 220, 2019
E, -100, 0.913411828654036, 78.1139506362, 31.8096362982, 2.17442608612, -0.429357429056, 0.351408932986, 220, 2019
Z, -16, 0.9999898125587241, 133.282572551, 133.336715496, 0.997724495612, -0.000886300961099, 0.00804900498699, 223, 2019
N, 100, -0.6652746989749722, 316.639632802, 84.0275451409, 4.33861671721, -2.5497102629, 2.58368311052, 223, 2019
E, -100, 0.6556368047902318, 83.0698003692, 36.6916718077, 2.33655004374, 1.39508854065, 0.329590447747, 223, 2019
Z, 1, 0.9999397397097662, 202.454073415, 200.71815107, 1.0039918265, -0.0152369892127, 0.00934449650889, 226, 2019
N, -100, -0.2974595268671826, 189.646403381, 166.476278253, 1.37601003035, -0.44490565581, 2.55347849735, 226, 2019
E, -100, 0.30279165507949163, 87.4098477761, 50.5271266453, 1.74340074942, 1.13757753842, 0.258609287797, 226, 2019
Z, 0, 0.9999765893210764, 227.270962994, 220.492304181, 1.03195982015, -0.0156239312623, 0.00867401808596, 229, 2019
N, 100, 0.6036604136237984, 392.618998174, 206.372772443, 1.82068494225, -1.62906551953, 0.690610164289, 229, 2019
E, 100, -0.40345941044149436, 94.3674076094, 51.6189126469, 1.51648370451, 1.24509976074, 1.90403375578, 229, 2019
Z, -100, 0.9998742007964947, 187.124138188, 185.625049544, 1.01013355446, 0.00873072544591, 0.0147062386726, 232, 2019
N, 100, 0.9486105429400157, 375.520828156, 191.609802713, 2.14670915341, -0.395868143852, 0.262722974081, 232, 2019
E, 100, -0.34900487383150514, 60.4770772282, 39.4284306747, 1.42123629084, -1.71959648742, 2.85306903782, 232, 2019
Z, 0, 0.9997045181043486, 108.921081005, 111.039341321, 0.987051330461, 0.0115769455639, 0.0175954510587, 235, 2019
N, 100, 0.9785276993456304, 329.781409519, 126.129525068, 2.7827160544, 0.14635053451, 1.20676445235, 235, 2019
E, 100, 0.5178191460647221, 55.8099416035, 20.9096110748, 2.51140021616, -0.941688573011, 0.840055815042, 235, 2019
Z, 7, 0.9997134091243433, 132.293937438, 127.248242294, 1.02627182732, -0.0188260264548, 0.0287420433393, 238, 2019
N, 100, -0.11895448524003072, 218.36647157, 77.0491091368, 2.81438405364, -3.14148551776, 2.86030449894, 238, 2019
E, -100, 0.9364304531909673, 113.365895222, 25.3088222007, 4.52203823517, -0.0409291497383, 0.391496917687, 238, 2019
Z, 28, 0.9999690347168885, 247.113223938, 240.371078595, 1.02580801926, 0.00745032485982, 0.010038412668, 241, 2019
N, 100, 0.5877173345382452, 201.943145995, 198.298208622, 1.08554545305, 0.426545574797, 2.82691806203, 241, 2019
E, -100, 0.8618921133896058, 72.8131463511, 47.2988935431, 1.57159485725, 0.209492299863, 0.233936862751, 241, 2019
Z, 0, 0.9999451434357837, 284.006843625, 278.117467582, 1.0265488253, -0.015586743761, 0.00985026213647, 244, 2019
N, 100, 0.8224174825845294, 406.511854693, 255.547172668, 1.46238437924, -0.704641206147, 0.247779197261, 244, 2019
E, -100, 0.8009190022462644, 51.6934070556, 58.8025935694, 0.911939852009, 0.286152423588, 0.986880564923, 244, 2019
Z, -100, 0.9999486254545866, 206.395156988, 203.249031146, 1.01396528446, 0.0195368535395, 0.00894581358181, 247, 2019
N, 100, 0.9620532802863198, 448.009346557, 205.302963592, 2.25291273265, -0.484938787002, 0.223376539893, 247, 2019
E, 100, 0.7435769185438758, 39.4597134238, 48.3079276031, 0.822919404815, -1.17766685409, 0.314780570036, 247, 2019
Z, 15, 0.9994222365926964, 79.8337830166, 80.5586548233, 1.00791646731, -0.00576818315824, 0.0157091238092, 250, 2019
N, -100, 0.6330383182980831, 313.537425635, 86.2916752917, 3.05186406804, 0.513849357345, 0.41219220896, 250, 2019
E, -100, 0.8930078786668139, 90.800431558, 25.4459366059, 2.52834269701, -0.00908367624032, 0.947440617313, 250, 2019
Z, -79, 0.9999522474388656, 160.694414605, 155.347426962, 1.03627034469, 0.0158602205435, 0.00869026179189, 253, 2019
N, -100, -0.5430361985364629, 167.928800893, 111.085946616, 1.92047156797, -1.34033872394, 2.59736842007, 253, 2019
E, -100, 0.6854528318099794, 95.7071629974, 40.5693834362, 2.46381890438, -0.625723264088, 2.91618136513, 253, 2019
Z, -16, 0.9999495894734094, 227.005496331, 222.910995786, 1.01810345634, -0.0107625462782, 0.0110856263874, 256, 2019
N, 100, 0.6854365994068514, 254.659064623, 193.963625644, 1.28821643581, 0.184587238721, 2.39640501105, 256, 2019
E, -100, 0.8055187166177016, 64.9735810107, 53.1697357496, 1.22998641851, 0.62454024796, 0.267781233172, 256, 2019
Z, -22, 0.9999204305292224, 236.35046412, 233.839506033, 1.01391323465, -0.00649690972783, 0.0130672045921, 259, 2019
N, 100, 0.6901691122533503, 305.33426529, 225.866182538, 1.51377552924, -1.03654074579, 0.440026901346, 259, 2019
E, -100, 0.24868315317676412, 39.2964298026, 51.0320007129, 0.734663805922, 1.62512981497, 1.61926888666, 259, 2019
Z, 0, 0.9999926049220161, 182.547180114, 182.339018898, 1.00132494352, -0.00289411592478, 0.00279679931523, 262, 2019
N, 100, 0.931804963126718, 298.089563256, 194.682401176, 1.67661095648, -0.643011027449, 0.319539069578, 262, 2019
E, 80, 0.8032510141657535, 19.647038756, 36.2076401627, 0.464214194046, -1.12533133975, 1.89357274459, 262, 2019
Z, -52, 0.999835640052713, 89.5920063423, 89.5099338298, 0.998509231307, 0.00739462267803, 0.00348340894702, 265, 2019
N, -100, 0.8728469337865087, 336.4404062, 107.113490142, 3.189081264, -0.0928357162348, 0.183220841194, 265, 2019
E, 100, 0.8342987447774142, 46.3395631847, 16.6393379981, 2.57398824755, -0.940388888667, 0.527247759254, 265, 2019
Z, 49, 0.9999716559936621, 172.819274875, 176.15792631, 0.981552681111, -0.0139928704498, 0.0226703497496, 268, 2019
N, -100, -0.6513084748118476, 138.574256975, 122.460535592, 1.48392305151, -1.70455565865, 2.52255467871, 268, 2019
E, -100, 0.863431764751346, 82.2930429281, 33.5590096548, 2.5193533376, -0.659356036426, 2.57752393847, 268, 2019
Z, -17, 0.9998496847888821, 285.253362992, 280.467908412, 1.00460907455, -0.0132717258916, 0.0121357058865, 271, 2019
N, 100, 0.28922226901493137, 163.082851583, 240.66389533, 0.758143556448, -0.564355921075, 2.40135137243, 271, 2019
E, -100, 0.7418479256574013, 93.9861541622, 56.5416873392, 1.80854118749, 0.636223780797, 0.194215993479, 271, 2019
Z, -100, 0.1263854257100361, 1146.65948788, 159.976551849, 5.07979014323, 2.26508385791, 1.25002344005, 277, 2019
N, -100, 0.31249458410774494, 167.266323114, 169.86353116, 1.0189779447, -0.126970547665, 0.502947271502, 277, 2019
E, 100, 0.8018246342404515, 127.947575688, 41.4925894412, 2.28925721531, -0.254307419714, 0.525331424763, 277, 2019
Z, 0, 0.9999767472911082, 182.308161829, 180.015490268, 1.01868036611, -0.0117966038742, 0.0102622236091, 283, 2019
N, 100, 0.5404008389344545, 251.956765273, 138.680674403, 1.7621452929, -0.467666675094, 2.76660346789, 283, 2019
E, -100, 0.8780616780363598, 46.0117731931, 44.5998108618, 1.16830924463, 0.433347872174, 0.208711539331, 283, 2019
Z, 0, 0.9999123059840103, 242.109904011, 237.41932822, 1.01525318517, -0.0220361562441, 0.0166054326694, 286, 2019
N, 100, 0.7685249720907458, 171.183008425, 212.587820088, 0.967588935061, 0.475601661671, 2.60951091136, 286, 2019
E, -100, 0.6353573629235971, 54.693969642, 53.9065485545, 0.961112739544, 0.697045193518, 0.286186672896, 286, 2019
Z, 0, 0.9999147809121137, 234.704750632, 231.74140457, 1.02203820128, -0.013296862851, 0.015646145598, 289, 2019
N, 100, 0.9850829304674165, 188.75088747, 228.158262996, 0.875843497631, -0.425503926855, 1.3009210922, 289, 2019
E, -100, 0.8298950389362623, 55.4776888786, 48.4363956416, 1.12462785301, 0.255633298191, 1.2697197961, 289, 2019
Z, -3, 0.9999399853849528, 161.330950714, 160.45468087, 1.00995013691, -0.00241874469618, 0.0103443957917, 292, 2019
N, -100, 0.936329194596438, 268.475140519, 176.267456752, 1.46181316498, 0.117224835254, 0.178391248859, 292, 2019
E, 100, 0.9077233631232319, 33.8108650761, 31.9398961873, 0.982519558306, 0.0543305760579, 0.870548734233, 292, 2019
Z, 100, 0.9988622157270945, 92.839330661, 89.0438718178, 1.00963285973, 0.00743359644283, 0.0222503385237, 295, 2019
N, -100, 0.4536487832874123, 220.829653616, 74.6122981998, 2.89943241148, 0.381864964013, 0.281762002047, 295, 2019
E, -100, 0.905482698896434, 46.5226656267, 17.6830040969, 2.73633563701, -0.304751347922, 0.962142863341, 295, 2019
Z, -2, 0.9999316588547627, 225.346846963, 220.862470196, 1.02030775828, -0.0265855779567, 0.0216870334961, 298, 2019
N, 100, 0.6073930272372453, 133.756006969, 167.516021535, 0.800287870275, -2.05254252397, 2.43822379599, 298, 2019
E, -100, 0.8921452323057902, 80.7588687533, 43.5227024479, 2.1161465739, -0.939615926862, 2.84035802208, 298, 2019
Z, 0, 0.9999655419414917, 289.458637463, 283.417659688, 1.01462184336, 0.00277170033758, 0.00662661949524, 301, 2019
N, 100, 0.9574700471442935, 249.331020047, 247.968523749, 0.939827038851, 0.887637002575, 2.83062705135, 301, 2019
E, -100, 0.7724327698009386, 80.5787674344, 60.7061345627, 1.36773322516, 0.284207442382, 0.214274170317, 301, 2019
Z, 0, 0.9999132629376418, 237.658820284, 232.042643864, 1.03172904631, -0.0121970610112, 0.0139960675907, 304, 2019
N, -100, 0.7583405016456785, 138.683521364, 225.899325796, 0.650681839736, -0.26695714069, 1.00685676325, 304, 2019
E, -100, 0.6046678807654478, 65.5902842286, 55.2764853135, 1.18572597232, 0.603146770178, 1.97150543249, 304, 2019
Z, -67, 0.9998712038887572, 118.260850791, 116.736192194, 1.01365806415, 0.0192543493141, 0.0109669315129, 307, 2019
N, 100, -0.12714914247022477, 168.962431237, 128.136526118, 1.10004193285, -0.528609733525, 0.898166075131, 307, 2019
E, -100, 0.3488299489617871, 29.3892182929, 33.267985838, 0.717639235066, -0.289376076567, 2.38025847445, 307, 2019
Z, -44, 0.9998156989256769, 106.568345602, 102.907260007, 1.02461877932, -0.00937603814824, 0.0257271120378, 310, 2019
N, 100, 0.35870194510919967, 120.264734633, 57.7205183316, 2.60763062628, 1.08137363114, 2.400467707, 310, 2019
E, 100, 0.8877038893982808, 54.3200917311, 28.7171408741, 1.56636704353, 0.171210838625, 0.514637210196, 310, 2019
Z, -8, 0.9999936892729906, 194.272744588, 190.094444068, 1.0204243576, -0.00320808145986, 0.0042911739707, 313, 2019
N, -100, 0.7952235065053092, 94.2773383385, 150.331373058, 0.731560786203, 0.215335292399, 0.611024087207, 313, 2019
E, -100, 0.8319966892410043, 88.3475728117, 45.3153703704, 1.85798571862, -0.142895491306, 1.28709840018, 313, 2019
Z, 0, 0.999914801915198, 240.074246122, 235.640858626, 1.02034320569, -0.0302032440122, 0.0224603824694, 316, 2019
N, -100, 0.8387071516006229, 136.636477611, 211.94558376, 0.582776478226, 0.61975259126, 2.6242294666, 316, 2019
E, -100, 0.6872581587005224, 80.0426632773, 51.4477497132, 1.63875959485, 0.928067481605, 0.265116748634, 316, 2019
Z, 0, 0.9999277590757435, 219.879937334, 215.465920365, 1.02836286277, -0.0182851819319, 0.0140780405231, 319, 2019
N, -100, 0.836817302991243, 148.266114738, 213.2303554, 0.689970388272, -0.204710421551, 1.30272934788, 319, 2019
E, -100, 0.8051304729237935, 67.6432044892, 44.8311005616, 1.50285248127, -0.00792315106939, 1.8333315096, 319, 2019
Z, -100, 0.999067013397184, 138.961084066, 135.217306007, 1.0306229623, 0.0264384792479, 0.023175383915, 322, 2019
N, -100, 0.6099854312448787, 90.9534604114, 148.536001794, 0.667579378317, 0.048974163194, 1.09206131774, 322, 2019
E, -100, 0.7313481190680452, 32.1368414025, 28.7179804967, 1.08292387322, -2.34203056991, 2.8494457913, 322, 2019
Z, 73, 0.9997853184094458, 137.25577274, 130.234363471, 1.04493228281, -0.0237880626147, 0.0253647930461, 325, 2019
N, 100, 0.12569150534234233, 109.916755328, 78.689534289, 1.45110232619, 1.65163299626, 1.88216225141, 325, 2019
E, -100, 0.9687003987072891, 49.2617339545, 26.58140498, 1.85566831962, 0.609474968968, 0.489379958829, 325, 2019
Z, -3, 0.9999768333460118, 236.265933398, 228.588840779, 1.0360101468, -0.00332661751321, 0.00849765507142, 328, 2019
N, 100, 0.9361704921870558, 207.608097688, 177.917968145, 1.29943630216, -0.353325203719, 0.324397502918, 328, 2019
E, -100, 0.9286165129050723, 84.6760095057, 49.0359008507, 1.67431019989, -0.180791074566, 0.398924939262, 328, 2019
