Chan, Phase Shift, Correlation, ptp-data, ptp-synthetic, rat, phasem, phasestd, DOY, Year
Z, -100, 0.9543142035865984, 106.479049799, 81.1607288785, 1.37609158512, -0.287351944207, 0.406374630331, 1, 2019
N, -100, -0.3661684720553342, 234.077760242, 751.974247737, 0.333547248599, -0.325940039654, 2.67571720643, 1, 2019
E, -100, -0.5922181692885277, 758.741539987, 378.907057519, 2.19047805278, -0.75266227712, 2.83347039998, 1, 2019
Z, -100, 0.9538052938781146, 127.60456888, 117.152229128, 1.16585654735, 0.177225380034, 0.141975947182, 4, 2019
N, -100, -0.10578368559324618, 231.447562495, 1074.78094091, 0.228250993113, 2.40896621592, 2.96440657423, 4, 2019
E, -100, -0.6899599786185463, 839.902103557, 684.695448269, 1.3120516268, 1.52680489684, 2.85411231518, 4, 2019
Z, -100, 0.9748307320138945, 113.888300281, 127.874424794, 0.872101599047, 0.464162253315, 0.196597247488, 7, 2019
N, -100, -0.23875432077173547, 184.491564758, 1157.50100483, 0.167514478251, 1.81341010506, 2.88108009961, 7, 2019
E, -100, -0.8600499878996424, 1005.21807601, 776.603953193, 1.30581619785, 0.835634905015, 3.23686140895, 7, 2019
Z, -100, 0.9765238367033308, 101.477740813, 109.017207788, 0.997491734139, 0.350078724456, 0.166163430374, 10, 2019
N, -100, -0.5509033247875113, 161.796428685, 933.835715011, 0.167044733844, -1.56141558001, 1.33568482049, 10, 2019
E, -100, -0.9357504775014638, 1045.41321239, 621.443385908, 1.63642363664, -2.37826459086, 1.31812904036, 10, 2019
Z, 100, 0.9682055355520133, 65.9589237513, 70.4916721999, 0.898257104926, -0.364335321737, 0.164338305818, 13, 2019
N, -100, -0.5358613239851737, 168.084625808, 534.937681292, 0.296503133609, -0.931941381303, 2.7861441635, 13, 2019
E, 100, -0.9742504911014455, 940.080878204, 345.284564072, 2.70894704048, -0.935359852721, 3.00417219574, 13, 2019
Z, -100, 0.971346787573429, 92.454603267, 69.0113796722, 1.25343123976, -0.39096375348, 0.42537666798, 16, 2019
N, -100, -0.09417620178853728, 170.580375701, 385.823460904, 0.44521688118, 0.0542586067522, 2.98224736586, 16, 2019
E, 100, -0.5533582209217348, 648.23929781, 113.1417213, 6.2597698895, -1.74227531051, 2.8349814379, 16, 2019
Z, -100, 0.9466549524272929, 152.136499286, 130.965072492, 1.31088939355, 0.25564641595, 0.229979401891, 19, 2019
N, -100, -0.20589151348944063, 212.855146096, 837.153826886, 0.292051282574, 0.663989815093, 3.11102322383, 19, 2019
E, -100, -0.6856435519933956, 793.847832085, 445.958502498, 2.08216270204, 1.67159532147, 3.07753668179, 19, 2019
Z, -100, 0.9587074840440372, 152.344924918, 164.017982575, 0.9430848758, 0.413893435733, 0.132249455694, 22, 2019
N, -100, -0.40522962696414433, 243.732750066, 1247.95446721, 0.211776895032, 1.8638517295, 2.80637461985, 22, 2019
E, -100, -0.9535977844627013, 1156.71912729, 852.981703197, 1.4089501553, 1.16361951287, 3.03530609761, 22, 2019
Z, 100, 0.9971157712476906, 113.480795009, 136.589022593, 0.78360371178, -0.157821934695, 0.0889344207532, 25, 2019
N, -100, -0.5644887213437484, 212.973009518, 1243.82283855, 0.169657438125, -1.49573686184, 1.29577401311, 25, 2019
E, -100, -0.9921445103947754, 1254.83322911, 911.897174496, 1.36355286704, -1.48817665736, 2.64875888431, 25, 2019
Z, 72, 0.9325992566547752, 51.7877912806, 70.8885768307, 0.685144333567, 0.960411264645, 0.778919986142, 28, 2019
N, -100, -0.6285299394298016, 186.770779291, 817.080492953, 0.222256649797, -0.639197676374, 3.01590403818, 28, 2019
E, -100, -0.9648787299568241, 1045.3975566, 566.81014772, 1.8520751237, -1.28946567986, 2.91596640774, 28, 2019
Z, -100, 0.9598292312037359, 95.9990017261, 74.497653097, 1.30367042711, -0.30650517253, 1.30412656087, 31, 2019
N, -100, -0.3091512487391911, 153.717961414, 695.319816344, 0.231546301364, -1.72347780297, 1.57319618238, 31, 2019
E, -100, -0.38242681489753044, 622.225675025, 374.970651419, 1.99785545759, -1.92410327867, 1.5595970485, 31, 2019
Z, -100, 0.9711403806526816, 133.122508045, 118.576288043, 1.24041869478, 0.14356925114, 0.159705124676, 34, 2019
N, -100, -0.376969068471202, 186.58965827, 1066.23055781, 0.183015630942, 1.69605770615, 2.78624870237, 34, 2019
E, -100, -0.7225582421880563, 856.461148898, 702.386599922, 1.2462776217, 1.83894185731, 2.79736334647, 34, 2019
Z, -100, 0.9783759234522768, 125.399139258, 135.895321699, 0.83641638464, -0.30408284217, 1.32577806893, 37, 2019
N, -100, -0.4031600213495707, 202.102146537, 1168.39864135, 0.178015617692, 1.64117240229, 3.07537150947, 37, 2019
E, -100, -0.8672434176057963, 1072.59908228, 788.509363862, 1.34577301547, -2.05935349562, 1.30229449164, 37, 2019
Z, -100, 0.9530787513246676, 100.598628327, 120.138080229, 0.854911581911, 0.160446811553, 0.150640665419, 40, 2019
N, -100, -0.5568022887983769, 189.717134194, 959.033833456, 0.200877756439, -1.61350371734, 1.32777837315, 40, 2019
E, -100, -0.9667067861822902, 1113.91018107, 651.402552802, 1.66108483657, -1.29398809912, 2.62490483156, 40, 2019
Z, 100, 0.8973072128281793, 66.6470285587, 76.8626199407, 0.784220177802, 0.273642697834, 0.622299906934, 43, 2019
N, -100, -0.7129761415431984, 177.688503932, 559.831175524, 0.302829751064, -0.660804882071, 2.92020168528, 43, 2019
E, 100, -0.9550128130617891, 980.567241727, 430.251793223, 2.27638315668, -1.09122045283, 2.95528680396, 43, 2019
Z, -100, 0.9579081561732651, 94.8449226198, 75.9721101602, 1.35162607606, -0.0819060175018, 0.28079268013, 46, 2019
N, -100, -0.2480596896633103, 144.571789278, 389.926592062, 0.422748705845, -0.424371776839, 2.9719210656, 46, 2019
E, 100, -0.4615407521965956, 662.240099051, 186.75230198, 3.89008198236, -1.66845644552, 2.81739665666, 46, 2019
Z, -100, 0.9721009045047816, 154.149746433, 151.076404998, 1.07352397834, 0.138596586949, 0.117365906281, 49, 2019
N, -100, -0.2714449043356677, 219.602855787, 1008.24799175, 0.231195367067, 2.03690303012, 2.99272404501, 49, 2019
E, -100, -0.7680162101055694, 902.514575559, 600.346179479, 1.72913828662, 1.52607296644, 2.99688647006, 49, 2019
Z, -100, 0.9795790421417029, 177.352724705, 176.03469449, 1.01480256464, -0.618051539763, 2.26796459527, 52, 2019
N, -100, -0.47568180346805256, 252.281251861, 1444.59328245, 0.18344584106, 1.85137696727, 2.89117935606, 52, 2019
E, -100, -0.961735216636592, 1265.45401157, 1025.41820102, 1.28968249317, 0.840613016304, 3.15403756046, 52, 2019
Z, -100, 0.9547504712757509, 86.1770121158, 130.250795223, 0.668183141111, 0.323190225734, 0.181659513946, 55, 2019
N, -100, -0.6048601856520699, 210.467967209, 1297.26681349, 0.155736278449, -1.57869278808, 1.31392448397, 55, 2019
E, -100, -0.9918927437627667, 1281.23049469, 963.003842093, 1.3171530123, -1.24184960473, 2.83638089567, 55, 2019
Z, 100, 0.7491056763662785, 70.9408751361, 52.3576726076, 1.23247475432, 3.08964716033, 2.66779209227, 58, 2019
N, -100, -0.5952623958246348, 158.713342695, 678.735127104, 0.22412086403, -0.743420530872, 3.09846244694, 58, 2019
E, -100, -0.9273780748939112, 964.317119794, 463.473059015, 2.11953083704, -1.33199457077, 2.9207920313, 58, 2019
Z, -100, 0.8987867626525171, 105.731112599, 82.6531202942, 1.44467996859, 0.181761841091, 0.25452391419, 61, 2019
N, -100, -0.16471487840814553, 133.872471555, 744.703370692, 0.194733835421, -1.27480229827, 1.42167279837, 61, 2019
E, -100, -0.1684122733016478, 486.187482152, 460.631784716, 1.41463208796, -0.989693912734, 2.04873550189, 61, 2019
Z, -100, 0.9207476769476745, 132.66696116, 130.928406955, 1.07947906669, 0.39303425712, 0.11792098863, 64, 2019
N, -100, -0.36566822971595286, 195.870800306, 1139.29119882, 0.179137565781, 1.86218812945, 2.79863892907, 64, 2019
E, -100, -0.7300732962106765, 888.77624115, 764.335273923, 1.16827826634, 1.61352272354, 2.9752256787, 64, 2019
Z, -100, 0.876001124331316, 120.785277179, 147.719692423, 0.833262604461, -0.484407122781, 2.30288275016, 67, 2019
N, -100, -0.45530720069607705, 229.959490709, 1208.22046513, 0.192625817391, 0.731390055753, 3.14837561818, 67, 2019
E, -100, -0.9018295416613136, 1095.36086253, 817.25320339, 1.33563630901, -2.112410352, 1.30038570252, 67, 2019
Z, -100, 0.9236788261633655, 98.7188769258, 125.126949133, 0.623653161413, -1.28398842688, 1.1753560565, 70, 2019
N, -100, -0.600035205946566, 229.512414155, 964.471833183, 0.225815040713, -1.52736853857, 1.31141396147, 70, 2019
E, -100, -0.9888451320200374, 1173.96720361, 691.175955139, 1.64378742502, -1.42042332739, 2.6409358183, 70, 2019
Z, 100, 0.9611249619166239, 83.6176193431, 69.6725958591, 1.27680409656, -0.120286699587, 0.154155646369, 73, 2019
N, -100, -0.7163915304659841, 174.556649335, 523.413202873, 0.338704110204, -0.388468552589, 3.04487876328, 73, 2019
E, 100, -0.9241034104825071, 942.340717692, 468.212544916, 2.0381841959, -1.17345144737, 2.93632917306, 73, 2019
Z, -100, 0.9612968447947329, 139.256077582, 101.415127659, 1.36240874614, -0.380681785906, 1.28689406986, 76, 2019
N, -100, -0.05173073788212327, 143.180886706, 586.59677018, 0.31966333887, -0.687839991106, 2.42398457959, 76, 2019
E, -100, -0.2597764362453479, 555.857586729, 247.48964057, 2.91363596432, -1.87960312418, 2.81825317621, 76, 2019
Z, -100, 0.9520059572119434, 174.700030069, 171.045362539, 1.07750229006, 0.53507105863, 0.159575349073, 79, 2019
N, -100, -0.4112599712637932, 227.249865169, 1276.16824343, 0.192738637852, 1.87605715318, 2.90591781183, 79, 2019
E, -100, -0.8610036516559579, 1096.36557795, 833.537242715, 1.41454309558, 1.75523197771, 2.84783388962, 79, 2019
Z, -100, 0.9221334239061424, 140.224990162, 171.12818777, 0.779944424732, -0.327474400526, 1.30854293318, 82, 2019
N, -100, -0.6032095100717356, 272.397246483, 1532.49130664, 0.183759440304, 1.40175498094, 3.10543844719, 82, 2019
E, -100, -0.9731331357840488, 1327.75216596, 1105.84439355, 1.23056204015, 0.223140532101, 3.2262840406, 82, 2019
Z, -100, 0.4662313685066878, 80.666780318, 108.116940988, 0.691138464417, 0.978564725414, 0.303507448235, 85, 2019
N, -100, -0.6405250279452717, 226.614462034, 1148.03086014, 0.192961368991, -1.79964733261, 1.33402855038, 85, 2019
E, -100, -0.9845069269329288, 1199.2568408, 849.526591683, 1.39569010786, -0.940511514485, 2.99768162341, 85, 2019
Z, 100, 0.8407581692000532, 112.872430625, 36.8032669658, 2.81919171962, 2.94283545487, 2.84747410818, 88, 2019
N, -100, -0.29000478983708405, 140.163184367, 455.307041749, 0.276826487426, -0.615548259917, 3.14051972615, 88, 2019
E, -100, -0.6772340346137246, 753.771098339, 279.727516761, 2.85617625441, -1.27354692126, 2.97302251993, 88, 2019
Z, -100, 0.8680444212218127, 161.108527027, 96.6937065852, 1.70425594411, 0.268509966191, 0.181998170176, 91, 2019
N, -100, -0.24439367253203068, 149.467862976, 854.286296473, 0.1718620902, -0.958365416868, 1.80206111255, 91, 2019
E, -100, -0.2945974171358814, 597.345680577, 546.686360715, 1.17557046175, 2.34465226088, 3.16083477266, 91, 2019
Z, -100, 0.6679937076693637, 203.091794402, 142.867742816, 1.52781198462, 0.761683670774, 0.169574208819, 94, 2019
N, -100, -0.4286032724733099, 222.324951529, 1183.12855523, 0.192964311483, 1.8389319791, 2.81103912134, 94, 2019
E, -100, -0.7468135301008287, 933.605889874, 777.871318173, 1.20735357919, 1.64948318379, 3.00269624594, 94, 2019
Z, -100, 0.757685613025679, 132.259419327, 151.632672365, 0.898891612052, 0.00549262765404, 2.73709121088, 97, 2019
N, -100, -0.5372760230226041, 249.687328164, 1188.06559091, 0.212357985602, 1.04335904933, 3.18354108799, 97, 2019
E, -100, -0.9473720994057736, 1201.30750512, 807.754224483, 1.43693161534, -2.22926508891, 1.29249864617, 97, 2019
Z, 100, 0.8992364222175822, 54.8290101492, 116.171612037, 0.3925614722, 0.020030151026, 0.718218436053, 100, 2019
N, -100, -0.6563950872042175, 236.404875558, 895.571805826, 0.256136478885, -1.69649673454, 1.32016844164, 100, 2019
E, 100, -0.9930507048754328, 1159.20031903, 681.224041564, 1.6705663571, -1.30199620231, 2.82739442043, 100, 2019
Z, 100, 0.7308134232494421, 164.840777293, 53.8039571467, 2.05469834612, 1.40738518904, 2.66362302179, 103, 2019
N, -100, -0.4914614685922511, 170.3254533, 412.65465995, 0.390734021305, -0.671344312644, 2.97216416301, 103, 2019
E, 100, -0.8070909778394799, 864.459835325, 388.795294523, 2.27813390586, -1.31655004036, 2.92521554326, 103, 2019
Z, -100, 0.9017692224624667, 235.477357823, 127.937464193, 2.04806704253, -0.151620389445, 1.30684769709, 106, 2019
N, -100, -0.36002914867666425, 174.001555705, 883.128492504, 0.206548399953, -1.00214433921, 1.82993113693, 106, 2019
E, -100, -0.4758688582136593, 743.573394336, 484.415171865, 1.96207869483, -1.11423283458, 2.8263608183, 106, 2019
Z, -100, 0.8548694609874886, 186.774054608, 170.359736595, 1.16155650643, 0.731357024925, 0.155963202959, 109, 2019
N, -100, -0.5567023237009813, 263.303579081, 1423.08902052, 0.194664438491, 1.65546956586, 2.82183465383, 109, 2019
E, -100, -0.9082114493510232, 1173.86837332, 963.401436481, 1.24101719893, 1.61544606368, 2.85638452316, 109, 2019
Z, -100, 0.8200988534860197, 103.623006128, 146.929648142, 0.695206772988, -0.677546485064, 2.9191210508, 112, 2019
N, -100, -0.6238212798705484, 278.744084769, 1401.6745703, 0.201257417657, 0.867093087149, 3.20764923492, 112, 2019
E, -100, -0.9792733298183534, 1282.49736158, 1008.78325668, 1.2715740848, -2.49913735246, 1.31235966823, 112, 2019
Z, 100, 0.20891712828620113, 54.0747181241, 82.7815070343, 0.689063340226, 2.49135219952, 2.86883639359, 115, 2019
N, -100, -0.5317962936049738, 210.003570376, 881.521185666, 0.240267240356, -1.84194411951, 1.37479056235, 115, 2019
E, -100, -0.9692578310916731, 1065.81056651, 627.665372132, 1.71408612892, -0.939217696023, 3.0206904007, 115, 2019
Z, -100, 0.9731680602474992, 114.363647077, 50.1599045023, 2.34212626517, 0.0634302909504, 0.126922739868, 118, 2019
N, 100, 0.34417256118142486, 189.758161195, 466.065564669, 0.405219416097, -0.0038616965794, 3.21945593054, 118, 2019
E, 100, 0.045110401006519335, 596.126853114, 224.983699996, 3.12046701369, -0.904980401896, 3.16866299795, 118, 2019
Z, -100, 0.8625543297604976, 191.098997262, 107.632892374, 1.91665242073, -0.0191471477955, 1.29592228326, 121, 2019
N, -100, -0.3872126876276894, 162.260761342, 902.969076001, 0.171008860913, 0.0243391843121, 2.69741416516, 121, 2019
E, -100, -0.3581120076008421, 715.172327454, 549.128760602, 1.34971823719, 2.08285340343, 2.95148485611, 121, 2019
Z, -100, 0.6898516596328084, 191.819991659, 147.08930188, 1.40828623828, 0.855844966551, 0.194002813362, 124, 2019
N, -100, -0.49679925982445683, 260.711349329, 1145.65776025, 0.23069440447, 1.75742299149, 2.80936286834, 124, 2019
E, -100, -0.7874237680427106, 975.693457753, 725.610274042, 1.36973674644, 1.87864934202, 2.88094066722, 124, 2019
Z, -100, 0.3359457500383856, 92.3556724018, 144.506052079, 0.576989842195, -0.0959601701451, 2.93050464595, 127, 2019
N, -100, -0.5707940831078347, 284.090233558, 1104.88061143, 0.258037029658, 1.23277067827, 3.18413713689, 127, 2019
E, -100, -0.9807118863722145, 1123.75437153, 766.632082021, 1.44770585449, -0.911327167264, 2.9451087822, 127, 2019
Z, -100, -0.018799467243375664, 96.5980071392, 99.7084913834, 0.70668964103, 0.846081960317, 2.94314054014, 130, 2019
N, -100, -0.5505264251264329, 233.845375921, 782.2067018, 0.286966051409, -1.68204509521, 1.34481971268, 130, 2019
E, 100, -0.9766481458319195, 1051.61844898, 608.901084074, 1.7248907508, -1.42178184341, 2.84652519579, 130, 2019
Z, 100, 0.9162587972144615, 143.600422175, 78.1087894892, 2.04555189171, 2.42072717153, 2.6366550955, 133, 2019
N, -100, -0.2223496065766866, 126.059675027, 512.914260768, 0.269125294185, -0.404929481728, 3.12568147626, 133, 2019
E, -100, -0.7936093671216649, 773.117811835, 250.580558704, 3.04915945761, -1.64330225464, 2.82846039588, 133, 2019
Z, -100, 0.900756760915347, 204.452068581, 134.559445914, 1.49098081315, 0.18927864367, 0.227223302526, 136, 2019
N, -100, -0.5162576687661726, 214.190084455, 1076.12647834, 0.193918927196, -0.663635096781, 2.38593962501, 136, 2019
E, -100, -0.705450760625788, 922.149269949, 647.209601832, 1.56831099179, 1.54642221368, 3.07551274444, 136, 2019
Z, -100, 0.7990750097316874, 112.366838871, 150.261060213, 0.773003634679, 1.34146716782, 0.48340944438, 139, 2019
N, -100, -0.6140041279246758, 257.83051087, 1359.17874562, 0.199211928639, 1.55418071452, 2.82088528237, 139, 2019
E, -100, -0.9277833041704352, 1187.93957753, 920.773128388, 1.30844391549, 1.51494762192, 2.89876088138, 139, 2019
Z, -100, 0.04827259279514292, 80.2556542252, 120.507072684, 0.665838148704, 0.492531042552, 1.49622691102, 142, 2019
N, -100, -0.6056918331485959, 283.231429483, 1164.32641827, 0.241298000345, -1.85749475931, 1.34503820893, 142, 2019
E, -100, -0.9738021642905601, 1133.6998958, 813.821965178, 1.38445334306, -2.47738783926, 1.31326716804, 142, 2019
Z, -100, -0.1395259806995064, 71.8919675217, 67.7321837823, 1.05691101772, 2.01700408985, 2.74961808129, 145, 2019
N, -100, -0.3299866803468333, 175.954163092, 664.606404103, 0.246827574072, -1.75143516158, 1.38981173653, 145, 2019
E, -100, -0.9418555368042999, 874.725658937, 432.970584122, 2.0502365991, -0.968563437608, 3.0506542092, 145, 2019
Z, -100, 0.9784284787762025, 144.538973651, 61.0191182761, 2.69824024055, 1.83627964629, 2.73902966532, 148, 2019
N, 100, 0.16685926692321715, 92.8692580327, 516.009471437, 0.213261703491, 0.454693707562, 3.02181214511, 148, 2019
E, 100, 0.16315824189751185, 594.159972506, 226.783888903, 3.40815774419, -0.537730181437, 3.00277967372, 148, 2019
Z, -100, 0.8858005038426403, 189.039944318, 112.991967783, 1.99039681309, 0.0793051221038, 1.33031479589, 151, 2019
N, -100, -0.39888056260089333, 161.154288419, 858.183191897, 0.175689544039, 2.27809614886, 2.98822762055, 151, 2019
E, -100, -0.4159579925245885, 775.633463926, 470.395967656, 1.71542450794, 2.05240153452, 2.98356335515, 151, 2019
Z, -100, 0.7830335725363008, 181.66768544, 145.072365872, 1.3796988925, 0.647113536562, 0.214705687713, 154, 2019
N, -100, -0.5286591756098673, 250.100721286, 1065.16632043, 0.236701098797, 1.69053166937, 2.8141270512, 154, 2019
E, -100, -0.8533444976759937, 1004.1231116, 665.093421814, 1.56406749325, 1.757170392, 2.85597935034, 154, 2019
Z, -100, 0.8300116176979936, 75.392445783, 135.187133794, 0.556889626527, -0.653904931864, 3.16281000102, 157, 2019
N, -100, -0.6053417056594699, 247.303242617, 1031.41765562, 0.245363246775, 0.634090233435, 3.1700697259, 157, 2019
E, -100, -0.9899818345718941, 1123.27136987, 729.068703372, 1.52012314383, -0.427039429157, 3.15497456908, 157, 2019
Z, 100, 0.9166662244727936, 79.0242469086, 90.2893964439, 0.862614328337, 0.131333294175, 0.346397484972, 160, 2019
N, -100, -0.558302232860809, 230.314724645, 735.603462631, 0.298654926647, -1.98118302083, 1.38316689411, 160, 2019
E, -100, -0.9893541053813064, 1024.53948408, 542.823488281, 1.90283359206, -1.01008969412, 2.98620795018, 160, 2019
Z, -100, 0.9758761701289381, 187.246742183, 87.4504006787, 2.01362164499, -0.126575411301, 0.250137770682, 163, 2019
N, -100, -0.26488479957655026, 143.494838575, 709.76454562, 0.229273052789, 0.0349448615566, 3.02913841621, 163, 2019
E, -100, -0.7287180820267621, 782.973759464, 332.570175405, 2.39118998695, -0.890092401678, 2.86869221181, 163, 2019
Z, -100, 0.7511177627848097, 148.504640093, 123.203905799, 1.27397672337, 0.473303320186, 0.449216124605, 166, 2019
N, -100, -0.4753735993613609, 106.282665309, 1085.54323579, 0.11589201975, 1.93041957664, 2.98790585773, 166, 2019
E, -100, -0.5601390706205233, 579.094452096, 666.31899728, 1.00576725155, 1.38139637628, 3.2671311427, 166, 2019
Z, -100, 0.7849822130382724, 98.3307313118, 130.575282368, 0.621821272224, 0.616934408719, 0.224517152814, 169, 2019
N, -100, -0.6177725669853856, 227.517611043, 1211.64749522, 0.167917991587, 1.73891678199, 2.74265914665, 169, 2019
E, -100, -0.9195304177411624, 962.167117348, 808.57257716, 1.05815325363, 1.10989683187, 3.0382708788, 169, 2019
Z, 100, 0.8741583446830007, 34.5354786584, 107.49554031, 0.335275095411, -0.34586810665, 0.238924363722, 172, 2019
N, -100, -0.538392743758451, 214.026518026, 993.181968357, 0.205610592816, -1.64450876267, 1.341184909, 172, 2019
E, -100, -0.9587350654093116, 996.661011135, 666.720792094, 1.43878280429, -2.4958561116, 1.3264802197, 172, 2019
Z, 100, 0.04830882106459333, 106.949086776, 66.9857912391, 1.17777493311, -0.142873061035, 2.07073987903, 175, 2019
N, -100, -0.19686960877384188, 172.794267122, 579.262832182, 0.280559707247, -0.906177888039, 2.47895551123, 175, 2019
E, -100, -0.9377562759289865, 858.192774698, 342.934412751, 2.52394833477, -0.912808487287, 3.07485468256, 175, 2019
Z, 100, 0.9169687561873355, 141.106629885, 66.2729290091, 2.48238535168, -0.661828636255, 0.595484341171, 178, 2019
N, 100, 0.07083388437235244, 116.533369738, 473.073801386, 0.253019678056, 0.270460021685, 2.91336813385, 178, 2019
E, -100, -0.10869394570002075, 708.699114362, 148.556371668, 5.60046524817, -0.848663159966, 2.98359459983, 178, 2019
Z, -100, 0.9181248808653657, 142.376483568, 115.435768936, 1.44235644591, 0.397545185398, 0.178639113605, 181, 2019
N, -100, -0.2764923936213941, 162.731279289, 781.517805812, 0.200855729706, 0.0840421913072, 2.74189343957, 181, 2019
E, -100, -0.5830746375685143, 791.549133326, 392.498722692, 2.16490395393, 1.88641407, 3.02796016815, 181, 2019
Z, -100, 0.830343304942384, 159.226735257, 146.638537579, 1.0570894607, 0.536533408303, 0.171587659466, 184, 2019
N, -100, -0.5877744186155758, 237.126493243, 1050.74860839, 0.229640490099, 1.97196218483, 2.74675690945, 184, 2019
E, -100, -0.9210395892072664, 1019.84178603, 672.926332493, 1.60586283345, 1.55010727624, 2.90601334154, 184, 2019
Z, -100, 0.8975492147205677, 78.8394955578, 135.633186656, 0.610239514948, 0.375946415048, 0.372362617072, 187, 2019
N, -100, -0.5554576850721787, 265.604336604, 1071.47585834, 0.242343039564, -1.75612370006, 1.33672844567, 187, 2019
E, -100, -0.9926986259475357, 1054.27481986, 763.322625713, 1.41139470385, -2.60859131996, 1.3120567403, 187, 2019
Z, 100, 0.9442191463414119, 108.057316872, 88.3975818354, 1.22933320947, -0.674294707744, 0.195181134825, 190, 2019
N, -100, -0.5222302913698564, 208.463365393, 813.288841348, 0.241702366253, -0.801640252059, 2.73119765256, 190, 2019
E, -100, -0.982982995413341, 1091.30150073, 567.703766332, 1.88231805477, -1.3944306367, 2.88402627895, 190, 2019
Z, -100, 0.9342322946502779, 125.865661962, 79.7493908246, 1.55256337471, 0.279130377528, 0.0683631854455, 193, 2019
N, -100, -0.2996007605000686, 157.803450419, 729.322649144, 0.237206428376, -0.186368989953, 2.95260299825, 193, 2019
E, -100, -0.6984739109821088, 758.707599016, 354.056143756, 2.21882839564, -0.89086442238, 2.85290715485, 193, 2019
Z, -100, 0.829167608695762, 164.835983288, 114.644019824, 1.52058906725, 0.624941688529, 0.226951443563, 196, 2019
N, -100, -0.484586373352126, 188.337607021, 1039.8499367, 0.183163418491, 1.69851374916, 2.95860931332, 196, 2019
E, -100, -0.6781859444281383, 842.971020665, 654.129645868, 1.36045742121, 1.57560376873, 2.88374405186, 196, 2019
Z, -100, 0.875318249671785, 104.525373324, 126.406303628, 0.837644832436, 0.09789956716, 1.98912717572, 199, 2019
N, -100, -0.5481955672183543, 222.465129632, 1145.65442577, 0.19581107491, 1.73924750288, 2.94076811927, 199, 2019
E, -100, -0.8791193873408437, 1012.97306019, 765.707346014, 1.307768284, 0.823619858878, 3.24736860885, 199, 2019
Z, 100, 0.9008468152432042, 64.1373571835, 109.684737598, 0.505030308106, -0.745363183151, 0.442705617365, 202, 2019
N, -100, -0.5564279265621492, 221.641233124, 943.568417028, 0.226690851487, -1.65236924804, 1.33972405121, 202, 2019
E, -100, -0.9460073447419579, 1086.18822826, 623.661485357, 1.67109280123, -1.27417104872, 2.63078928579, 202, 2019
Z, 100, 0.7208907205497697, 102.807586055, 72.3104219168, 1.20440017526, -0.298834140946, 1.65091119804, 205, 2019
N, -100, -0.41766522930516103, 187.185062116, 555.17562245, 0.335231998697, -0.700952017668, 2.74792044714, 205, 2019
E, -100, -0.971883719128309, 953.014265995, 339.172161664, 2.79233266356, -0.903840657998, 3.03962266438, 205, 2019
Z, -100, 0.9521284027184838, 123.796502562, 67.8674294502, 1.51500214924, -0.417084187836, 0.44304616767, 208, 2019
N, 100, 0.019731233291375144, 166.380990458, 392.571642137, 0.429267124438, -0.067191188081, 3.19273944776, 208, 2019
E, -100, -0.47185178751333234, 652.253674153, 88.514500488, 7.41123269691, -1.52179659611, 2.92726010447, 208, 2019
Z, -100, 0.9005710743177869, 134.703624345, 126.871822435, 1.29958606903, 0.53324574236, 0.372195754326, 211, 2019
N, -100, -0.14417446017542704, 150.196996319, 806.782111293, 0.203209903463, -0.335839184363, 2.51361795752, 211, 2019
E, -100, -0.7094753001749554, 827.91333719, 425.505076335, 2.20667015633, 1.72717383, 3.0471983978, 211, 2019
Z, -100, 0.7442577800024834, 159.222148766, 160.779197403, 0.953691977367, 0.427284072088, 0.219165753171, 214, 2019
N, -100, -0.5395420335810307, 257.434577678, 1199.20827313, 0.201468046403, 1.84691637703, 2.88028090883, 214, 2019
E, -100, -0.9580923761632587, 1142.36135636, 811.431233959, 1.47864616738, 1.17547583215, 3.04943432712, 214, 2019
Z, 100, 0.48833571459889186, 58.0559899708, 140.151822891, 0.33582114687, -0.0118776990299, 3.04266910097, 217, 2019
N, -100, -0.5675203256380738, 255.731893292, 1214.38008054, 0.210926906475, -1.58275290377, 1.31657028578, 217, 2019
E, -100, -0.996652356925895, 1284.03000194, 885.431615525, 1.42180059334, -1.28078588827, 2.83778922657, 217, 2019
Z, 100, 0.7651975142565491, 107.040467126, 73.200703948, 1.35726618258, 3.03676508592, 2.66446603502, 220, 2019
N, -100, -0.555636664645043, 205.077680417, 813.922959683, 0.243369801127, -0.617988502312, 3.0143172594, 220, 2019
E, -100, -0.9680155390616411, 1076.10837871, 565.077086835, 1.9284624463, -1.32134193818, 2.90827220692, 220, 2019
Z, -100, 0.8528702811151988, 151.947960802, 78.6035468876, 2.10646346637, 0.0359044376114, 1.33456097845, 223, 2019
N, -100, -0.25129905023330196, 153.689162674, 713.256241326, 0.215754679645, -1.31055532648, 1.31401902749, 223, 2019
E, -100, -0.364745687733359, 760.2791942, 387.691713446, 2.17736007789, -1.95514022786, 1.56990971228, 223, 2019
Z, -100, 0.800610236753777, 143.556045633, 121.064815124, 1.21051052085, 0.921229183452, 0.243355558774, 226, 2019
N, -100, -0.4708107626214531, 187.55920457, 1087.40091387, 0.173933243021, 1.80691416661, 2.92387225159, 226, 2019
E, -100, -0.7227402120640765, 869.532281793, 717.931838832, 1.24919614139, 1.91086458356, 2.78690821101, 226, 2019
Z, -100, 0.7388183730973378, 111.83652183, 135.055131922, 0.790272400241, -0.484405697386, 2.62813115784, 229, 2019
N, -100, -0.5609459117777442, 251.821923273, 1174.90816964, 0.21648880136, 1.38879531753, 3.14403759813, 229, 2019
E, -100, -0.8847285125023908, 1116.53701304, 795.182909216, 1.3660092483, -2.1280361324, 1.30580760178, 229, 2019
Z, -100, 0.7356420393254126, 54.3552565149, 116.427202769, 0.529055479184, -0.545922586982, 3.19680846382, 232, 2019
N, -100, -0.5118072636920078, 241.32694312, 935.882550162, 0.251095624143, -1.56893659085, 1.33310627728, 232, 2019
E, -100, -0.9716999542748712, 1113.93726389, 631.810675086, 1.69901299203, -1.33110349382, 2.6390397962, 232, 2019
Z, 100, 0.6347615907758316, 80.1855559553, 70.134163541, 1.0285685125, -0.16106107913, 1.66190924208, 235, 2019
N, -100, -0.5030532644970898, 179.497586233, 507.193575708, 0.346616336781, -0.777518264293, 2.74263350866, 235, 2019
E, 100, -0.9146370905907331, 958.090597007, 377.184465886, 2.5430000904, -1.14676453544, 2.94888311276, 235, 2019
Z, -100, 0.9239899691886645, 160.754128304, 80.3566257211, 2.1679374274, -0.391066744872, 0.487342922345, 238, 2019
N, 100, 0.06347887825722966, 111.440815627, 424.372818465, 0.354002346177, 0.166909283968, 3.01612754573, 238, 2019
E, 100, -0.10021602845639167, 681.515102557, 135.90541401, 5.00504828406, -1.96951857647, 2.75464376204, 238, 2019
Z, -100, 0.8188752595061752, 204.899573491, 153.316346923, 1.35162877924, 0.736616615241, 0.256158874068, 241, 2019
N, -100, -0.4844455411310825, 229.299367751, 1023.97592473, 0.225133419182, 1.89911581072, 3.02131841502, 241, 2019
E, -100, -0.7647071129757117, 942.472135576, 617.461466933, 1.69813938005, 1.65332029336, 2.97688672732, 241, 2019
Z, -100, 0.8632774167096232, 161.858523888, 175.309834944, 0.992869443341, -0.312047750184, 2.72173601611, 244, 2019
N, -100, -0.632587798833101, 298.607887145, 1427.9563467, 0.220660912203, 1.63806038623, 2.95748385493, 244, 2019
E, -100, -0.9728387368245577, 1354.12555525, 1017.9235101, 1.35058549055, 0.852259220603, 3.17966073963, 244, 2019
Z, -100, 0.9989924141816248, 119.532272009, 126.790927381, 0.934296992729, 0.0456893730612, 0.039005040061, 247, 2019
N, -100, -0.6225989014185261, 265.994925351, 1251.2928614, 0.207217944342, -1.80094033208, 1.34482490569, 247, 2019
E, -100, -0.9888182774629035, 1370.58398181, 932.547118138, 1.46106968971, -1.2023833109, 2.82977225378, 247, 2019
Z, 100, 0.6251911307470863, 251.73372448, 44.625928101, 3.50456561559, 1.30287100041, 1.49095083429, 250, 2019
N, -100, -0.32595297560056496, 168.965509608, 625.473104682, 0.240119796807, -0.556361900406, 3.14736360796, 250, 2019
E, -100, -0.9058449507469103, 883.67098667, 418.25769881, 2.13173990157, -1.24416233054, 2.9438115706, 250, 2019
Z, -100, 0.8983242378352829, 300.889151958, 92.071174234, 3.90018507808, 0.327135967017, 0.557467667851, 253, 2019
N, -100, -0.3088808029072044, 96.737311722, 824.044767693, 0.129236093295, -1.2038715636, 1.40190098986, 253, 2019
E, -100, -0.37163136067569724, 567.99684995, 518.24567687, 1.18472109419, -0.786140136712, 2.20543435863, 253, 2019
Z, -100, 0.9313013300030963, 185.505595577, 135.229779573, 1.43581380862, -0.152356155802, 0.232917953819, 256, 2019
N, 100, 0.1675247341089267, 352.674943665, 1190.11964865, 0.240490913862, 2.35910086056, 2.85266828148, 256, 2019
E, -100, -0.7282705113061622, 883.705477188, 806.179681817, 1.12777102691, 1.93277113171, 2.85057689719, 256, 2019
Z, -100, 0.7198550394148319, 188.947099061, 144.625768063, 1.3131255011, -0.0630708629137, 2.71411319033, 259, 2019
N, 100, 0.077187396656375, 371.764709745, 1197.85272366, 0.326151774882, 1.52103421365, 2.94625969122, 259, 2019
E, -100, -0.8966890130474972, 1100.83110673, 815.704343019, 1.31281126069, -2.10781099154, 1.29929382633, 259, 2019
Z, 100, -0.07235067744209193, 121.470920338, 115.127100049, 0.917074128124, -0.710736672121, 3.03974659774, 262, 2019
N, -100, -0.6170545849475558, 235.095662807, 888.970938841, 0.243987423256, -1.77310123465, 1.34000485559, 262, 2019
E, -100, -0.9815955910371443, 1151.82769253, 636.274058695, 1.6559788866, -1.73950128393, 2.44905196685, 262, 2019
Z, 100, 0.42292029084604377, 141.288139717, 55.579544597, 1.82689462738, 0.975311433617, 2.04766106422, 265, 2019
N, -100, -0.5644658151745703, 177.940236111, 418.149720384, 0.4125430743, -0.533971912706, 2.88130639675, 265, 2019
E, 100, -0.8665786543052367, 916.510238501, 393.008303856, 2.37538183198, -1.28960050874, 2.91685982118, 265, 2019
Z, -100, 0.9409741927006152, 317.142307825, 110.190978994, 3.16634094455, -0.337642378034, 0.455497950649, 268, 2019
N, -100, -0.16790243743920855, 151.598064633, 647.283627651, 0.268960539828, -0.991616720482, 1.255200509, 268, 2019
E, -100, -0.20886423163470536, 606.803477058, 296.351207099, 2.69965423787, -2.2596051258, 2.53730015083, 268, 2019
Z, -100, 0.8834866667038775, 301.300440859, 176.038274966, 1.783393998, 0.41576081189, 0.146360330073, 271, 2019
N, -100, -0.48791003785126036, 267.230343114, 1315.71119832, 0.211448034749, 1.78081090683, 2.8841308492, 271, 2019
E, -100, -0.8974299129636657, 1159.15018576, 871.972692894, 1.40542975873, 1.67455480939, 2.83329153292, 271, 2019
Z, -100, 0.8028431986729228, 171.446072223, 168.822162188, 0.998311532766, -0.585837772547, 2.90301684774, 274, 2019
N, -100, -0.6136070031395623, 309.99833257, 1514.84416912, 0.210608241113, 1.41805097237, 3.07615350802, 274, 2019
E, -100, -0.9855946995339777, 1439.85661723, 1108.85579512, 1.29462724414, 0.43166405744, 3.21600632181, 274, 2019
Z, -100, 0.2665187016483309, 87.3340482146, 95.1722295557, 0.986719505589, 0.474655345905, 0.855489987312, 277, 2019
N, -100, -0.6072624868054878, 250.178701125, 1075.77648294, 0.226093871834, -1.82998300998, 1.34993495638, 277, 2019
E, -100, -0.9847656460716478, 1250.62465633, 802.66986331, 1.56800315528, -0.937961011989, 2.98501919627, 277, 2019
Z, 100, 0.734583064446517, 185.985103887, 48.3367920061, 4.42556316614, 1.92595555226, 2.72170695543, 280, 2019
N, -100, -0.06476372512125463, 127.624298366, 455.533151453, 0.269360297357, -0.209843225871, 3.14008560333, 280, 2019
E, -100, -0.42676695833692224, 694.526424955, 216.158609815, 3.055704346, -1.13434384758, 2.99890994781, 280, 2019
Z, -100, 0.9353168474937099, 141.908578841, 107.531802965, 1.58520079326, -0.151177033052, 0.300258799167, 283, 2019
N, -100, -0.30544933040600253, 179.908303988, 959.025061612, 0.175846271395, -0.19910745234, 2.52759566095, 283, 2019
E, -100, -0.4979705150632402, 693.062401977, 627.264411025, 1.11529122048, 1.92677119418, 2.97485275683, 283, 2019
Z, -100, 0.40474603867346487, 163.044445811, 145.635475952, 1.15902087028, 0.770860351004, 0.28908731387, 286, 2019
N, -100, -0.4052791010489716, 251.261353071, 1232.73052517, 0.205604937475, 1.87230991684, 2.8082580839, 286, 2019
E, -100, -0.8305433525071332, 1044.0187512, 824.69536301, 1.26859308332, 1.74831184431, 2.9292366636, 286, 2019
Z, -100, 0.5700019359780378, 236.5829257, 145.068536908, 1.40953082803, -0.042485194242, 2.68677326923, 289, 2019
N, -100, -0.4930222893399341, 251.927313762, 1149.66140772, 0.226736711733, 1.01208514909, 3.17132055566, 289, 2019
E, -100, -0.959210177644355, 1244.52359357, 786.975803518, 1.53117912141, -2.31123109174, 1.29590935517, 289, 2019
Z, -100, 0.30464868641066867, 78.1066042489, 101.616897687, 0.716594659704, 0.596259488414, 0.378146297342, 292, 2019
N, -100, -0.574400758463163, 203.889295227, 789.949764426, 0.243250488383, -1.54091660166, 1.31400001023, 292, 2019
E, 100, -0.9822096913503922, 1144.08255224, 609.914824777, 1.86667793655, -1.33083711064, 2.8237237349, 292, 2019
Z, 100, 0.7674660330866747, 113.771909469, 58.427941131, 1.84292505357, 2.43747831203, 2.56362675856, 295, 2019
N, -100, -0.31034284363462133, 124.127573868, 300.814099706, 0.364249169974, -0.556287142623, 2.96382086764, 295, 2019
E, 100, -0.6649265402931923, 814.619101786, 318.748087214, 2.68797982856, -1.47916178713, 2.90094419391, 295, 2019
Z, -100, 0.9218157202724249, 164.262376809, 136.924810897, 1.32925837662, 0.256120191396, 1.3798899863, 298, 2019
N, -100, -0.34536968507038923, 202.775918396, 940.75424426, 0.220921567152, -0.9085743897, 1.7669996743, 298, 2019
E, -100, -0.6095110424584329, 813.885809599, 529.476496522, 1.80734906565, -0.449679528648, 2.43556484207, 298, 2019
Z, 100, 0.9663642123330954, 179.521106464, 174.28414219, 1.18323970497, 0.149959051018, 0.516294185783, 301, 2019
N, -100, -0.5119674420025905, 286.506030769, 1452.82175956, 0.203621305182, 1.58429266948, 2.78066583283, 301, 2019
E, -100, -0.9422801642839568, 1273.84692392, 997.722837654, 1.3200692217, 1.47750039871, 2.8740806269, 301, 2019
Z, 100, 0.9525251436849368, 231.790771379, 140.92325197, 1.50801251281, 0.0711422903138, 1.27406503474, 304, 2019
N, -100, -0.5375451892450582, 253.094091668, 1374.17672442, 0.188355835266, 1.29179788874, 3.14998140551, 304, 2019
E, -100, -0.9864817028335001, 1345.00441425, 1005.82939152, 1.33713552092, -0.481981170589, 3.13123369654, 304, 2019
Z, 100, 0.7600199722718728, 54.5655650306, 65.9781297691, 0.900586374688, -0.592487609069, 0.434732107027, 307, 2019
N, -100, -0.5498031695359127, 181.930520682, 808.668463396, 0.213461799454, -1.85063501742, 1.36076287151, 307, 2019
E, -100, -0.9647983327219178, 1051.42802201, 578.044432837, 1.84103352138, -0.971539697007, 3.01343021006, 307, 2019
Z, 100, 0.9217557321215565, 117.537287694, 60.4788111924, 2.59056951994, -0.133323736863, 0.381969920409, 310, 2019
N, -100, -0.15810314528563194, 114.082841917, 566.646897638, 0.219912702788, -0.0578167098685, 3.05108602397, 310, 2019
E, 100, 0.12158697552055261, 572.152021065, 304.55138902, 2.59122453183, -0.500417612394, 3.04522674988, 310, 2019
Z, 100, 0.9581725093236063, 282.352658906, 115.672038023, 2.46798459074, -0.44610743087, 0.207143622177, 313, 2019
N, -100, -0.2929129067425675, 203.97232811, 993.576320505, 0.194479557972, 2.32076407806, 2.95993097566, 313, 2019
E, -100, -0.5071528337081453, 774.954450567, 624.78834164, 1.23722637148, 1.8959033726, 2.92043747936, 313, 2019
Z, -100, 0.6908553950128651, 232.956856153, 146.999459748, 1.63908323892, 0.333226758527, 0.284605689751, 316, 2019
N, -100, -0.3728961501365239, 231.699103668, 1168.34580758, 0.209562733801, 1.92055168549, 2.80237524127, 316, 2019
E, -100, -0.8398727032197132, 1119.9853882, 755.329929972, 1.47817125867, 1.74463334041, 2.91028037691, 316, 2019
Z, -100, 0.9438028376142535, 206.405523097, 136.170772803, 1.48574530774, -0.569836959405, 2.61582929643, 319, 2019
N, -100, -0.583451021706999, 216.700221479, 1048.30832991, 0.211816627586, 1.22040341449, 3.18884449462, 319, 2019
E, -100, -0.9742830722815675, 1186.12816419, 729.870108469, 1.64275533974, -0.602700411253, 3.07150928833, 319, 2019
Z, 100, 0.9192931938384421, 98.9040758198, 84.6777387679, 1.08846909827, -0.335518384698, 0.388745674376, 322, 2019
N, -100, -0.7358724703436141, 182.505154481, 684.802217395, 0.254927892531, -1.82786395919, 1.3062742551, 322, 2019
E, 100, -0.9757678209696892, 1027.20375989, 543.848892323, 1.9158549745, -1.35803139029, 2.8225783589, 322, 2019
Z, 100, 0.8147647878177386, 149.417893797, 82.0643006423, 2.12007213417, -0.677802677223, 0.356543769212, 325, 2019
N, -100, -0.3270667865726992, 184.864435564, 524.930982093, 0.379605603289, -0.406814898006, 3.02948919495, 325, 2019
E, -100, -0.6612117227231404, 737.059797576, 199.110614021, 3.53563181051, -1.71301976746, 2.82608156334, 325, 2019
Z, 100, 0.9037922247503233, 312.402373568, 139.833456367, 2.11459782814, -0.34435975214, 0.262984048745, 328, 2019
N, -100, -0.31088586553735315, 231.04998568, 1098.86903209, 0.241095513525, -0.775831872403, 2.41985191212, 328, 2019
E, -100, -0.7812775118403045, 927.570103797, 663.864086746, 1.52152260488, 1.58281729522, 3.16857621235, 328, 2019
Z, 100, 0.9380658631740798, 288.145818514, 152.381372599, 1.79410541391, -0.640778592207, 0.39252411767, 331, 2019
N, -100, -0.48609016256852206, 241.516559534, 1370.17586786, 0.180276615815, 1.5851651128, 2.77124681943, 331, 2019
E, -100, -0.9511362396326843, 1186.11190903, 939.566856304, 1.2982318502, 1.39428175133, 2.90933821363, 331, 2019
Z, 100, 0.691315097076664, 141.407050998, 55.2911669019, 1.88493104531, 0.460394850504, 1.16825446274, 337, 2019
N, -100, -0.5691777892400791, 163.0145221, 636.426802535, 0.239381423441, -0.891452876644, 2.70061630042, 337, 2019
E, -100, -0.9264076163629714, 889.141647064, 411.458854024, 2.22098310505, -0.874498119474, 3.04087792395, 337, 2019
Z, -100, 0.8483334714433667, 223.427962957, 64.8333934685, 3.86676737173, 0.0961068258345, 0.74160791912, 340, 2019
N, -100, -0.12710432896576332, 172.181446152, 576.735978355, 0.302294836991, 0.461568479045, 3.03088179354, 340, 2019
E, 100, 0.134161476503621, 541.670841724, 275.960320128, 2.6023506377, -0.837663130504, 2.162321878, 340, 2019
Z, -100, 0.9626333794178272, 246.065719381, 114.825322963, 2.28650233273, -0.53694215434, 0.371313722569, 343, 2019
N, -100, -0.23437427201349859, 229.95260488, 899.767239037, 0.278353905746, 2.44310511463, 3.07803589041, 343, 2019
E, -100, -0.501991406059349, 782.144053851, 514.078852575, 1.54612794549, 1.92401651501, 2.92902540918, 343, 2019
Z, -100, 0.9719901538854528, 467.90606057, 143.21157729, 3.11580945832, 0.284001673243, 0.132777781065, 346, 2019
N, -100, -0.3295329041642036, 227.425857866, 1061.06370586, 0.233734987752, 1.84448646208, 2.77932342728, 346, 2019
E, -100, -0.8864746358271524, 1046.4485438, 666.566447233, 1.61623767201, 1.64533503034, 2.91879063258, 346, 2019
Z, -100, 0.8225804446875031, 281.077436187, 129.225733765, 2.24075450846, -0.704325130004, 2.57104929002, 349, 2019
N, -100, -0.5283587326048492, 195.900971603, 990.46793839, 0.206666714877, 0.259718284043, 2.97441746264, 349, 2019
E, -100, -0.9912024469716367, 1158.08524228, 700.267260873, 1.64961493142, -1.34709141467, 2.74589320467, 349, 2019
Z, 100, -0.20111061717976625, 195.804472634, 81.8409872901, 1.97951047181, -0.332628112802, 2.64349100291, 352, 2019
N, -100, -0.7171861495895026, 180.06171105, 689.202876696, 0.228997184304, -2.1669533343, 1.37599124192, 352, 2019
E, 100, -0.9901106411105723, 1030.63622501, 514.628978113, 2.02674907455, -1.08952167831, 2.98564324518, 352, 2019
Z, 100, 0.7644495929363078, 192.953468123, 85.6754755077, 1.97034403386, -1.94843611952, 1.07549780934, 355, 2019
N, -100, -0.41929522556543697, 192.69621828, 675.079253997, 0.282792456893, 0.0239870733838, 3.23177583736, 355, 2019
E, -100, -0.7910144786470826, 781.071563392, 298.100381631, 2.72837806361, -1.23685311719, 2.91605097732, 355, 2019
Z, -100, 0.9332836466523868, 316.563233942, 125.506471733, 2.33090703326, 0.192457637158, 0.154191474755, 358, 2019
N, -100, -0.35448383598680255, 220.811631226, 1075.16928062, 0.214570356854, 2.29652918632, 3.10267357667, 358, 2019
E, -100, -0.8017983076807805, 912.741953106, 655.649098124, 1.47646346129, 1.34382998176, 2.96985596311, 358, 2019
Z, -100, 0.7306479070362253, 287.31832696, 134.299070729, 1.96789742959, 0.584293935779, 0.186429822414, 361, 2019
N, -100, -0.43603346825357053, 223.406341569, 1235.54725014, 0.190850909219, 1.80168625788, 2.82197826682, 361, 2019
E, -100, -0.9147852186877098, 1102.15581195, 837.551175493, 1.33721516928, 1.23068419134, 3.04950113133, 361, 2019
Z, -100, 0.5806449671640103, 235.801233907, 106.890106169, 1.85277293842, 0.067946157316, 1.74521679057, 364, 2019
N, -100, -0.48644462775423036, 186.443797652, 1032.17907181, 0.168117578763, -1.31160616692, 1.27378125494, 364, 2019
E, -100, -0.9436891578240677, 1110.19212368, 708.380610834, 1.52958152625, -2.44092786387, 1.32841972685, 364, 2019
