Chan, Phase Shift, Correlation, ptp-data, ptp-synthetic, rat, phasem, phasestd, DOY, Year
Z, 100, 0.9571729800632247, 182.529788284, 94.8041800156, 1.98102816098, -0.37508123912, 0.176844458315, 1, 2019
N, -100, 0.7486793243929674, 266.565290811, 115.527704882, 2.28003914735, 0.538877348974, 0.218323093186, 1, 2019
E, -100, 0.43363749572893173, 90.0601786658, 76.481180666, 0.811739609186, 0.329641759056, 0.572880990009, 1, 2019
Z, 100, 0.9742802855391473, 293.458297413, 153.180484051, 1.95041757649, -0.145310120577, 0.016554089755, 4, 2019
N, -100, 0.19839615684285233, 305.71420759, 78.7914559836, 4.27410333449, 1.1915329839, 0.391976576645, 4, 2019
E, -100, 0.5663277040701099, 172.569439925, 112.971756809, 1.77985326582, -2.51522260717, 2.6886450288, 4, 2019
Z, 100, 0.9611260178357535, 284.127244683, 163.63822797, 1.66093359461, -0.339024164425, 0.132549266261, 7, 2019
N, -100, -0.6628028203236676, 251.188091769, 70.6771176203, 4.35579770938, -0.583870757615, 1.98839206982, 7, 2019
E, -100, 0.37123778973782084, 181.557694872, 152.112364754, 1.11418829811, -2.2886175091, 2.68675142247, 7, 2019
Z, -100, 0.9346711027608166, 189.706756245, 127.664970485, 1.47921103384, 0.388751694634, 0.186606528261, 10, 2019
N, 100, 0.068450591575664, 166.319233561, 78.8965802052, 2.2805973994, 1.217553206, 2.59446294478, 10, 2019
E, 100, -0.10352493432527501, 182.754442022, 138.789974228, 1.4297513768, 1.55745604582, 0.180239221021, 10, 2019
Z, 100, 0.9849009366202433, 156.392865619, 67.2542349189, 2.34259572153, 0.108261228534, 0.206167644167, 13, 2019
N, 100, 0.7896101879492476, 84.150358928, 93.145318813, 0.91233993446, -0.964450180381, 0.361322016759, 13, 2019
E, 100, -0.043141588557770616, 200.11387945, 87.6420875224, 2.469657811, -1.69430941647, 3.37732612259, 13, 2019
Z, -100, 0.9407365008013447, 125.464071687, 90.2389545133, 1.3078083431, -2.6678135423, 2.79166450579, 16, 2019
N, -100, 0.5686009976852953, 117.565670679, 99.4354699332, 1.0648689249, 1.16932987449, 0.315149550311, 16, 2019
E, 100, -0.6559003082271717, 228.338344779, 73.043643431, 2.11393383158, 2.27568698512, 0.396906633499, 16, 2019
Z, 100, 0.9200217967185792, 291.682902642, 174.023917894, 1.63714008904, -0.349590511122, 0.0636628770716, 19, 2019
N, -100, 0.31981221036664725, 205.439180108, 65.1867008457, 3.39640816518, 1.15306853823, 0.128315663589, 19, 2019
E, -100, -0.7492689352426603, 100.750770569, 131.515143086, 0.539608533645, -0.101648549966, 2.51226749084, 19, 2019
Z, 100, 0.9230519381423513, 215.209318238, 190.143145841, 1.01608751851, -0.469781709552, 0.284401817305, 22, 2019
N, -100, -0.9125966271723799, 164.159182064, 86.956135532, 2.8024665361, -0.0405840990204, 3.00871482485, 22, 2019
E, -100, 0.318999209890293, 103.569060787, 160.780779256, 0.568248715669, 1.03711703364, 0.00591675834219, 22, 2019
Z, -100, 0.9742264763392636, 205.884102788, 104.871744613, 2.03441209587, 0.185936425216, 0.0232244301159, 25, 2019
N, 100, 0.16716825555141207, 137.562644115, 88.4327641945, 1.62867200336, -1.44975996119, 0.0665883245984, 25, 2019
E, -100, 0.527257307441434, 153.409961883, 115.3653347, 1.49881368139, 0.958557961348, 0.0488239943852, 25, 2019
Z, 100, 0.6537169929360819, 199.175611059, 64.6457488115, 3.3531283872, -1.0161019093, 0.31206557714, 28, 2019
N, -100, 0.8548634503412399, 150.904064908, 158.399370475, 1.35482723908, 0.516722629183, 0.311528355651, 28, 2019
E, 100, -0.829918019365335, 229.518771927, 113.284164522, 2.2869948744, -0.620706116902, 3.21475459471, 28, 2019
Z, 100, 0.8706891770360446, 146.141058787, 126.420484353, 1.05825524228, -0.529611228085, 0.0797459802633, 31, 2019
N, -100, 0.5283737288836482, 168.489026465, 124.942814283, 1.31261985557, 0.970033568709, 0.0504626971576, 31, 2019
E, 100, -0.6077276512435851, 186.258331682, 146.182713754, 1.01367472598, 2.18085488668, 0.245826055336, 31, 2019
Z, -100, 0.9764731067276701, 246.869599446, 147.911747417, 1.76119355106, 0.172234313055, 0.0536547117794, 34, 2019
N, 100, -0.3550214053184757, 141.668890023, 94.3846570966, 1.73367286373, 1.65443368699, 0.539096707614, 34, 2019
E, 100, -0.018208498194093464, 121.083769606, 171.172538204, 0.782478124949, -1.67953047631, 2.91296098416, 34, 2019
Z, 100, 0.9463792345239175, 294.157545554, 124.374475444, 2.32802609619, -0.402050802339, 0.185716765029, 37, 2019
N, -100, -0.9007360943914985, 137.424294546, 73.7840816441, 1.92669087605, -0.241406861115, 2.61996268139, 37, 2019
E, -100, 0.7112888475666493, 174.62878729, 151.739196649, 1.03854382049, 0.400770066708, 0.199897906013, 37, 2019
Z, -100, 0.9528759480750546, 186.773795456, 65.4096067527, 2.91697414357, 0.428066546342, 0.293819531516, 40, 2019
N, 100, 0.5679498798910867, 151.740978539, 59.4097259637, 2.91555198051, 1.86771218223, 2.60186596069, 40, 2019
E, -100, 0.6518294188162889, 112.373337435, 71.1593548465, 1.90600302777, 0.692097231112, 0.190275689615, 40, 2019
Z, 100, 0.7890221548915817, 146.82298825, 54.0832883807, 2.76031351249, 2.43128292208, 3.11182795391, 43, 2019
N, -100, 0.602181234099841, 147.050990175, 110.709233243, 1.59151154483, 1.26845284722, 0.43637150678, 43, 2019
E, 100, -0.889022966987909, 166.451191943, 71.5767026398, 2.35766638913, -0.513246720918, 3.2257123468, 43, 2019
Z, 100, 0.8747037181139726, 194.033878869, 132.390589131, 1.4340054085, -0.545127281003, 0.0902887260022, 46, 2019
N, -100, 0.05717017647088268, 164.742896491, 107.633211938, 1.44479078784, 1.54758487244, 0.0456796935723, 46, 2019
E, 100, -0.8792760138339869, 217.310831876, 149.448129872, 1.19885744023, 2.69420011413, 0.259686352286, 46, 2019
Z, 100, 0.9831301820491302, 303.043195514, 170.021960387, 1.78021834706, -0.169199073116, 0.0375090274499, 49, 2019
N, 100, -0.746971872439477, 202.264981768, 87.1378908453, 2.33804616956, -0.799786481787, 2.97454880078, 49, 2019
E, 100, -0.7607746811406417, 84.8654566362, 184.06711682, 0.330821123372, -0.670473874839, 2.7994621755, 49, 2019
Z, -100, 0.9634542450837859, 193.645772719, 112.233719382, 1.78623823592, 0.271403006678, 0.235871526869, 52, 2019
N, -100, -0.6913187279236997, 111.195409709, 122.495848222, 1.03024177303, 1.33836587812, 3.69212031046, 52, 2019
E, -100, 0.4331064080197014, 146.665851512, 146.112057797, 0.985434457481, 0.525803415275, 0.49051454962, 52, 2019
Z, 100, 0.22746940766818433, 182.789495073, 38.3264294744, 5.55475203085, 1.38740979057, 2.7089636101, 55, 2019
N, 100, 0.8865016565796111, 172.594933124, 113.492559513, 1.87943556247, -0.076095260967, 0.214486746195, 55, 2019
E, 100, -0.100744428485954, 263.040196983, 77.3506339122, 3.88186417184, -1.48781747643, 3.14674852596, 55, 2019
Z, 100, 0.5600258813986446, 193.56106377, 101.176533566, 1.7316612045, -1.04699048183, 0.111620573195, 58, 2019
N, -100, 0.5096645284916448, 195.526222291, 199.455893132, 1.16681587583, 1.23067263755, 0.282977166742, 58, 2019
E, 100, -0.8083840510885673, 285.797307253, 183.426908491, 1.47651661043, 2.47572122952, 0.0625612530488, 58, 2019
Z, 100, 0.9492001824174294, 281.08666027, 120.993874417, 2.30943421899, -0.313820532674, 0.0177485119129, 61, 2019
N, 100, -0.07995219528962472, 202.29688543, 146.166661521, 1.38910066668, 1.64739401046, 0.0230328120614, 61, 2019
E, 100, -0.9209020537226323, 188.281813668, 206.00519218, 0.761398210529, 2.75568590783, 0.358422936925, 61, 2019
Z, -100, 0.9934969978870074, 260.099953869, 102.241092291, 2.46719566284, 0.0850627715419, 0.0664873128896, 64, 2019
N, 100, -0.7836146814698478, 133.658873876, 109.210272192, 1.29822184296, -0.983384039584, 2.7236649765, 64, 2019
E, -100, -0.014875797449990192, 75.7118846198, 180.686431448, 0.335044103424, -0.978528263542, 0.644794005178, 64, 2019
Z, -100, 0.8318198559616069, 286.544100821, 51.4695850016, 6.04948611812, 0.714138573755, 0.364961428802, 67, 2019
N, -100, -0.7368396072312633, 149.853382394, 69.4272805641, 2.27780076156, 0.887220848686, 3.31748292559, 67, 2019
E, 100, 0.7357332439264769, 221.091142126, 98.3995859282, 2.27742541732, -0.385654473217, 0.292118298286, 67, 2019
Z, -100, -0.4845138340753903, 236.515087896, 43.4137940892, 4.70783007373, -0.127847171016, 2.18295047907, 70, 2019
N, 100, 0.9066110603009248, 114.855677444, 79.860912806, 1.88375701763, -0.326352714585, 0.218201886919, 70, 2019
E, 100, -0.3179953864577143, 203.254651634, 50.898989936, 3.93270641437, 1.79756295906, 0.230223868971, 70, 2019
Z, 100, 0.7545229355383979, 156.654992586, 107.923297665, 1.34593549763, 2.43362187895, 3.16151241727, 73, 2019
N, 100, -0.09343545444259756, 163.520188661, 140.456827956, 1.22792334357, 1.86955341937, 0.358781542361, 73, 2019
E, 100, -0.8171505108072661, 186.847860083, 152.26127918, 1.18850927747, 2.55309280487, 0.0611575677084, 73, 2019
Z, 100, 0.9233543977596942, 242.37713378, 139.451983437, 1.65716402701, -0.184005256437, 0.227705349136, 76, 2019
N, 100, -0.5035490103090429, 177.578516366, 136.850602198, 1.22574928319, 2.21332602853, 0.173931676493, 76, 2019
E, 100, -0.9638092865747515, 172.152419186, 208.19260281, 0.745762147791, 2.94082461783, 0.197775566326, 76, 2019
Z, 100, 0.9137469369383733, 260.567274923, 97.7425269222, 2.55511297542, -0.475902392145, 0.137631218908, 79, 2019
N, 100, -0.906150363143355, 152.602031805, 115.168609259, 1.22538075458, -0.571531269492, 2.81219707547, 79, 2019
E, -100, -0.408655628074385, 127.443565496, 173.185526897, 0.430490674199, -0.171976208881, 1.97747231574, 79, 2019
Z, -100, -0.59560744529272, 153.398274818, 43.0757589454, 3.65303704038, 0.521381770453, 2.89408091235, 82, 2019
N, 100, 0.09345525057359111, 127.038973384, 151.048105202, 1.06333934664, -0.997473024911, 0.57284636495, 82, 2019
E, -100, 0.4853857989809507, 192.260048941, 106.34290045, 2.2643930036, -2.56593738711, 2.58521432104, 82, 2019
Z, 100, 0.18430852132353118, 288.356658175, 104.460521772, 2.57982349854, 1.78950040663, 3.20789098715, 85, 2019
N, -100, 0.7669304789837394, 151.052958076, 149.616617611, 1.12673852813, 0.85638254778, 0.313080280517, 85, 2019
E, 100, -0.6019227249502361, 255.934963702, 142.446354725, 1.62002919968, -0.861114286253, 3.03275856805, 85, 2019
Z, 100, 0.30532859025987247, 263.6146361, 114.651830609, 1.76198916177, -1.52556634788, 0.423051608509, 88, 2019
N, -100, 0.02977152330187106, 144.706476955, 207.164863712, 0.705527270886, 1.66867374309, 0.143729076337, 88, 2019
E, 100, -0.7975351163722313, 286.15318621, 231.742850534, 1.26203709791, 2.49784138842, 0.0369459005571, 88, 2019
Z, -100, 0.9221354145175025, 263.43834198, 85.1963901149, 3.12740208001, 0.37487620523, 0.334028597212, 91, 2019
N, 100, -0.9122634211117137, 167.437364276, 153.013174152, 1.10099781322, 2.78504542663, 0.0785832257133, 91, 2019
E, 100, -0.8574779922070874, 207.891836267, 208.623273202, 0.829801368677, 2.47833987672, 0.475375561356, 91, 2019
Z, -100, 0.7631668000760571, 400.04199247, 32.8960414996, 14.9433516566, 0.57832860984, 0.576103309233, 94, 2019
N, -100, -0.9163863228068606, 183.901665192, 112.593955619, 1.82291432207, 0.335594776723, 3.17090611385, 94, 2019
E, -100, -0.14669555738551507, 184.162053092, 132.539736035, 1.19134764338, -1.25287820201, 0.449294857885, 94, 2019
Z, -100, -0.8065697775927062, 306.520357562, 62.3292081877, 4.4062239271, -0.101315799086, 2.57755595603, 97, 2019
N, -100, -0.3113407737533659, 114.666067226, 85.497890188, 1.70118703927, -1.78525815488, 0.0257201625698, 97, 2019
E, -100, 0.18950654662308497, 225.007377218, 37.8186061502, 7.26874688417, -1.96712095475, 2.96939913094, 97, 2019
Z, -100, -0.11808775971176061, 190.259283658, 121.417083945, 1.22733174298, 1.26492137183, 2.94080990992, 100, 2019
N, -100, 0.38975844860045855, 95.7325521711, 101.607024387, 0.917331946921, 1.46244580673, 0.38686556921, 100, 2019
E, 100, -0.7694652684966813, 250.202012094, 132.548506853, 1.76052148775, 2.40516826928, 0.094475850375, 100, 2019
Z, 100, 0.5247155171246544, 488.769822234, 139.252495741, 3.36751068186, 2.2572803408, 3.35634886807, 103, 2019
N, 100, -0.404303447668341, 209.235925407, 162.479647933, 1.22528766886, 2.15398497491, 0.321502616349, 103, 2019
E, 100, -0.9909281517553282, 340.47824715, 211.050515945, 1.5901487843, 3.01535322693, 0.0193023093365, 103, 2019
Z, 100, 0.7245208354087957, 585.457214399, 91.5320921758, 6.91379716254, -0.56745161623, 0.245364295915, 106, 2019
N, 100, -0.7574667110004715, 211.36715851, 156.441576921, 1.27834056919, 2.44663025183, 0.00502093675628, 106, 2019
E, -100, -0.928221797290656, 240.737345697, 201.43868829, 1.17968851031, 0.296231664285, 3.11464238269, 106, 2019
Z, -100, -0.620825103883114, 361.81448207, 54.1716322723, 6.71643292315, -0.61840479932, 2.30001617571, 109, 2019
N, -100, -0.8768978009902951, 127.673165345, 166.353798027, 0.835304686889, 0.514483299472, 3.15179096824, 109, 2019
E, -100, -0.37302473747386444, 207.7419622, 121.760674442, 1.36863010935, 0.282261549457, 1.97881222569, 109, 2019
Z, -100, -0.5557459537846855, 374.385232821, 127.529807089, 2.65562290134, 0.994843365766, 3.15887024142, 112, 2019
N, 100, 0.4265094365882137, 109.463303687, 156.530862173, 0.856678602291, -0.632720790158, 0.328109948259, 112, 2019
E, 100, -0.02674656428251092, 294.775128101, 106.050191789, 2.29438850125, -1.53614128902, 3.08642143865, 112, 2019
Z, 100, 0.05678092041316852, 365.22995189, 139.634380519, 2.29103341909, 1.618660901, 3.1317158567, 115, 2019
N, 100, -0.028746412371892377, 170.191240493, 173.751556181, 0.919081170329, -0.948266002185, 2.40252553564, 115, 2019
E, 100, -0.7260468199087319, 323.298619472, 206.076596375, 1.55165350854, 2.38257254905, 0.0228598165589, 115, 2019
Z, 100, 0.46984328000696773, 244.497938947, 102.772874683, 2.37786543214, -0.805534581906, 0.365195579588, 118, 2019
N, 100, -0.45358327219327865, 389.129904742, 194.942086924, 1.88905103962, 2.05838487368, 0.0869942571184, 118, 2019
E, 100, -0.8566815431784915, 374.538526198, 230.585509952, 1.48361227077, 2.58093701557, 0.0483779917116, 118, 2019
Z, 100, 0.1876439290166093, 484.886042963, 39.7786536636, 15.1521231717, -0.719698240017, 0.739061975205, 121, 2019
N, 100, -0.9403594678864542, 132.338150681, 143.130144481, 0.93134054494, -0.269383438797, 3.19226469497, 121, 2019
E, -100, -0.43313987448573205, 199.037022859, 159.156293918, 1.09820233959, -1.71251171484, 0.332118346638, 121, 2019
Z, -100, -0.925340302392927, 516.301156787, 75.9725741083, 6.72860039598, -0.103611418106, 2.8246405238, 124, 2019
N, -100, -0.7618505349558102, 150.488399398, 140.226640103, 1.39162409053, 0.964293712038, 3.47895284915, 124, 2019
E, 100, 0.575575218343907, 375.220787961, 74.5444288527, 5.71041485086, -0.0882078242928, 0.590638921947, 124, 2019
Z, -100, -0.8168850870734262, 492.29176991, 145.29685838, 3.10902009182, 0.464417882014, 2.97584283801, 127, 2019
N, 100, 0.507986897973137, 142.825097098, 99.1845548197, 1.883827884, -0.390430838869, 0.254005001744, 127, 2019
E, 100, -0.31863057282200113, 421.966430863, 106.904334144, 3.48880912746, -1.27444681645, 3.2145470776, 127, 2019
Z, -100, -0.09926436190327445, 478.485017391, 165.283211613, 2.74547133087, 1.57757881499, 3.26837711513, 130, 2019
N, -100, 0.14317962520170052, 162.802663775, 121.217391463, 1.16237040491, 1.59575819421, 0.259392200833, 130, 2019
E, 100, -0.8480383748873781, 425.321097092, 186.571092256, 2.09887131476, 2.61742387307, 0.0330113866294, 130, 2019
Z, 100, 0.31875636385981776, 511.31873955, 117.097935013, 4.4662321885, -1.14335303647, 0.15839562021, 133, 2019
N, 100, -0.425949566773326, 170.570695868, 182.482719321, 0.859960751665, 2.08684487058, 0.0816681283869, 133, 2019
E, 100, -0.976788865507816, 388.520228059, 213.454006658, 1.65132792395, 3.05213265481, 0.120163592001, 133, 2019
Z, -100, -0.6795219945912792, 528.919778293, 53.488468636, 12.1793179873, -0.155996524749, 2.36673915131, 136, 2019
N, 100, -0.9822950923993896, 124.483323223, 154.852989011, 0.765126029477, -0.144989784446, 3.10614740754, 136, 2019
E, -100, -0.21429587422837526, 331.588498359, 133.094795516, 2.31933213136, -1.57920768409, 0.241192844019, 136, 2019
Z, 100, -0.8546998717731492, 298.799035087, 139.441207556, 1.71540920146, -0.484921355278, 2.58567722957, 139, 2019
N, -100, -0.35595503823820596, 57.6335818248, 207.929510778, 0.278827096613, -2.27905378896, 0.613821640992, 139, 2019
E, -100, 0.6511597016055803, 306.486556656, 124.90300375, 2.46340149158, -2.58145977083, 2.85379438778, 139, 2019
Z, -100, -0.3756146999827548, 439.964181977, 165.074784504, 2.41854232994, 1.33541252291, 3.37830812439, 142, 2019
N, -100, 0.7183109398798952, 135.134965658, 140.544023455, 1.08000212506, 0.63989207035, 0.292318370699, 142, 2019
E, 100, -0.28482517984620237, 409.798370114, 166.373280873, 2.06563476126, -1.1886815077, 2.99514925132, 142, 2019
Z, -100, -0.22190920273887385, 511.803283267, 135.328085155, 3.59212320444, 1.41504446881, 3.22496949304, 145, 2019
N, -100, 0.16502076899316132, 141.320566166, 185.355436761, 0.720957939322, 1.57334592618, 0.208530829561, 145, 2019
E, 100, -0.8535766012890494, 501.303652434, 222.415406611, 2.1151318856, 2.66255391459, 0.0799168560435, 145, 2019
Z, 100, 0.011784846360904965, 378.60598589, 74.129215965, 5.55849109979, 2.078423282, 3.72496157377, 148, 2019
N, 100, -0.8275671425450932, 115.952141675, 175.93058166, 0.657540442196, 2.70980793482, 0.226370406569, 148, 2019
E, -100, -0.9457084903690542, 331.363126881, 182.758258121, 1.51923081081, 3.04722089908, 0.3026144181, 148, 2019
Z, -100, -0.9061034738893966, 405.609730151, 71.5940881596, 5.90716145728, -0.280011596099, 2.66804732662, 151, 2019
N, -100, -0.9861677598545753, 91.7296355462, 131.084247894, 0.659353653194, 0.0258988817263, 3.05041978135, 151, 2019
E, 100, 0.2563037142565066, 263.318913168, 88.5111337038, 3.0882190128, -1.04833129725, 0.198255499799, 151, 2019
Z, -100, -0.9000656276590737, 360.025576852, 153.307872385, 2.20265552093, 0.332938345649, 3.04611194034, 154, 2019
N, -100, -0.11378726613935732, 74.0392814886, 149.647737446, 0.557759551996, -1.16438999956, 0.353901441589, 154, 2019
E, -100, 0.3311221798217332, 476.329009857, 88.7518427579, 4.25297601852, -1.93397819546, 3.0256973963, 154, 2019
Z, -100, -0.5417476170561909, 334.714684857, 189.306026944, 1.52037375245, 0.859001372772, 2.9675028231, 157, 2019
N, -100, 0.5552014544684398, 115.141421265, 99.8142185526, 1.19119331051, 0.81979544634, 0.105580460347, 157, 2019
E, 100, -0.3027024857074288, 470.485199051, 161.368505518, 2.59751982179, 1.82531731659, 0.140314652163, 157, 2019
Z, 100, 0.12808766178381148, 327.505284589, 151.719043858, 2.26852880754, 1.84604376047, 3.3944992087, 160, 2019
N, 100, -0.3512615450853443, 105.115056921, 151.618188227, 0.640887157591, 2.02369691607, 0.202449776413, 160, 2019
E, 100, -0.9198364673443608, 324.678734504, 194.424103873, 1.59761642802, 2.78522215539, 0.0288505614665, 160, 2019
Z, -100, -0.5710014344240765, 389.411652243, 56.7880462941, 8.70688494384, -1.38239876061, 1.0194826147, 163, 2019
N, 100, -0.9100872260756303, 98.1218083253, 183.170826993, 0.499620860791, 2.91003552375, 0.085001946723, 163, 2019
E, -100, -0.7706276009667249, 495.70226534, 160.053903579, 3.21020341955, 3.79600583872, 0.13317158836, 163, 2019
Z, 100, -0.8347172359188324, 256.955147563, 130.413968747, 1.57279073333, -0.687163026546, 2.48261623246, 166, 2019
N, -100, -0.604993342382519, 59.2749632726, 161.946392729, 0.297342229088, 0.793864425801, 2.94050542509, 166, 2019
E, 100, 0.31659617658645367, 366.389112375, 92.5843863374, 2.61163398749, 1.9375759986, 2.38462630044, 166, 2019
Z, -100, -0.7756903147508675, 251.903056353, 175.099702438, 1.27519433915, 0.619576138975, 3.06515346344, 169, 2019
N, 100, 0.5480439169120671, 50.8732468789, 207.566281801, 0.28683632227, -0.670603995871, 0.550794865867, 169, 2019
E, -100, 0.2341476256097554, 365.660210115, 157.935380188, 1.89049811344, -1.85000146515, 3.35088669318, 169, 2019
Z, -100, -0.2518034403727147, 358.820660452, 158.215713839, 2.24284403121, 1.49672594833, 3.41740447607, 172, 2019
N, 100, -0.36312860302558553, 57.3107912181, 131.876318845, 0.354142803651, -1.15563451494, 2.05001636737, 172, 2019
E, 100, -0.8794586872243864, 350.454606105, 190.994138218, 1.72024914886, -0.00630582406139, 2.81835064495, 172, 2019
Z, -100, -0.3735710281177864, 505.473481782, 105.831058968, 5.00258339453, 1.40989745855, 3.44071318406, 175, 2019
N, 100, -0.4978556378801084, 114.984259996, 186.020430902, 0.573772521407, 2.52035863563, 0.437034642151, 175, 2019
E, 100, -0.940238906368481, 572.170343995, 195.143962429, 2.87082067153, 3.13748935645, 0.175700934246, 175, 2019
Z, -100, -0.8446499061774058, 399.761944349, 55.0803257576, 8.0655929597, -0.154458762614, 2.65060032514, 178, 2019
N, 100, -0.9657196148026242, 106.928483262, 143.663851767, 0.678296697109, -0.227377187804, 3.07712665111, 178, 2019
E, -100, -0.790946641127306, 470.562286173, 105.671866005, 4.06549568392, 0.647118794025, 3.03299642798, 178, 2019
Z, 100, -0.8890623053030426, 222.215530974, 135.558028171, 1.47290287934, -0.609997507112, 2.64713936318, 181, 2019
N, -100, -0.44792251452269183, 36.7573040734, 119.094944364, 0.259851151876, 0.649475245957, 2.40501254545, 181, 2019
E, -100, 0.4065294439098603, 232.670648589, 82.3443941952, 2.0519374809, -1.73643524981, 2.24395468043, 181, 2019
Z, -100, -0.8521591674115438, 265.412342316, 196.630022241, 1.19533156668, 0.404391650507, 2.98116988668, 184, 2019
N, -100, 0.5949139592979392, 84.5288572415, 141.895148739, 0.724214987001, -2.48517476823, 2.62504835482, 184, 2019
E, -100, 0.020668285647136866, 515.184075819, 151.514552079, 2.9582790939, -1.5764936798, 3.12795343852, 184, 2019
Z, -100, -0.2966884800656814, 351.118279215, 174.197592591, 2.01169016023, 1.36317457442, 3.30603072764, 187, 2019
N, 100, -0.1972122146803473, 140.046835345, 101.240171961, 1.22113424254, 1.83885407434, 0.145922206285, 187, 2019
E, 100, -0.6898467739859424, 552.818980637, 165.538042311, 2.91102138512, -0.670600396915, 2.98156514791, 187, 2019
Z, -100, -0.6134425614124994, 257.434469615, 89.3794829152, 3.31312232165, -1.94489735244, 0.410633970125, 190, 2019
N, 100, -0.755906947583495, 99.3197218817, 187.858663732, 0.483810542875, 2.59224455596, 0.0920545521497, 190, 2019
E, 100, -0.9065871325521323, 483.608758724, 172.117847445, 2.70397254371, 2.98372666007, 0.0687881065859, 190, 2019
Z, -100, -0.9908236839207646, 181.702595344, 104.920388807, 1.73577054196, 0.122399657739, 3.19199349117, 193, 2019
N, -100, -0.5010597403809085, 48.7537447031, 152.220867887, 0.252952546809, 1.0419929915, 2.90394860821, 193, 2019
E, 100, 0.4756214582713017, 256.918271524, 85.8446178125, 2.53132147756, -0.549811622231, 0.0118401005219, 193, 2019
Z, -100, -0.9763334703007703, 272.278326198, 162.974444425, 1.52609478531, -0.0588692609884, 2.99514459191, 196, 2019
N, 100, 0.6363742084500471, 41.7429197582, 183.691802951, 0.229366023419, -0.396458371639, 0.48538667348, 196, 2019
E, -100, 0.7244334403681623, 419.528403442, 159.473828034, 2.18903567953, -2.43342917403, 3.06647493077, 196, 2019
Z, -100, -0.6141125323144233, 280.267088524, 161.218493225, 1.60267896396, 1.0516591911, 3.34259330238, 199, 2019
N, 100, 0.4592865611029729, 47.4345364053, 184.830951628, 0.235188061134, -2.00367609954, 1.95349408828, 199, 2019
E, 100, -0.10715181017333138, 328.79892581, 191.152348325, 1.33719807379, -1.13999841945, 2.6943126017, 199, 2019
Z, -100, -0.517135934332342, 276.093682175, 118.736637394, 2.39658046641, 1.23300005959, 3.39007461914, 202, 2019
N, -100, 0.029049979965065607, 58.055803982, 137.654003556, 0.417195332135, 1.83606952433, 0.448400692334, 202, 2019
E, 100, -0.7312047914351495, 302.856194924, 177.467407597, 1.62862007594, 2.44838150844, 0.0312571285058, 202, 2019
Z, -100, -0.7314708485152284, 331.844600688, 59.3845035518, 6.37047919641, 0.770608007978, 3.57830540261, 205, 2019
N, 100, -0.7064836941897691, 62.8349646065, 163.329638536, 0.366455997281, 2.53043123774, 0.0595201191363, 205, 2019
E, -100, -0.8742258990935822, 294.738150266, 134.006385069, 2.51158061873, 3.57115567251, 0.0470520388541, 205, 2019
Z, 100, -0.8118870004244213, 128.560170287, 98.9945092158, 1.24157104578, -0.0418056683743, 3.17589406108, 208, 2019
N, -100, -0.16699060894706422, 104.076164181, 94.1516870147, 0.985372581069, 1.37934087126, 3.07160133306, 208, 2019
E, -100, 0.7911403752332671, 225.600311107, 80.9158734916, 2.82141796442, -0.15924980909, 0.320294346722, 208, 2019
Z, 100, -0.3931006945450288, 201.821778947, 174.42084135, 0.697692811428, -1.39098046917, 2.26780828959, 211, 2019
N, -100, 0.6414320849285934, 148.791287373, 104.236512334, 1.15559318122, -2.29965808271, 2.38497821877, 211, 2019
E, -100, 0.46375185781984285, 370.035831626, 150.251650267, 2.41689822316, -2.1443545244, 3.2860199611, 211, 2019
Z, -100, -0.4428633559012937, 408.871519999, 179.807383256, 2.04390540732, 1.26417626377, 3.52370085224, 214, 2019
N, -100, 0.638753273472293, 236.527680965, 134.143972458, 2.20713718964, 0.800791671913, 0.194795676399, 214, 2019
E, 100, -0.2802844606644947, 424.832359652, 168.2296791, 2.01859525847, -1.05866584558, 2.87294989065, 214, 2019
Z, -100, -0.5526741889886166, 599.502301013, 104.254536925, 6.58668862604, 1.2363011388, 3.55873995742, 217, 2019
N, -100, 0.10253558031757111, 213.097215241, 113.720360914, 1.74929687085, 1.52903323617, 0.0191248205527, 217, 2019
E, 100, -0.858262285848148, 457.376388112, 127.42803284, 3.50669185771, -0.0935448104795, 2.97510980929, 217, 2019
Z, 100, -0.7553442254718398, 354.690209412, 75.1450417811, 5.48133085602, 2.06104076412, 0.564613108322, 220, 2019
N, 100, -0.6188307505330931, 81.209052254, 187.643175538, 0.440578705299, 2.86582369658, 0.204378047579, 220, 2019
E, -100, -0.06184462069266077, 473.228107987, 117.406175676, 5.15943451154, -1.54740092331, 0.31978961916, 220, 2019
Z, 100, -0.8941249881067775, 422.888825067, 135.474947074, 2.96709150413, -0.53417399359, 3.0075522825, 223, 2019
N, 100, 0.33916004989052323, 130.29558633, 129.540200548, 0.92940363916, 1.92060838869, 3.00535480748, 223, 2019
E, -100, 0.9023649885022627, 753.852112361, 155.14971497, 4.85903266239, 0.10806981696, 0.291018055706, 223, 2019
Z, 100, -0.9695582045428578, 286.052223309, 146.360821988, 1.74798749635, -0.105468904962, 3.06585163751, 226, 2019
N, 100, 0.7128543820042572, 86.8617569882, 201.701865015, 0.457863598005, -0.6480678739, 0.121460009228, 226, 2019
E, -100, 0.502422454851967, 401.368145071, 209.654161512, 1.66278578412, -2.13663545039, 3.18627463642, 226, 2019
Z, -100, -0.6758423467277709, 338.15605825, 112.196849557, 2.85440083459, 1.02271662662, 3.44276540627, 229, 2019
N, -100, 0.8459482174949227, 106.727715432, 163.979529419, 0.748553401318, 0.388479347441, 0.295712035993, 229, 2019
E, 100, -0.41835953290900685, 298.165602438, 179.544791931, 1.54311278624, -0.888354930318, 2.83102417, 229, 2019
Z, -100, -0.6341356654376807, 327.56299421, 58.3056252559, 6.96752115366, 1.14670492716, 3.68597296185, 232, 2019
N, -100, 0.25461590609843626, 106.238399652, 131.876720242, 0.974571608551, 1.43498670358, 0.412787566895, 232, 2019
E, 100, -0.7484142597426288, 375.67850884, 133.828879513, 3.5794188812, 2.74675742534, 0.421073995898, 232, 2019
Z, 100, -0.45941673278199174, 335.366887234, 66.9940288124, 5.94919440327, 1.81883548619, 0.375952781035, 235, 2019
N, 100, -0.4014030444196671, 66.1415756226, 107.681452586, 0.715497075254, -0.641034298409, 3.24252712438, 235, 2019
E, 100, 0.5015309522271594, 282.641327425, 78.635498718, 3.69081097932, -0.915919339554, 0.685519660448, 235, 2019
Z, 100, -0.49369776430218937, 280.979290835, 136.695387321, 1.99701877572, 1.95649634217, 0.202948069449, 238, 2019
N, -100, -0.34756887124723707, 36.5968718129, 85.2383659323, 0.349245168874, 0.765376932143, 2.40282970058, 238, 2019
E, -100, 0.6080834581097984, 468.247588015, 152.566911474, 3.13897305068, -2.39107630356, 3.3461462526, 238, 2019
Z, 100, -0.7806071613992452, 180.671317201, 161.415215166, 0.895011430129, -0.783337545625, 2.66286864231, 241, 2019
N, 100, 0.959923395230355, 85.58414895, 115.150915153, 0.729336167913, -0.130166886366, 0.187865539063, 241, 2019
E, -100, 0.2473983405113134, 456.373807134, 185.448292428, 2.24813921737, 1.2247815806, 0.186868131308, 241, 2019
Z, -100, -0.6946109721768639, 247.111986899, 98.8294378213, 2.73617810513, 0.908779607524, 3.4546681905, 244, 2019
N, 100, 0.5781446577994345, 98.1928999423, 135.196089426, 0.800026171055, -0.196787699063, 0.0740723723343, 244, 2019
E, 100, -0.4154012016465088, 292.253522446, 128.529472674, 1.97456704483, -0.941014139894, 2.79752837756, 244, 2019
Z, -100, 0.2877818408760399, 136.28763266, 58.8133307091, 2.85884781952, 0.800240111403, 0.723810395375, 247, 2019
N, 100, -0.2008422827272886, 127.858696644, 124.263284924, 1.14534503069, 1.86743803057, 0.443948998494, 247, 2019
E, 100, -0.7091438248670917, 158.124656764, 89.4314885979, 1.96164371085, 1.03402504028, 2.01447088795, 247, 2019
Z, 100, -0.4155480013776367, 544.022072786, 111.280490002, 4.45853979196, 2.1544418414, 0.260966950855, 250, 2019
N, -100, 0.17000006677670523, 142.254353833, 133.265086449, 0.878615367246, -1.40549894262, 2.57234368021, 250, 2019
E, -100, 0.37145372230757523, 277.875056837, 155.417916125, 2.11611944579, 1.04793642422, 0.2773911221, 250, 2019
Z, -100, 0.43872808518725137, 593.074132567, 122.315447929, 3.26597383859, 0.812249968156, 0.41544790886, 253, 2019
N, -100, 0.7163357154753748, 103.592116768, 149.993076241, 0.602275721731, 0.719124523972, 0.0408522198358, 253, 2019
E, -100, 0.3060208803758137, 266.82340593, 209.552891469, 1.17152146683, -2.00302419242, 3.30853335975, 253, 2019
Z, 100, 0.06882125050389984, 186.804700512, 93.0818346667, 1.45456119801, 1.58887347168, 2.65844075477, 256, 2019
N, -100, -0.5634629615121888, 436.181895604, 209.385385347, 2.16107782643, -2.38063719734, 0.508488260064, 256, 2019
E, 100, -0.8643297796564338, 263.732413977, 207.914264902, 1.25008906211, -0.260643916283, 2.92824310699, 256, 2019
Z, 100, -0.62811569242644, 88.4121537747, 41.06124773, 2.30072863394, -0.580083679109, 3.36127925211, 259, 2019
N, 100, -0.9246369424371396, 503.826454998, 140.354055129, 3.11975281223, -0.295046716675, 3.32631605875, 259, 2019
E, 100, -0.3070704277451198, 380.030384013, 130.703072833, 3.27206768911, -0.999663462314, 2.61706781458, 259, 2019
Z, 100, 0.7583332486895933, 79.0040522622, 61.7696863229, 1.13442554338, -1.21929091742, 0.83281832156, 262, 2019
N, 100, -0.05431377282059283, 112.154442166, 96.3739720704, 2.23002648915, 1.4513492973, 0.703956675466, 262, 2019
E, -100, 0.6595857212420766, 186.032883404, 71.2219307059, 2.23571346909, -0.46561322171, 0.349258948819, 262, 2019
Z, -100, 0.8927632073053237, 268.930295856, 113.66304497, 2.37222645591, 0.432265348504, 0.00295558445438, 265, 2019
N, -100, -0.2501568018159116, 56.055780885, 87.0708364633, 0.621877839681, -0.783306913816, 1.99748667751, 265, 2019
E, -100, 0.5531724765494853, 271.399509503, 151.846166009, 1.98843138681, 0.658571578793, 0.33451202864, 265, 2019
Z, 100, 0.8215278518645694, 197.683806856, 134.008129034, 1.54887284644, 2.51047613767, 3.18979276538, 268, 2019
N, 100, 0.781728613854979, 46.0909995538, 120.209546475, 0.353205223223, -0.750793118019, 0.210747653759, 268, 2019
E, -100, 0.3352314757389374, 436.576587431, 198.197313844, 2.17718612409, -1.95078068797, 3.22206138749, 268, 2019
Z, 100, 0.14217670196654603, 114.171532127, 87.7896900226, 1.15240211679, -2.13634907221, 0.711794223436, 271, 2019
N, -43, 0.7923384863382026, 72.138351085, 138.907730234, 0.470144128224, 0.280340557316, 0.461113229671, 271, 2019
E, -100, 0.028490276123158197, 338.618809817, 161.986612571, 1.87450670007, -1.35010499312, 2.84993625711, 271, 2019
Z, 100, 0.7560788144755178, 215.031502031, 69.3265717995, 3.3727920471, -0.510153700457, 0.605792415918, 274, 2019
N, 100, 0.5611329598394549, 122.487452284, 127.811472901, 1.4724836068, -0.319831824282, 0.277554958129, 274, 2019
E, -100, 0.05661950247674889, 253.972644209, 83.5955158648, 4.71753327615, -1.68481038667, 1.88466170253, 274, 2019
Z, -100, 0.5332113922239518, 443.500026289, 117.405271929, 3.30351229708, 1.19774405115, 0.360456503346, 277, 2019
N, 100, -0.22519263848630794, 67.8837779473, 106.862063548, 0.732750633943, -1.1368532366, 2.63523924875, 277, 2019
E, -100, 0.7806069552157152, 271.32057995, 145.637024221, 2.15565740323, 0.079150826944, 0.463241458466, 277, 2019
Z, -100, 0.5891726267441264, 615.218292996, 112.502210025, 5.05219393425, 0.780341879429, 0.229308356234, 280, 2019
N, -100, -0.18101603937218855, 42.5430517121, 135.341565228, 0.26967829532, 0.0506596970661, 1.88729647714, 280, 2019
E, -100, 0.6101499623231353, 386.791515525, 198.888858064, 1.94851791647, 0.507005210713, 0.420985505297, 280, 2019
Z, 100, -0.39034788325195846, 161.880697114, 78.3788121387, 1.78271205037, 2.93067974304, 0.871066298876, 283, 2019
N, 100, 0.9595059308593017, 156.728128662, 170.56764912, 0.893665658146, -0.222207171789, 0.112228475556, 283, 2019
E, -100, 0.3744556659983034, 345.857285978, 215.260125874, 1.54952930212, -1.92223928329, 3.11621860167, 283, 2019
Z, 100, -0.17001966053314876, 182.866704073, 27.9773914012, 8.79827459786, 1.71436315287, 1.16773394954, 286, 2019
N, 100, 0.7626951497774742, 182.713376312, 191.54892894, 1.03851844404, -0.00669817311336, 0.38147552151, 286, 2019
E, -100, 0.01838482888628662, 282.330987419, 157.700059713, 1.8109050829, -1.38568269894, 2.86569177572, 286, 2019
Z, -100, 0.8851580211652895, 133.495381894, 83.0690025711, 1.43266167708, 0.557622190178, 0.306398150702, 289, 2019
N, 100, 0.6502304898891532, 216.251062453, 112.354891318, 3.15094609466, 0.251407753547, 0.711863564929, 289, 2019
E, -100, 0.3966724265256585, 173.741715392, 69.5334342209, 3.3261925333, -0.360853090109, 1.24283545858, 289, 2019
Z, -100, 0.8930217246192101, 339.935792943, 128.315673131, 2.53592518307, 0.46717330615, 0.00313961418693, 292, 2019
N, -100, -0.219856880474622, 163.965693597, 75.4675186164, 2.49515287807, 0.407002934808, 2.20712681076, 292, 2019
E, -100, 0.6768219900478744, 278.77634054, 145.842004078, 2.12266291475, 0.586145373889, 0.286525421847, 292, 2019
Z, -100, 0.7308073683973747, 299.726626079, 129.534372435, 2.24266765367, 0.671288658745, 0.126761774737, 295, 2019
N, -100, -0.05864277593496915, 105.571371478, 122.845680989, 0.888538296315, 1.01056578672, 2.54602708219, 295, 2019
E, -100, 0.25151574149033695, 393.487942901, 197.412253009, 2.07705114256, -1.92494441175, 3.27661662464, 295, 2019
Z, -100, 0.019335988685196603, 193.589795783, 83.5397701905, 1.94617779955, 1.36512269478, 0.318704349688, 298, 2019
N, 100, 0.9606505740891013, 106.910407563, 148.882849609, 0.663878605467, 0.0686241849817, 0.213982338931, 298, 2019
E, -100, 0.026206387955082344, 380.521153418, 184.284728196, 2.0051999624, -1.66825424759, 3.28965269154, 298, 2019
Z, 100, 0.8306803401769385, 231.247079585, 81.2625973066, 3.81220371538, -0.431886400971, 0.377347543118, 301, 2019
N, 0, 0.8168854175869186, 175.879898898, 146.505989459, 1.38017596881, 0.084578097727, 0.15648735579, 301, 2019
E, 100, -0.24115592806981473, 168.675528875, 88.9862152635, 2.00265113806, -0.931565928426, 2.62044640111, 301, 2019
Z, 100, 0.9290467066060917, 351.050616534, 147.577510878, 2.10130417437, -0.398509209334, 0.102457807303, 304, 2019
N, -100, -0.00190363408269355, 179.939323279, 107.940326744, 3.18062553459, -0.670005548818, 1.47893819564, 304, 2019
E, -100, 0.8131695183149124, 177.033795454, 117.905000657, 1.73666396642, -0.135255359094, 0.44731517097, 304, 2019
Z, -100, 0.8510085668277936, 255.109651876, 136.827505528, 1.76824814142, 0.537454613422, 0.0117867556114, 307, 2019
N, -100, -0.3538928930561759, 88.3808115428, 110.123537367, 0.800536402757, 0.0822725426317, 2.37190780592, 307, 2019
E, -100, 0.6873908915966788, 268.716012245, 184.169180186, 1.65154053629, 0.514049277114, 0.301342064922, 307, 2019
Z, -100, 0.790116047961217, 281.448536165, 89.6492637851, 3.12817794682, 0.543647410779, 0.0658461722208, 310, 2019
N, 100, 0.45459029010178564, 104.365035165, 141.615470617, 0.721657672935, 1.79055222242, 2.77747028262, 310, 2019
E, -100, 0.5120778785475214, 357.442509227, 195.05985297, 1.82953791916, -2.28838082682, 3.38491743479, 310, 2019
Z, 100, 0.285506917788668, 243.796682797, 40.0212766993, 6.62117645797, 1.94137589627, 1.88107126741, 313, 2019
N, 100, 0.9160735556841287, 169.058043288, 158.76291727, 0.998825634464, -0.265439850642, 0.167276471867, 313, 2019
E, -100, 0.33855031437781213, 237.242270206, 162.269518982, 1.43068492418, -1.8459452481, 3.07429401251, 313, 2019
Z, 100, 0.31004436103100586, 544.169239546, 99.8663538044, 5.8284486422, -1.40595531115, 0.202520117074, 316, 2019
N, 100, 0.5492177552413247, 127.256643406, 142.904733378, 1.12949972544, -0.42830272208, 0.249134149292, 316, 2019
E, -100, 0.38651248642089064, 94.7286185679, 76.5096231693, 1.47608459353, 1.17405994337, 0.646030570734, 316, 2019
Z, 100, 0.6600935721335174, 538.047880571, 156.962367458, 2.75374005912, -1.16925729812, 0.581368703635, 319, 2019
N, -100, -0.09015898646559087, 179.533864242, 82.1028820282, 3.51075882636, -0.149246526939, 1.55417168901, 319, 2019
E, -100, 0.2665698378457637, 226.663177257, 124.420493536, 2.08831033026, 1.08847038144, 0.303671067813, 319, 2019
Z, 100, 0.3142917590002818, 418.218592079, 156.214649047, 2.63529834985, -1.14416358268, 0.198131471284, 322, 2019
N, -100, -0.42348769534399483, 124.696907217, 108.064195011, 1.15173681998, 0.0402130861093, 2.19693899642, 322, 2019
E, -100, 0.09941715054824785, 299.510961193, 185.344250207, 1.77327710113, 1.38255542429, 0.104568276381, 322, 2019
Z, -100, -0.14502824790025415, 419.709223301, 98.3333131718, 3.25711286167, 1.11807821769, 3.61105256188, 325, 2019
N, 100, 0.9222649650048759, 173.075529871, 144.312351195, 1.26170524917, -0.270111861369, 0.105449434369, 325, 2019
E, -100, 0.026672829859130276, 340.347927069, 181.030870694, 1.97291968316, -1.63040706877, 3.20076256108, 325, 2019
Z, 100, 0.4786605602833824, 180.543437676, 78.6928262947, 2.41901045367, -1.66039398784, 0.651105460936, 328, 2019
N, 0, 0.8745071231155146, 168.318487785, 137.856454093, 1.13952519333, 0.0351087915988, 0.0305099256704, 328, 2019
E, 100, -0.11918996015127471, 223.268323186, 104.470051465, 1.70345824802, 1.60460289804, 0.390864574038, 328, 2019
Z, 100, 0.8864393325179564, 245.745186707, 164.05735382, 1.27134142501, 0.325899917997, 0.536839105245, 331, 2019
N, 0, 0.43551249031345135, 229.180607231, 118.830351527, 3.42949929709, 0.0994445484571, 0.444128231067, 331, 2019
E, 100, 0.685243430636648, 145.685155505, 89.2324959174, 1.96461516405, -0.533315930924, 0.650259696473, 331, 2019
Z, -100, 0.9959999303238511, 375.274751484, 173.17776568, 2.23080024384, 0.0867949509958, 0.0771382900741, 334, 2019
N, -100, -0.4949477445716606, 235.079486336, 73.9254986962, 3.59358633693, -0.228868303414, 2.11500791522, 334, 2019
E, -100, 0.6736827549401283, 210.832072163, 164.990593753, 1.37233213295, 0.596212613414, 0.274161306567, 334, 2019
Z, 100, 0.8007083523904213, 409.701971259, 122.705075261, 3.75583762809, -0.483092903413, 0.200772357834, 337, 2019
N, -100, -0.21089665607491861, 87.0487650811, 114.763283341, 0.7647009001, 0.252501019617, 2.13759890997, 337, 2019
E, -100, 0.33414661900329595, 275.030131171, 174.558163671, 1.68501169118, 0.980515027555, 0.308289670625, 337, 2019
Z, -100, -0.04624385135047956, 464.541158443, 61.7270705888, 6.31982709006, -1.95267135366, 0.201546677311, 340, 2019
N, 100, 0.9559865517808849, 160.318488368, 131.103836345, 1.13696456944, -0.0433190639502, 0.14170117068, 340, 2019
E, -100, 0.09176091529658836, 257.999248667, 140.898868992, 1.80733701082, -1.74357059368, 3.30072119772, 340, 2019
Z, -100, 0.8885332475532768, 331.959048487, 96.0898500205, 3.58592349604, -0.260537257058, 0.432310683013, 343, 2019
N, 100, 0.783625386011757, 247.63698508, 109.139278563, 2.05976152835, -0.55799582682, 0.115248799267, 343, 2019
E, 100, -0.19956212261507972, 158.895026182, 69.6846535012, 2.19226281065, 1.98270718601, 0.186232968899, 343, 2019
Z, 0, 0.7677323569660415, 191.316139537, 168.59113014, 0.976204457114, -0.109695636985, 0.256801773834, 346, 2019
N, -100, -0.16243898704019, 131.117293481, 84.0426114682, 2.52283350798, -0.0223776720469, 1.54012598638, 346, 2019
E, -100, 0.28596360735654847, 96.060063994, 100.613402706, 0.957986367445, -2.19904271714, 2.61793421826, 346, 2019
Z, -100, 0.14545607691433968, 189.722090538, 188.468034814, 0.870974943578, 1.16295132534, 0.357283398315, 349, 2019
N, -100, -0.40771099157461754, 177.45203595, 76.5250941201, 2.48602799494, 1.05055103251, 3.0417114, 349, 2019
E, -100, 0.4112785137598357, 212.693722304, 165.434102854, 1.4087997145, 1.07337167444, 0.0840224794568, 349, 2019
Z, 100, 0.9710515820036191, 283.173244124, 128.623789779, 2.23267657423, -0.139634452004, 0.00359235173259, 352, 2019
N, 100, 0.2535348418744089, 163.250335527, 119.882437142, 1.30885505564, 1.22129207958, 2.51419102418, 352, 2019
E, -100, 0.07345756726749506, 255.471229823, 163.434445775, 1.67821849462, -1.73252908543, 3.25054328569, 352, 2019
Z, 100, -0.1890362236228584, 125.540105509, 65.3353235559, 2.24729919613, -1.62812811472, 3.47038018628, 355, 2019
N, 100, 0.9584948164543391, 121.362535222, 135.126482994, 0.902821852556, -0.205556525597, 0.203672878404, 355, 2019
E, 100, -0.41638550777300604, 280.443046736, 108.993093883, 2.15421515915, -1.32410950528, 3.50427135069, 355, 2019
Z, 100, 0.9395879305230443, 459.094066283, 154.032111945, 2.83175749607, -0.318072471033, 0.0458639028811, 358, 2019
N, -100, 0.644247915720438, 194.284191629, 102.150029028, 1.79947063351, 0.801147091952, 0.098947620255, 358, 2019
E, 100, 0.04475280356332253, 65.6222519973, 92.172156313, 0.370703875215, 2.73069038483, 1.62553625161, 358, 2019
Z, -100, 0.40806071833775853, 101.084388705, 188.536524131, 0.421676688356, -1.24395682566, 2.19199744074, 361, 2019
N, -100, -0.5652773408510583, 163.025615787, 82.4945946355, 3.00153547652, -0.919106296426, 1.98354217862, 361, 2019
E, -100, 0.4212241699276295, 170.866380921, 151.515305545, 1.32078380037, -2.19323096135, 2.91229179204, 361, 2019
Z, -100, 0.9181835065335112, 175.683087569, 152.049447323, 0.998159417969, 0.0709699048437, 0.320375306731, 364, 2019
N, -100, -0.1488124838540977, 167.209032395, 83.0231677085, 1.63351940661, -0.56462317398, 1.51588368017, 364, 2019
E, -100, 0.20188536765186252, 202.180033275, 163.093059552, 1.22923156959, 1.1764523228, 0.224692060869, 364, 2019
