Chan, Phase Shift, Correlation, ptp-data, ptp-synthetic, rat, phasem, phasestd, DOY, Year
Z, -100, -0.8420506542198144, 334.577432671, 183.78027499, 2.10613073539, -0.00512107447914, 2.96110166949, 4, 2019
N, -100, -0.6160887767394221, 850.445007354, 17.7229703317, 45.1888875038, 1.28798795559, 2.74760803489, 4, 2019
E, -100, 0.6637896680109164, 1305.64340373, 113.294081733, 12.4329030714, -0.0698625566058, 1.14045620466, 4, 2019
Z, -100, -0.10520463638621173, 463.130838525, 201.718687683, 2.16800947069, -1.6596609753, 1.42793851597, 7, 2019
N, -100, -0.3373408232543661, 618.580270874, 21.8153536178, 27.2504459608, 1.79469465979, 2.93065243828, 7, 2019
E, -100, 0.05820884704382351, 1078.61339097, 124.525406151, 9.09283145292, 0.304389043576, 2.08744042525, 7, 2019
Z, 100, 0.42614554664423443, 503.077751396, 172.548393335, 2.97245563634, -1.43602174824, 0.125834833276, 10, 2019
N, 100, -0.21922720938208742, 133.962223194, 21.621260805, 5.92718625774, -2.04172884337, 1.56793204472, 10, 2019
E, 100, -0.5395314623164199, 778.019116629, 108.337140643, 7.31200678756, -2.25027726898, 2.68488621159, 10, 2019
Z, 100, 0.8866625928668416, 638.497693079, 111.372403569, 5.51303894204, -0.541833385454, 1.47321804837, 13, 2019
N, 100, -0.49177945482953195, 286.231014152, 17.0840800958, 14.8389827785, -2.0911153889, 2.71008068913, 13, 2019
E, -100, -0.8304532593903104, 786.628189969, 73.1202372714, 10.0702856278, -1.59210305704, 2.82926392055, 13, 2019
Z, -100, 0.10685266669343535, 567.294570924, 100.682796103, 6.19070533121, 0.0715446678715, 1.4465934078, 16, 2019
N, 100, -0.8353097574479038, 706.257472865, 12.8508128372, 43.8482106268, 1.50044429046, 1.47058386949, 16, 2019
E, 100, 0.655018451126036, 1178.18723944, 66.4223384221, 17.9463838858, -0.514524182468, 2.79983422834, 16, 2019
Z, 100, -0.8608070779187227, 552.560278878, 198.596819932, 3.12786424645, 0.815924321249, 2.41883641618, 19, 2019
N, -100, -0.6266703284355474, 723.664175538, 22.7327759239, 31.4232223368, 1.305314363, 2.78055359474, 19, 2019
E, -100, 0.7803630602199897, 1570.26257135, 122.393030638, 13.6020737103, -0.227300381578, 1.07780131447, 19, 2019
Z, -100, -0.18323157529944642, 527.282562707, 249.849858195, 2.11651251337, -1.42778506073, 2.17465348085, 22, 2019
N, -100, -0.55212168534114, 448.583177832, 30.1689813464, 13.6914527312, 1.28722485227, 2.96761060726, 22, 2019
E, -100, 0.22656207487258914, 1334.72497505, 157.109324818, 9.4033480222, -0.0471658286442, 2.00144394722, 22, 2019
Z, 100, 0.5855265020657642, 746.124397471, 212.316487746, 3.56616045207, -1.37876731546, 0.241812640594, 25, 2019
N, 100, -0.3065810504171436, 208.174962698, 27.764831344, 7.69323189185, -1.0877854967, 2.77892886299, 25, 2019
E, 100, -0.6613415434390616, 1065.92660271, 137.306610723, 8.19670839823, -2.21668798968, 2.66910349687, 25, 2019
Z, -100, 0.8630881083623295, 833.146648107, 113.10347433, 7.4826825873, 0.784897027906, 2.57890199847, 28, 2019
N, 100, -0.5858849272849918, 662.481976894, 16.1580081416, 34.604830532, -1.46256312005, 2.8399893141, 28, 2019
E, -100, -0.33814623961362655, 1190.39661617, 76.576140673, 14.7373913835, -1.52442116839, 2.62107120974, 28, 2019
Z, 100, -0.619494287190438, 614.235299, 116.283879632, 6.26777172667, 0.654593103131, 1.93758036184, 31, 2019
N, -100, -0.8696595875231141, 704.363165164, 9.79205420359, 65.9020068659, 1.40328857604, 2.82829565915, 31, 2019
E, -100, 0.8766852571095285, 1324.18697904, 72.0049712707, 20.1255861392, -0.940824074105, 0.99203287798, 31, 2019
Z, -100, -0.823248879780072, 546.624063089, 186.281451068, 3.25841476997, -1.73177700145, 2.72758913857, 34, 2019
N, -100, -0.46929383225719185, 542.766665592, 17.9695129104, 29.5200621462, 1.57201042717, 2.70040201818, 34, 2019
E, -100, 0.5437434452596714, 1344.45610554, 113.250635002, 13.0132600003, 0.0837152034889, 1.09959113813, 34, 2019
Z, -100, -0.1513003321049081, 539.550751406, 213.1441145, 2.49148451744, -1.53478602949, 1.85741820151, 37, 2019
N, -100, -0.253775100191107, 707.646427177, 23.6553191521, 30.1203594714, 1.03380590493, 3.17337385146, 37, 2019
E, 100, -0.024339233409305935, 1076.59429716, 131.052432438, 8.77997392893, -1.0166019769, 2.95922932631, 37, 2019
Z, 100, 0.4967675877703237, 847.294640456, 187.978164901, 4.18986667412, -1.48354383973, 0.219591206607, 40, 2019
N, -100, 0.1457416283315783, 225.449021091, 23.902012052, 8.69307822463, -0.820982759044, 2.32083861732, 40, 2019
E, 100, -0.6733418555748124, 945.11127923, 118.080272098, 8.43030015333, -2.33138222454, 2.6428974498, 40, 2019
Z, 100, 0.8633662306755104, 838.105545731, 118.886269873, 7.33596280384, -0.475579310872, 1.47359563148, 43, 2019
N, -100, 0.2333355512292662, 391.737338674, 17.8389568409, 17.1362164402, -0.406102903563, 1.68704173248, 43, 2019
E, -100, -0.7160801373047753, 1006.01968827, 78.5693037109, 13.0002097438, -1.48209610712, 2.82264327355, 43, 2019
Z, 100, -0.16589697276040372, 874.832122547, 112.057476091, 8.71957332245, 0.264061626038, 1.44872116727, 46, 2019
N, -100, -0.8607338426439678, 743.743757702, 13.4427803321, 52.3907080959, 0.0663767184998, 3.14157374475, 46, 2019
E, 100, 0.7772186939754376, 1338.43907083, 70.9244785203, 20.2394445815, -0.158027495727, 2.78835924215, 46, 2019
Z, -100, -0.8994423856532726, 601.789440011, 229.195191781, 3.01668586345, 0.221797667769, 2.83037272812, 49, 2019
N, -100, -0.4880302444173588, 816.506835532, 26.3233715413, 32.6957705397, 1.40353543905, 2.74710865667, 49, 2019
E, -100, 0.5614867897283545, 1663.03574702, 141.023005998, 12.8346782943, 0.02603619668, 1.07386452093, 49, 2019
Z, -100, -0.27740085851184987, 731.235784315, 270.465998249, 2.7007680538, -0.884868669238, 2.6674167608, 52, 2019
N, -100, -0.4559117216345048, 637.790731106, 32.5183687389, 20.1163657833, 0.871449041892, 3.17660875758, 52, 2019
E, 100, -0.10383011070256351, 1420.79331118, 170.240170158, 9.06622933723, -0.732469189, 2.85305289549, 52, 2019
Z, 100, 0.5827094216334018, 987.751620959, 203.161331198, 4.65995868982, -0.533982238408, 2.37974936079, 55, 2019
N, 100, -0.8665364205621847, 341.012837702, 26.283025242, 14.9651573256, -0.736969076583, 2.81424939427, 55, 2019
E, 100, -0.7746773509760665, 1165.28640084, 132.647043734, 9.07628836963, -2.07238729207, 2.68967915569, 55, 2019
Z, -100, 0.7657694395827398, 988.515277021, 84.182564881, 11.7559828045, 0.646536970911, 2.97339045914, 58, 2019
N, 100, -0.6597792071157097, 701.404491329, 11.8565529221, 55.0312285237, -1.20599448378, 2.80991317007, 58, 2019
E, -100, -0.17698833287002255, 1381.11191279, 57.4681436388, 23.0683499294, -1.33720750931, 2.70581133869, 58, 2019
Z, 100, -0.8241566814464059, 684.086294711, 129.936674122, 6.4934351681, 1.03323568048, 1.88236667649, 61, 2019
N, -100, -0.7627267646205317, 901.799761137, 10.8067345338, 84.6190966834, 1.09029943067, 2.81084721855, 61, 2019
E, -100, 0.8302470851155026, 1759.43429855, 77.9750020848, 25.0260249403, -0.51066926479, 1.04171835633, 61, 2019
Z, -100, -0.7828848870740486, 558.900740339, 205.123585557, 3.01810279959, -1.05042938486, 2.87612491172, 64, 2019
N, -100, -0.6796681129705163, 1125.8709363, 20.6090614304, 50.5049211935, 1.63424922371, 2.7641019454, 64, 2019
E, -100, 0.5251454650323659, 1796.96228405, 124.328242086, 16.15649309, 0.243214499921, 1.13542248267, 64, 2019
Z, -100, -0.11170719358130599, 633.892664444, 230.235570633, 2.55267793775, -1.49481124574, 1.86213873914, 67, 2019
N, -100, -0.4858863634055452, 894.589852411, 26.3409203721, 35.4873356418, 0.44778329026, 3.17416284238, 67, 2019
E, 100, -0.041046720830601055, 1576.12172514, 141.880068073, 12.0688389608, -2.91200942793, 2.82203856153, 67, 2019
Z, 100, 0.42607533687956706, 860.228084162, 192.909899639, 4.52258263913, -0.664768511373, 2.27745352049, 70, 2019
N, -100, -0.17336510862214774, 477.260303165, 24.7708341063, 18.7940983423, -1.80193458128, 1.91470197857, 70, 2019
E, 100, -0.6222674922958876, 1601.6617578, 122.498838459, 13.6923765716, -2.24808343127, 2.68042477678, 70, 2019
Z, 100, 0.8480077258451312, 928.04677316, 104.536840803, 9.22076423619, 0.128501180749, 2.37939687781, 73, 2019
N, 100, -0.25812222213773567, 567.102611895, 15.5528281661, 27.8832493996, -0.678855177078, 2.68296756111, 73, 2019
E, -100, -0.619666532133165, 1523.32375249, 70.5715497925, 21.5742457956, -1.6054034219, 2.77361345549, 73, 2019
Z, 100, -0.5680486548700843, 754.230311264, 153.010476876, 6.07711011961, 0.907341979384, 1.55615183735, 76, 2019
N, -100, -0.9431173993816472, 749.171259554, 17.2065174556, 43.7697406146, 1.29080086498, 2.80297511822, 76, 2019
E, -100, 0.8647743692451134, 1795.2850076, 93.4709087913, 21.7372848824, -0.774022228589, 1.75302482824, 76, 2019
Z, -100, -0.7508402250935076, 611.737569228, 261.613871076, 2.5378636465, -1.33650863398, 2.82532026378, 79, 2019
N, -100, -0.8107271547921777, 1071.10480304, 29.9184621199, 31.8756935933, 1.00950342637, 2.80910571651, 79, 2019
E, -100, 0.42447903540089305, 2183.39103016, 161.895953498, 14.1107925085, 0.01504455861, 1.15516954442, 79, 2019
Z, 100, 0.08328537408326515, 877.762225614, 266.098412123, 3.36290475963, -0.824694234544, 2.43528816315, 82, 2019
N, -100, -0.4097122665329099, 497.948686116, 31.5078106275, 15.5698157376, -2.32538627852, 1.50006190667, 82, 2019
E, 100, -0.3668734572108803, 1965.41884881, 167.954175786, 12.5564437059, -2.57576392, 2.83438624893, 82, 2019
Z, 100, 0.7041099089900086, 760.668356838, 167.567907213, 5.0226212277, -1.11802927825, 0.28166214659, 85, 2019
N, 100, 0.2307304125826649, 295.161618689, 21.3290081575, 14.7917008029, -0.0727198827638, 2.8083370842, 85, 2019
E, 100, -0.8284908484256484, 1209.1247959, 110.425770533, 12.0893030716, -1.80051285473, 2.77292175632, 85, 2019
Z, -100, 0.313111522442308, 929.173803106, 54.8163179234, 15.0925685014, -0.567685887648, 1.76159030395, 88, 2019
N, 100, -0.6406017571622651, 649.774159969, 7.58904445325, 66.5327191066, -0.620963918845, 2.81947401518, 88, 2019
E, 100, 0.1938214544586368, 1652.52853736, 37.0292620351, 37.8717684594, -0.917750117324, 3.07067480872, 88, 2019
Z, 100, -0.870229797896543, 760.873546407, 151.832288847, 6.24558635207, 1.31648780419, 1.97891844316, 91, 2019
N, -100, -0.6837706073396945, 717.160713623, 13.6724521955, 50.6347829222, 1.35800274179, 2.8217024675, 91, 2019
E, -100, 0.8349958009277709, 1785.44076553, 91.1789177447, 22.5727694836, -0.466938535477, 1.08022133176, 91, 2019
Z, -100, -0.7163580029259716, 648.05081171, 222.384993746, 3.23938718064, -1.53787089202, 2.68893147197, 94, 2019
N, -100, -0.5366315931729121, 824.300047811, 23.5116849119, 32.3827616634, 1.07991000413, 2.81841946283, 94, 2019
E, -100, 0.37667788597404794, 1935.84039139, 135.730236856, 15.4171846414, 0.287805553928, 1.16839094164, 94, 2019
Z, -100, -0.043763758283762465, 717.281183604, 234.304199296, 3.2439884776, -1.66501925358, 1.43861083843, 97, 2019
N, -100, -0.4745431135368878, 840.743509756, 27.5230635451, 28.2136442867, -0.0828737986855, 3.11559890158, 97, 2019
E, 100, -0.08423854726146461, 1837.34148301, 145.789411476, 13.5891414239, -2.84451382761, 2.79894438173, 97, 2019
Z, 100, 0.6826063783599813, 861.573648989, 175.503154626, 4.60989333071, -1.15828968866, 0.217185550602, 100, 2019
N, -100, -0.13240825005981086, 344.356670388, 22.774034945, 13.8001760495, -1.10379693581, 2.078600369, 100, 2019
E, 100, -0.8386238721803474, 1326.00066341, 113.392357153, 11.3058319062, -1.8885859977, 2.85087931746, 100, 2019
Z, 100, -0.8479966499634676, 534.83485172, 195.577461034, 3.48812262582, 0.789642335638, 2.17492018135, 106, 2019
N, -100, -0.7964289466211762, 999.818661915, 21.6844436673, 43.6204323251, 0.928026543718, 2.80055950759, 106, 2019
E, -100, 0.8383881815817638, 1836.80529161, 120.026037248, 16.6346352493, -0.771402167587, 1.55560358033, 106, 2019
Z, -100, -0.5088388253462219, 614.720460391, 263.55854769, 2.58835453362, -1.77153459523, 2.19699507622, 109, 2019
N, -100, -0.7850268912112995, 546.360813134, 29.720777956, 18.2478354987, 1.46676278143, 2.82414086357, 109, 2019
E, -100, 0.46203662588136724, 1962.32072718, 164.569999814, 12.975335499, 0.265273030257, 1.1474299844, 109, 2019
Z, 100, 0.4230568669171507, 695.210012505, 229.37673667, 3.04475692161, -1.22679305681, 1.45255717978, 112, 2019
N, -100, -0.8429652796536996, 509.113531742, 26.6012296591, 20.7562723361, -2.28479757697, 1.36546757871, 112, 2019
E, 100, -0.21705117092004697, 1253.29095299, 145.52836955, 9.32545018001, -2.68387081458, 2.69606517407, 112, 2019
Z, 100, 0.8202560088784253, 787.985886607, 125.33741824, 6.48870024258, -0.918537255215, 0.269134359295, 115, 2019
N, 100, -0.9756327031701891, 608.12503383, 15.9930345954, 40.1002034334, -1.02935098048, 2.91302725597, 115, 2019
E, 100, -0.7819316791948527, 877.702736551, 83.3983586552, 11.4793691759, -1.92249902845, 2.69234491528, 115, 2019
Z, 100, -0.14821447843191624, 668.293356385, 75.6452748205, 10.0133223864, -0.271821796238, 2.24605869003, 118, 2019
N, -100, -0.9375258137740765, 565.546957273, 7.00162049833, 78.3111466292, -0.6255504339, 2.74182728762, 118, 2019
E, 100, 0.683249459189061, 1214.67413985, 48.5604856101, 26.4822988709, -0.726716039686, 2.80635130594, 118, 2019
Z, 100, -0.8785850234600551, 494.065703883, 167.935043073, 3.48201379055, 0.718411300053, 2.69852575651, 121, 2019
N, -100, -0.7855372099404921, 641.042096425, 16.6937083657, 34.6121446061, 1.39518767992, 2.93738364901, 121, 2019
E, -100, 0.8346438654291433, 1578.08303337, 101.907691404, 16.9667633174, -0.297606895355, 1.117883047, 121, 2019
Z, -100, -0.4406619043774756, 407.280559326, 227.310085721, 2.00395895129, -2.16482754466, 1.46175301093, 124, 2019
N, -100, -0.8292768846248352, 851.140591448, 25.3073536058, 30.3861147538, 1.28061982463, 2.880865968, 124, 2019
E, -100, 0.5636963772092559, 1635.52725427, 140.075948181, 12.3565253135, 0.294909491288, 1.18657959652, 124, 2019
Z, 100, 0.4380215354716305, 693.771116763, 220.87761565, 3.03024591221, -1.02884430277, 1.42414045309, 127, 2019
N, -100, -0.8984383760796258, 506.906566372, 26.5442609595, 23.0287835098, -2.24357614889, 1.37468369492, 127, 2019
E, 100, -0.030573208670428512, 1126.13515421, 138.883399804, 8.75025900079, -2.84680932479, 2.76539786497, 127, 2019
Z, 100, 0.8727268078191459, 839.184680332, 145.949355759, 5.72139827726, -0.863139945796, 0.239290614687, 130, 2019
N, -100, -0.9615024217557172, 760.962725275, 19.2690125317, 41.55758388, -0.757986763198, 2.98532258795, 130, 2019
E, 100, -0.5953855242779541, 738.710515852, 96.5781285548, 8.76484374725, -2.22066051262, 2.61645207765, 130, 2019
Z, 100, -0.14760709302375208, 651.197643333, 113.918341871, 6.14974511893, -1.02131003637, 3.01401243273, 133, 2019
N, -100, -0.44216305640645576, 813.586756601, 14.1556931248, 59.1816087127, -0.450333467128, 2.9889024866, 133, 2019
E, 100, 0.7951873140641781, 1105.54176454, 74.6654947083, 14.2269415038, -0.505994567114, 2.99275190373, 133, 2019
Z, -100, -0.7882866389544877, 471.813606196, 207.829621746, 2.74153588805, 0.290358573607, 2.92639633243, 136, 2019
N, -100, -0.6566221454201155, 427.538846527, 22.6067271853, 19.6524913202, -0.419482544526, 2.48408533121, 136, 2019
E, -100, 0.7691084634015227, 1620.04360504, 129.411092634, 12.9645235821, -0.231110432028, 1.12900923813, 136, 2019
Z, 100, 0.055092190690230615, 561.052556614, 234.746183624, 2.31543378767, -1.59605706282, 1.46519932313, 139, 2019
N, -100, -0.8711672887105102, 678.394218422, 25.6634750988, 24.7139518328, 1.01843781304, 2.87682224696, 139, 2019
E, -100, 0.36178702193999085, 1514.50290205, 147.168809272, 10.8075721664, 0.378462796093, 1.17839337262, 139, 2019
Z, 100, 0.6933191454225429, 738.640907309, 187.061998846, 3.77246653166, -1.05550094039, 0.275955869946, 142, 2019
N, -100, -0.9258319781195118, 608.479358789, 21.4845912755, 32.3022256323, -2.16327880072, 1.33436534449, 142, 2019
E, 100, -0.3366699796143795, 996.285176259, 118.926944982, 8.92378324411, -2.6145462666, 2.65668584286, 142, 2019
Z, -100, 0.9187798906653956, 742.45056855, 101.171443893, 7.46581535715, -0.3513373931, 0.203595080141, 145, 2019
N, 0, -0.6665564136412584, 592.452890815, 13.2792613923, 45.6622853122, -0.968405326547, 2.88717283484, 145, 2019
E, -100, -0.6524544146132704, 918.45157114, 67.2055767472, 12.7053178318, -2.12573996578, 2.35535095843, 145, 2019
Z, 100, -0.5613292820122052, 518.078279792, 91.7930676185, 6.03015437239, -0.6264143471, 3.02519996002, 148, 2019
N, -100, -0.6297861527240112, 510.445215275, 9.96969559056, 45.3894786107, 1.60523988175, 1.43317102834, 148, 2019
E, 100, 0.837231786732888, 1091.08322082, 59.2866004459, 20.8251253883, 0.384878982158, 2.84360279359, 148, 2019
Z, -100, -0.7331334668126318, 510.981831867, 174.136551095, 3.48519795324, 0.624799163402, 2.97984368045, 151, 2019
N, -100, -0.35613915766879056, 222.362036961, 18.7534468229, 14.8754621506, -0.647634058568, 1.42426028204, 151, 2019
E, -100, 0.7381392060052689, 1280.03668926, 107.1706596, 12.723914068, -0.164452923331, 1.24245996307, 151, 2019
Z, -100, -0.03169715539012236, 559.257536673, 221.78254627, 2.76053052872, -1.60003341573, 1.4600994876, 154, 2019
N, -100, -0.6830679682701332, 772.740822078, 25.6852784972, 26.551498943, 1.18144100802, 2.87284520981, 154, 2019
E, -100, 0.41129942690876425, 1507.71526208, 138.112220685, 11.9037947087, 0.374570456219, 1.19575945579, 154, 2019
Z, -100, 0.8424456524258653, 770.450905946, 130.997847105, 5.96596643533, -0.278369758228, 0.257769508153, 160, 2019
N, -100, -0.9310380953557803, 436.590155396, 17.8383801338, 29.2338619415, -0.640198946396, 2.82854911339, 160, 2019
E, -100, -0.509298468506332, 721.118980598, 87.6348541405, 9.16883498349, -2.10086239906, 2.41509807336, 160, 2019
Z, -100, -0.5968718358250953, 495.957696291, 191.986381331, 2.91524106945, 0.417679480071, 2.98848955523, 166, 2019
N, -100, -0.9809785798207435, 391.790751526, 19.8736417859, 17.5836161093, 1.36103583425, 2.66973692814, 166, 2019
E, -100, 0.634311870273905, 1215.06658981, 120.26596626, 10.6650848179, 0.204455837873, 0.317522360816, 166, 2019
Z, 100, 0.31919016378387455, 583.251884982, 204.428165497, 3.06233749505, -1.22564052173, 1.458727192, 169, 2019
N, -100, -0.9758199286461995, 650.678055263, 21.833130065, 30.6596747635, 0.447674465029, 2.94814089882, 169, 2019
E, -100, 0.0184965709675046, 964.009932065, 127.874419517, 8.39031470559, 0.468877250152, 1.65017723566, 169, 2019
Z, 100, 0.8337968985542169, 709.10765378, 165.646038305, 4.43273140079, -0.879632879305, 0.210990207978, 172, 2019
N, -100, -0.9492372412054306, 501.304935193, 19.3716408961, 29.9719550928, -1.10521228263, 2.72969422755, 172, 2019
E, 100, -0.7609013306621605, 653.128632872, 105.035294189, 6.7656670102, -2.14023567388, 2.68443354245, 172, 2019
Z, -100, 0.8696873881713217, 704.50898677, 101.444252022, 7.2041998793, -0.126735693741, 0.188361604726, 175, 2019
N, -100, -0.7423551690668536, 496.465982007, 13.9153258164, 36.9209921745, -0.900215436052, 2.82620428718, 175, 2019
E, -100, -0.4807251468281131, 534.060339464, 66.3543154283, 8.64322118122, -1.6939541632, 2.45086841829, 175, 2019
Z, -100, -0.23669280842898935, 288.117482484, 175.890615401, 1.4252614466, 2.06223736244, 2.87621123681, 181, 2019
N, 100, -0.9083961645655869, 647.806215513, 19.9038287967, 34.2575283128, 0.17488330367, 3.18634744203, 181, 2019
E, -100, 0.3632062286447566, 749.194884965, 108.919076519, 7.50440598865, 0.171693673878, 2.13986844393, 181, 2019
Z, 100, 0.8731632429938477, 588.632971907, 202.769884209, 3.02325061835, -0.778647501205, 0.233534845121, 187, 2019
N, 100, 0.17508853487797413, 760.10534026, 25.3893131481, 29.3291253507, -1.65020845492, 1.51364422329, 187, 2019
E, 100, -0.853986470602126, 539.245681534, 129.866059034, 4.57043398612, -1.89906676996, 2.83025962551, 187, 2019
Z, -100, 0.7678167634282812, 581.047272605, 133.15947961, 4.51938524868, 0.189862087351, 0.197086618898, 190, 2019
N, -100, 0.7332802673669061, 744.914951235, 18.0930607561, 35.5903235493, -0.184556975, 0.399329344015, 190, 2019
E, -100, -0.3030910612422134, 657.044987164, 88.4395874402, 7.07572902057, -1.45396953824, 2.61981500465, 190, 2019
Z, 100, -0.37719911410334783, 349.763713884, 122.574383385, 2.89036720587, -0.0718209413663, 2.84107518144, 193, 2019
N, 100, -0.47180214564730893, 791.890979044, 12.8208841279, 59.6677665449, 1.10447859015, 0.57056341071, 193, 2019
E, 67, 0.7913063346357215, 663.57819115, 79.5636698183, 9.12983713631, -0.543580450316, 1.50649224697, 193, 2019
Z, 100, 0.06796407306199372, 241.755218972, 179.500222445, 1.27732568219, -0.432995802508, 2.89565413122, 196, 2019
N, -100, -0.9717286577486483, 814.705081491, 17.6027615553, 48.1021959663, 0.839012075944, 3.06690805754, 196, 2019
E, -100, 0.5321047989356018, 396.070298764, 111.130660162, 4.02769344603, 0.20141000135, 1.26081108231, 196, 2019
Z, 100, 0.6297952025479954, 305.251374311, 197.577522845, 1.58063267442, -0.920182174489, 1.47622212461, 199, 2019
N, -100, -0.7090264897196444, 827.655869804, 21.248990274, 40.0790234839, 0.852655254601, 3.12160441616, 199, 2019
E, -100, 0.2670932919012763, 574.369323901, 122.344739556, 4.90687541148, -0.141275886374, 2.25199864614, 199, 2019
Z, 100, 0.9180640632245949, 360.101679662, 168.782499667, 1.90106579606, -0.694463909535, 0.222479019341, 202, 2019
N, -100, -0.1773019023149574, 417.775536648, 20.405961412, 21.9921849313, -1.55299153475, 1.45511886313, 202, 2019
E, 100, 0.5727616996079263, 235.618409741, 106.230713024, 1.87141598432, -0.386299539365, 1.31848245029, 202, 2019
Z, -100, 0.9059393906601504, 362.06606162, 110.036286891, 3.36022904705, -0.00241716955575, 0.167998624064, 205, 2019
N, 100, 0.7951667430559343, 915.659221298, 15.6985859771, 45.6769208016, -1.24532821579, 0.624331756258, 205, 2019
E, -100, -0.06382551061120292, 231.309659976, 71.9289497465, 2.3562748384, -0.184236307152, 0.967933981185, 205, 2019
Z, 100, -0.1956765071568892, 260.170923238, 99.2546334125, 2.77602485849, -0.658341956144, 3.0908170112, 208, 2019
N, 100, -0.18616214488116348, 1298.64059183, 12.6187063393, 90.8490182071, 0.722985269576, 0.736025719091, 208, 2019
E, 100, 0.47558872572898075, 502.575803279, 65.139617958, 8.50292791925, -0.110246634861, 2.99908517264, 208, 2019
Z, 100, 0.1388246274334425, 93.4661591443, 192.275042798, 0.613115320208, 0.714420312961, 2.92160193096, 211, 2019
N, 100, -0.9115594970768867, 1381.66672474, 22.1225683251, 65.8132815826, 0.437291602541, 3.13733736609, 211, 2019
E, -100, 0.9526820437476383, 713.756859842, 118.330220088, 6.17828636864, 0.0493058237864, 0.121003710249, 211, 2019
Z, 100, 0.7744401379932755, 321.637696472, 243.705901685, 1.12450382542, -0.684071204268, 1.4657263912, 214, 2019
N, -100, -0.5348180020152004, 1062.76712469, 29.2989478665, 39.7472006426, 0.395095202148, 2.87681211435, 214, 2019
E, -100, 0.5419049736246615, 962.70553767, 153.06745115, 6.54768194855, -0.217083697703, 2.04047061831, 214, 2019
Z, 100, -0.7188178863320897, 317.827728825, 122.57571398, 3.09044028362, 0.920455190704, 2.01597074255, 223, 2019
N, 100, -0.6383142241511365, 1428.11762191, 10.8348493644, 129.910718299, 0.84246244999, 1.38858692136, 223, 2019
E, 100, 0.8551912404362384, 1212.4541077, 76.0321516558, 16.7223479747, -1.22178353135, 1.03834080092, 223, 2019
Z, -100, 0.18982095101877458, 1239.44400515, 189.740765301, 5.46964366572, -1.61019084936, 2.12671115259, 226, 2019
N, -100, -0.7948572135875259, 2458.11806716, 18.6472911534, 124.252074133, 0.948420648161, 2.88647415458, 226, 2019
E, -100, 0.09738464461201335, 1257.77029797, 115.751129446, 13.9729682402, -0.233410951156, 1.1853021547, 226, 2019
Z, 100, -0.1871107283353047, 2133.51013428, 210.484409641, 7.60112053666, -1.87134534625, 2.92099566877, 229, 2019
N, -100, -0.5126232417397932, 2279.95412038, 23.3192143726, 92.785993246, 0.321622308864, 3.19612540933, 229, 2019
E, 100, -0.8769768564135401, 2052.01263163, 129.641740658, 12.7508950608, -2.00308773665, 2.67647314388, 229, 2019
Z, 100, 0.23818427657112523, 789.933920185, 178.848772445, 4.72963332777, -0.512311024991, 2.58002533932, 232, 2019
N, 100, 0.6408015381059069, 545.723149724, 22.3683897441, 20.6703199496, -0.670533741171, 2.27475529245, 232, 2019
E, 100, -0.3643945148757517, 1329.10046147, 112.785132704, 12.362161421, -2.3924804181, 2.64230158907, 232, 2019
Z, 100, 0.8392350819821497, 827.568600731, 107.04252147, 8.25746441259, 0.48275138506, 2.92859904984, 235, 2019
N, -100, 0.5014782658986532, 614.186396933, 16.2021550916, 31.5853881028, 0.804719940671, 1.45588621776, 235, 2019
E, -21, -0.8312038704048135, 1201.17922734, 71.3803687728, 17.4209649948, -1.98254114355, 2.65131458663, 235, 2019
Z, 100, -0.17755170547899596, 690.939739966, 119.206629711, 7.10597432323, 0.669158336078, 0.799583498615, 238, 2019
N, 100, -0.5113504904694213, 1077.94083994, 14.1447036722, 63.0298201243, 0.869023883071, 0.944658301706, 238, 2019
E, 100, 0.6500867340052888, 943.659498646, 74.540042304, 16.0304463734, -0.621967662931, 2.51168909515, 238, 2019
Z, -100, -0.8389501138388457, 604.90778121, 232.658226718, 2.84232569043, -0.781367438618, 3.08132597594, 241, 2019
N, -100, -0.8635312193348373, 1209.59261021, 26.869968881, 47.5518441065, 0.934928618075, 2.9949593013, 241, 2019
E, -100, 0.73815976706595, 1638.25216685, 143.204970676, 11.6717081388, -0.148580419578, 1.06445475772, 241, 2019
Z, 100, 0.24602575841757562, 530.719461993, 268.339592923, 2.2113266101, -0.778703341532, 2.38722226498, 244, 2019
N, -100, -0.5219085983316023, 1152.0149104, 32.0934441182, 35.2197470844, -0.191682719103, 3.11971355174, 244, 2019
E, -100, 0.2002891392797046, 888.878819655, 168.557001309, 5.39436834112, -0.888915965576, 2.60856546627, 244, 2019
Z, 100, 0.646397171327785, 678.39060253, 194.529753862, 3.66312856033, -1.16498964221, 0.196819669198, 247, 2019
N, -100, -0.3317471032806488, 460.928019145, 24.951359838, 21.3091232229, -0.991114137116, 2.52947544615, 247, 2019
E, 100, -0.44823782555322633, 638.942881639, 127.103767639, 4.78297608072, -2.05434749436, 2.63159688533, 247, 2019
Z, -100, 0.6816654689022356, 692.442532184, 74.9500289376, 8.88182531877, 0.0203344303711, 3.02689238223, 250, 2019
N, 100, 0.6022041968262084, 677.151026141, 12.1318905655, 51.694256248, -0.977189602247, 1.5462699585, 250, 2019
E, 100, 0.69857099393042, 311.884966527, 52.4639557057, 4.73198803664, -1.15771065095, 2.3741690439, 250, 2019
Z, 100, -0.6957949719116918, 432.905448588, 144.408081914, 3.52084598956, 1.31688010111, 1.48105193853, 253, 2019
N, 100, -0.7667462639351836, 998.052283725, 12.6413621103, 83.3162168227, -0.603897812754, 3.06774142258, 253, 2019
E, -100, 0.321560375978814, 378.664916211, 87.1303765572, 4.21149717203, -0.225944947723, 1.1151715936, 253, 2019
Z, -100, -0.47938787101573704, 670.974576576, 211.506340961, 2.56246320283, -1.85772251172, 1.39643504575, 256, 2019
N, -100, -0.9629158859419572, 926.669852874, 21.5298335955, 46.3763308952, 1.0461820978, 3.01183182865, 256, 2019
E, 100, -0.34763899071658955, 443.044502607, 128.654518731, 3.51919748428, 0.64623890298, 2.82463762179, 256, 2019
Z, 100, 0.18723340121475235, 1013.85845983, 224.387111466, 4.48147168737, -1.46458518999, 1.44425048243, 259, 2019
N, 100, -0.8859413334053993, 583.787825357, 25.7256711554, 25.0464337803, 0.535038190728, 2.79222073624, 259, 2019
E, 100, -0.424124976454167, 734.760443551, 138.720894679, 5.719815894, -2.55931072006, 2.86290095594, 259, 2019
Z, 100, 0.6605490001788766, 998.789374301, 176.997906931, 5.68164602625, -1.36445364399, 0.344097312995, 262, 2019
N, 100, -0.9496936073885177, 804.821816425, 22.9630006586, 33.9715541753, -1.46318249309, 2.91353128506, 262, 2019
E, 100, -0.8573318343094375, 501.048653068, 112.754292818, 4.67668990343, -1.89574321535, 2.75886835779, 262, 2019
Z, -100, 0.6464499514370813, 1759.99124872, 86.3941346763, 18.018234857, -0.226475437985, 0.477985268206, 265, 2019
N, -100, -0.560959001228648, 1507.98733648, 14.6408868206, 89.0266550125, -1.06349601355, 3.10210295548, 265, 2019
E, -100, -0.14935554502670761, 1209.60359102, 59.8081725612, 16.7872320543, -1.27226186415, 2.86867948677, 265, 2019
Z, 100, -0.8901367766412346, 1945.21883311, 166.516700327, 14.1327637815, -0.109719727212, 2.89852062323, 268, 2019
N, -100, 0.8576888764574124, 1637.82793455, 18.9217083712, 96.299446882, -0.138178859755, 2.73821011691, 268, 2019
E, -100, 0.7963508494955137, 1586.9945547, 101.823555152, 18.4848034142, -0.887159490199, 1.52394386556, 268, 2019
Z, -100, -0.5242704316745649, 2265.0419135, 269.44194191, 9.14466225658, -2.20073280305, 1.44320890355, 271, 2019
N, -100, 0.3188703449961101, 1931.5264645, 31.0001171633, 67.9202624984, 0.318973844651, 1.14104312519, 271, 2019
E, -100, 0.09971799171070922, 1696.30349869, 167.039781303, 11.6646112863, 0.490568491657, 1.13785905697, 271, 2019
Z, 100, 0.32664483971687003, 2368.64807944, 262.256820432, 8.83431773958, -1.13183160059, 1.4168542929, 274, 2019
N, 100, -0.44892149301016976, 1928.09766666, 31.1910430003, 61.4387255068, -2.34188412968, 3.02608223304, 274, 2019
E, 100, -0.7268787192004311, 1732.72701931, 165.18064082, 10.8496970575, -2.18079965795, 3.04775195657, 274, 2019
Z, 100, 0.8652346108027805, 2113.94809276, 151.373193518, 14.3278469208, -0.755110134617, 0.179165176423, 277, 2019
N, 100, -0.8817342689689034, 1623.73140168, 20.7350481225, 76.0622237893, -1.63369210031, 2.87459988085, 277, 2019
E, -100, -0.853096952326284, 1468.72760427, 101.054416734, 14.9886062594, -1.30664592394, 2.96955110934, 277, 2019
Z, 100, -0.46880814161439927, 2072.06060202, 73.317796556, 29.7118881943, -0.787770388838, 3.03157962685, 280, 2019
N, 100, 0.08198746751526573, 1568.4661259, 8.39833348533, 152.439052967, -0.824422686275, 3.2628382356, 280, 2019
E, 100, 0.6892756942678464, 1738.61955529, 46.7393062224, 37.8397135248, -0.0514923434194, 3.30840806266, 280, 2019
Z, -100, -0.8858427356113282, 2188.15212271, 168.515260369, 15.5232233261, 0.301874245585, 3.01774682496, 283, 2019
N, -100, 0.7715667129366132, 1453.28339983, 15.5684860182, 114.903705169, -0.561597033901, 1.02103841574, 283, 2019
E, -100, 0.6667089805501442, 1764.7052622, 101.447797357, 21.1327942219, -0.162582626451, 1.0534933496, 283, 2019
Z, -100, -0.5486205724100375, 1876.97104792, 227.139737982, 9.37501338986, -2.00664192203, 1.40534547937, 286, 2019
N, -100, 0.17340345878863267, 1421.98501552, 24.0746468082, 64.6123557319, 0.203658389919, 1.64593737241, 286, 2019
E, -100, 0.1290523495116929, 1515.77959411, 138.529992329, 12.9084272662, 0.564825269632, 1.14820894924, 286, 2019
Z, 100, 0.1114030901253902, 1954.92289088, 224.792218554, 8.89999130294, -1.43741102595, 1.42699986457, 289, 2019
N, 100, -0.4854343675360211, 1374.60297851, 26.5614765, 55.358676714, -0.350477206388, 2.90585748596, 289, 2019
E, 100, -0.6477020119214612, 1292.34877142, 139.552130669, 10.1174824508, -2.42570544397, 2.95983855031, 289, 2019
Z, 100, 0.7654515014549926, 1648.18833995, 156.878318885, 11.1039265916, -0.983621244518, 0.133666872816, 292, 2019
N, 100, -0.8869635664343402, 949.689699766, 21.5086527137, 45.0932741359, -1.61072226015, 2.91457221085, 292, 2019
E, -100, -0.7561074452724181, 879.727774624, 101.977117307, 9.89581071095, -1.37371657298, 2.86013282485, 292, 2019
Z, -100, 0.041884322945016705, 1687.96888836, 82.0614971567, 20.1597826511, 0.129346036655, 1.41275826985, 295, 2019
N, 100, 0.03990826182641267, 927.100511828, 12.0978431948, 60.5045678615, -0.939370128156, 3.16853068087, 295, 2019
E, 100, 0.6535397528889669, 1167.25142425, 55.0625514938, 20.739050954, -0.343714086536, 3.00656787943, 295, 2019
Z, -50, -0.8286263005338083, 1470.51247601, 209.290349967, 8.38028035234, 0.115987832586, 2.91228197294, 298, 2019
N, -100, 0.6411837365318803, 685.489896777, 23.3513130436, 36.6261978086, -0.73539658547, 0.968120429087, 298, 2019
E, -100, 0.5424317631218546, 1107.17989628, 128.798645138, 10.1823710852, -0.245566699522, 0.92564675785, 298, 2019
Z, -100, -0.439127412643566, 1108.65875023, 270.12628895, 3.83797737386, -1.81955950204, 1.38971300687, 301, 2019
N, 100, -0.22584557383687626, 1176.16862176, 30.6638702034, 35.1329842497, 0.786436540568, 1.78330196845, 301, 2019
E, 100, -0.29778491521130945, 693.458010226, 168.816583203, 4.72578664548, 0.83390781275, 1.78065864922, 301, 2019
Z, 100, 0.23994596193382545, 1677.0093227, 223.161979417, 7.49338293846, -1.25481045154, 1.41245004916, 304, 2019
N, 100, -0.577686017804061, 1356.288461, 26.7790309598, 50.8864506619, -2.21047111753, 3.01101590483, 304, 2019
E, 100, -0.770938579231145, 840.158708982, 141.719848998, 6.63134990432, -2.08555073952, 2.9301638033, 304, 2019
Z, 100, 0.8110908892805958, 1557.37898453, 109.458592049, 14.3575351588, -0.927298039104, 0.293638816195, 307, 2019
N, 100, -0.9038913621580668, 1130.53994304, 16.5239036185, 62.8971307102, -1.53393951205, 2.96380034449, 307, 2019
E, -100, -0.563459421290513, 799.557148519, 74.4060395072, 11.6753831942, -0.85565792863, 3.09802877251, 307, 2019
Z, -100, -0.9484618931188257, 1373.59447748, 180.046148793, 8.85470895943, -0.0102602617193, 2.91807042277, 313, 2019
N, -100, 0.584339380335675, 464.512695195, 17.7316733906, 30.5245381523, -0.392947178046, 1.583034493, 313, 2019
E, -100, 0.6273043878394272, 925.667401626, 109.461476797, 10.0178203036, -0.093021161191, 1.07196948718, 313, 2019
Z, -100, -0.6045469685678992, 1437.7694269, 227.282719452, 6.6678356244, -2.2372089617, 1.42539722556, 316, 2019
N, 100, -0.367984165744561, 687.232681844, 25.1271889368, 27.8271728802, 0.582596902033, 1.58883859512, 316, 2019
E, 100, -0.11062310882295812, 823.327126154, 139.785007555, 6.85001450962, 0.703196324633, 1.15714295415, 316, 2019
Z, 100, 0.15221959072467964, 1453.78749908, 210.375063947, 7.03356326131, -1.4007036427, 1.42689985556, 319, 2019
N, 100, -0.8174216493901885, 819.347824957, 25.7359236751, 32.0700038931, -2.27602252596, 2.99223965191, 319, 2019
E, 100, -0.7946488305644269, 746.459196252, 132.117203032, 6.47144144292, -2.51301138948, 2.82890791054, 319, 2019
Z, 100, 0.7885977065826439, 1437.23934477, 131.875624048, 11.1689694932, -1.05643229911, 0.232122353289, 322, 2019
N, 100, -0.9534560790915321, 817.420297715, 19.5879152784, 41.1102838939, -1.34025101184, 2.95698446307, 322, 2019
E, -100, -0.6772963989161525, 777.174373402, 88.1301090951, 9.717064881, -1.30015558555, 2.89905971744, 322, 2019
Z, 100, -0.2458257509837633, 1106.36874607, 120.250775753, 10.3288330675, -0.945639950974, 3.01191027049, 325, 2019
N, 100, 0.3842334422730776, 330.359702957, 14.822946877, 22.5565747318, -0.583798138357, 3.17300804871, 325, 2019
E, 100, 0.8411089627405192, 873.951092551, 78.4405028594, 12.5030696097, -0.0284513321562, 3.09277950139, 325, 2019
Z, -100, -0.902953202314347, 977.872488787, 215.848127971, 5.28778199286, 0.160448142111, 2.85571976355, 328, 2019
N, 100, -0.1564767353288354, 521.83984434, 23.4209422508, 19.9270204858, -0.156383428239, 1.47156360187, 328, 2019
E, -100, 0.6408786096051221, 844.011645675, 134.579384984, 7.43844689117, 0.0141652002438, 0.403766257298, 328, 2019
Z, -100, -0.2877752847981431, 793.791558407, 238.778565072, 3.37443794976, -2.00968231974, 1.47918603736, 331, 2019
N, 100, -0.5811249163575939, 473.610886763, 26.6041672497, 20.9974864257, 1.30011870591, 1.85504913871, 331, 2019
E, 100, -0.3985087882169341, 727.843519507, 149.913922236, 5.43915938213, 0.717779993632, 1.12202297291, 331, 2019
Z, 100, 0.7454265301397335, 496.543099363, 183.61753342, 2.61761712705, -0.780214843474, 0.319386391465, 334, 2019
N, 100, -0.7686657762489717, 640.646882733, 22.4540714338, 27.0935973094, -2.13342183262, 2.98075351179, 334, 2019
E, -100, -0.7081903677432717, 559.755850432, 117.051304321, 4.97204488795, -2.10787073381, 1.38012900572, 334, 2019
Z, -100, 0.9081839634163523, 698.502592356, 92.1917758888, 7.10153688554, -0.28391753069, 0.337286650388, 337, 2019
N, -100, -0.5874139542318025, 562.005864754, 14.6162026999, 31.7251400714, -1.29995131596, 3.03010032369, 337, 2019
E, -100, -0.11092278906179377, 525.226672165, 62.482146083, 8.0439993436, -1.19025433631, 2.20597360613, 337, 2019
Z, 100, -0.18009227869451852, 614.943163053, 97.9153181864, 7.28455916928, -0.263933270284, 2.56649886992, 340, 2019
N, 100, 0.6307490032078599, 507.622072556, 10.026375048, 54.775206355, -0.280968290882, 3.2988975736, 340, 2019
E, 100, 0.8552822909553244, 537.870056284, 62.8604288378, 10.0781123825, 0.745658114326, 2.90986166973, 340, 2019
Z, 100, -0.8498883736136856, 399.573281574, 176.81343088, 2.5842814417, 1.52931029464, 1.57895511139, 343, 2019
N, -100, 0.3690750142809922, 560.587609577, 18.5082172002, 31.5755370414, -0.166108368198, 1.60824685868, 343, 2019
E, -100, 0.8265765754192352, 496.936108186, 108.504730424, 5.2264495323, -0.0570212522759, 0.354668112483, 343, 2019
Z, 100, 0.40494935609860466, 481.394976686, 199.484587936, 2.44187832682, -1.4601768803, 0.231698856395, 349, 2019
N, -100, -0.8012943939429881, 836.882293339, 25.3022809937, 30.8706885078, -2.17781387063, 1.34983975201, 349, 2019
E, -100, -0.9307620692088313, 395.217037758, 126.376153604, 3.05883802899, -1.968430371, 2.50508730263, 349, 2019
Z, 100, 0.8951210222175209, 488.948785021, 127.219148082, 3.80796336826, -0.903590473932, 0.372650633067, 352, 2019
N, 100, -0.8217711859723422, 276.761050345, 19.5460285358, 14.5915082326, -1.82217542877, 2.65558950429, 352, 2019
E, -100, -0.23160129023986364, 243.836807835, 85.8641439924, 3.00107954159, -1.61536884857, 2.44281398316, 352, 2019
Z, -100, 0.05011289786710412, 340.044359911, 128.863774103, 2.86753112295, 0.17809287067, 1.48656886635, 355, 2019
N, 100, -0.46255160741322165, 600.293514041, 14.9619167958, 39.4668968067, -0.956817368232, 3.2352325316, 355, 2019
E, -100, 0.7128310036947567, 1069.98629808, 84.5477871504, 10.2130284063, 0.0155542001506, 2.56208046756, 355, 2019
Z, -100, -0.8466180537679221, 180.387370438, 195.40887515, 1.08464307116, 1.2100305753, 2.19589433226, 358, 2019
N, 100, -0.5129919786291913, 759.32315708, 20.0645257321, 38.3281374515, 0.397424157346, 3.20188054778, 358, 2019
E, -100, 0.2263683379333089, 1333.17179423, 122.1359212, 11.2309278401, 0.66303304548, 0.963364135121, 358, 2019
Z, -100, -0.3949008990728079, 308.201588678, 211.564266215, 1.37488960901, -1.77024676365, 1.39160779331, 361, 2019
N, 100, -0.4885265632959475, 291.236707796, 23.1363746178, 13.9555165643, 0.627181794884, 2.04676379935, 361, 2019
E, 100, -0.40849708204726803, 283.578731577, 132.261992894, 2.46292901644, 0.841828588599, 1.63241523791, 361, 2019
Z, 100, 0.29106028441122256, 506.924789012, 170.491348967, 2.84300991769, -1.15419847107, 1.87944633467, 364, 2019
N, 100, -0.9227857790290835, 531.730816608, 21.1400415435, 21.8607764725, -1.76958690529, 2.90958699923, 364, 2019
E, 100, -0.6582639520318463, 272.047315419, 108.383828856, 2.90035483764, -2.16849662171, 2.60106028022, 364, 2019
