Chan, Phase Shift, Correlation, ptp-data, ptp-synthetic, rat, phasem, phasestd, DOY, Year
Z, 100, -0.306561421854953, 1515.20549807, 52.0362925229, 28.8989182028, 1.82375658479, 0.0435361745757, 1, 2019
N, -100, 0.06708374016392284, 2229.33540637, 46.613246143, 51.5121209785, 1.38562194671, 0.143024685469, 1, 2019
E, 100, 0.4558115611372137, 3494.92562592, 7.45512083222, 530.076089357, 1.96463810945, 2.6805198024, 1, 2019
Z, 100, -0.4566801445865295, 1466.27982947, 86.3220218253, 16.0518421952, -1.14170157734, 3.19043370933, 4, 2019
N, -100, 0.027029399654437784, 1910.1401562, 78.1274275683, 23.7755279132, -1.66972548157, 3.24685921925, 4, 2019
E, 100, 0.9062381053044392, 3280.19852379, 21.7405787227, 140.445848954, -0.304169470036, 0.0635091868088, 4, 2019
Z, 100, -0.8915927669714191, 1460.4529054, 88.8993260392, 16.4344039355, -0.408467782307, 3.06570359178, 7, 2019
N, 100, -0.12703967240194655, 1346.35134851, 85.9035624103, 15.8198796703, -1.46085423778, 3.15865606565, 7, 2019
E, -100, 0.8905247065085311, 3080.58236164, 26.1435827713, 118.55130645, -2.58660197264, 2.96275370805, 7, 2019
Z, 100, -0.9733163112248279, 1536.52203784, 67.4711774577, 24.3315886103, -0.112775203443, 3.06135734102, 10, 2019
N, -100, 0.11596295883104765, 784.256279747, 69.7475678287, 10.8658265606, -1.7516678944, 3.26581841367, 10, 2019
E, -100, 0.5300069456413051, 3347.15305208, 20.6139568945, 172.149770734, -1.9881145004, 2.99475028632, 10, 2019
Z, 100, -0.8777497833369594, 1836.17524971, 32.1501295305, 69.4117302524, 0.0823024136601, 2.69592448171, 13, 2019
N, 100, -0.24224254873090464, 963.05599812, 38.4731378927, 26.0221540062, -0.653653607892, 2.49695653318, 13, 2019
E, 100, -0.11191351672258358, 3982.19962674, 17.2113580538, 326.455084536, -0.954379830659, 2.58109351453, 13, 2019
Z, 100, -0.14021183735484904, 1947.60030545, 52.8404152157, 37.9242344623, 1.59233901175, 0.114704129408, 16, 2019
N, -100, 0.39816130198504907, 1963.22799248, 44.1709423208, 47.5019941449, 1.02040601783, 0.146771477363, 16, 2019
E, 100, 0.21790547696850135, 4224.75986558, 7.01187535813, 678.184738951, -1.37846575329, 0.465254620048, 16, 2019
Z, 100, -0.35084491803359663, 2349.09972034, 99.051860976, 22.1603162853, 1.90226143249, 0.0223606728431, 19, 2019
N, -100, 0.1954997015969172, 2616.92561724, 87.9685415089, 28.9957873024, -1.79024897708, 3.18044011173, 19, 2019
E, 100, 0.8764507875290076, 5258.75658699, 21.1150426588, 218.479834866, 2.66905664074, 3.14301623391, 19, 2019
Z, 100, -0.8563517067631808, 2135.57174628, 107.457189529, 19.4641995761, -0.454948338027, 3.05139176106, 22, 2019
N, 100, -0.3716195580465519, 2967.06223588, 100.762036532, 28.2620894838, -1.15357214143, 3.11171032855, 22, 2019
E, -100, 0.9235441102295787, 4706.57378545, 34.1072503769, 134.878192643, -2.76574780865, 2.96902597181, 22, 2019
Z, -33, -0.9420322865701793, 2195.4288888, 61.8058615472, 42.1129120303, 0.388151122848, 2.75893185995, 25, 2019
N, 100, -0.7452637640662862, 2942.11944154, 61.0619210021, 52.4338954052, -0.361315838416, 2.78621220352, 25, 2019
E, -100, 0.3648108430007102, 4747.54941728, 25.6743994888, 218.548054281, -1.65601322416, 2.81268918541, 25, 2019
Z, 100, -0.028349790729563718, 2616.53097577, 35.1780490567, 83.9966283916, 1.14343776358, 0.509197837443, 28, 2019
N, -100, 0.25816980632507075, 2997.4736671, 31.9099279903, 111.060071193, 0.727598348946, 0.587211781769, 28, 2019
E, 100, -0.40947318834013513, 5707.15672786, 18.4420287617, 549.591449752, 2.96258570576, 0.68487057821, 28, 2019
Z, 100, -0.16435241674486611, 2352.66033199, 71.084832001, 31.2647292226, 1.73393764326, 0.0134220256943, 31, 2019
N, -100, 0.2133433077856999, 2606.99850115, 64.103787896, 40.1419786096, 1.3291184542, 0.033183474801, 31, 2019
E, 100, 0.6992255323618123, 5037.15158633, 13.5850639867, 339.103572737, -0.823807456409, 0.102116764913, 31, 2019
Z, 100, -0.5240215586637403, 2390.92024869, 82.9332080887, 27.2086316312, -1.04530138145, 3.16720408736, 34, 2019
N, 100, -0.2219709991200075, 2185.32067599, 77.0046525787, 26.6175898198, -1.42812742379, 3.25702978964, 34, 2019
E, 100, 0.9614045953961398, 5261.85816234, 23.5838725148, 211.071598578, -0.0485675512619, 0.0984622001159, 34, 2019
Z, 100, -0.9305656808947584, 1934.31634063, 66.7919711297, 29.900952691, -0.248130873247, 3.02562171186, 37, 2019
N, 100, -0.7347166799384707, 2407.51325861, 67.8766660206, 35.408861207, -0.67728931035, 3.06873552766, 37, 2019
E, -100, 0.8054720213318753, 4727.92482467, 22.9602431275, 213.812722454, -2.41071741442, 2.97814258581, 37, 2019
Z, 100, -0.8821577373936256, 2561.28762332, 36.0350130959, 91.0909978124, 0.459789142503, 2.59793942208, 40, 2019
N, 100, -0.8315036222618938, 2252.66306961, 40.0775936112, 60.4633551748, -0.456752376699, 2.9879354066, 40, 2019
E, -100, 0.2334784361418575, 5806.66710051, 17.5075699618, 408.40357981, -1.48299336755, 2.75655658696, 40, 2019
Z, -100, 0.43960179990728465, 2127.49641194, 33.3242350094, 72.9660467509, 0.683913814504, 0.432734458816, 43, 2019
N, -100, 0.20994805276908524, 1272.52558275, 26.9250952252, 59.927583696, 0.793848126157, 0.567576108595, 43, 2019
E, 100, -0.42067133165542464, 5448.98726365, 16.0568208157, 560.229199763, -0.0118994491685, 2.48990594823, 43, 2019
Z, -100, 0.27463682055901706, 2779.93347082, 75.6536131359, 34.3441481986, 1.19910750712, 0.118647827511, 46, 2019
N, -100, 0.3641696469377065, 1799.03609744, 65.9914581287, 26.8909614157, 1.0964727715, 0.121797952623, 46, 2019
E, 100, 0.32488102219511655, 6710.56268599, 14.6841366023, 425.545251862, 1.78969806841, 2.84675547738, 46, 2019
Z, 100, -0.38677871190650076, 2466.03411292, 98.5281006262, 23.671551753, -1.11613338336, 3.05985994472, 49, 2019
N, -100, 0.05017477043785843, 1404.52222276, 88.254031422, 14.1351690205, -1.76272480888, 3.38501088768, 49, 2019
E, 100, 0.9424505497510781, 5998.70312378, 26.8804569313, 202.860690987, -0.0504695178052, 0.111336524309, 49, 2019
Z, 100, -0.8717747423583793, 2477.90561349, 66.9311422649, 40.9005747496, -0.261113958714, 2.91575029411, 52, 2019
N, 100, -0.7111485655485295, 1674.55762617, 63.9030688715, 25.9805365894, -0.116184322751, 2.54473812396, 52, 2019
E, -100, 0.7530224956835554, 7014.7955774, 29.9161383145, 264.144047532, -2.34585129009, 2.9510174834, 52, 2019
Z, -100, 0.27016037052701025, 2697.77276889, 31.5235350394, 139.141433261, -0.09200416748, 0.25173494979, 55, 2019
N, -100, 0.5041062507150862, 3102.85693221, 20.1399340727, 187.42579608, -0.181956996539, 0.991709637523, 55, 2019
E, 100, -0.3013395947588047, 6491.72194225, 21.5233652255, 472.204849112, -0.617505828948, 2.53609565605, 55, 2019
Z, -100, 0.5692402814992474, 3132.8528939, 55.3071655391, 52.315161843, 0.841415877902, 0.160315181371, 58, 2019
N, -100, 0.825998588157303, 2833.9821361, 50.5987449517, 52.7889011801, 0.319291650867, 0.274614325675, 58, 2019
E, -100, -0.3152963424153741, 7071.50777765, 13.8787515944, 530.011292868, 1.11842696149, 3.02051233504, 58, 2019
Z, 100, -0.03180952569093164, 2544.96894329, 68.4758766019, 34.9809075795, 1.66608437885, 0.0951265518897, 61, 2019
N, -100, 0.27040036480755447, 2252.22635952, 61.8416422423, 35.9023095674, 1.33552491659, 0.0525004521622, 61, 2019
E, 100, 0.7526245390219688, 6073.89019062, 15.8266187552, 345.280257827, -0.660651999082, 0.0340785732411, 61, 2019
Z, 100, -0.495333287000994, 2070.96429954, 57.9122381795, 34.9574722196, -1.08002048161, 3.17239138219, 64, 2019
N, 100, -0.2313489465244002, 1783.00958697, 55.7727030962, 29.8181711324, -1.2880039153, 3.11850560128, 64, 2019
E, 100, 0.9605526734948524, 4999.31992605, 21.7595590263, 236.894025991, -0.00116982319167, 0.113101940995, 64, 2019
Z, 100, -0.8534366848637153, 2174.02271266, 30.7762774527, 88.2025568491, 0.411622636672, 2.58485879109, 67, 2019
N, 100, -0.7327256360175727, 2779.89645974, 32.8321359442, 93.6829590062, -0.358301648334, 2.74297518429, 67, 2019
E, -100, 0.6464999893915065, 5526.78205955, 17.8767499886, 354.364636285, -2.08417388296, 2.74778549687, 67, 2019
Z, 100, 0.6586582856972276, 2645.31037001, 29.5947256343, 83.8739397866, -0.340578419599, 0.0511315221109, 70, 2019
N, -100, 0.8044728061660008, 3413.73443944, 20.7741575337, 188.997568765, -0.406385429151, 0.525999567434, 70, 2019
E, 100, -0.37398713790886007, 6341.5273991, 15.1359639276, 604.014404233, -0.664506234685, 2.7012983919, 70, 2019
Z, -100, 0.7534780156084353, 2937.47518567, 62.488285847, 42.9147459014, 0.557417297006, 0.152695067869, 73, 2019
N, -100, 0.8963314432168175, 3746.98414088, 54.2784490866, 67.350774339, 0.198808029051, 0.229906739932, 73, 2019
E, -100, -0.5266406891186245, 6645.7880556, 15.8879071639, 415.475147323, 0.762200798569, 3.09696604185, 73, 2019
Z, -100, 0.15969459722177207, 3010.44683869, 79.7721880655, 34.7197830547, 1.44444149328, 0.0363704888018, 76, 2019
N, -100, 0.5208181404182565, 3604.88073239, 69.9917596673, 48.9683980649, 0.996627100524, 0.0432075973923, 76, 2019
E, 100, 0.4431476253538742, 6778.16864248, 18.9424174826, 318.922116255, 2.00150189469, 3.03659250809, 76, 2019
Z, 100, -0.5854430818509313, 2559.41877571, 63.3423108775, 41.964462101, -0.590262313209, 2.78934189789, 79, 2019
N, 100, -0.31225357506276674, 3290.80260757, 54.5452968602, 60.3720422868, -0.947207409479, 2.77043068056, 79, 2019
E, 100, 0.8472263884045125, 6532.31868027, 28.1321342816, 249.091822786, -2.8903126474, 2.72801072073, 79, 2019
Z, 100, 0.16313642486051402, 3054.78388589, 32.7842740171, 112.91564189, 1.9453441294, 3.11813745605, 82, 2019
N, 100, 0.4211805294193961, 3838.44324857, 20.6241304347, 221.67775371, -1.06545411039, 0.727086160726, 82, 2019
E, -100, 0.45664181523767705, 6991.57765515, 18.7659394386, 524.228417557, 1.18428747363, 0.326839136891, 82, 2019
Z, -100, 0.8808055856162147, 2339.29745437, 59.1884000993, 35.3700722915, 0.104807787898, 0.0317656331241, 85, 2019
N, -100, 0.9716805886870588, 3699.82570518, 52.2309782125, 68.666396585, 0.00756811395475, 0.102998796796, 85, 2019
E, -100, -0.6066309180221761, 5364.6421024, 18.5710797969, 323.087007531, 0.460211454125, 2.98002253629, 85, 2019
Z, -100, 0.6029315959558701, 3401.99887667, 62.5227192352, 49.6609306681, 0.957529956188, 0.0475193718462, 88, 2019
N, -100, 0.8396171832873716, 3753.14967253, 56.3704735947, 63.6459620211, 0.544240172743, 0.034917369613, 88, 2019
E, -100, -0.059146032106140896, 7442.72573568, 14.5992540001, 444.064793574, -1.63409136187, 0.0410435788165, 88, 2019
Z, -100, 0.01760434331956488, 3542.60590182, 49.7392267329, 70.6231419279, 1.70497668791, 0.1909113492, 91, 2019
N, -100, 0.36713910152189966, 3304.46599202, 44.6945312876, 71.3580591221, 1.25965644748, 0.077903314939, 91, 2019
E, 100, 0.7845007163230396, 7725.47091921, 14.7468808105, 497.057630608, -0.498995267015, 0.154035080378, 91, 2019
Z, 100, -0.5900622587637185, 3030.0051896, 21.8801191884, 184.182098196, -0.446283485461, 2.76504001887, 94, 2019
N, 100, -0.35037896224211473, 3335.25094796, 22.7954688938, 171.752961159, -0.713570657203, 2.59864078163, 94, 2019
E, -100, 0.8587768398827704, 7121.98398465, 18.4610500038, 486.270886515, 0.307664851559, 0.288562713999, 94, 2019
Z, 100, 0.630561844168127, 2875.69021552, 36.0520611924, 66.8012815281, 2.32377549294, 3.2467113843, 97, 2019
N, 100, 0.6604619813417676, 3878.53704327, 28.6106708433, 144.643047145, -1.05260310036, 0.413916250752, 97, 2019
E, -100, 0.03656005327866641, 6291.84758264, 11.8820573466, 745.678829058, 1.69029010699, 0.102410598499, 97, 2019
Z, -100, 0.9483022784081515, 3176.64048318, 71.539111026, 39.3425782813, 0.10069090807, 0.0283219246454, 100, 2019
N, 100, 0.9760934752947209, 3940.7614909, 60.1670956438, 63.6594272314, -0.212561211281, 0.13313865732, 100, 2019
E, -100, -0.7666498914594894, 6928.06736833, 15.0239156247, 410.694957812, 0.418030604703, 3.11703213695, 100, 2019
Z, -100, 0.7571537684790979, 2762.52184621, 77.59379809, 31.936134628, 0.638205272021, 0.0852478870305, 103, 2019
N, -100, 0.8774843252357517, 3026.05853575, 68.3314288273, 40.1792228724, 0.322404091521, 0.169496982939, 103, 2019
E, -100, -0.30016490333094115, 5908.95484882, 18.9045928655, 266.113623494, 1.18171027138, 3.02045739229, 103, 2019
Z, 100, -0.009547823289658055, 2665.45081863, 58.7537900318, 47.6797214977, 1.87743340737, 0.379034391974, 106, 2019
N, -100, 0.34267477775006966, 2585.5650192, 47.1567589734, 58.4874926559, 1.38881702926, 0.287468737685, 106, 2019
E, 100, 0.7348254356029549, 6117.55829277, 17.8577409448, 326.971170277, -0.452767352195, 0.236875706749, 106, 2019
Z, 100, 0.28158966332186924, 3342.28517707, 26.3865837131, 150.811441052, 1.8005273271, 3.70662111526, 109, 2019
N, 100, 0.42991755436207774, 2153.63233475, 25.1385754902, 99.0949719054, -1.64673500256, 0.835056841011, 109, 2019
E, -100, 0.6011974834180835, 7467.3017932, 22.3287840045, 521.150231699, -2.61257803671, 2.64825397236, 109, 2019
Z, 100, 0.8607072832615696, 2598.47027299, 72.1031279895, 31.8967023562, 2.79185649118, 3.1400566613, 112, 2019
N, 100, 0.9603006073146808, 2295.94230261, 63.3975410457, 35.1142813841, -0.258383431736, 0.0175876465605, 112, 2019
E, -100, -0.703044752432061, 6050.82667245, 12.7277036873, 457.779562261, -0.0660826293627, 3.33477226007, 112, 2019
Z, -100, 0.9248192676728171, 3072.90892712, 79.4247545592, 35.4475887209, 0.335539284363, 0.0772107055233, 115, 2019
N, 100, 0.9963558113999526, 2467.39687709, 68.9916391935, 35.3566863763, -0.0323635457867, 0.00135496318085, 115, 2019
E, -100, -0.6044509423904291, 6712.63075744, 18.3390193473, 320.517993853, 0.838086918038, 3.09911876411, 115, 2019
Z, -100, 0.6896952136689867, 2676.00515142, 55.9209595167, 46.5611193366, 0.895470689593, 0.10321665272, 118, 2019
N, -100, 0.9506586137221273, 2053.11188693, 50.2793514311, 39.94577314, 0.328563813733, 0.049045787584, 118, 2019
E, -100, -0.051856821979499125, 5730.26992209, 14.1762403427, 365.274971168, 1.54906132537, 3.12652932043, 118, 2019
Z, -100, 0.4310978512137258, 2815.51301169, 27.0812638424, 136.236677977, -1.5589904559, 2.44919800897, 121, 2019
N, -100, 0.8307194687272423, 1547.00229961, 23.0810362203, 76.2588092331, -2.3174485101, 2.71664501101, 121, 2019
E, 100, 0.7030896727959884, 6072.17500744, 12.7843401177, 560.371913807, -0.374063252102, 0.353990653523, 121, 2019
Z, 100, 0.6945312655769301, 2293.39663721, 41.7480456694, 56.554693099, 2.19153668625, 3.40498754584, 124, 2019
N, 100, 0.8423916140137194, 1365.19955485, 34.9474878199, 39.7016863007, 2.38483232822, 3.39402530586, 124, 2019
E, -100, 0.23274522976369347, 5448.950517, 13.351799743, 768.114681387, -2.27153341994, 2.66816425041, 124, 2019
Z, 100, 0.9183281198242269, 2671.94363226, 83.317029387, 29.3574069054, 2.84103498079, 3.141851258, 127, 2019
N, 100, 0.9623146018723563, 1626.61793374, 71.3645755672, 23.4168628063, -0.303016986002, 0.0818810421269, 127, 2019
E, -100, -0.79222791518699, 6156.90016401, 14.5464916313, 436.764845926, 0.0651672788912, 3.41671502404, 127, 2019
Z, -100, 0.9376357246105612, 3138.57840641, 95.4519101191, 29.827086851, 0.242292354633, 0.0191081228084, 130, 2019
N, 100, 0.981415635005398, 2476.98668895, 82.1603907421, 28.9546154952, -0.0336598394659, 0.109902507193, 130, 2019
E, -100, -0.6345080091930981, 6853.47792004, 21.610453797, 279.431239329, 0.781465091544, 3.18818170357, 130, 2019
Z, -100, 0.6350482117886357, 3149.43588147, 66.3994848216, 47.5802590485, 1.04025580176, 0.219875940396, 133, 2019
N, -100, 0.9925696251754567, 2313.58496504, 55.2115262815, 42.51150424, 0.120969741438, 0.0579496061288, 133, 2019
E, -100, -0.0387523774787488, 6482.69448489, 17.8575882431, 330.180246665, -1.53381108262, 0.0628112601905, 133, 2019
Z, -100, 0.5801114551006167, 2852.42316483, 26.9679303369, 123.199665016, -4.45556242201, 1.78921334143, 136, 2019
N, 100, 0.5854672919201771, 1463.6994054, 24.9965506138, 68.5221865146, -2.00251837873, 1.14662125921, 136, 2019
E, 100, 0.5129846589696125, 6135.45500124, 16.1864930377, 579.030324201, -3.24892845524, 2.47553087805, 136, 2019
Z, 100, 0.8387757352879555, 2589.41758515, 73.4521806892, 33.2061392234, -0.622359619694, 0.142356472832, 139, 2019
N, 100, 0.9176375217760342, 1674.20869081, 68.5985062523, 23.2131467782, 2.8166106944, 3.06641312736, 139, 2019
E, -100, -0.4222148069849334, 6132.87713757, 12.8163892813, 576.895099699, -0.45893905336, 3.90883910923, 139, 2019
Z, -100, 0.9453455838120223, 2559.83431741, 95.4663176742, 24.2077550871, 0.192656000788, 0.171292824076, 142, 2019
N, 100, 0.9736219866437099, 2794.66736105, 83.4840986186, 33.0197823692, -0.195125643864, 0.0530317078901, 142, 2019
E, -100, -0.7538643923763523, 5531.40911599, 18.6914291787, 272.67455127, 0.601635346759, 3.14268258572, 142, 2019
Z, -100, 0.935163771910515, 2837.91536414, 77.228002972, 34.5104132519, -2.80071217983, 3.15420544903, 145, 2019
N, 100, 0.985564575995394, 2521.32472064, 67.0340034725, 37.2442601461, -0.0317363370958, 0.0698120521486, 145, 2019
E, -100, -0.6023103892646288, 5863.93666112, 18.4753040503, 282.846055039, 0.863663135744, 3.09164121555, 145, 2019
Z, -100, 0.7126042302547728, 2621.38695514, 42.1050853292, 70.124029965, -2.09196935591, 3.54419216733, 148, 2019
N, 100, 0.9936477695901086, 2334.54964788, 36.4877356954, 67.9153607618, 0.0456564884137, 0.113591019485, 148, 2019
E, 100, 0.031925329761282976, 5162.74449051, 11.4009572057, 447.030858624, -1.39031142233, 0.166952676623, 148, 2019
Z, 100, 0.7959725742719352, 2973.70750217, 38.9177152678, 89.5069801936, -0.985644963033, 0.548647562176, 151, 2019
N, 100, 0.5289180010305636, 1560.97170219, 33.2006127731, 52.1813992406, 1.77631046553, 3.50182085017, 151, 2019
E, 100, 0.10975865131216937, 6064.90161623, 9.55685142601, 1145.87488785, -3.3865036208, 1.88739323767, 151, 2019
Z, 100, 0.8008763015978284, 2834.82821319, 83.1644753872, 32.68130826, -0.732862134638, 0.174643218679, 154, 2019
N, 100, 0.8190042284179267, 2408.64440286, 74.5511140614, 31.0619723856, 2.52787124126, 3.14521911752, 154, 2019
E, 100, -0.606627217019978, 6288.4671031, 14.1101335549, 515.922411986, 2.57354314207, 0.687951703571, 154, 2019
Z, 0, 0.9438269009488611, 2350.80228088, 108.966239101, 19.4526126561, 0.130099561451, 0.144516033412, 157, 2019
N, 100, 0.9658979729796937, 2871.88264396, 95.7083821054, 30.1412659692, -0.206243911787, 0.0540265780895, 157, 2019
E, -100, -0.7402365099611095, 5043.99596872, 21.8942576972, 221.980773124, 0.572496448835, 3.22984678063, 157, 2019
Z, -100, 0.8757634553105325, 3144.06395498, 87.0403874216, 34.9273771109, -2.5878300315, 3.30819027305, 160, 2019
N, 100, 0.9851104233663703, 3456.80178288, 72.7439994974, 48.1569429468, 0.0205598369446, 0.114679436026, 160, 2019
E, -100, -0.44717843749581454, 6235.17472782, 22.125119596, 254.295208078, -2.03495286053, 0.0727729031998, 160, 2019
Z, -100, 0.8128517221006135, 3222.69584168, 38.1178694697, 109.751546597, -2.00887178786, 4.13616461835, 163, 2019
N, 100, 0.8175864758003456, 2766.3925984, 26.1628152519, 123.504361197, 0.322677613999, 0.884570490095, 163, 2019
E, -100, -0.15794888206020766, 6193.58788743, 12.5333904834, 614.135033783, -1.39622672386, 0.468253111557, 163, 2019
Z, 100, 0.7666361682275806, 3226.70838196, 66.2041462484, 50.5375126513, -0.874127097037, 0.270574565815, 166, 2019
N, 100, 0.5404055832221248, 2688.46038949, 63.9931175493, 42.7989901731, 2.04387752716, 3.25101618, 166, 2019
E, -100, -0.45864854984968056, 6194.31609408, 11.5233651728, 646.701199343, -0.542055968149, 4.10281456636, 166, 2019
Z, 100, 0.9272635636250307, 2800.15931082, 95.3868619442, 27.7087150884, -0.322805276015, 0.00583650937261, 169, 2019
N, 100, 0.7371374852238591, 2873.87506395, 87.7522147637, 32.448950515, 2.37061853538, 3.1807043592, 169, 2019
E, -100, -0.7731162233680188, 5244.09798532, 17.4833451183, 329.111293099, 0.229489145272, 3.52826634402, 169, 2019
Z, -100, 0.957531983575413, 2955.72242157, 92.4744312092, 30.2168678316, 0.155775155235, 0.115290054668, 172, 2019
N, 100, 0.8850545287598637, 2516.02549432, 79.640048897, 31.3416353797, -0.486579756749, 0.0117021248337, 172, 2019
E, -100, -0.5512185524541342, 5429.65241229, 19.4275129375, 262.216482907, 0.948579045109, 3.14850234257, 172, 2019
Z, -100, 0.9475874241184404, 3124.20752247, 61.3130671485, 52.3702902849, -2.7538014023, 3.32675557433, 175, 2019
N, 100, 0.9213020530244279, 2017.07146318, 51.2613393504, 41.5098573786, -0.230472543568, 0.169325153752, 175, 2019
E, -100, -0.3581398495137861, 5836.04109507, 15.7507934403, 354.560642164, -1.8766658555, 0.130087511137, 175, 2019
Z, 100, 0.8052654335961581, 2513.70104675, 30.8009370684, 95.2141587009, 1.85503423476, 3.93303619075, 178, 2019
N, 100, 0.5619229229467922, 1541.45367951, 26.0981875592, 64.7219101637, 1.99171220197, 3.29068732205, 178, 2019
E, -100, -0.5860924291229276, 4869.94707475, 8.6715260546, 727.978953013, 4.33582532337, 0.478866704674, 178, 2019
Z, 100, 0.8239319182957275, 1789.40567959, 72.3733662655, 25.7773797002, -0.721867531137, 0.176461580089, 181, 2019
N, 100, 0.2230916106137035, 1674.19411851, 65.8202798586, 25.4700292726, 1.572404765, 3.39858479529, 181, 2019
E, -100, -0.7345580380501862, 3753.32474879, 11.8734037153, 363.468005827, -0.532127849462, 3.88179564803, 181, 2019
Z, 100, 0.9473953979870458, 2246.39795963, 106.603519632, 19.9997707758, -0.294973018581, 0.00902966276592, 184, 2019
N, 100, 0.7434532800675357, 2006.78833676, 98.0574117089, 20.2180533294, 2.45101340537, 3.07233861844, 184, 2019
E, -100, -0.7602131632649539, 4251.27312381, 20.6528663643, 227.285570914, 0.323824757032, 3.5166206047, 184, 2019
Z, 0, 0.9487627637754081, 1843.76792013, 103.405874117, 17.214499585, 0.0922198665924, 0.0718115584628, 187, 2019
N, 100, 0.8855414786646225, 1778.33720272, 87.5468850411, 19.4980637553, -0.246067674023, 0.0993954678764, 187, 2019
E, -100, -0.44049642755858087, 3557.55588979, 22.6510096825, 149.401569307, 1.07055872243, 3.16831396214, 187, 2019
Z, -100, 0.9133870353643637, 2102.38706314, 56.2639770471, 44.6195315721, 0.500177732392, 0.490154808176, 190, 2019
N, 100, 0.8244928682982752, 3224.68051603, 37.7001693714, 105.093105321, 0.304850961164, 0.682267684612, 190, 2019
E, -100, -0.41865722268955313, 3987.08771269, 19.4203509633, 255.705462941, 1.21868162291, 2.80376751163, 190, 2019
Z, 100, 0.6169406576578873, 1627.30789367, 55.5957030793, 31.587835734, -1.33305839344, 0.537627252158, 193, 2019
N, -100, -0.44127229023781006, 2049.29664537, 52.7738374577, 34.9622770324, 0.500848941446, 3.77658009016, 193, 2019
E, -100, -0.9303234954866897, 2449.40166524, 8.77416787286, 312.548447545, -0.884477083923, 4.13506820834, 193, 2019
Z, 100, 0.8015456997651765, 1582.24623542, 84.4160878697, 18.6984193901, -0.65367254808, 0.0126518079309, 196, 2019
N, 100, 0.6301391992414489, 1816.94329805, 81.2041631989, 21.2269968983, 2.45250787304, 2.8707746223, 196, 2019
E, -100, -0.8381149667130576, 3093.90625362, 16.2541326952, 218.746308183, 0.0711065162764, 3.5403431835, 196, 2019
Z, 100, 0.8062667299221392, 1693.29133647, 90.4005708047, 17.4424507977, 2.4807494643, 3.19391524515, 199, 2019
N, 100, 0.7501034358617101, 1700.38379675, 81.9925295243, 17.3718678637, -0.899655618094, 0.320329212411, 199, 2019
E, -100, -0.8642816799322508, 2970.5513614, 17.9426409878, 166.021202966, 3.18466456751, 0.420977728388, 199, 2019
Z, 100, 0.9047952423916045, 1014.55208912, 71.7295938363, 13.5913166818, 0.204603398739, 0.362528690561, 202, 2019
N, 100, 0.9190804436898741, 1527.97005549, 59.6260778654, 28.1811600692, -0.287758142436, 0.128123535055, 202, 2019
E, -100, -0.21278511309134338, 2102.75698824, 15.541588659, 124.502418381, 1.43455786036, 3.00975315987, 202, 2019
Z, 100, 0.8523384706352898, 1281.01607115, 39.9655343551, 38.7564642726, 0.0868151489204, 0.571549870889, 205, 2019
N, 100, 0.6518471772225796, 2595.5552691, 27.0360398865, 109.574664435, 3.04747609801, 2.42334024, 205, 2019
E, -100, -0.3217847749184796, 2486.3377603, 13.4777211302, 239.339558934, 1.41702097495, 2.6931854315, 205, 2019
Z, 100, 0.3583609610202055, 1335.62758349, 56.7492749142, 25.047640159, -1.54217828548, 0.405160555893, 208, 2019
N, -100, -0.009514676998703162, 3506.06006793, 50.0542989462, 72.9851594822, 1.42723013505, 3.29303571988, 208, 2019
E, 100, -0.9413776511495442, 2239.90643414, 8.5429456759, 307.688354641, -0.441098145633, 3.53564695549, 208, 2019
Z, 100, 0.5687913107953654, 1152.48507764, 93.1041234393, 12.356411898, 2.08041981329, 3.27184008204, 211, 2019
N, 100, 0.3183344146213631, 3638.31695369, 87.077994513, 38.944660176, 1.76041369666, 3.32538251767, 211, 2019
E, 100, -0.8498328285324867, 2418.47845412, 18.6861915316, 140.920451854, -0.459937990814, 3.64935620933, 211, 2019
Z, 100, 0.8761903574480534, 979.687077678, 100.06574138, 9.05117168449, 2.90517161904, 2.9540912059, 214, 2019
N, 100, 0.9082054636687888, 4541.71892161, 90.8600066016, 48.4168633088, -0.202632756519, 0.227168157695, 214, 2019
E, -100, -0.5398519953010683, 1891.23444817, 21.2961072339, 88.8163697912, 1.06843655643, 3.0187054067, 214, 2019
Z, 100, 0.840527748041834, 1454.05002346, 70.7016272629, 23.9846452893, 3.15518296916, 2.6981432379, 217, 2019
N, 100, 0.882999552709689, 6206.43836382, 46.7309617614, 153.731361648, 0.0595921898478, 0.438428081789, 217, 2019
E, -100, -0.5324193023006725, 3219.68595783, 14.4899922379, 210.616396248, 1.0011290647, 2.87370954725, 217, 2019
Z, 100, 0.22028564007117268, 1524.38743632, 42.1704428621, 39.7752178013, 1.42982279339, 3.50807973865, 220, 2019
N, -100, -0.16008478993191988, 6670.3544471, 40.0033814353, 178.574232985, 1.20611488857, 3.36511601099, 220, 2019
E, 100, -0.6734561906217801, 3479.89964423, 17.3798661967, 323.563970761, 0.119148181969, 2.31674288003, 220, 2019
Z, 100, 0.3866379807078146, 1841.02550144, 71.2068854279, 25.650212804, 1.87999983848, 3.23875185868, 223, 2019
N, 100, 0.14026138591878226, 7541.43854921, 69.0862157494, 106.22755178, 1.67113731531, 3.17691701824, 223, 2019
E, 100, -0.6597530022935532, 3635.51863094, 14.6459020703, 253.367619136, 2.076627434, 0.298829483956, 223, 2019
Z, 100, 0.7488485199434328, 2565.50178017, 77.305782811, 25.9284781781, 0.61079294857, 0.951065481224, 226, 2019
N, 100, 0.4651194709247115, 7573.42223722, 74.4484423269, 102.05873145, 2.04211456091, 3.14348427147, 226, 2019
E, 100, -0.9179818861800728, 3492.32077958, 15.9665142959, 211.920333315, -0.0825649453924, 3.0492031084, 226, 2019
Z, 100, 0.9559492509293204, 6218.89246851, 65.7074266306, 89.9426546852, -0.203881834021, 0.115343255765, 229, 2019
N, 100, 0.6953137393714424, 5665.6402567, 57.7843643045, 102.454485637, -0.673442956121, 0.148765726928, 229, 2019
E, -100, -0.9289851764133894, 7209.19634507, 13.2485959108, 512.78660904, 3.11848398827, 0.281686198264, 229, 2019
Z, 100, 0.5944486426198056, 3317.10743698, 44.6189798055, 95.2138534678, 2.76944595673, 2.57449746053, 232, 2019
N, 100, 0.5525661171834431, 6384.90537313, 25.9614706197, 299.654490498, -0.578163917504, 0.465807573039, 232, 2019
E, -100, -0.6354790230555176, 5189.79765463, 9.70724238615, 585.59741901, 0.629396412972, 2.86398075574, 232, 2019
Z, -100, -0.27542024966156875, 3436.85813342, 40.2694272886, 90.9966416219, 0.969677654689, 3.47031720701, 235, 2019
N, -100, -0.7878032612312427, 4953.56074691, 34.7904505888, 150.763939625, 0.238208575601, 3.53650760931, 235, 2019
E, 100, -0.5451614785684493, 5531.11551208, 12.8802002599, 681.674991505, -0.0374971205909, 2.246913028, 235, 2019
Z, -100, -0.030106828106907676, 2943.51814128, 75.5770638125, 36.825824098, 1.34286336984, 3.38390501023, 238, 2019
N, -100, -0.40735464779620484, 4517.51451186, 70.1733192257, 61.3297533168, 1.09230840455, 3.20560542766, 238, 2019
E, 100, -0.7249685119168546, 4864.95386498, 15.6402100135, 296.571040859, 2.19026863833, 0.241936324164, 238, 2019
Z, 100, 0.6139723747815858, 3323.43390759, 84.9620197087, 37.389256074, 2.22983328932, 3.13785208234, 241, 2019
N, 100, 0.28133979613573085, 5666.3178493, 81.9109023242, 67.8208143785, 1.85453443335, 3.13974577229, 241, 2019
E, 100, -0.9340287368847316, 4947.17637544, 19.5285676595, 262.118650268, -0.310358041627, 3.47192009137, 241, 2019
Z, 100, 0.7212362396495358, 1891.30461508, 61.6303640332, 32.2118357343, 2.87967449673, 2.83808812851, 244, 2019
N, 100, 0.7376581297370258, 4910.39805952, 48.8825940569, 110.539707753, -0.383282086048, 0.352812334932, 244, 2019
E, -100, -0.17773251184944167, 2979.79150681, 11.7511967935, 256.2699552, -1.72204765671, 0.0666148257741, 244, 2019
Z, -100, -0.20336264015943434, 1892.6201969, 41.9805944022, 64.449643512, 2.67250491733, 1.75695436062, 247, 2019
N, -100, -0.849325468438525, 3106.12079982, 31.9177134034, 112.998213658, -0.0934795370083, 3.63049423424, 247, 2019
E, 100, -0.5601799838574664, 3059.14128397, 14.4192219293, 360.409886676, 0.217035292505, 2.13564423447, 247, 2019
Z, -100, -0.3625496806477187, 2172.3282492, 61.9265738336, 34.350261909, 1.08154632254, 3.2880686296, 250, 2019
N, -100, -0.8286693092962056, 3546.25556302, 59.6073182044, 56.1154603172, 0.472653403484, 3.28512828707, 250, 2019
E, 100, -0.8821776551593089, 3215.2274291, 17.7832624368, 203.886707331, -0.313406148235, 3.02259621288, 250, 2019
Z, 100, 0.058665583130196576, 1702.88141941, 62.3304830658, 25.1514020596, 1.51462777004, 3.2888429136, 253, 2019
N, -100, -0.18242336294457084, 2900.0955167, 62.6734046112, 42.7002792348, 1.31753474121, 3.24481449156, 253, 2019
E, -100, -0.9410588079270065, 2325.20793144, 14.9319132328, 155.268877804, 0.0125635514967, 3.40130872525, 253, 2019
Z, 100, 0.7603977160927737, 2345.4692858, 48.8191599776, 43.9253713798, -0.25399424979, 0.409442652592, 256, 2019
N, 100, 0.47912943395455704, 3757.80210414, 47.7524099563, 82.0405713605, 2.16999389376, 2.97829502322, 256, 2019
E, -100, -0.4187161149440386, 4718.20189131, 10.7084215491, 509.982414017, 1.03162056539, 3.30408485551, 256, 2019
Z, 100, 0.5091231624514128, 3355.08942368, 34.0479953074, 138.78701161, 2.67548141409, 2.5510915984, 259, 2019
N, 100, 0.48818477879607275, 2226.55181938, 19.0701223852, 126.405438104, -0.897397017808, 0.150785071168, 259, 2019
E, -100, -0.03487532798978473, 5030.71088134, 4.71852870429, 1203.94545333, -1.92792999252, 0.585401133311, 259, 2019
Z, -100, -0.566277516701932, 2919.98650109, 34.7278297461, 90.9351460477, -2.76368190577, 0.593709827585, 262, 2019
N, 100, -0.6539030382872061, 1530.24196658, 31.1543641287, 54.8271023118, -1.01053192724, 3.40466954964, 262, 2019
E, 100, -0.18930168775176656, 4634.61418341, 9.65078660154, 811.780981629, 0.225713119803, 1.60337149166, 262, 2019
Z, -100, -0.22633309046493008, 5251.2169851, 65.4027499487, 75.9215429414, -1.8210249961, 0.046008003016, 265, 2019
N, 100, -0.49827817245355743, 2736.36240765, 60.1612675602, 44.8032907385, -1.1083049324, 3.24707157299, 265, 2019
E, 100, -0.6825492262280612, 8060.66171284, 15.6368057907, 552.490016967, -0.667902822142, 3.03870710537, 265, 2019
Z, 100, 0.3453556793504387, 5977.08399144, 71.1864141485, 80.7595838043, -1.18116448354, 0.0464151211153, 268, 2019
N, 100, -0.8594515603174524, 2415.43885942, 68.8374589557, 32.7428900133, -0.384200299269, 3.02569125647, 268, 2019
E, 100, -0.9730271663624245, 8857.52513002, 18.437736407, 467.855615693, -0.130465994203, 3.09485835458, 268, 2019
Z, 100, 0.7185126718026702, 7256.82958491, 41.7838346113, 178.11403553, -0.519272705254, 0.213472247506, 271, 2019
N, -100, -0.82404203690981, 3088.12838192, 42.5561760558, 76.4515271621, 0.618647812432, 2.89452000316, 271, 2019
E, -100, -0.5342952941332433, 10666.1699147, 10.4196792952, 1208.62621052, 0.565951725025, 3.60568578905, 271, 2019
Z, -100, -0.6472423486825938, 7278.28136664, 35.1772429577, 241.786313451, -0.420314616303, 2.06379621838, 274, 2019
N, -100, 0.5905559329361841, 3386.81052508, 34.847932051, 103.178115848, 0.564971079548, 0.474290096866, 274, 2019
E, -100, 0.7449003567556615, 10990.2811756, 9.70785888033, 1416.53403907, -2.46054321913, 3.15117370105, 274, 2019
Z, -100, -0.5723999158647686, 5913.31692487, 64.2103093754, 89.3887445238, -2.33499599087, 0.190133945164, 277, 2019
N, -100, 0.26199046987562913, 2513.75104095, 63.4735195902, 38.6442145742, 1.26496557131, 0.0857635638947, 277, 2019
E, 100, -0.4442959785745832, 8994.3343338, 19.1924936183, 563.822010721, -1.00621986067, 3.06534889103, 277, 2019
Z, -100, -0.018198327462436215, 6209.17397329, 60.7713882164, 99.4591353911, -1.51268857417, 0.0838884264077, 280, 2019
N, 100, -0.4176161462191376, 2521.9419122, 59.8137410171, 38.4591538778, 2.10413776111, 0.0979314704333, 280, 2019
E, 100, -0.9151012680718169, 9361.33546919, 17.2097053731, 550.205470446, -0.169093657739, 2.93544607498, 280, 2019
Z, 100, 0.26291243744527204, 7055.71848722, 36.0622929473, 193.310999466, -1.20870752203, 0.127124352023, 283, 2019
N, 100, -0.9223684738866584, 2638.01947544, 39.2250028973, 66.0724160137, 2.95615695139, 0.125176267154, 283, 2019
E, -100, -0.9538977230344029, 10246.4015058, 9.82635876053, 1101.3549136, -0.0577230891425, 3.31163361074, 283, 2019
Z, -100, -0.38993729128225213, 6032.51881281, 16.6016017291, 482.839318437, -1.22272248056, 1.44172052505, 286, 2019
N, -100, -0.21882464846896865, 2367.02786356, 10.3777039196, 377.563630264, 3.4878119803, 1.14405907933, 286, 2019
E, 100, 0.6013239676580571, 8440.17381814, 7.20470986934, 2332.28592064, -2.07733611808, 1.70053456589, 286, 2019
Z, -100, -0.9292165848086775, 6017.85836574, 44.076676135, 146.482641812, -0.316398705292, 2.63883357478, 289, 2019
N, -100, 0.6151956802947892, 2164.2692399, 40.2970799696, 52.2573508109, -2.42359328025, 3.37592785338, 289, 2019
E, -100, 0.6516478504041251, 8515.22340293, 10.6405244355, 878.206231214, -2.25704336894, 3.12332008553, 289, 2019
Z, -100, -0.7470894348831144, 4497.9891607, 70.388273367, 61.2772415744, -2.63882206297, 0.260976518926, 292, 2019
N, -100, 0.6260663554070101, 1788.54850275, 67.0459052227, 26.123130544, 0.825440187802, 0.124659554071, 292, 2019
E, 100, -0.3719259203421113, 6596.39803548, 15.3805144205, 414.17951358, -1.26775183792, 3.2528475134, 292, 2019
Z, -100, -0.29219686786752, 4792.87249125, 72.6904050151, 64.2751594836, -1.81667675205, 0.0481988216188, 295, 2019
N, 100, -0.35773272431041025, 2185.69709912, 68.8714266854, 27.7906833434, -1.07964422922, 3.03192393995, 295, 2019
E, 100, -0.8817056977812666, 7404.77758554, 19.7262889603, 376.923189752, -0.376570318121, 3.04447210907, 295, 2019
Z, -100, -0.09185134150572163, 4303.31445219, 36.665472207, 121.152538775, -1.52896162983, 0.176538252834, 298, 2019
N, 100, -0.7708484314427869, 2371.22631552, 39.3418525753, 68.5391573147, 2.72311731881, 0.32688932747, 298, 2019
E, -100, -0.9694014530095426, 5852.74845673, 11.9200617915, 502.899007313, 0.023991555191, 3.21984394699, 298, 2019
Z, 100, -0.9427859204307373, 3461.75565209, 41.764148665, 94.0609688746, -0.51412531958, 2.7779159188, 301, 2019
N, -100, 0.8831063907759237, 2258.86022095, 40.1497006276, 57.0530658041, 3.16331153968, 2.80602860578, 301, 2019
E, -100, 0.7737178645022266, 5572.65677121, 15.6664355782, 492.538726233, -2.23838178483, 2.69668626437, 301, 2019
Z, -100, -0.9737672212990383, 4729.95417196, 77.4789695711, 61.4024762008, -3.0874573849, 0.163894944792, 304, 2019
N, -100, 0.6324047633812737, 2568.16257331, 77.5183254043, 32.4302938783, 0.808387628319, 0.13565446183, 304, 2019
E, -100, 0.25123001635236586, 7126.01325158, 20.9966979822, 336.33606948, -1.7464846682, 3.0678268529, 304, 2019
Z, -100, -0.7796835470811729, 4393.45843252, 75.2765369864, 57.2559109731, -2.44637936064, 0.00549662443708, 307, 2019
N, -100, 0.44355429471690394, 2319.95231363, 74.1003219747, 30.4954954925, 1.11139039334, 0.0244773812185, 307, 2019
E, 100, -0.6009699912318003, 6825.94593201, 21.5863731569, 333.15570725, -0.756800393493, 2.99199053048, 307, 2019
Z, -100, -0.5849825395975133, 3901.52654058, 46.257792966, 86.2959633835, -2.04430330188, 0.186355161933, 310, 2019
N, 100, -0.4483089249792232, 1248.34272523, 46.9736352245, 22.0358359911, 0.828178039208, 1.46822411398, 310, 2019
E, 100, -0.9287112129043191, 6460.45088957, 14.1546713603, 473.82808042, -0.115493754149, 2.92482577962, 310, 2019
Z, 100, -0.9297585918410626, 4578.86054749, 18.8162374047, 271.726220004, -2.69575644096, 0.589851897085, 313, 2019
N, 100, -0.532808726719976, 2114.70944731, 14.7103357633, 168.722310548, 0.139155152477, 2.00370146656, 313, 2019
E, 100, -0.04171481790615217, 6910.13853058, 3.35531703937, 3745.11306788, -1.33887225591, 2.11521506956, 313, 2019
Z, 100, -0.8784476243969366, 4741.65553144, 55.3135931282, 86.7920179026, -0.677232067904, 2.90851673577, 316, 2019
N, -100, 0.12618357835371216, 2457.56826013, 48.375892417, 49.9355443702, -1.72847411099, 3.19145982834, 316, 2019
E, -100, 0.8074582766543331, 7316.20024683, 15.7528529925, 541.337005475, -2.37362453461, 2.92619449799, 316, 2019
Z, -100, -0.9957788377809741, 4239.66513679, 84.6036886787, 49.9398391415, -3.20028389818, 0.10912743746, 319, 2019
N, 100, -0.05111288990560518, 2137.86218497, 80.4785793865, 26.3893088446, -1.63760130849, 3.32196479661, 319, 2019
E, -100, 0.3470769240648566, 7014.25165298, 20.6177790407, 329.036734776, -1.82016934722, 3.0244957698, 319, 2019
Z, -100, -0.8716414103049787, 4001.05689037, 87.0475827595, 44.0849837019, -2.71218396119, 0.115016305276, 322, 2019
N, 100, -0.2904908535198399, 1743.00003272, 83.4825909584, 19.8619292611, -1.30128170864, 3.19107238947, 322, 2019
E, 100, -0.2977069094346279, 6268.33618712, 22.6176453153, 270.771240705, -1.32373269928, 3.23287832167, 322, 2019
Z, -100, -0.598897579167204, 3300.15850767, 52.337997269, 67.4813986715, -2.02400329074, 0.254697341521, 325, 2019
N, 100, -0.5098196760080737, 1119.47411177, 51.9369075702, 21.6325598456, -0.666110695793, 2.82609656944, 325, 2019
E, 100, -0.889224970313585, 5237.74364596, 18.3972337721, 314.042467772, -0.109785210539, 2.84333886416, 325, 2019
Z, 100, -0.8086662934045578, 3515.13855126, 42.2510532479, 86.6018413665, -0.799184212613, 2.94342041285, 328, 2019
N, -100, 0.3813160459740678, 1774.39916976, 38.2461838915, 52.9736175224, 0.862926881955, 0.339330345857, 328, 2019
E, -100, 0.8907424944775811, 5316.89869827, 6.13862817893, 1008.80568125, 0.0371931371565, 0.083359022769, 328, 2019
Z, 100, -0.8782648307054419, 2676.86517964, 89.157470892, 26.9630401243, -3.78865486147, 0.294476073512, 331, 2019
N, -100, 0.849454064557663, 2138.77692605, 84.0967313145, 27.821663707, 0.319331348201, 0.0460762517426, 331, 2019
E, -100, 0.7939253285224191, 4245.90808385, 26.9209142646, 149.775758134, -2.53426840642, 3.21845342305, 331, 2019
Z, -100, -0.945893978878794, 1123.69482971, 93.4509721091, 12.0679903924, -2.77008077412, 0.0778352209117, 334, 2019
N, 100, 0.7376917002493756, 1373.49221263, 91.8942700227, 11.4274570706, -0.902252307943, 0.696804549557, 334, 2019
E, 100, -0.27592771705859276, 2244.67640446, 26.0154092713, 91.9791631752, -1.16025987464, 2.97490722328, 334, 2019
Z, -100, -0.8501186641114128, 1811.76197626, 66.4786340945, 28.75769936, 0.65793864344, 2.96492269187, 337, 2019
N, 100, -0.0662886684067399, 1416.04319012, 66.6586191816, 20.0617409216, -1.36762633591, 2.99072277247, 337, 2019
E, 100, -0.5732934215462159, 3140.88227895, 20.7089817386, 174.524722498, -0.712778762899, 2.89153294593, 337, 2019
Z, 100, -0.9540613857402149, 2032.68596711, 31.3456248249, 72.894774964, 0.112409849539, 2.82296411435, 340, 2019
N, -100, 0.21811627360875088, 1010.90302328, 31.5974965613, 39.0353400992, 1.56692728776, 0.337401295737, 340, 2019
E, 100, -0.7052548654066936, 3301.54646747, 9.10170301584, 447.293100525, -0.313189278042, 2.70027261995, 340, 2019
Z, 100, -0.5969475043878799, 1817.30846995, 55.3486491149, 32.2459407701, 2.10085361086, 0.109480925863, 343, 2019
N, 100, 0.9885152607503145, 996.916700879, 46.1733639561, 21.8750575916, 2.93373785722, 2.96945171693, 343, 2019
E, -100, 0.9524425080561992, 2857.80730381, 9.40120218004, 303.257622979, 0.309650763119, 0.131082018184, 343, 2019
Z, 100, -0.7479109303755309, 1594.95026073, 93.4325019568, 16.6584288586, -0.826189043674, 3.265648227, 346, 2019
N, -100, 0.5081999589477039, 1489.21922101, 85.114966376, 14.142998628, -1.8585331186, 2.82738184749, 346, 2019
E, -100, 0.7816848752849692, 2843.72623486, 23.6277381483, 117.229068669, -2.38739739558, 3.01869014728, 346, 2019
Z, 100, -0.9854336902013194, 1152.44769331, 103.29875899, 11.113810791, -0.183457950177, 3.17420970882, 349, 2019
N, -100, 0.5094630949672684, 2004.34904726, 99.0541491671, 19.5054324478, 0.909520069608, 0.19455008944, 349, 2019
E, -100, 0.2520014986906592, 3043.61583733, 27.711673316, 107.549114343, -1.80949825517, 3.15164694422, 349, 2019
Z, -100, -0.9581428296466991, 1094.41739943, 72.0628101092, 16.224229568, 0.385997045966, 2.98632838104, 352, 2019
N, -100, 0.5763473718322759, 632.30549483, 70.1063727819, 8.21250059422, 0.886629760566, 0.120143564068, 352, 2019
E, 100, -0.5279680881513925, 2326.8943745, 24.1186928923, 107.564546865, -0.770775492089, 2.90895849581, 352, 2019
Z, 100, -0.6686790729423678, 1139.99760021, 34.9411505621, 38.0710381415, 2.12452556299, 0.208192612094, 355, 2019
N, -100, 0.7971761169848215, 2621.86285448, 30.6657460744, 97.9928803038, -0.211206723045, 0.540402153148, 355, 2019
E, 100, -0.39478213326720396, 3085.55625944, 10.9870671769, 482.125660093, 0.205117905121, 2.15981547662, 355, 2019
Z, 100, -0.29299258023980707, 917.727626065, 86.0391763975, 10.4639172544, 1.82559764773, 0.0340911325307, 358, 2019
N, 100, 0.6960201446192555, 2797.49938895, 77.9227409493, 23.7524813155, -0.95376586605, 0.687930352398, 358, 2019
E, 100, 0.7336490315385581, 2894.89868619, 18.3871686002, 98.5608828117, 2.07452075836, 2.38400327261, 358, 2019
Z, 100, -0.6444159759919106, 973.269539275, 103.495740389, 9.33801449185, -0.845151291248, 3.11376018501, 361, 2019
N, 100, 0.9054510423259741, 582.135761137, 98.5426492099, 5.37894677553, -0.365817690839, 0.444948604353, 361, 2019
E, -100, 0.6510270804322504, 2557.43438291, 30.474719938, 83.6122092127, -2.16924716023, 2.9721504806, 361, 2019
Z, 100, -0.963847875460743, 1263.22300844, 81.6091150349, 15.5989430013, -0.129371198767, 3.03238124676, 364, 2019
N, -100, 0.29904078758338204, 1111.4470268, 82.4416966887, 13.1709348375, -1.77567493224, 3.03783457399, 364, 2019
E, -100, 0.040919597285773456, 2788.8905543, 24.3147041373, 118.998062997, -1.43661548216, 2.96463500417, 364, 2019
