Chan, Phase Shift, Correlation, ptp-data, ptp-synthetic, rat, phasem, phasestd, DOY, Year
Z, -100, 0.8402664236363437, 274.047102146, 9.40106683762, 23.5000741915, 0.329534535009, 0.310377555792, 1, 2019
N, 100, -0.3990062163734251, 356.2488004, 58.8844315927, 3.93911884484, 1.51452637103, 1.09264498886, 1, 2019
E, 100, -0.37504795397331137, 11461.4978775, 14.7269809144, 418.661658737, 1.69949712673, 0.577849997619, 1, 2019
Z, -100, -0.5546032619009053, 25.4648588046, 26.8893026097, 1.18914693932, -2.11129476388, 0.494890343632, 4, 2019
N, -100, -0.5382389945126357, 225.350582431, 93.6321930851, 2.51224644858, 1.19750973571, 2.86575412165, 4, 2019
E, 100, 0.12265441779240183, 1700.89794399, 19.6716537157, 71.8856000796, 2.2278638918, 2.48441741793, 4, 2019
Z, -100, 0.07173705174309455, 152.234361171, 21.7515583263, 8.58765842656, -1.22212963096, 2.28792488547, 7, 2019
N, -100, 0.10555500887737485, 351.811303056, 100.448843527, 2.49195808416, 1.15974610017, 1.21254921188, 7, 2019
E, -100, 0.48604779689391814, 7341.97175525, 18.4588059232, 341.171390491, -1.73822009465, 3.53479693431, 7, 2019
Z, -100, -0.06783395419277677, 44.5036041394, 21.7347240049, 3.96976529983, 1.2107958522, 2.21983822331, 13, 2019
N, 100, 0.38328969624887815, 98.6268930831, 45.8332494134, 1.95718521512, 3.03412902252, 2.13608081576, 13, 2019
E, 100, 0.8251100959638098, 261.087924028, 7.31054894683, 45.0098761258, -0.430103820034, 0.0595625407492, 13, 2019
Z, -100, -0.4732912462094845, 39.9023046194, 6.9305819602, 8.28431269163, 0.755896837982, 3.46154415978, 16, 2019
N, -100, -0.266725869833142, 114.782685237, 58.7338207425, 2.10856106066, 1.12404846586, 3.32640361453, 16, 2019
E, 100, 0.6843355066899744, 143.50895283, 12.2952929449, 8.75030602156, 0.584641195291, 1.16285960576, 16, 2019
Z, -100, 0.027714462498747913, 42.9604846783, 27.982421634, 1.4873154079, 0.507430658764, 1.40892423947, 22, 2019
N, 100, 0.6948382950168416, 204.924402293, 117.973586999, 1.62940416382, 2.34094941751, 3.14589836995, 22, 2019
E, 100, 0.9501849721284176, 266.595864827, 21.8995576864, 11.3350133973, -0.466552409961, 0.219307412465, 22, 2019
Z, -100, 0.35940054186504417, 37.0759757095, 25.6203698362, 2.2510736389, 2.22670813755, 1.74689401304, 28, 2019
N, -100, -0.24209597257503396, 180.018721736, 40.7704242954, 4.73983577165, 0.755220638913, 3.68084130937, 28, 2019
E, -100, -0.1787855904786597, 242.980797376, 10.3877177155, 21.9233966311, 1.46721833411, 3.01300254827, 28, 2019
Z, -100, -0.06454718391543496, 439.216653343, 11.6163429728, 28.6169044835, 1.53408101384, 4.00355108757, 31, 2019
N, -100, -0.5600428564237997, 124.32550143, 78.2488095568, 1.71206411103, 0.975038914942, 3.07294419974, 31, 2019
E, 100, -0.21817932193951495, 2829.03368311, 18.166378101, 117.158095242, 2.32382138469, 0.719657338022, 31, 2019
Z, -100, -0.8533202767228862, 717.66699819, 23.4296745765, 35.7532756197, -2.58718213194, 0.114867403854, 34, 2019
N, -100, -0.9162967451061099, 328.266212245, 90.116625993, 3.40834701602, 0.501377294578, 2.75202675582, 34, 2019
E, 100, -0.09698494453929081, 4344.73262658, 17.6862609217, 212.346155419, 1.37739355585, 0.367664529129, 34, 2019
Z, -100, -0.7906865604518949, 248.969139131, 18.1786805545, 17.8444864269, -2.63632515289, 0.193144275516, 37, 2019
N, -100, -0.941378238772575, 628.459493309, 77.0266233438, 7.04017714687, 3.15527806157, 0.303447499683, 37, 2019
E, -100, 0.21787071990280077, 4206.92767494, 13.1148406221, 305.554172481, -1.37790913183, 3.60941694616, 37, 2019
Z, 100, 0.16030032728613333, 123.858423346, 22.1608625391, 8.80227586823, -1.32194647401, 0.516602895225, 40, 2019
N, -100, -0.42332960250491763, 401.255435775, 43.9351824904, 8.35608134597, 0.959148398749, 3.3737224671, 40, 2019
E, -100, 0.3879131713026207, 5823.06050344, 9.81684502165, 597.299832867, -2.88361312481, 2.68682675573, 40, 2019
Z, 100, 0.7339804773028612, 27.7443434596, 23.3183488009, 2.00110419244, 2.09036518677, 2.16260258379, 43, 2019
N, -100, -0.7416977128444797, 188.60816352, 36.3289146165, 5.57475140633, -0.0679905166641, 3.80387461441, 43, 2019
E, -100, 0.6679092008671119, 2658.28814111, 7.78035331322, 312.005946557, 0.249257719209, 0.392633391526, 43, 2019
Z, 100, 0.6177151764545041, 31.5204507128, 8.13231497867, 3.67167519638, -0.408166947724, 0.0529390941404, 46, 2019
N, -100, -0.6134228242283954, 104.792487869, 83.2684674485, 1.1345646184, 0.721470898886, 3.30933445845, 46, 2019
E, -100, -0.4781941002620127, 218.38768309, 17.3480155841, 11.3731074834, 1.04101175519, 3.17649664584, 46, 2019
Z, 100, 0.04917598799686596, 557.664642148, 24.3110695902, 23.6670502486, -1.09855126808, 1.12344708978, 49, 2019
N, -100, -0.016968773082970446, 228.326069505, 103.997833263, 2.16555032449, 1.75052928929, 2.84922510575, 49, 2019
E, 100, 0.25219399448254637, 224.538476614, 21.0880815276, 8.784548588, 1.4686085792, 3.79178136674, 49, 2019
Z, -100, -0.2619966716013848, 1074.91679736, 23.0387091517, 64.3998071705, -1.75601566224, 0.258042536224, 52, 2019
N, 100, 0.1512375151040736, 276.249271082, 72.1043271299, 3.57756607092, 1.66042074288, 3.26928624186, 52, 2019
E, -100, 0.39775544011330094, 316.500864279, 16.4491985812, 29.4905429344, -1.98523739379, 3.67033257844, 52, 2019
Z, -100, -0.2131352900021366, 61.2521212121, 21.612349537, 3.42230467594, 2.79672057129, 1.40762018237, 58, 2019
N, -100, -0.568112258849002, 51.289163907, 61.8907473166, 0.555602658976, 2.27255992499, 1.45038239273, 58, 2019
E, -100, -0.36115787556401646, 90.7415604121, 14.7377712739, 3.54817442973, 3.13643336427, 1.09746476991, 58, 2019
Z, -100, -0.6515218119426828, 476.255407922, 20.9218673364, 28.4292804362, -2.34079669361, 0.599536886237, 64, 2019
N, 100, 0.5625196693964573, 155.457755504, 62.8296784682, 2.02440818514, -0.989187087835, 0.0481580593505, 64, 2019
E, -100, -0.6523194159628807, 4482.59338823, 11.0240633553, 373.189865678, 0.755074977784, 3.26059823499, 64, 2019
Z, -100, -0.6329495881683948, 122.971476324, 17.4850581456, 9.19054799207, -2.33884558404, 0.22636928435, 67, 2019
N, 100, 0.5437483097074308, 308.728156863, 32.6834304268, 9.81917853476, 2.57117914368, 2.62909249033, 67, 2019
E, -100, 0.8324290967204762, 2297.34833915, 11.5678139252, 277.720650952, -2.64506605713, 2.70071586514, 67, 2019
Z, 100, 0.30092681127506143, 152.869903275, 23.6182464056, 10.7206159138, -0.65889225945, 1.02176347386, 70, 2019
N, 100, -0.13792339256912403, 578.122062836, 26.6329137247, 23.8398859371, -1.65043283486, 3.52555810369, 70, 2019
E, 100, -0.32128620698800897, 9177.98125434, 10.0124559521, 1058.73106489, -1.3489746906, 2.74025700545, 70, 2019
Z, 100, 0.34136117364293933, 95.9164841738, 23.40904842, 6.50825678432, 1.95996805171, 2.74826287614, 73, 2019
N, 100, -0.47911766555984386, 366.288237192, 67.7730866644, 4.60261634123, -1.29057535064, 3.69486930907, 73, 2019
E, -100, 0.7656529104668178, 19292.9230154, 14.0043651873, 1049.55158357, 0.259219563202, 0.447029970847, 73, 2019
Z, -100, 0.943062317471742, 27.8761774568, 8.9793626761, 2.97162058381, 0.188413284775, 0.171678509018, 76, 2019
N, -100, -0.7516295625560115, 126.105683129, 85.4928136228, 1.35054844337, 0.837297806725, 2.9495927263, 76, 2019
E, -100, -0.5536274869284893, 244.784303629, 18.2994635584, 13.2330710552, 1.1803053947, 2.77870821806, 76, 2019
Z, -100, 0.10800464671221534, 122.386998846, 26.2470230319, 6.35453789472, -1.50581851974, 2.4660430803, 79, 2019
N, 100, -0.9166104328249363, 343.16863229, 61.3074687135, 5.46338586225, -0.188726148695, 2.98781432853, 79, 2019
E, 100, 0.6013030325806492, 10433.621235, 11.5660679607, 994.434173684, 3.37050736626, 2.41734164118, 79, 2019
Z, 0, 0.9146847923383993, 93.1594850175, 20.8991393106, 4.16370708747, 0.101715466479, 0.432658239639, 82, 2019
N, -100, 0.03513154635786595, 250.613029382, 23.4152547693, 12.2716848753, 1.02586843008, 0.836289014174, 82, 2019
E, 100, -0.2598654967223224, 10942.2062344, 16.6892108948, 843.405715973, -1.39807423041, 3.05632609993, 82, 2019
Z, 100, 0.39652536417348155, 36.7705662385, 16.2973866514, 2.46857156441, -0.324433340788, 0.863330832954, 88, 2019
N, 100, 0.9307236882180852, 216.286064463, 69.1585671776, 2.68411189187, -0.0475977538542, 0.0487613126846, 88, 2019
E, 100, 0.22340807723272926, 10106.527946, 15.1622767768, 571.438048377, -0.961725385746, 0.624791831717, 88, 2019
Z, 100, -0.519845258753853, 87.581125962, 19.9837634906, 6.02390392815, -3.01355756499, 0.833748716677, 94, 2019
N, 100, -0.8633095501997372, 376.663393113, 20.5012150202, 20.8719489496, -0.068267717917, 2.8295970422, 94, 2019
E, -100, -0.2126715886047036, 12776.8169037, 6.58982402121, 4066.23368355, 0.618096786902, 4.11377805917, 94, 2019
Z, -100, 0.22799730516591007, 33.3876354042, 16.4435679204, 3.29209228248, 1.73640832871, 0.387993315052, 97, 2019
N, -100, 0.383338739986355, 152.201575895, 37.3325867642, 4.44762533558, 1.04323375802, 0.156152192393, 97, 2019
E, 100, 0.01855374506189045, 8464.26702444, 14.1243042018, 547.345359323, -3.65832221552, 1.87012146105, 97, 2019
Z, 100, 0.4702907676566455, 60.3939001892, 24.3420546222, 3.19671851037, 1.8827133042, 2.14073573174, 100, 2019
N, -100, 0.11124328917318885, 148.845621776, 74.0065942347, 1.30580707628, 0.965152413072, 1.22242107425, 100, 2019
E, -100, 0.5940784463321503, 25475.7048963, 16.2865691121, 1024.37013597, -2.42532188632, 2.27828582339, 100, 2019
Z, -100, -0.26814049178620153, 59.3298657333, 20.96284878, 3.644262613, 1.38102500508, 3.04572646679, 103, 2019
N, -100, -0.7584413432394047, 190.158294326, 84.7380127359, 1.60591259381, -2.82644467439, 0.330096619773, 103, 2019
E, -100, 0.76141665613751, 33436.7235431, 17.7275153362, 1266.39962267, 0.221829331603, 0.472683561178, 103, 2019
Z, -100, 0.20311044390916377, 72.9160885053, 13.1020411118, 6.76874184836, 1.96129041459, 1.09837510855, 106, 2019
N, 100, -0.6937801366208961, 234.000552767, 56.5423318911, 4.13754398424, -0.26994258983, 2.60361518297, 106, 2019
E, 100, -0.041612507623659624, 15900.0147013, 13.2324708087, 1154.49161088, 1.20876509471, 0.864446865299, 106, 2019
Z, 100, -0.16925314535124164, 82.2877746237, 24.3172397157, 4.81242680097, -1.24175418165, 3.12108524799, 109, 2019
N, -100, 0.1327324090250416, 324.936923923, 31.2254727247, 7.99817733005, 1.8833655488, 1.85601562778, 109, 2019
E, 100, -0.15936440478222183, 20699.4914606, 9.12628739212, 1783.23356267, -1.23238423781, 3.37577474158, 109, 2019
Z, 100, 0.3183790892206473, 87.9935047235, 18.3596060856, 7.06202707678, -1.22648987113, 0.17926144423, 112, 2019
N, 100, -0.6308810816494047, 123.969662954, 76.2101291721, 1.68620081982, -0.804262651481, 3.01534764982, 112, 2019
E, -100, -0.5156718662282771, 7519.41547039, 21.5218749645, 119.514879655, -3.59867964905, 0.618669312468, 112, 2019
Z, 100, 0.6638697501604695, 136.581915034, 27.7650412937, 7.00856572296, -0.248422280495, 0.601921772225, 115, 2019
N, -100, 0.8400359271207395, 255.086939021, 84.7507309125, 3.16797569242, 0.515741645407, 0.167827504218, 115, 2019
E, -100, -0.8487745214771814, 30270.8555607, 18.5534244255, 1715.29281274, 0.498211557969, 2.93887567758, 115, 2019
Z, 100, -0.23973789039805, 510.155110016, 12.4480627979, 41.8020566958, -1.13955110909, 3.61300682607, 118, 2019
N, 100, -0.7794407788830843, 516.816290913, 61.9916577073, 6.81963345884, 0.270998761848, 2.68452491466, 118, 2019
E, 100, -0.6827483719222792, 27959.9087227, 13.0468768777, 1773.59131928, 2.3671593973, 0.208714820137, 118, 2019
Z, -100, -0.7126178665092728, 510.71339799, 14.7300252133, 50.5274472129, -2.64679910678, 0.644737515711, 121, 2019
N, 100, -0.8262682924208069, 699.714815507, 25.629277427, 31.5836395751, 0.341853659471, 2.51624080459, 121, 2019
E, 100, -0.1431084562815393, 9614.00673672, 4.65523635381, 2355.45318533, 2.3623494458, 0.642567490815, 121, 2019
Z, 100, 0.2970415397210145, 56.6937936469, 19.090307521, 3.46473315305, -2.31143708517, 1.16951391137, 124, 2019
N, -100, 0.9272203544774037, 402.380571403, 46.691771269, 8.25214454283, 0.239338278497, 0.124619598932, 124, 2019
E, -100, -0.23622793164843336, 18292.8206606, 9.8960043248, 1250.44333828, -2.15902740157, 0.804731037999, 124, 2019
Z, 100, 0.5131148586372836, 87.7028227298, 14.4858820217, 11.0948741937, -0.328885457923, 0.481893930556, 127, 2019
N, -100, 0.7908738920065679, 509.18632585, 88.5204671015, 4.05093764621, -0.647426479199, 0.913216423098, 127, 2019
E, 100, -0.679528584757685, 23725.384742, 20.3154072774, 621.146103637, -3.57079210148, 0.6431830713, 127, 2019
Z, 100, 0.5194468283529204, 179.082491604, 25.4168736573, 8.04455999246, -0.884872916854, 0.16077311779, 130, 2019
N, -100, 0.5409378936880748, 449.005138674, 101.411225219, 3.21226946789, 0.399020199109, 0.60042785182, 130, 2019
E, 100, 0.37453950401599334, 2559.65227049, 21.7646042944, 91.7536381749, -1.92314590836, 1.48453144308, 130, 2019
Z, -100, 0.08685325600358093, 170.458738468, 16.9595005206, 13.7860186365, 1.61506442892, 0.241906329319, 133, 2019
N, -100, -0.9554294886706559, 444.306881302, 70.1056855793, 6.53024249931, 0.111344287106, 3.05096129119, 133, 2019
E, 100, 0.910217345297531, 9433.38764707, 15.8046745365, 414.242559083, -0.488861816041, 0.329896767036, 133, 2019
Z, -100, -0.22116506144754608, 220.645215763, 17.3017031895, 23.9948759929, -2.3050828026, 1.10368010519, 136, 2019
N, -100, 0.3359978752735086, 295.498837642, 32.6790875082, 11.1483866131, 0.431439635072, 0.785235420887, 136, 2019
E, 100, 0.421635820622835, 3057.63006962, 7.30703369891, 382.914625508, 0.190753047491, 0.913392692522, 136, 2019
Z, 100, -0.07177600162994584, 518.860922459, 17.4055931783, 33.5671376209, 1.64558752579, 0.642871487748, 142, 2019
N, 100, -0.5885200185913599, 697.302020861, 102.193514342, 5.88098815985, -0.621010703877, 2.74560857624, 142, 2019
E, 100, 0.8803551095917873, 36890.3954409, 23.9492873336, 1244.66765996, -0.326620363449, 0.104113346424, 142, 2019
Z, -100, 0.5605088659707688, 29.2154223476, 11.2239024068, 2.55646972862, -2.43616383, 3.28655533004, 148, 2019
N, 100, -0.47356038740131545, 146.415766188, 45.222987187, 3.50970419302, -0.969788259417, 2.99320867165, 148, 2019
E, -100, 0.7326285858787338, 20500.76531, 10.198701807, 2120.52153811, 0.384451031697, 0.183612843965, 148, 2019
Z, -100, 0.8994401551812564, 21.9242649923, 14.924875901, 1.98561127154, 0.183859992351, 0.0955291667223, 151, 2019
N, -100, 0.5842553622736715, 144.566248743, 45.0954554395, 3.60191880361, 0.727839870321, 0.226662161982, 151, 2019
E, -100, 0.275862615197148, 13307.4884529, 8.91205794264, 1108.38684328, 3.15006012567, 2.12085230568, 151, 2019
Z, 100, -0.19848011400641133, 16.475692694, 16.6286005756, 2.08997790048, -2.10029390055, 1.95193516617, 154, 2019
N, -100, 0.7874242455836485, 125.093803536, 93.2873201639, 1.13754605619, 0.139413187897, 0.491622462206, 154, 2019
E, 100, -0.2167340471075326, 108.987013853, 19.4686991496, 4.33803476366, -1.45452303882, 3.4890752736, 154, 2019
Z, 100, 0.4283363324335974, 50.1689572538, 13.9041171273, 3.30218171483, 1.76009664207, 1.81850636443, 157, 2019
N, -100, 0.6061729271254599, 84.9705759085, 117.589686985, 0.687121726028, -2.32064768344, 3.29150777387, 157, 2019
E, 100, 0.673006987825986, 89.8377624957, 26.2205959131, 2.31272226925, -2.86293418901, 2.4237181635, 157, 2019
Z, 100, 0.6577246293467818, 2581.90223494, 18.5901401271, 160.816668619, -0.267042388265, 0.622729361797, 172, 2019
N, 100, -0.9175117325999834, 420.584463563, 98.5934911446, 4.58933774943, -3.27600105436, 0.246171788888, 172, 2019
E, 100, 0.7498448336373559, 28820.685437, 22.334649973, 891.296019309, -0.746574905862, 0.550490223421, 172, 2019
Z, 100, 0.15507647840851385, 3060.63806768, 23.6385351705, 142.428405396, 1.7833266774, 3.15964152662, 175, 2019
N, 100, -0.4917410722008255, 562.477970947, 63.6024432163, 8.85222072043, -1.11099149849, 3.16456315834, 175, 2019
E, 100, 0.5891493862145364, 17159.4251731, 14.3359801495, 1180.48515321, -0.735808786611, 0.128565851734, 175, 2019
Z, -100, 0.7684322321038537, 134.139349171, 11.3136482067, 10.8152971483, 0.560402988293, 0.1902795166, 178, 2019
N, -100, 0.6464468500459506, 140.579196406, 35.8342078789, 3.67946666894, 2.68948397461, 1.99398291512, 178, 2019
E, -100, -0.028367555731541587, 3101.44388448, 7.32245946213, 344.173972255, -0.758624392283, 1.28643817971, 178, 2019
Z, 100, 0.11512680283849852, 20.9400386338, 13.2550557813, 2.43969590148, -1.5076231423, 0.463903040887, 181, 2019
N, -100, 0.8031899536511284, 186.758444344, 83.4413526471, 2.31877595726, 0.510399316451, 0.143888412065, 181, 2019
E, -100, 0.49108911071283917, 132.293167737, 16.1179029389, 7.34284760267, 1.25409685408, 0.290294858247, 181, 2019
Z, -100, 0.2878988698119949, 30.3064202977, 12.7139718405, 4.39071992465, -0.745417886046, 1.72230636191, 184, 2019
N, -100, 0.7003893003242223, 189.510987082, 119.384138004, 1.56982417171, 0.758198043575, 0.0436848999806, 184, 2019
E, -100, 0.6576809671438273, 187.635854474, 25.4354332104, 6.57388324519, -2.41606012846, 3.37127550087, 184, 2019
Z, -100, 0.0675035256492975, 382.609407305, 29.8631437516, 17.3960998003, 1.90353733227, 0.967814433855, 190, 2019
N, 100, -0.26861144191430625, 409.505019092, 51.6871361938, 8.41883873651, -0.160749631866, 2.09014145999, 190, 2019
E, 100, -0.25212433912218984, 1111.11979517, 13.5421081592, 92.7335464096, -0.438410990644, 2.29570570789, 190, 2019
Z, 100, 0.49520377575956387, 47.403514426, 13.5917181258, 5.26386298788, -2.65747672517, 2.68386219395, 196, 2019
N, -100, -0.4258644847268091, 5.6104292616, 97.720176202, 0.0332456148531, 0.403131069636, 2.42693626192, 196, 2019
E, -100, -0.27831535760888293, 11008.3749802, 20.4953451097, 323.484083434, -2.32240886935, 0.735161879136, 196, 2019
