Chan, Phase Shift, Correlation, ptp-data, ptp-synthetic, rat, phasem, phasestd, DOY, Year
Z, 100, 0.9018902646492569, 159.710915119, 133.207577542, 1.103370479, -1.09979275547, 1.15138413201, 1, 2019
N, 100, 0.31660528288104456, 132.203898126, 17.3818917466, 7.59290092124, -0.950755730197, 0.274362348085, 1, 2019
E, -100, -0.506319361468438, 14812.9428918, 63.0067107153, 234.458655352, -1.36576393427, 2.62860481633, 1, 2019
Z, -100, 0.947143280310957, 187.614422933, 195.522514785, 1.00983952925, -0.192581172406, 1.15458868621, 4, 2019
N, 100, 0.6174652505109773, 159.618668564, 28.8466619551, 5.88453663636, -0.40593597599, 1.85523823995, 4, 2019
E, 100, 0.8370449208851707, 683.542919421, 86.0669772524, 7.14906206797, -0.628849896557, 0.303303265826, 4, 2019
Z, -100, 0.9726784109364884, 163.860355795, 215.397317859, 0.722570224747, -3.38082256145, 2.80630360119, 7, 2019
N, 100, 0.8422393314366025, 214.99517713, 38.1027111452, 5.03907726941, 2.40253688682, 2.56327790937, 7, 2019
E, -100, -0.6428833145331321, 4575.46074361, 88.4896383706, 37.6154835866, -0.574039314757, 0.945307103814, 7, 2019
Z, -100, 0.9846833349894836, 172.166605542, 184.869718566, 0.827228789328, 0.291058299528, 0.11492234217, 10, 2019
N, -100, 0.3118286694942021, 92.0652531717, 37.7746945698, 2.64087696961, 2.15301256374, 3.26398693827, 10, 2019
E, 100, -0.029602424606096352, 1205.08938212, 70.2305105001, 13.7805452835, 0.977094929576, 0.615716468689, 10, 2019
Z, 0, 0.9947637666713828, 83.035427667, 118.619931323, 0.662583967192, 0.0832332474533, 0.0911180205349, 13, 2019
N, 100, -0.4870897261714988, 170.53274344, 28.7306712326, 5.06489578849, -2.05961630274, 2.8803179593, 13, 2019
E, 100, -0.17010959903661607, 283.158426525, 40.0556814857, 7.17630842047, -2.4887034873, 2.96643604954, 13, 2019
Z, 100, 0.9968422269361649, 101.756722722, 106.47846504, 0.916176699883, 1.03701982143, 2.5083535339, 16, 2019
N, -100, -0.7370271220650852, 184.400318311, 16.2631468783, 9.82563810188, -1.51631395694, 2.92665166711, 16, 2019
E, -100, -0.33003073689073326, 255.111259313, 53.0080244819, 5.40350603648, -1.06611400488, 2.81669095806, 16, 2019
Z, -100, 0.986505730733535, 223.803246973, 262.697169471, 0.861062552555, -0.251454353056, 1.35771783381, 22, 2019
N, -100, 0.888244087429535, 211.379583005, 45.3601302373, 5.11471789456, -0.304712645394, 1.12393361673, 22, 2019
E, 100, 0.9689276400015031, 358.113805897, 109.546071548, 3.27079251105, -0.357115161181, 0.20841912716, 22, 2019
Z, -100, 0.9874430322742386, 77.5948797138, 118.172223234, 0.614591465986, 0.263321174368, 0.156433549007, 28, 2019
N, 100, -0.7060482005426186, 161.967631295, 33.1896941511, 4.20905462585, -1.56671668621, 2.98019711708, 28, 2019
E, 100, -0.48105944906833314, 246.657275919, 36.6834868716, 6.28760571529, -2.23797866358, 2.83300079622, 28, 2019
Z, -100, -0.16476692127405176, 612.111950921, 123.509226011, 3.93479457431, -0.676882692067, 1.17002885417, 31, 2019
N, -100, -0.5953189616636225, 161.151805584, 14.2043515254, 8.80714698029, -1.26318915854, 3.02320898334, 31, 2019
E, 100, -0.4718336314180437, 4142.51294379, 60.8249826045, 55.3673291321, 0.0274260223096, 2.87153677216, 31, 2019
Z, 100, 0.4166878821722496, 769.008921749, 198.522661765, 3.68862869476, 2.11966050483, 2.62182536909, 34, 2019
N, -100, -0.2533161186384742, 60.2896728001, 29.0622365432, 2.35539779551, -0.317968296923, 2.61187734784, 34, 2019
E, 100, -0.6853898728026262, 5644.35082921, 88.2492497189, 56.6527711911, 0.30541271608, 3.1958452351, 34, 2019
Z, 100, 0.9675156723664313, 103.152615271, 227.622310589, 0.526825498555, -2.74995956121, 2.89176105116, 37, 2019
N, 100, 0.31289444168221053, 217.985596462, 40.2279657208, 4.71086540459, 0.885722339516, 2.28936408714, 37, 2019
E, 100, -0.8421385444330401, 2619.63148379, 94.7198803907, 20.1975209956, -0.235533331122, 1.53176515492, 37, 2019
Z, 100, 0.9950958322562486, 168.156007346, 200.779035629, 0.792947091786, -0.0119570556469, 0.0838723305601, 40, 2019
N, -100, 0.7297879592388097, 288.361653718, 40.9532831199, 6.90848236893, -0.978025292266, 2.62115599029, 40, 2019
E, 100, -0.6935346058029878, 5371.24931331, 77.3706903822, 61.6847712799, 1.12198656223, 2.77316876918, 40, 2019
Z, -61, 0.9961935516096997, 116.908257794, 125.586582552, 0.905201511083, 0.0313774076342, 0.0289503160808, 43, 2019
N, 100, -0.3563555765346385, 242.862937001, 31.4028924339, 7.35099076862, -2.32581788039, 2.75448401449, 43, 2019
E, -100, -0.6999706412589979, 4216.04420237, 41.909897854, 97.724590269, -2.08232671404, 1.96126139409, 43, 2019
Z, 100, 0.9821261124062117, 124.133224762, 116.513302565, 1.00946536323, -0.246061960098, 0.115492579103, 46, 2019
N, -100, -0.5383083214086353, 226.955164688, 16.2853117702, 12.02738168, -1.57812672964, 2.94239312997, 46, 2019
E, -100, -0.08629466051668534, 319.59361563, 61.9860167037, 5.97702729581, -0.865844770125, 2.83829969211, 46, 2019
Z, -100, 0.6364576906101492, 195.661264452, 239.905406934, 0.860931686079, -0.303508146361, 1.19091475781, 49, 2019
N, 100, 0.8520394107284116, 252.457096418, 33.8357971996, 8.61004116531, -0.89938142838, 1.77723073201, 49, 2019
E, 100, 0.7550789105656813, 371.447260352, 109.862632955, 3.4655927577, -0.523911023612, 1.33385024546, 49, 2019
Z, 100, 0.4310022639415731, 179.104568547, 285.854693993, 0.588339430605, -3.21830064412, 2.5206963493, 52, 2019
N, -100, 0.8398161438720658, 275.384430671, 51.6212155302, 5.31212073391, -0.405383771153, 1.18974379748, 52, 2019
E, 100, 0.9727844283871357, 407.911318547, 117.162117296, 3.27777099301, -0.457124866274, 0.217640134316, 52, 2019
Z, -100, 0.8840789593793044, 55.2101797229, 87.2824057843, 0.607298091923, 0.225405788743, 0.0930190052507, 58, 2019
N, 100, -0.41993900908341814, 96.9117588014, 29.8304848117, 3.16844945795, -2.21002034303, 2.64765371615, 58, 2019
E, 100, -0.45054289597152114, 142.527128478, 25.6223592969, 4.748545562, -2.39751877837, 2.56920633037, 58, 2019
Z, -100, -0.028673079143556393, 244.513482273, 218.647407807, 0.962536031837, -0.346867787292, 1.82127863067, 64, 2019
N, -100, 0.43409591048513363, 146.248840075, 33.0705682985, 5.8830361359, -0.467562090242, 1.30406325524, 64, 2019
E, -100, -0.4247349176220566, 6275.20512234, 97.2632765284, 47.6359711638, 1.42331576661, 2.84852650454, 64, 2019
Z, 100, 0.9924245651392362, 263.383947769, 245.305060347, 1.0130931751, -0.209251781108, 0.0935278844015, 67, 2019
N, -100, 0.6555895875758667, 284.994443939, 44.1902099316, 6.14872041393, 0.444790434138, 1.2713573048, 67, 2019
E, 100, 0.5358520815849098, 2380.98738113, 102.04671793, 22.2181794049, -1.14822172032, 0.390310347168, 67, 2019
Z, 0, 0.9974103609695087, 179.171196244, 205.306604258, 0.885325798032, 0.0618272363584, 0.0496073353807, 70, 2019
N, -100, 0.8613815569796929, 229.996388283, 43.2328284405, 5.24852179851, -0.569801008888, 2.58521541347, 70, 2019
E, 100, 0.710509210231136, 4221.46001858, 77.7664970332, 42.6569273645, 0.547885156761, 1.94969550016, 70, 2019
Z, -100, 0.9708575318534299, 80.4650015248, 109.037614315, 0.715169698787, -0.159278205601, 0.131897189239, 73, 2019
N, 100, -0.0790407121401824, 272.564109519, 30.3994386641, 8.44166039366, -2.70907561536, 2.72482428063, 73, 2019
E, 100, 0.6779404168688739, 5429.80613254, 33.5902922989, 161.696273844, -0.16625520701, 1.45919153407, 73, 2019
Z, 100, 0.9890965496320231, 164.943197848, 158.731077293, 1.02042485503, -0.274476348888, 0.109197944199, 76, 2019
N, 100, 0.041475763532122734, 236.910177458, 17.1338197662, 12.5541479449, -1.44314800668, 3.06737333913, 76, 2019
E, 100, 0.35367842441607705, 370.720368149, 82.1502719473, 5.00591945281, -0.154968780856, 2.89080510727, 76, 2019
Z, 100, 0.9977317529728869, 261.854512388, 275.778672826, 0.980030626984, -0.105317006469, 0.0798579431873, 79, 2019
N, -100, 0.8254294988793346, 238.949529552, 42.2700932958, 6.51412066377, -0.840681175441, 1.48062918899, 79, 2019
E, 100, 0.6122591543787089, 6652.44437883, 122.418275067, 41.8967189527, -0.89878320362, 1.70376534685, 79, 2019
Z, -100, 0.9984436941998559, 267.12401595, 282.194207268, 0.930140160278, 0.189966246281, 0.108501761582, 82, 2019
N, -100, 0.8515082174536144, 273.755090362, 54.3151020303, 5.05311112961, 0.0205594901078, 1.26188323691, 82, 2019
E, 100, 0.8163913854040566, 11425.2112607, 111.617193232, 102.077367287, -0.738657591745, 0.341152946803, 82, 2019
Z, -100, 0.7627901012438464, 29.0452771796, 60.9245728947, 0.378035087681, 0.113775139482, 1.3822266195, 88, 2019
N, -100, 0.1200117850198105, 252.377074268, 23.0220881043, 8.05281773273, -1.85842796819, 2.77867490178, 88, 2019
E, 100, 0.5137804845450877, 10848.0992103, 34.8430973183, 371.6759485, 0.0749625561305, 1.22011167554, 88, 2019
Z, -100, 0.9978288801508475, 231.269157125, 236.399195731, 1.00778668617, -0.0987281661681, 0.0780832233222, 94, 2019
N, -100, 0.8884287646503419, 241.39095634, 37.4455536311, 6.86965095534, -0.145751174511, 1.0436512233, 94, 2019
E, 100, 0.8441612467149499, 14779.47624, 104.209543332, 113.78624457, 0.171030900471, 0.788827988528, 94, 2019
Z, -100, 0.9953671529956785, 244.323775044, 248.196941161, 0.975001842148, 0.0768674512027, 0.0849588567097, 97, 2019
N, -100, 0.8968038939089543, 234.424965463, 46.4301425268, 5.42590268809, -0.00433073274787, 1.27660523257, 97, 2019
E, 100, -0.03025289952452313, 6137.04222679, 101.521448897, 51.2912571211, -1.1862082786, 0.981754294965, 97, 2019
Z, 95, 0.9854998773806537, 161.491835381, 186.049999128, 0.857946599162, -0.0266795534131, 0.107035083428, 100, 2019
N, -100, 0.16507182752338453, 237.994721888, 41.6370231377, 5.50132000028, -0.498690518885, 2.38116728259, 100, 2019
E, 100, -0.6185927805054016, 9896.64843326, 66.7297383488, 131.731648309, 0.31560322824, 1.58994366046, 100, 2019
Z, 0, 0.8341064202011307, 73.9762230487, 78.4203572063, 0.708271992345, 0.78689361921, 1.12164681867, 103, 2019
N, 100, -0.9149071786741081, 181.200665993, 25.1722677665, 8.28556132284, -0.727220684003, 2.85521481124, 103, 2019
E, -100, -0.19642123064790923, 9411.91492928, 42.0878472442, 222.804817489, -1.74663487344, 1.58705417338, 103, 2019
Z, 100, 0.996070367598194, 228.554454313, 204.582472858, 1.09432828123, -0.167865949399, 0.0969531253866, 106, 2019
N, 100, 0.4696516755663022, 172.231357972, 26.1415988758, 7.42414681021, -0.754019831407, 3.09461857011, 106, 2019
E, 100, 0.9465788735101407, 8334.06008495, 98.8897945761, 102.700516412, 0.46172990569, 1.26238663299, 106, 2019
Z, -94, 0.9976733188120428, 289.710785354, 279.361576651, 1.11359284185, -0.0476611549694, 0.0745207479773, 109, 2019
N, -100, 0.8320037152073988, 217.82851056, 46.4567937434, 4.67591476154, 0.441737612966, 1.29174949378, 109, 2019
E, -100, 0.1657474880958838, 9458.45565805, 119.291151507, 79.0234431036, 0.423418477753, 0.552377246247, 109, 2019
Z, -100, 0.9807993303287651, 264.218010671, 244.169112581, 1.09318308025, 0.148877812184, 0.0524658334582, 112, 2019
N, -100, 0.20341665214833712, 227.789655948, 50.2044904166, 4.48323320427, 0.685598475963, 1.27970939801, 112, 2019
E, -100, -0.4748971095816215, 9460.92919702, 92.3800665914, 112.657473875, 2.27295869126, 3.01577439891, 112, 2019
Z, -100, 0.7843236359989295, 133.226613931, 135.148662384, 0.949593064137, 0.412652323655, 0.157752221407, 115, 2019
N, 100, -0.5625749329343542, 194.37874871, 36.8000689891, 4.75863937077, -2.07781683212, 2.95135081741, 115, 2019
E, -100, 0.2583920345506274, 13860.7417322, 41.5888124862, 311.857760064, 0.697455454122, 0.598503915426, 115, 2019
Z, -60, 0.9131494329676952, 57.611260213, 83.0479715059, 0.681839435563, 0.680673690106, 1.99060155518, 118, 2019
N, 100, -0.6026206594253535, 387.808581361, 16.4805180897, 19.4416419199, -1.80626260664, 2.99803536509, 118, 2019
E, 100, -0.5029240032780007, 20714.029793, 43.5424632007, 515.583322959, 1.48826241419, 1.38289992106, 118, 2019
Z, 100, 0.8859752858026492, 109.621196697, 177.667996771, 0.714741257764, -0.901851524529, 1.1474547963, 121, 2019
N, 100, 0.9261673685477112, 360.651965545, 23.6503560813, 15.8118734394, 1.60392068914, 2.79227237653, 121, 2019
E, 100, -0.2799512802362173, 9359.61022309, 83.8390856251, 115.257807026, 0.467983464318, 2.80334290305, 121, 2019
Z, 100, 0.9953271255329545, 239.160442922, 239.915705581, 1.04650978558, -0.00197249143034, 0.0848403251676, 124, 2019
N, -100, 0.8706307974038354, 268.608504371, 39.5947053268, 6.39634643147, -0.383533693105, 1.18046009549, 124, 2019
E, -100, 0.7588338612653204, 11542.7063577, 104.005154087, 110.573103008, -0.493679962948, 3.34464262026, 124, 2019
Z, -100, 0.9944479294271146, 253.586261599, 232.541439087, 1.02700736718, -0.0541759439077, 0.0476989747486, 127, 2019
N, -100, 0.5373354816730587, 273.897188599, 45.4224966253, 6.15640558945, 0.709566688512, 1.09141578572, 127, 2019
E, -100, 0.3044004012723, 13967.4431917, 92.1811060203, 139.180877014, 0.342117750847, 0.375092441332, 127, 2019
Z, -100, 0.9650953153051761, 140.635379946, 154.05958617, 0.940109710021, 0.289352388553, 0.0571372213799, 130, 2019
N, 100, 0.7023138054634508, 136.610941097, 36.9748269116, 3.05911739704, 0.0309189828862, 1.45443568753, 130, 2019
E, -100, 0.1732130961659106, 3182.7462132, 51.4129609172, 47.2634937577, 1.05232494142, 0.637258883134, 130, 2019
Z, -100, 0.9695146805054944, 97.1305791889, 121.579928069, 0.77022035496, 0.503989638161, 0.18097517211, 133, 2019
N, -100, -0.5838568243936391, 185.818063554, 19.6894384125, 8.4348177595, -1.07128743227, 2.39003969033, 133, 2019
E, 100, -0.25765375070713553, 7116.45846801, 60.9189692313, 125.97638016, -2.13698725067, 2.85499428036, 133, 2019
Z, -100, 0.9855087052684797, 131.335924474, 219.525517941, 0.637449193257, 0.100974919106, 0.191342241249, 136, 2019
N, 100, 0.4193514610319217, 242.095668633, 31.3044177872, 9.0204071424, 0.322603327369, 2.6614390324, 136, 2019
E, -100, 0.39359602723044884, 3745.66730753, 99.959400373, 36.9395910773, 0.390723022961, 2.37884560287, 136, 2019
Z, 100, 0.9741936979375634, 211.394265657, 199.44782586, 1.1439715479, 0.0773994715695, 0.210484332041, 142, 2019
N, -100, 0.5358048405398157, 164.130265434, 42.918651467, 3.78703054518, 0.314880390215, 1.42710122505, 142, 2019
E, 100, 0.3889668877205826, 25667.6606779, 73.149253198, 336.670201811, 2.87075542072, 2.8619844412, 142, 2019
Z, 100, 0.9831596530263145, 93.1690107153, 99.5648700099, 0.86020928306, 0.300406324117, 1.34001742305, 148, 2019
N, -100, -0.6674016050696779, 190.552834832, 13.369581607, 12.1639108119, -1.68330962223, 2.91572762626, 148, 2019
E, -100, 0.3042477109612937, 14571.5625831, 48.4623886033, 334.820791961, -0.145537005462, 0.841912189247, 148, 2019
Z, 100, 0.9982152822856022, 188.730797444, 183.141060731, 1.02679474831, -0.1270111996, 0.0803440181604, 151, 2019
N, 100, 0.6754729507287068, 190.348507809, 25.6902326073, 8.42083813502, -0.812358751026, 1.34924298275, 151, 2019
E, -100, 0.4015875529728681, 6768.85760176, 84.4691642366, 73.7021794221, 1.06540113078, 1.55652373072, 151, 2019
Z, -94, 0.9999080899392099, 233.633951652, 233.0176742, 1.01400511984, 0.0286108832955, 0.0148101206207, 154, 2019
N, -100, 0.956488013043325, 213.334787966, 39.5707651914, 5.29081804505, -0.281161835795, 0.234542131237, 154, 2019
E, 100, 0.9107412754938816, 353.673910534, 99.0573152939, 3.53142170789, -0.565738144415, 0.219892822023, 154, 2019
Z, -100, 0.9537537518694278, 184.954042501, 213.439559612, 0.841828584289, 0.06308830833, 0.212779931696, 157, 2019
N, -100, 0.7542450822248871, 157.026321311, 43.0615920791, 3.55972711321, 0.168677297656, 1.14518893041, 157, 2019
E, -100, 0.6632885550460176, 295.874271792, 81.9067411229, 3.85151065673, -0.00273787066917, 0.472216413465, 157, 2019
Z, 100, -0.8265658903509946, 1763.44865579, 177.293270442, 7.80193679647, -1.19903861101, 2.83148261069, 172, 2019
N, -100, 0.1464284517904142, 355.96286602, 37.947937135, 8.13365409967, 1.94442509192, 0.590567456542, 172, 2019
E, 100, 0.05334666651332049, 20578.2756245, 65.3350619533, 316.497277466, 0.820492270831, 2.70535196812, 172, 2019
Z, -100, -0.7399360119521351, 1897.38383137, 107.586757333, 16.4201824706, -1.59054684546, 2.6517573161, 175, 2019
N, 100, -0.31316734389288375, 371.556123665, 27.4409471833, 13.1243522376, -2.53259704096, 2.73147487799, 175, 2019
E, 100, 0.17334200908003294, 26417.5874702, 35.601566261, 697.181219792, -1.06246504074, 1.85499383728, 175, 2019
Z, 100, 0.9559400530449013, 108.455283289, 105.199748761, 1.23351877817, 1.43583560285, 2.95992027635, 178, 2019
N, -100, -0.615720377068966, 164.653156701, 14.1677995254, 9.5029822657, -1.74786842575, 2.89682255012, 178, 2019
E, -100, -0.06304682681774203, 882.647578143, 49.5617460289, 19.2321203204, -0.254052577342, 2.991201745, 178, 2019
Z, 100, 0.9904438984997306, 193.374551823, 183.520512316, 1.02382236051, -0.199182765613, 0.0936861663791, 181, 2019
N, 100, 0.7472366728758323, 202.506192135, 26.0306224203, 8.4259642108, -0.573812745512, 1.32050988291, 181, 2019
E, 100, 0.3863997625027116, 277.731751055, 84.1059496105, 3.29757178031, -0.0122461132202, 2.58153306587, 181, 2019
Z, 0, 0.9991791137976233, 256.233161276, 233.036976348, 1.0881950976, -0.0379532431856, 0.0338517494352, 184, 2019
N, -100, 0.9632406711761663, 193.837719718, 39.96683804, 4.86749079376, -0.0705365170524, 0.133109760795, 184, 2019
E, 100, 0.8791059624137105, 328.833985245, 97.9503689355, 3.25370153132, -0.559501641212, 0.241111353083, 184, 2019
Z, -100, 0.6036276556551875, 311.400544535, 138.179787618, 1.76742165714, 0.262774403666, 0.530834022772, 190, 2019
N, 100, -0.6845036259000774, 217.711519275, 34.0486396917, 4.96819022515, -2.48461867575, 2.6455958155, 190, 2019
E, 100, -0.6649881511473495, 1458.73514231, 47.7285020855, 20.2233844423, -2.30360115174, 2.98515078088, 190, 2019
Z, -100, 0.21112893867395832, 71.5010264246, 191.238514299, 0.323093478794, 0.264548145845, 1.76515955423, 196, 2019
N, -100, -0.04684598296629374, 5.78985607707, 28.2613879959, 0.185568905296, -1.56746321495, 0.744272816982, 196, 2019
E, -100, -0.4738001378509982, 10846.2802541, 83.8684966606, 117.072058058, 1.60506649093, 3.01082469364, 196, 2019
