Chan, Phase Shift, Correlation, ptp-data, ptp-synthetic, rat, phasem, phasestd, DOY, Year
Z, -100, 0.06862394317159624, 133.197836826, 1.87219541825, 61.0267770235, -1.38045813587, 1.62082462704, 1, 2019
N, -100, 0.7034451965037609, 53.1581259611, 32.4607352798, 1.6526522834, 0.0789165782515, 2.08109656948, 1, 2019
E, -100, 0.988788987516512, 35.2447704092, 94.5682305733, 0.349804842105, 0.259809191997, 0.157515960235, 1, 2019
Z, 100, -0.4390292676755916, 137.736762179, 4.09273747468, 39.1928728809, -1.61213805219, 2.68532923954, 4, 2019
N, -100, 0.784731513898861, 69.9690074494, 51.3505795744, 1.5653812972, -0.530376945772, 0.682518411341, 4, 2019
E, -100, 0.9940194130705615, 54.5279524271, 134.296091176, 0.45017580187, 0.141385706901, 0.130559387127, 4, 2019
Z, -100, -0.5260908341784584, 70.2681885744, 5.31592737123, 15.2591652582, -1.671516725, 1.35843998701, 7, 2019
N, -100, 0.6937066403245591, 94.0927670105, 68.1121132645, 1.39180382113, 1.07535336875, 0.140545414975, 7, 2019
E, -100, 0.9988248253469335, 65.9451363245, 166.995390694, 0.386628328239, -0.026240904543, 0.0375524039591, 7, 2019
Z, -100, -0.07235995844678261, 78.1382154501, 4.92414884981, 14.0712645037, -1.78025796351, 2.63390523764, 10, 2019
N, -100, 0.7092066733473108, 94.5631727773, 66.8903246668, 1.23162229645, -1.00722287974, 2.85048818958, 10, 2019
E, -100, 0.9938060716184601, 69.066270049, 161.844053287, 0.451221979205, -0.392851274251, 1.24429605236, 10, 2019
Z, 100, 0.3152859817037606, 122.353192098, 3.0208827782, 37.2036066597, -0.545586143829, 0.4088272256, 13, 2019
N, -100, 0.7992620619028529, 76.5102091783, 49.5179723291, 1.61721999843, -0.700611473334, 1.06493467602, 13, 2019
E, -100, 0.9521809935509504, 72.9142599005, 124.470371477, 0.604006584971, 0.0686814094046, 1.2343261323, 13, 2019
Z, -100, -0.576774396293815, 43.3981860534, 1.76310579316, 20.7239603459, -1.9973695763, 2.47467158813, 16, 2019
N, -100, 0.7373966908520451, 53.5025142684, 27.3293025981, 1.98716322681, 0.230225635544, 1.26760309937, 16, 2019
E, -100, 0.9305081538077858, 34.3803240186, 78.0750001329, 0.476508150506, 0.333304745533, 1.17456096846, 16, 2019
Z, 100, 0.5141100399433464, 80.5894191276, 4.55326448652, 15.4041220799, -2.54465507241, 2.27579799528, 19, 2019
N, -100, 0.5951460113306377, 71.2786785385, 43.2641388103, 2.1187607953, 0.613586090152, 1.34879109814, 19, 2019
E, -100, 0.8721570907243016, 38.44427622, 123.958101903, 0.355682020936, 1.57729852799, 1.76317195768, 19, 2019
Z, -100, 0.6858718933263295, 91.3386122787, 5.8395423943, 16.0082239555, 0.00175602076356, 0.569676387114, 22, 2019
N, -100, 0.7372330499130482, 109.972893606, 72.0124288985, 1.81175721677, 0.52023510406, 0.30538204172, 22, 2019
E, -53, 0.9972049302158401, 68.1283751422, 190.6914453, 0.333343986209, 0.279237650537, 1.3103782998, 22, 2019
Z, 100, 0.7076904362712638, 76.4226932514, 4.90076372447, 15.0310759407, -0.563506709572, 1.54679578817, 25, 2019
N, -100, 0.6843165609350633, 138.779865725, 78.4224087205, 1.92432719124, -0.784029284745, 3.13655563157, 25, 2019
E, -100, 0.9979187640972227, 79.975214373, 204.184030574, 0.40028429448, -0.0817622937743, 0.0597359357019, 25, 2019
Z, 100, 0.7226757189907979, 67.6810017694, 2.67844906375, 22.0941249376, -0.206262140706, 1.59906571955, 28, 2019
N, -100, 0.6844490098289266, 98.2795072767, 57.5732638087, 1.6996894851, 0.623344803253, 0.239548280302, 28, 2019
E, -100, 0.9688932856160816, 64.7549079941, 151.446020612, 0.44005526582, 0.364370834841, 0.154414162783, 28, 2019
Z, -100, -0.5800609553765667, 74.9242320575, 1.98879620046, 43.1637662967, -0.947967486252, 1.18398149085, 31, 2019
N, -100, 0.4269688564205727, 37.0709610196, 28.1382540752, 1.21447173739, -0.0648899734958, 2.62392292526, 31, 2019
E, 100, 0.9347030919413686, 43.7634964664, 78.5265337451, 0.525770836758, -0.480446150905, 0.228401957035, 31, 2019
Z, -100, -0.6238829452187815, 72.7925035367, 4.56304642782, 15.9466281969, -1.76434324144, 1.3755360621, 34, 2019
N, -100, 0.7082606121612856, 70.4929513045, 51.4746833852, 1.38826063287, 0.939242275213, 0.273634607408, 34, 2019
E, -100, 0.9850679434979979, 52.4635663158, 131.039767157, 0.441921276775, 0.704360605206, 1.11287914461, 34, 2019
Z, -100, 0.8629789999940954, 66.5021864117, 5.98058362796, 12.7920473612, -2.83743771852, 2.61152955955, 37, 2019
N, -100, 0.6434232228073934, 93.136418284, 69.8002855521, 1.22922395471, 1.95713078959, 0.912692233819, 37, 2019
E, -100, 0.9963929610461485, 72.2135748735, 171.14737147, 0.403967688842, 0.496493016865, 1.24446871494, 37, 2019
Z, -100, 0.759386926767, 126.015456474, 5.53066700224, 23.4991615941, 0.930955480186, 0.30826726252, 40, 2019
N, -100, 0.7045954633429455, 91.5782633041, 69.4936464523, 1.11307444903, -1.29010271488, 2.64565811726, 40, 2019
E, -76, 0.9993121279579755, 75.0145419002, 171.095963599, 0.442870340018, -0.0680848596318, 0.0506832936559, 40, 2019
Z, -100, 0.07275268768554796, 71.0274086625, 3.41908946952, 18.9227294367, 0.892695968577, 1.74790854867, 43, 2019
N, -100, 0.5985183008134037, 78.2964191323, 52.112784319, 1.55530586419, 0.853283506828, 0.195362564015, 43, 2019
E, -27, 0.9971886490124393, 53.6370358421, 133.098215605, 0.398623880583, -0.0556807284621, 0.0706200027218, 43, 2019
Z, 100, 0.07185679842424869, 38.0764029616, 2.31249639084, 17.256637847, -0.602145838353, 2.44363113013, 46, 2019
N, -100, 0.6570691294928899, 50.8759441327, 26.6359513068, 1.83751473588, 0.513495027118, 0.160208846114, 46, 2019
E, -100, 0.8987965095543142, 37.2618832384, 75.9573773601, 0.473279983969, 0.591892927671, 0.20175360909, 46, 2019
Z, -100, 0.2560842885932236, 101.96445531, 5.44009808366, 18.4351659928, -3.2690296463, 2.42495618407, 49, 2019
N, -100, 0.5148438985410811, 62.8021305842, 50.1502334476, 1.70234499219, -2.64697377031, 2.61764157088, 49, 2019
E, 100, 0.9798333157159411, 58.2473603543, 141.968822854, 0.390767658348, -0.0108322388991, 1.94460305972, 49, 2019
Z, -100, -0.2860937518571057, 80.2463359074, 6.52263461468, 11.9246920863, -1.57841265839, 1.38598325517, 52, 2019
N, -100, 0.7850573431382325, 125.552451609, 81.4306595165, 1.85756481197, 0.456804044164, 0.363101776089, 52, 2019
E, -100, 0.9823689755934701, 85.7585546611, 215.434801265, 0.403172728902, 0.846552041265, 1.09274063446, 52, 2019
Z, 100, 0.06199905183076103, 252.198750729, 5.22301176718, 44.8303805646, -0.362495671087, 2.48448456017, 55, 2019
N, -100, 0.7340686624852398, 109.086499151, 82.0567435659, 1.19147987171, -1.01392264879, 2.85858922561, 55, 2019
E, -100, 0.9889347762550288, 99.6057779911, 210.977017094, 0.518007878325, -0.718989455454, 1.70581289602, 55, 2019
Z, -100, 0.8201461992647453, 147.75869332, 3.10932383137, 44.9403286457, 0.591722269934, 0.203360807805, 58, 2019
N, -100, 0.7426041620714693, 76.9783547264, 53.0246938103, 1.45881565091, 0.550779790415, 0.226732404405, 58, 2019
E, -100, 0.9864670717434921, 58.9109115552, 134.406928265, 0.44608792616, 0.275698230529, 0.0826880700568, 58, 2019
Z, 100, 0.8458813580365252, 54.3125386624, 6.6772504821, 8.89761056971, -0.390476758223, 0.357137211722, 67, 2019
N, -100, 0.8018155596241955, 109.242096271, 74.2657197792, 1.70991309907, 0.0439438617475, 2.00769891735, 67, 2019
E, 70, 0.9884535900854967, 77.5805184774, 183.858488809, 0.470700315995, -0.251597569944, 0.19229459608, 67, 2019
Z, 100, 0.2864813797164589, 29.3453838522, 5.74121923581, 4.56432099604, -1.00571526323, 1.77970331553, 70, 2019
N, -100, 0.6502972116742626, 159.693827735, 71.7367737302, 2.25551259834, -0.75179082923, 3.14847080619, 70, 2019
E, -100, 0.9941396112714582, 70.1933238059, 178.675939129, 0.364783727798, 0.0853264439548, 0.101967892712, 70, 2019
Z, -100, 0.3510959780026692, 11.6457303227, 3.26692130934, 3.22569780213, 0.858828990274, 1.71847997633, 73, 2019
N, -100, 0.3588396148145611, 140.941788659, 50.5619121452, 2.63048898047, 1.40197791843, 0.261646167806, 73, 2019
E, -100, 0.9878000350389738, 47.2685990583, 129.355758507, 0.327892613901, -0.149799371329, 0.176249877745, 73, 2019
Z, -100, 0.1363806655531835, 87.9517461206, 3.52723505346, 22.1310453941, -0.976653688888, 2.09823007313, 76, 2019
N, 100, -0.3662620266889947, 119.573594471, 23.3255932336, 3.80594614468, 2.30453836341, 1.24068111237, 76, 2019
E, 100, 0.7853035665030245, 58.3429752493, 77.2902077005, 0.716413033113, -1.03805390227, 0.352715868701, 76, 2019
Z, -100, -0.011143576283014144, 99.5000532382, 6.29965701343, 16.8915498713, -1.29682999879, 2.95032467865, 79, 2019
N, -100, 0.8007192331750365, 94.4938998436, 63.6147182913, 1.89413849893, -0.183129045028, 0.523441694498, 79, 2019
E, -100, 0.9136287457450857, 73.0737934285, 175.604756846, 0.535881490382, -0.245496952622, 2.93818696267, 79, 2019
Z, -100, -0.20236871137876217, 179.336905367, 6.64879048848, 25.218906442, -1.1364580159, 1.3932422204, 82, 2019
N, -100, 0.7190095744570767, 152.508585307, 87.7061060507, 1.62720079227, 1.04445655801, 0.272501333756, 82, 2019
E, -100, 0.8872903687638282, 81.2241200873, 229.048845865, 0.372236885603, 1.13888651842, 1.05768565961, 82, 2019
Z, 100, -0.0191103000275635, 49.7050924757, 5.02944209047, 8.00167729597, -2.49671432243, 2.70305463834, 85, 2019
N, -100, 0.6943291210736926, 143.552289749, 77.4926514097, 1.85076987294, 0.190633339552, 1.87178821927, 85, 2019
E, -100, 0.7904672536298324, 56.6042604361, 193.297394536, 0.290409976138, 1.36382961549, 1.58620120525, 85, 2019
Z, 100, 0.6124150267516174, 69.8133728332, 3.07026206721, 23.6190802611, -0.885660216094, 1.43254101646, 88, 2019
N, -100, 0.7818696848905279, 66.7987204636, 42.5357724407, 1.51866350486, 0.153590152186, 0.180613467592, 88, 2019
E, -100, 0.9801736723441516, 43.3289887068, 103.279605319, 0.42564353896, -0.127127213982, 0.0892578123845, 88, 2019
Z, -100, -0.5192203405516439, 102.0163009, 3.62227863301, 31.2724694848, -0.137219465737, 1.37858057479, 91, 2019
N, -100, 0.8496793850291757, 54.9403896371, 32.5685192827, 1.90886981707, -2.89422641244, 2.74408598165, 91, 2019
E, -100, 0.9604102549908297, 40.5205765009, 90.4101557007, 0.453196755792, -0.126887026321, 0.29770517141, 91, 2019
Z, -100, 0.4119636978921105, 5028.41801373, 6.14925141576, 710.862312012, -1.72157537598, 2.10810407854, 94, 2019
N, -100, 0.71272571133072, 91.7203023842, 62.2274176767, 1.48474236692, 1.09795883732, 0.31206449858, 94, 2019
E, -100, 0.8688645555449855, 72.9524545212, 158.312048448, 0.589026065766, 1.05483828464, 0.766302222669, 94, 2019
Z, -100, 0.5316791288285814, 113144.037047, 6.77686922521, 14731.8867316, -3.45994642406, 2.55876948476, 97, 2019
N, -100, 0.7646799344229742, 111.475186412, 76.4211629173, 1.32053633808, 0.0510593713368, 2.35301476837, 97, 2019
E, 100, 0.9377209294173293, 138.312661847, 191.697098445, 0.70661894259, -0.544871008343, 0.243114075634, 97, 2019
Z, -100, 0.46304048538390075, 618518.072403, 5.19104856541, 98733.6618907, -3.02726632839, 2.54829552758, 100, 2019
N, -100, 0.8588528141195202, 229.253469383, 69.4131336534, 2.64160988824, -0.270375888101, 2.17191992307, 100, 2019
E, 100, 0.7397690900367233, 138.678662517, 173.798101734, 0.591562667559, 0.699726949479, 1.70351909483, 100, 2019
Z, -100, -0.7529149654513232, 13699.8367901, 2.72109087308, 4493.29667163, -0.607131424268, 2.96747358554, 103, 2019
N, -100, 0.7702011179988795, 75.1884606654, 43.5962114171, 1.70399529127, 0.303865709762, 0.182924899298, 103, 2019
E, -100, 0.9450571192178294, 49.942548688, 110.894829482, 0.459654088396, 0.206385328948, 1.29822721852, 103, 2019
Z, -100, -0.37964481888568796, 121804.57032, 4.43696870807, 26702.5576522, -1.50299549258, 1.55337573826, 106, 2019
N, -100, 0.8029509928799358, 67.0127945482, 36.6555318426, 1.92862451999, -2.78362259608, 2.93592344672, 106, 2019
E, -100, 0.8898403064716035, 48.4695724669, 113.380560785, 0.42294375726, 1.03459574332, 0.908058159776, 106, 2019
Z, -100, -0.5320504179229684, 300639.642101, 6.30371041245, 42983.8848244, -1.75828994663, 1.85835970139, 109, 2019
N, -100, 0.7054505926956588, 112.335936926, 73.2104364259, 1.61312566117, 0.920215913016, 0.28945648338, 109, 2019
E, -100, 0.9833931314365848, 67.4758635287, 197.223495332, 0.33974075386, -0.264072828559, 1.28494545642, 109, 2019
Z, -100, -0.5080245493531088, 346511.9628, 6.02812522018, 48376.0990996, -1.75425773803, 1.6918981692, 112, 2019
N, -100, 0.7545068594014881, 141.46104798, 84.4209920201, 1.53693506505, -0.234977563727, 2.65508537708, 112, 2019
E, -100, 0.9800859676608078, 79.5612571143, 215.20957922, 0.378228778351, 0.125720510191, 0.0694385873976, 112, 2019
Z, 100, 0.0754803793068002, 26513.7585827, 4.43054979607, 4992.01752283, -1.08909589368, 1.42238650377, 115, 2019
N, -100, 0.7727192247845069, 96.9804103977, 66.1923856184, 1.37584623394, 0.343610658659, 1.30311081354, 115, 2019
E, -100, 0.9743959643696163, 60.048665883, 159.27267948, 0.329181910154, 0.30338959504, 1.32762363475, 115, 2019
Z, -100, 0.11480055751685968, 23.9705439679, 2.49281736669, 8.26849542931, 0.61165739571, 1.72559664991, 118, 2019
N, -100, 0.8547113855990787, 61.6752886309, 31.7230518576, 1.84081906065, 0.141522894656, 0.14835536076, 118, 2019
E, -100, 0.9461035665705549, 41.4815965272, 76.7537467177, 0.533040789545, 0.24732254608, 0.0742590928485, 118, 2019
Z, 100, 0.24658905508721737, 70.093777677, 4.19339828979, 16.428323396, -3.84552989917, 2.39104783321, 121, 2019
N, -100, 0.774327283787208, 55.2077155441, 38.638486027, 1.6065685684, 0.550543954928, 1.38651014087, 121, 2019
E, -100, 0.9681899670804519, 42.6747168322, 106.213738141, 0.400044903689, 0.409576670177, 0.136177105227, 121, 2019
Z, -100, 0.7314205392099705, 13.3459659652, 6.2216160242, 2.18010064777, -2.37841825143, 3.01548328156, 124, 2019
N, -100, 0.7731565539669417, 108.698417204, 64.5750877359, 1.65842627678, 0.708154879559, 0.120986168385, 124, 2019
E, -100, 0.9577278479596465, 65.1314027159, 166.039382228, 0.391910868591, 0.0479338342156, 1.3526076147, 124, 2019
Z, 100, 0.9178893576621937, 14.1420373049, 6.1541202938, 2.1679975019, -0.228912932282, 1.62399260198, 127, 2019
N, -100, 0.7249932227204466, 126.595049092, 74.5013444684, 1.63347784245, 0.127614126804, 2.38913648209, 127, 2019
E, -100, 0.9802442017020985, 72.0805080424, 188.612485223, 0.384615303142, 0.154765526749, 0.0654244865721, 127, 2019
Z, -100, 0.6271507601886378, 7.48543030868, 4.19827086009, 1.75468977604, -2.95870732416, 2.51976811693, 130, 2019
N, -100, 0.6956396704259727, 104.115116359, 63.2186708011, 1.5655622317, 0.149024423917, 1.82781264944, 130, 2019
E, -100, 0.9869338170225687, 57.3641850785, 158.208487651, 0.358239290026, -0.11570055105, 1.31793051107, 130, 2019
Z, -100, -0.07705742287531285, 40.3807377386, 2.02394147357, 15.305630296, -1.06326462998, 1.73504659311, 133, 2019
N, -100, 0.7516695424234048, 50.2571571627, 35.584030754, 1.38972037517, 0.549189254584, 0.261799645626, 133, 2019
E, -100, 0.9793577023657046, 39.4346269339, 94.1861810521, 0.426279079185, 0.164242706692, 0.0805151434217, 133, 2019
Z, 100, -0.257257866933714, 21.1310582318, 4.44895196869, 4.79162037464, -2.3380585815, 1.39640291108, 136, 2019
N, -100, 0.7433211692243827, 75.2948813791, 48.017084591, 1.62200675388, 0.532831995199, 1.36199949459, 136, 2019
E, -100, 0.9830863607027528, 50.9936721022, 139.896703165, 0.341727280434, 0.506776027403, 0.255636942539, 136, 2019
Z, -100, 0.6050391092823605, 31.2729767152, 5.22625069543, 4.98637112631, -3.68919651094, 2.6534632975, 142, 2019
N, -100, 0.7101915161809937, 112.776739438, 75.1587472349, 1.45023098307, -0.535655504256, 2.90683624256, 142, 2019
E, -100, 0.9933770983051948, 67.6327255744, 185.928570533, 0.366763712964, 0.168902972821, 0.0600531120899, 142, 2019
Z, 100, 0.28077070617482947, 6.72376768308, 3.77165953511, 1.40901615539, -1.6955158479, 2.63348764436, 145, 2019
N, -100, 0.7143719878265853, 74.3155546543, 55.0423578607, 1.34140636225, 0.673079224362, 0.0771523107947, 145, 2019
E, -100, 0.9975953294324644, 56.943117518, 130.697261518, 0.429251372778, -0.00521725619278, 0.0266498303025, 145, 2019
Z, -100, -0.11098226777104012, 19.8949722791, 1.65356717563, 9.2083957769, -0.846022098618, 2.07860116469, 148, 2019
N, -100, 0.7614610768307487, 34.7643876285, 26.5041948218, 1.40632654774, 0.669184833104, 0.204406938304, 148, 2019
E, -100, 0.9663107280627423, 32.5728659297, 68.7514885439, 0.458854438642, 0.163858399287, 0.22178693977, 148, 2019
Z, 100, 0.789920875986958, 6.07114549597, 5.81980299169, 1.14798391262, 2.51108659139, 2.91461681621, 154, 2019
N, -100, 0.7257483095913303, 97.7519080174, 63.9077518993, 1.55174347587, 0.672260952114, 0.125627644221, 154, 2019
E, -100, 0.9909455382025492, 64.9987429105, 165.912262241, 0.399681749191, 0.136899824798, 0.0200354638132, 154, 2019
Z, -100, -0.5752890427139558, 39.8141557524, 5.30427655273, 6.31302045631, -1.41873557899, 2.31878723036, 157, 2019
N, -100, 0.7356977584126753, 107.941173295, 71.0500646995, 1.4746302453, -0.231443674503, 2.67456721559, 157, 2019
E, -100, 0.9894645856655766, 69.4134513749, 181.662366333, 0.388150998437, 0.185757923448, 0.065632829589, 157, 2019
Z, 100, 0.8142472221895558, 14.693282497, 3.46636863073, 4.07601128701, 0.139031979115, 1.40827829456, 160, 2019
N, -100, 0.7196813149971282, 95.4628545884, 58.1131353204, 1.65179281576, 0.690773483045, 0.0553352108671, 160, 2019
E, -100, 0.9816410087251716, 62.1680916287, 147.323523489, 0.44252496008, -1.27444668509, 2.6322127037, 160, 2019
Z, 100, -0.013586013868292404, 38.4664751924, 1.92228218954, 17.2756502159, 0.215644933802, 2.30457490045, 163, 2019
N, -100, 0.6760825958626061, 55.2419396813, 34.1664184429, 1.62762390443, 0.798993708111, 0.217616487013, 163, 2019
E, -100, 0.991867055214995, 37.1637093967, 100.067087034, 0.356678864561, -0.0356474585996, 0.103811627479, 163, 2019
Z, 100, 0.5031947057052415, 69.5294403487, 3.9761852838, 15.5940684696, -0.832676140879, 0.908810769538, 166, 2019
N, -100, 0.6661943678925165, 78.5021691979, 50.9666687859, 1.53301075272, 0.534995123728, 1.3348523077, 166, 2019
E, -100, 0.9976669843097594, 57.2763571261, 141.43946044, 0.416601274286, 0.110564680168, 0.0675709806717, 166, 2019
Z, -100, -0.5170782181845568, 80.3815637741, 5.08991786751, 12.9194577936, 1.17338852068, 2.64623801789, 169, 2019
N, -100, 0.730828874749181, 106.978176912, 68.5512182326, 1.66330094523, 0.611100650602, 0.156427526342, 169, 2019
E, -100, 0.9899052269629918, 68.0365078256, 173.974563066, 0.389340469116, 0.118900724037, 0.0424907578531, 169, 2019
Z, -100, -0.22977700730140316, 34.0649529324, 4.83188645464, 5.84996615707, -1.47147382343, 1.79223326611, 172, 2019
N, -100, 0.7090608410129209, 106.777215915, 67.6672812909, 1.59325690093, -0.571034280452, 2.89899994821, 172, 2019
E, -100, 0.9899104487108472, 65.2017924271, 164.258043153, 0.40788924694, -0.152526404734, 1.33475909811, 172, 2019
Z, -100, 0.3674073429548127, 33.9419571069, 3.40040068392, 8.0115068041, -2.98681030801, 2.68635677574, 175, 2019
N, -100, 0.658082534890393, 79.6100013799, 49.6398700129, 1.58907280312, 0.625881206829, 0.159056601307, 175, 2019
E, -100, 0.9743816018716419, 44.7776969097, 119.948035783, 0.342633269854, -0.940826436552, 2.37474075289, 175, 2019
Z, 100, 0.5678739979260905, 43.8771007943, 1.73041781082, 26.5468471806, 0.196216854691, 2.95987433081, 178, 2019
N, -100, 0.5850005448157517, 45.0029497682, 26.9974266583, 1.7157007047, 0.615838486763, 1.28298003365, 178, 2019
E, -100, 0.9675589395700986, 31.0055840148, 75.0978225657, 0.415068313297, 0.191703629779, 0.0679870484056, 178, 2019
Z, -100, 0.4136221978370629, 24.1420658838, 4.20481170828, 5.62929253788, 1.9273083753, 0.8491518078, 181, 2019
N, -100, 0.649037298916891, 62.329304357, 41.364582174, 1.43984589997, 0.457620590974, 1.31638508757, 181, 2019
E, -100, 0.9897086287194012, 41.9444696051, 114.893245391, 0.369049606148, 0.190173343773, 0.0641165238415, 181, 2019
Z, -100, -0.16589173747891858, 26.6257222199, 5.51734310014, 3.88703319246, 2.32306254814, 1.43953749418, 184, 2019
N, -100, 0.7074751178265312, 97.4685497449, 63.8641806861, 1.54589367529, 0.741590745732, 0.129990322065, 184, 2019
E, -100, 0.9897723073615398, 61.4964011462, 167.630450171, 0.378721804239, 0.211913427781, 0.0721340808767, 184, 2019
Z, -100, -0.2800678897810577, 80.0831121085, 4.93764550058, 13.3365546006, -1.56654071679, 1.82321338149, 187, 2019
N, -100, 0.7217388759897078, 113.259141934, 71.282693296, 1.52939570499, -0.565035716162, 2.88843769537, 187, 2019
E, -100, 0.9897702565673675, 68.6670824784, 184.982349642, 0.377734326027, -0.138510414332, 1.32450644386, 187, 2019
Z, 100, 0.632595197777153, 14.7713771775, 3.06018615831, 4.20600134057, -1.14129379613, 0.394610066194, 190, 2019
N, -100, 0.7131705382465637, 96.3850157583, 57.9789096313, 1.64936038214, 0.594329230401, 0.157118843161, 190, 2019
E, -100, 0.9810574940008605, 53.7398220369, 151.526600605, 0.328231996344, 0.166087303319, 0.117998041439, 190, 2019
Z, -100, -0.39091066419028536, 26.6751555777, 1.67182757339, 17.4446846353, 1.9516390489, 3.42739895958, 193, 2019
N, -100, 0.6479712764039881, 57.306135619, 34.9227743644, 1.700119062, -0.0176139855932, 2.13092716094, 193, 2019
E, -100, 0.9890138644297151, 32.1877352701, 101.163387111, 0.334204724911, -0.108020476335, 0.121538958581, 193, 2019
Z, 100, 0.5774308511894857, 131.031789368, 3.96428341447, 27.5145759992, -0.893276726026, 0.818541338377, 196, 2019
N, -100, 0.6244541598418867, 71.7514372063, 50.1486908336, 1.50840561438, 0.62649398805, 1.35334113956, 196, 2019
E, -100, 0.9376778312085771, 61.4240011805, 132.479486465, 0.527434842599, -0.898176272542, 3.01178111812, 196, 2019
Z, -100, 0.6180121202408757, 48.6329467792, 5.26497220834, 7.75842512738, -0.693311367595, 1.84023930623, 199, 2019
N, -100, 0.6921723915036794, 97.304548269, 66.7835859125, 1.41734539729, 0.948404322074, 0.0840085091764, 199, 2019
E, -100, 0.9697723112657908, 62.1695154969, 165.691451257, 0.386935836107, 0.425640036375, 0.202580588135, 199, 2019
Z, 100, 0.9392897871603793, 8.63746086727, 5.09087014881, 1.61101827306, 0.135062647813, 0.74407402508, 202, 2019
N, -100, 0.6946049299324837, 100.65638722, 66.0932376172, 1.39452277592, -1.02496010296, 2.90864266878, 202, 2019
E, -100, 0.9846122931639962, 61.8348991961, 160.766451974, 0.379317866572, 0.244054203856, 0.061503159049, 202, 2019
Z, 100, 0.5306353277697722, 11.3973515496, 3.29916196112, 3.10710068172, -1.14980834483, 1.30263399635, 205, 2019
N, -100, 0.6742302048464232, 81.8711223958, 49.1200148415, 1.62602155025, 0.50585466583, 0.219425168696, 205, 2019
E, -100, 0.9707690070066916, 51.6844144072, 122.865912848, 0.427942212833, 0.352925526384, 0.127711269824, 205, 2019
Z, -100, 0.12490244059914989, 73.5429001881, 1.80735691089, 45.2455239466, 0.166382357801, 2.99940442435, 208, 2019
N, -100, 0.6071528839120285, 52.2851243582, 26.7624798879, 2.00439716401, 0.387816714799, 1.26794964953, 208, 2019
E, -100, 0.9430651548820189, 29.4766933493, 76.6261124653, 0.412295580731, 0.2208978862, 1.2009254505, 208, 2019
Z, 100, -0.29496063486180146, 29.3490922577, 4.62654951525, 5.29255647002, 0.809840585317, 2.72183338808, 211, 2019
N, -100, 0.57151889207643, 63.6420052754, 42.8649814292, 1.66196845937, 0.768927876805, 1.3665783046, 211, 2019
E, -100, 0.9016729702075187, 46.6142970869, 120.676992478, 0.442959241396, 0.250109794568, 0.514047243776, 211, 2019
Z, -100, 0.6986775649924434, 54.1719124701, 5.92681100278, 7.77519399321, -1.12962309065, 2.13557862703, 214, 2019
N, -100, 0.675647915242157, 105.645980199, 70.1540384382, 1.48518608441, 0.871963704924, 0.0821286391577, 214, 2019
E, -100, 0.9948834501224708, 68.4467721552, 185.919632909, 0.370757612432, -0.047175174916, 0.0872832279622, 214, 2019
Z, -100, 0.38921596317267576, 48.5571775048, 5.22469183551, 7.65838967891, -3.07030264972, 2.58929381464, 217, 2019
N, -100, 0.6873118018932277, 126.788849772, 77.2632051584, 1.63998526606, -0.863750177352, 3.0402561461, 217, 2019
E, -100, 0.9806211249361736, 88.8984291826, 201.488217556, 0.488859224172, -0.359971781473, 1.16611935137, 217, 2019
Z, 100, -0.14865702754451227, 57.2712918281, 2.50206808842, 19.5123621017, -2.56777605653, 2.68723735848, 220, 2019
N, -100, 0.5951138069419385, 101.885638513, 56.9568752815, 1.8688859262, 0.930640683586, 0.213854488183, 220, 2019
E, -100, 0.9616216136293751, 65.4430637648, 150.228653646, 0.450440601076, 0.436114544567, 0.156799546039, 220, 2019
Z, 100, 0.3228174788527577, 59.3550768274, 2.18539459285, 23.813757476, -1.31913377578, 0.618455758032, 223, 2019
N, -100, 0.5028521580226535, 37.2779043222, 28.7496872369, 1.27601112377, -2.32058510705, 2.91218149516, 223, 2019
E, -100, 0.9870203476886403, 28.3399916525, 81.8171123058, 0.355903646193, 0.135069034597, 0.0710798456544, 223, 2019
Z, 100, 0.3900328848416213, 49.6371326819, 4.75251235446, 8.67432997627, -0.718880785953, 0.777579978994, 226, 2019
N, -100, 0.6908408860599133, 73.1140939664, 53.2475721123, 1.36960798281, 0.724730742165, 0.264843041323, 226, 2019
E, -100, 0.9924240490558525, 53.1194821654, 136.25344544, 0.41574687825, 0.257053972045, 0.19425798289, 226, 2019
Z, 100, 0.24507684352797351, 17.9592292074, 5.51918577361, 2.83657190946, -1.59201455186, 1.08329621301, 232, 2019
N, -100, 0.6623762437509758, 109.717960235, 68.0232480562, 1.63478282438, -0.891683065496, 3.00078622282, 232, 2019
E, -100, 0.9886214230390726, 76.0897617367, 167.353117066, 0.491762168019, -0.566963535554, 1.74844090314, 232, 2019
Z, 100, 0.300807572877587, 43.7161429614, 2.92986906241, 13.7513772467, -1.25384845437, 0.353313062104, 235, 2019
N, -100, 0.574404380018992, 85.0269038178, 48.3625301959, 1.81322483238, 0.881700538231, 0.178082859829, 235, 2019
E, -100, 0.9651777136208777, 59.8913319496, 123.920378774, 0.503648636187, 0.411373861843, 0.175067958722, 235, 2019
Z, 100, -0.21221866783296703, 24.5566165717, 2.69728284833, 9.23474639887, 0.758184755166, 1.91407035335, 238, 2019
N, -100, 0.36631852251197605, 37.5614691814, 22.6455225996, 1.66417002068, 0.85965234284, 1.70140211728, 238, 2019
E, -100, 0.9659831581625026, 26.4107690423, 67.5407328848, 0.381351161003, 0.302478829605, 0.128758177016, 238, 2019
Z, -100, -0.3835095738483031, 44.5431688135, 6.62343418019, 5.63649093012, -1.54930852964, 2.30604603831, 244, 2019
N, -100, 0.7108597111656697, 125.756158892, 81.9324701172, 1.54739048785, 0.838999256532, 0.125907105004, 244, 2019
E, -100, 0.9977941190324912, 86.2226863686, 217.194342037, 0.397143361901, 0.0905121825311, 0.0503737961841, 244, 2019
Z, -100, 0.17060417209836584, 51.8767001132, 1.66432206291, 32.3941412228, -2.46378756624, 2.28974670978, 250, 2019
N, -100, 0.6489890853840966, 82.5512656534, 48.2997355983, 1.72888544904, 0.681704388434, 0.265080407674, 250, 2019
E, -100, 0.9775362208943245, 49.9422687917, 126.167058183, 0.38707644826, 0.109944182417, 0.0405469481411, 250, 2019
Z, 100, 0.4158827497445284, 27.1901327229, 3.2556818827, 7.24447376802, -0.904858648929, 0.704629545366, 253, 2019
N, -100, 0.6249205622452363, 39.2801494384, 31.0113502773, 1.1295360564, -1.79032370021, 2.67589308292, 253, 2019
E, -100, 0.9863720176739172, 31.74803006, 87.2639702081, 0.351720925607, 0.315343427811, 0.136611045412, 253, 2019
Z, 62, -0.4979335368640526, 79.4117605676, 5.79848080261, 11.961047719, 0.940341427099, 2.58655520405, 256, 2019
N, -100, 0.7259938606475734, 84.3602965287, 60.6073545162, 1.41062505353, 0.590512975885, 0.16898130858, 256, 2019
E, 100, 0.9946785944018615, 61.2718220439, 153.52882842, 0.390977137718, -0.271995100688, 0.157330551898, 256, 2019
Z, 100, 0.15513836789151475, 14.8110383366, 6.69439153458, 2.04234296306, -1.5559661801, 1.57723518393, 259, 2019
N, -100, 0.6835969314364866, 111.236761796, 74.9642516127, 1.46681809268, 0.394683842187, 2.01395642397, 259, 2019
E, -100, 0.998220836153972, 77.6113322155, 185.893507257, 0.420685649103, 0.0504169278167, 0.0175603322308, 259, 2019
Z, -100, 0.4334312164179633, 94.385589998, 5.3640874435, 14.8953261547, -3.01256890086, 2.53584354907, 262, 2019
N, -100, 0.6674466489175233, 106.653490096, 68.2389558193, 1.48507448519, -0.973008718989, 2.91570185618, 262, 2019
E, -100, 0.9923858929452987, 70.7425654626, 169.645043427, 0.391670051501, 0.188958125883, 0.0822342287344, 262, 2019
Z, -100, 0.7829402436759708, 25.2100127703, 1.82292686113, 16.696659803, 0.766369597632, 0.296210025991, 265, 2019
N, -100, 0.5721895852607911, 77.3050133229, 43.6930774615, 1.79071134617, 0.830462080914, 0.200448219228, 265, 2019
E, -100, 0.9814615033664095, 48.8705354145, 114.074060212, 0.432562441563, 0.281220744595, 0.100451845928, 265, 2019
Z, 100, -0.009425954752408127, 31.5279066464, 4.09587336876, 6.72250497983, 0.705921101059, 2.24864540646, 268, 2019
N, -100, 0.5324298649929945, 37.4431303879, 26.9279327915, 1.38253948336, -0.975652821522, 2.90733200035, 268, 2019
E, -100, 0.9682476090961903, 29.7677985548, 85.5413232728, 0.355236315966, 0.589883661275, 0.507180299773, 268, 2019
Z, -100, 0.5592577333633227, 38.8278572078, 6.64042051449, 5.8059974688, -0.765029270674, 1.02553808766, 271, 2019
N, -100, 0.6706347679402256, 99.7948936379, 67.6763811122, 1.490368639, 0.808974605516, 0.274504547618, 271, 2019
E, 53, 0.9990009541084207, 69.2624319318, 185.993568151, 0.369913038167, -0.108488592804, 0.0655425392304, 271, 2019
Z, 100, -0.3740554388339222, 22.9174071431, 6.56787546623, 3.40645059172, -1.92115040571, 2.81378930041, 274, 2019
N, -100, 0.7037475727595786, 139.825968483, 88.6119637078, 1.57029377181, 0.942952411924, 0.221296037045, 274, 2019
E, -100, 0.9958819406409375, 92.6054184662, 231.540503296, 0.396511489892, -0.0185509065708, 0.046319125316, 274, 2019
Z, 100, 0.0642961754813337, 38.9430026818, 4.14710168161, 8.78869996775, -1.21162616978, 1.73383699488, 277, 2019
N, -100, 0.6813852062258693, 124.945746705, 73.7857714485, 1.66613819403, -0.103167425513, 2.21406925715, 277, 2019
E, -100, 0.9819513641699671, 79.3601064539, 184.656953231, 0.444941686534, -0.435045944334, 1.80053204041, 277, 2019
Z, -100, -0.16371483161051578, 41.3925084898, 1.34152609696, 34.0729886954, -0.323057935895, 2.96094429017, 280, 2019
N, -100, 0.5855273555172279, 61.0896091888, 35.3323653631, 1.75060209018, 0.88888329955, 0.315754598785, 280, 2019
E, -100, 0.9147489227860556, 39.0198800204, 91.9761127701, 0.41657323601, 0.352078014284, 0.0990392915613, 280, 2019
Z, 100, 0.6349958754052497, 73.6868690068, 6.43961021161, 10.4395220059, -0.808087615647, 1.42353253468, 286, 2019
N, -100, 0.6761675909524164, 101.638824218, 66.5820140462, 1.46777626396, 0.898105092361, 0.239000902983, 286, 2019
E, -100, 0.9638919579996494, 78.93645068, 168.233083875, 0.50658743352, 0.187509983862, 0.125889735826, 286, 2019
Z, 100, 0.1573652656981197, 9.23441885783, 6.58890669806, 1.32736052611, -1.67620572178, 1.71559662626, 289, 2019
N, -100, 0.5257061612136872, 128.706767168, 76.1335077056, 1.94145235119, 0.0752942290168, 2.49813014458, 289, 2019
E, -100, 0.8839923835306441, 70.4112942101, 189.342306842, 0.404457501845, 1.02877838028, 0.86443735711, 289, 2019
Z, 100, 0.03013873112769582, 796.265754642, 4.36807593697, 219.920458824, -0.0241413103499, 2.24890885723, 292, 2019
N, -100, -0.8801256265647128, 4303.73588888, 64.4100187328, 45.4604437986, 0.879748347265, 2.97603417846, 292, 2019
E, -100, 0.7432457280409386, 433.32623262, 160.394869071, 1.98394229204, 0.0482474631083, 0.887034625706, 292, 2019
Z, 100, 0.37072459876579295, 19053.1929067, 1.61054957572, 9261.19446994, 0.665231896414, 2.29497895909, 295, 2019
N, 100, 0.23609864286431798, 5776.18529663, 35.6403060774, 117.792733118, 2.2222775934, 2.75643441362, 295, 2019
E, -100, -0.4078468575278409, 302.430821185, 95.9197661749, 2.12642441931, -2.73913986068, 2.78148088607, 295, 2019
Z, 100, 0.09272643034622736, 33.9498666003, 4.95206054972, 5.42764940476, 0.95752664757, 2.72375904122, 298, 2019
N, -100, 0.5178123300872076, 56.1591747982, 40.9182477415, 1.53731700855, -0.88383341494, 1.06811112957, 298, 2019
E, 100, 0.7989404121948215, 78.1093143961, 123.774302092, 0.746385715687, 0.116926591557, 1.06611493364, 298, 2019
Z, -100, 0.8601452479195558, 35.7016213946, 6.46804409528, 5.5666082555, 2.62880858783, 3.89740426097, 301, 2019
N, -100, 0.5556189516617686, 113.451649743, 76.8538820336, 1.71626163914, 1.32609052858, 0.499536226373, 301, 2019
E, 100, 0.7792710541829418, 84.746536791, 206.497953862, 0.51100822673, -1.67945829909, 0.973906998664, 301, 2019
Z, -100, 0.5715160668628259, 65.3931705272, 5.59206739047, 10.5852270053, -3.17626700602, 2.4373028608, 304, 2019
N, -100, 0.7054664737776865, 134.002666477, 84.453379742, 1.49180141278, 0.126843640459, 2.37192763424, 304, 2019
E, -100, 0.9794456597673264, 85.2810383667, 215.180883935, 0.411139153419, 0.183258460091, 0.0682378962246, 304, 2019
Z, -100, 0.643407247739875, 14.1796852817, 2.97819337044, 4.80140005293, -2.74276238904, 2.42609278697, 307, 2019
N, -100, 0.6595675048963179, 106.623886658, 61.4853633665, 1.52907058467, -0.231096689023, 2.07973398279, 307, 2019
E, -100, 0.8694119284565116, 78.066182609, 150.368903514, 0.524975143284, 2.26607377641, 3.466774395, 307, 2019
Z, -100, 0.020567317363430475, 34.5239244517, 1.75086134325, 18.068283217, 1.05751455505, 0.647775202361, 310, 2019
N, 100, -0.49316923913312183, 104.85977767, 25.8125936299, 3.49122300371, 2.00473673632, 0.373256938479, 310, 2019
E, 100, 0.12074600272089676, 154.707738107, 68.8941538779, 1.80596138765, -1.76893647068, 0.347918128826, 310, 2019
Z, 100, -0.08785743880525994, 113.049941605, 4.64766194078, 24.6064619515, 0.436935968025, 2.78864330771, 313, 2019
N, -100, 0.7851135507745014, 56.350568616, 44.2308292189, 1.19586368821, -0.467725909785, 1.27042530438, 313, 2019
E, 25, 0.9709109255774111, 52.1468997131, 118.308077541, 0.417215803545, 1.44691953084, 1.62072351661, 313, 2019
Z, 100, -0.33267296171932376, 89.2618020967, 6.30399595607, 14.2534551162, 1.70138184801, 1.8295870068, 316, 2019
N, -100, 0.6252708440832326, 87.8622558086, 67.5899818074, 1.34252364108, 0.807800736898, 0.154460290104, 316, 2019
E, 100, 0.9606918429058766, 69.8214625983, 170.878935676, 0.433570505127, -0.658423759137, 0.417094519687, 316, 2019
Z, -100, -0.30149631428533324, 59.1927797134, 5.77082445143, 9.02384886159, -1.47290227646, 1.651552982, 319, 2019
N, -100, 0.6594962689108652, 98.0501474074, 73.1013306738, 1.32937112444, 0.224055179365, 2.40770285395, 319, 2019
E, 100, 0.9822395958205342, 87.0421265665, 182.516775853, 0.510341018124, -0.339096205777, 0.179105653257, 319, 2019
Z, 100, 0.42407504724015377, 16.8290279338, 3.00559927076, 5.71770901563, -0.524598910734, 1.6962266299, 322, 2019
N, -100, 0.6669249185258187, 85.5370514473, 58.1727530043, 1.36360848403, -0.438475844448, 2.44171721076, 322, 2019
E, -100, 0.9902763851888846, 68.9176452241, 146.33559398, 0.50043654095, -0.630269591422, 1.76837102682, 322, 2019
Z, -100, -0.2540036503277455, 73.9453025457, 2.16965763916, 28.465080353, -2.31058319016, 0.607926291781, 325, 2019
N, -100, 0.7295878509365812, 48.0442691149, 30.1351703667, 1.61100433719, 0.320841245642, 0.180285099663, 325, 2019
E, -100, 0.9508282064642102, 34.6179808199, 86.6535037709, 0.366221721542, 0.166257706169, 0.106057398861, 325, 2019
Z, 100, 0.6772849994701036, 11725.180871, 5.49415854549, 1692.86198204, -2.01034348177, 2.66672659814, 331, 2019
N, 100, -0.6671460764160396, 330.961687674, 75.2713611467, 3.39869180226, 0.772191697521, 1.77044952343, 331, 2019
E, -100, -0.013608561434806182, 736.405202741, 196.726174139, 2.79167083026, 0.0411421226459, 1.27583600328, 331, 2019
Z, -100, 0.021520847997392952, 84.633176991, 2.28551363444, 34.97170406, -2.273117401, 2.75808432034, 337, 2019
N, -100, 0.6129422525358902, 67.6546005214, 51.9569359449, 1.28767794419, 0.894364781975, 0.0930481775702, 337, 2019
E, 100, 0.8822412603372806, 42.6182394095, 127.087572878, 0.29492589575, -1.42585191025, 1.2026584894, 337, 2019
Z, -100, -0.37989403388955373, 51.4921634976, 1.84311010405, 24.7889346646, -2.34133138613, 0.567168768698, 340, 2019
N, -100, 0.7425428117234004, 42.6801640234, 24.4344330973, 1.75252723101, -0.0759189626293, 1.31495116874, 340, 2019
E, -100, 0.9135550646287283, 30.3028862893, 67.3376292769, 0.431301047529, -0.0113298993462, 1.30287217355, 340, 2019
Z, -100, 0.2937012369440199, 186.315165495, 4.46146277597, 42.042208695, -1.25517816158, 0.921392639065, 343, 2019
N, -100, 0.3675423964150071, 76.8340565185, 43.8395376038, 2.01795647545, 0.906560820495, 1.48070373883, 343, 2019
E, 100, 0.9053691869215676, 38.6007757914, 117.335008254, 0.321453462148, -0.572716785422, 2.14380813903, 343, 2019
Z, 100, -0.5565949863099937, 121.430814009, 5.73034187853, 20.9153267796, -0.929960939121, 2.62292342726, 346, 2019
N, -100, 0.724647582820694, 88.0566721358, 64.7026451943, 1.37924548602, 0.417626425523, 0.223405052597, 346, 2019
E, -100, 0.9902257083205098, 62.0948308753, 164.727680849, 0.396565313572, 0.287766797983, 0.137562445559, 346, 2019
Z, 100, 0.4542068994950978, 4727.78767981, 4.96059033952, 759.042772986, -0.96158387468, 1.55805546379, 349, 2019
N, -100, 0.7018872498028881, 94.8026947776, 69.9032395066, 1.18324533667, 0.904995887107, 2.56727459376, 349, 2019
E, 100, 0.9554347658813963, 87.7906212928, 176.571282667, 0.558676456432, -0.556278276651, 0.257502486003, 349, 2019
Z, -100, 0.8016645272685378, 9573.78686089, 2.4424858246, 3083.67278354, 0.537330261784, 1.4889929902, 352, 2019
N, -100, 0.7461443692616322, 90.5006275362, 55.5373966906, 1.46102764448, 0.0642646520377, 1.23687772879, 352, 2019
E, -100, 0.9892837135977135, 57.9882199544, 144.016171835, 0.419456188403, -2.28512921906, 3.01187695923, 352, 2019
Z, -100, -0.22739139479105946, 50.8085392563, 3.9316653723, 14.3432189143, 0.517514233461, 3.01909486652, 358, 2019
N, -100, 0.5053464127097674, 66.7282406832, 50.5624634857, 1.26104048842, 0.333322386636, 1.27724400574, 358, 2019
E, 100, 0.9860818340549485, 55.6032272163, 140.686700623, 0.422947531532, -0.0111677857817, 0.205810790078, 358, 2019
Z, -100, -0.24719116985338294, 59.8105036388, 4.97371929535, 11.4825422969, -1.39658390109, 1.58796225018, 361, 2019
N, -100, 0.6088470432410316, 110.46625594, 69.920814494, 1.57543449883, 1.27187960407, 0.334751101012, 361, 2019
E, -27, 0.9921977118412968, 63.7019733509, 177.089870979, 0.371771264348, -0.273775610928, 0.214280870708, 361, 2019
Z, -100, 0.705165004248986, 23.1420716931, 4.50915384434, 4.82095550049, 0.74506327473, 1.063993228, 364, 2019
N, -100, 0.7581152818699648, 97.072176641, 69.2391610811, 1.24336032012, -0.763390394503, 2.67718654956, 364, 2019
E, -100, 0.9898024667248873, 73.7208924979, 169.092438372, 0.449522721306, -0.398532484392, 1.28239812174, 364, 2019
