Chan, Phase Shift, Correlation, ptp-data, ptp-synthetic, rat, phasem, phasestd, DOY, Year
Z, 100, 0.9969103217518461, 114.662621706, 114.09650386, 0.986946514539, -0.0846635903977, 0.0351950083609, 1, 2019
N, -100, 0.9974674708967751, 44.2305556136, 36.3338110323, 1.18684478333, -0.00133874245366, 0.287700944909, 1, 2019
E, -100, 0.9487702464283851, 78.4858847662, 76.5423808961, 1.05853640065, 0.378090124039, 0.255760937757, 1, 2019
Z, 100, 0.9991820550075269, 178.391265129, 167.549610513, 1.06093129119, -0.0873234218013, 0.0247725633378, 4, 2019
N, -100, 0.9751919642754702, 53.5457657613, 41.4274728018, 1.27903849845, 0.073463598077, 0.0778252238676, 4, 2019
E, -100, 0.9859043783719742, 78.6959354551, 103.117940013, 0.797274134498, 0.191763528146, 0.0839040681065, 4, 2019
Z, 44, 0.9999235112963696, 197.196819187, 183.597619494, 1.07496335795, -0.0221298199486, 0.00817014384959, 7, 2019
N, -100, 0.9349677598521715, 54.089199085, 48.1607569522, 1.15740903337, -0.0481411266957, 1.24654352256, 7, 2019
E, 100, 0.9959374626311013, 87.9173901184, 110.690786043, 0.793857688316, -0.0169336152544, 0.0386897553146, 7, 2019
Z, -100, 0.999428976746489, 167.805350952, 156.739821864, 1.06910012402, 0.00589548556949, 0.0120488133014, 10, 2019
N, -100, 0.9133417811851268, 44.9501161721, 47.5023948191, 0.949330601622, -1.87998051045, 2.93250182838, 10, 2019
E, 100, 0.9708481657191664, 88.7810259654, 95.0704897291, 0.929563013122, -0.243779229314, 0.0994094350524, 10, 2019
Z, -100, 0.9959544595552524, 103.441388856, 100.277572457, 1.02855930347, 0.0740108842126, 0.0231307865417, 13, 2019
N, -100, 0.9637021187293263, 30.1165431378, 40.0214643319, 0.770516556693, 0.324064020986, 0.144687929672, 13, 2019
E, 100, 0.9772737284985216, 80.4160099925, 65.1070031163, 1.22673624195, 0.0721674904469, 1.35190505267, 13, 2019
Z, 100, 0.9965492775652047, 90.0185501271, 93.0053887615, 0.947537864584, 0.0150027602138, 0.0625959778673, 16, 2019
N, 68, 0.9887403108038537, 36.7198408258, 33.5189361581, 1.02761996011, -0.014002145087, 0.388279343315, 16, 2019
E, -100, 0.9625861923279252, 79.5455222816, 65.752711559, 1.2459225281, 0.162525352782, 0.39397630847, 16, 2019
Z, 100, 0.9987129982258799, 191.247851532, 181.706774801, 1.04419929973, -0.0837392651194, 0.0157640688538, 19, 2019
N, -100, 0.9718697524308262, 61.1100964534, 46.0505282998, 1.29248016276, 0.0911891552189, 0.101499336304, 19, 2019
E, -100, 0.9756870466166485, 92.2783614749, 113.246117532, 0.856717609806, 0.218286362248, 0.0978754411211, 19, 2019
Z, 100, 0.9998916361053914, 242.832986242, 228.347113627, 1.06495217762, -0.0397561192387, 0.0159457710146, 22, 2019
N, -100, 0.9342900431848651, 70.5431470136, 61.8565218095, 1.18397863759, -0.0230407159852, 1.20851874271, 22, 2019
E, 100, 0.998223373259238, 117.206613614, 140.835641647, 0.825058179392, 0.0386929958984, 0.0530352508695, 22, 2019
Z, -100, 0.9994319367503602, 206.559855845, 193.733439285, 1.06414805919, -0.00602022873968, 0.0119315670714, 25, 2019
N, -100, 0.9387444160597753, 62.691586333, 62.3471873704, 1.0068624591, 0.456720063058, 0.160590441292, 25, 2019
E, 100, 0.9816002012497417, 110.848724143, 121.202444585, 0.918525401086, -0.141633761527, 0.07800441121, 25, 2019
Z, -100, 0.9958183922275398, 102.475561666, 101.301673758, 1.00738164511, 0.090248067482, 0.0269548354152, 28, 2019
N, -100, 0.9903202626684824, 41.0802425882, 46.14790463, 0.912953464064, 0.194284143231, 0.127431841697, 28, 2019
E, 100, 0.9848718209271748, 84.6874533564, 69.2546584889, 1.1939886897, -0.209577350919, 0.167665367899, 28, 2019
Z, 100, 0.996000942326526, 108.922823551, 106.178951508, 0.999765208755, -0.0717088510813, 0.0357031285027, 31, 2019
N, 60, 0.9925551722724067, 41.7146651362, 30.8284869829, 1.27063158818, -0.111234520575, 0.319831253711, 31, 2019
E, -100, 0.9451575394800121, 68.9236680495, 69.6272550586, 1.0552727125, -1.17692633518, 2.78822576099, 31, 2019
Z, 100, 0.9992803470150242, 181.82261997, 169.979601695, 1.06736193829, 0.212392192531, 1.33671314753, 34, 2019
N, -100, 0.9692477843579089, 54.1927961381, 39.7017960445, 1.37012527036, 0.0866624665278, 0.101475628912, 34, 2019
E, -100, 0.9885195652233909, 76.2771102262, 102.992682393, 0.763753230081, -0.117953465436, 1.30909994001, 34, 2019
Z, 87, 0.999867824512016, 209.530336186, 194.045790696, 1.07734419439, -0.0329819643699, 0.00964255342732, 37, 2019
N, -100, 0.9139675159506696, 55.7317782696, 49.4608510233, 1.16480856783, 0.0413129202006, 1.31531614437, 37, 2019
E, 100, 0.9964758972198207, 89.9148592452, 116.132832375, 0.774520340152, -0.0189983928155, 0.0327093512792, 37, 2019
Z, -91, 0.999642311598544, 184.401945889, 170.758972105, 1.07869452685, -0.00902938178669, 0.0144307506732, 40, 2019
N, -100, 0.9112870518397267, 47.7847183307, 50.3412502207, 0.95337846666, 0.533983608351, 0.174383491041, 40, 2019
E, 100, 0.9684091939040083, 87.9601068728, 102.994467483, 0.849505904269, -0.219142477102, 0.0775960495133, 40, 2019
Z, -100, 0.997265901748496, 111.073328323, 107.019446287, 1.0365037919, 0.0471673643502, 0.0189788618068, 43, 2019
N, -100, 0.9727788341283559, 34.6983753408, 42.0041528401, 0.840746769538, -0.0588132551891, 1.36044338598, 43, 2019
E, 100, 0.9591412584740554, 79.9735863497, 68.8291876317, 1.13018167728, 0.0396187328488, 1.35621752695, 43, 2019
Z, 100, 0.995905886207876, 102.282551978, 102.961486644, 0.964367831621, -0.0232775509948, 0.0522516738597, 46, 2019
N, -65, 0.9887719309532678, 43.255326411, 33.5259477923, 1.17299184933, -0.201942628952, 0.965155898095, 46, 2019
E, -100, 0.9523538367548989, 76.4911897841, 70.9568473869, 1.15367425911, -0.187395446842, 1.31085126183, 46, 2019
Z, 100, 0.9993126041583791, 221.93606839, 210.061107386, 1.04688220975, 0.221401478805, 1.33276113449, 49, 2019
N, -100, 0.9564754849826586, 64.5685852409, 51.0540653253, 1.26281658512, -0.145823890517, 1.23055252535, 49, 2019
E, -100, 0.9876704516309465, 106.003902548, 129.035947929, 0.857374665601, -0.110282755345, 1.3004050154, 49, 2019
Z, 6, 0.9998868573985434, 264.767889362, 246.956938703, 1.06893510988, -0.0199450818345, 0.007727266242, 52, 2019
N, -100, 0.9312805380138744, 74.6745045724, 66.8320457348, 1.14519940884, 0.0518619857285, 1.31353634893, 52, 2019
E, 100, 0.9955365047179983, 120.378563141, 150.967687207, 0.807985406407, -0.0192766365408, 0.0378736052371, 52, 2019
Z, -100, 0.9989577321395147, 198.041825546, 184.905922704, 1.07211684982, -0.00338397034809, 0.0157155250552, 55, 2019
N, -100, 0.9524767838110046, 58.0335603061, 61.4965452185, 0.937954696314, 0.385510190732, 0.0988721224623, 55, 2019
E, 100, 0.969722714769528, 108.238872551, 115.540479629, 0.94140428522, -0.187775424252, 0.058673914835, 55, 2019
Z, -100, 0.9856300122289399, 76.9264542999, 74.4716872068, 1.01239479543, 0.134938820511, 0.0524781710754, 58, 2019
N, -66, 0.9878338759477037, 32.3501647054, 39.2820908231, 0.868660246884, 0.183965414662, 0.188620107139, 58, 2019
E, 100, 0.9661693365059532, 73.287169723, 52.0362934208, 1.32534176993, -0.293645087506, 0.2485363003, 58, 2019
Z, 100, 0.9957692418898124, 125.008945848, 118.51168651, 1.03152031205, -0.124383233711, 0.0439270353528, 61, 2019
N, -100, 0.9869897058643964, 40.7111840575, 28.1078302895, 1.35982731927, -0.34216365372, 1.32187204135, 61, 2019
E, -100, 0.9380061644775084, 67.1784920402, 74.3860672556, 0.968546062493, 0.324600102195, 0.132591240772, 61, 2019
Z, 100, 0.9994251028004274, 200.658131898, 187.129166241, 1.0698359457, -0.0901936079927, 0.0428019743983, 64, 2019
N, -100, 0.9303523779105182, 52.9910219117, 42.5446138239, 1.2762858363, -0.0783104254257, 1.23258170345, 64, 2019
E, -100, 0.9937412574022263, 87.2415230691, 112.006382269, 0.795978618051, 0.159834607602, 0.0721069196282, 64, 2019
Z, 100, 0.9998279398937447, 224.703782917, 209.609075136, 1.06774815007, -0.0362993802206, 0.00890551057382, 67, 2019
N, -100, 0.9145933632627278, 56.6567155462, 53.1857502855, 1.08637406144, 0.109756916419, 1.31877892544, 67, 2019
E, 100, 0.9981871434804773, 97.5812264372, 124.677261113, 0.7954702164, 0.0430712424184, 0.0310019797744, 67, 2019
Z, -60, 0.9994331722705763, 189.43833035, 175.380549352, 1.07881229983, -0.0254361797396, 0.0199448524946, 70, 2019
N, -100, 0.929527102887695, 48.0087608601, 52.4682656225, 0.906268213682, 0.504284743515, 0.153497366751, 70, 2019
E, 100, 0.9720915018904465, 89.7079131317, 105.754525738, 0.850430806129, -0.1781728195, 0.0692469324904, 70, 2019
Z, -100, 0.9921981243901307, 100.893405065, 93.8882195794, 1.06356064647, 0.0491102174177, 0.038007966055, 73, 2019
N, -100, 0.9857176060802878, 34.7462990196, 40.5080384006, 0.877539621929, 0.235328775897, 0.15107955834, 73, 2019
E, 100, 0.9565244423326759, 72.2502715375, 61.9374680035, 1.13977321157, -0.31776009191, 0.184364193441, 73, 2019
Z, 100, 0.9961815064279463, 144.567792171, 139.827120823, 1.00388894614, -0.0290152932063, 0.0480702870963, 76, 2019
N, -100, 0.9836328610522723, 52.2712280816, 36.62049602, 1.33510278333, -0.153198411348, 1.14070177664, 76, 2019
E, -100, 0.9539057386229749, 84.4902601212, 90.503294036, 1.01175224832, -0.988166767671, 2.45089282472, 76, 2019
Z, 100, 0.9996744991367015, 252.778722478, 239.220399463, 1.05520783423, 0.219223851187, 1.33596186056, 79, 2019
N, -100, 0.93872207791737, 70.6655485612, 58.301631642, 1.24399835456, -0.0384222132824, 1.24264986599, 79, 2019
E, -100, 0.9947932045457079, 119.463099009, 145.738784621, 0.840096550297, -0.159159022088, 1.33373794121, 79, 2019
Z, 25, 0.9998152025042056, 258.161054631, 242.073593954, 1.06218372191, -0.028101705215, 0.00942119681856, 82, 2019
N, -100, 0.9375833779215038, 72.3786078712, 67.2454054994, 1.09933018587, -0.194871230216, 1.82229876571, 82, 2019
E, 100, 0.9954506500863851, 118.614044264, 146.882680414, 0.812350894361, 0.289427325586, 1.33351624695, 82, 2019
Z, -100, 0.9987136536551872, 164.992904906, 152.18161753, 1.0845096452, -0.022477239073, 0.0230103975802, 85, 2019
N, -100, 0.9679424590483202, 51.380183486, 54.3302183826, 0.938678351052, 0.310259183183, 0.0817108835719, 85, 2019
E, 100, 0.9558703273910545, 84.2166085481, 95.3604660662, 0.893799114456, -0.223215961912, 0.0675031371589, 85, 2019
Z, 100, 0.9816836543807685, 48.9096114617, 51.0018729043, 0.97532261566, 0.168807187869, 0.136784379763, 88, 2019
N, 100, 0.9787340088565905, 31.648529174, 31.3442905799, 1.00736209745, 0.0900668915738, 0.399008307622, 88, 2019
E, -100, 0.9544609397862693, 56.7706985779, 39.218624407, 1.29017297981, -0.272177775375, 0.389144793334, 88, 2019
Z, 100, 0.9973046824099501, 145.992665932, 138.326814508, 1.04294566301, 0.180701028216, 1.33341333447, 91, 2019
N, -100, 0.9743658383438485, 44.906068521, 31.075506534, 1.44355666786, 0.0453003343948, 0.167754838018, 91, 2019
E, -100, 0.9578995351624523, 71.7493319646, 85.2865974077, 0.889668903589, 0.00160989735344, 1.37258277788, 91, 2019
Z, 100, 0.9996036210764915, 216.144681579, 202.806627261, 1.06301324768, -0.0787921040336, 0.0361992443477, 94, 2019
N, -100, 0.9203534082711087, 56.5839942268, 47.0024378388, 1.24658235734, -0.0432550335087, 1.24886193845, 94, 2019
E, -100, 0.9956910491967885, 94.0361972495, 121.239715878, 0.780289637651, -0.128336150089, 1.35840793837, 94, 2019
Z, 56, 0.9997278539317414, 227.893933151, 213.117622476, 1.06372847037, -0.0417901108947, 0.0144903525007, 97, 2019
N, -100, 0.911307085415244, 58.0463350098, 55.9072726944, 1.06472485764, -0.125183414625, 1.82584287369, 97, 2019
E, 100, 0.9954195773503838, 98.076029269, 127.319715771, 0.773535227489, -0.0133109059411, 0.0463312252589, 97, 2019
Z, -100, 0.9991834118119061, 171.940312804, 159.873201549, 1.07355103174, -0.0150200536465, 0.0173754620127, 100, 2019
N, -100, 0.9497218465412247, 47.0627788983, 51.3461907975, 0.914120328664, 0.41775156234, 0.105838419373, 100, 2019
E, 100, 0.961312614696178, 84.2317568388, 97.6899783792, 0.863513619812, -0.209637595545, 0.0734006366381, 100, 2019
Z, -100, 0.9915357640464133, 74.5716064824, 70.0522944427, 1.02286045112, 0.0763998942825, 0.0776815237879, 103, 2019
N, -100, 0.9887368183061281, 35.1557269997, 36.9568918695, 0.993874813201, 0.236106423526, 0.264131337406, 103, 2019
E, 59, 0.9680633209012786, 75.8090551338, 52.7488467661, 1.20063838394, -0.37755665343, 0.543815452901, 103, 2019
Z, 100, 0.9986237132552304, 183.400992868, 178.403749572, 1.01359214588, -0.0560872554672, 0.0265188087169, 106, 2019
N, -100, 0.9779031857226695, 56.8313569871, 44.0110256139, 1.26709045596, -0.148985188863, 1.33811269081, 106, 2019
E, -100, 0.9720188770156776, 103.527188395, 111.966177776, 0.9693630693, 0.262546369431, 0.0689322399193, 106, 2019
Z, 100, 0.999672492530406, 254.035214607, 240.20390367, 1.05238776952, -0.0631743387296, 0.0274724486198, 109, 2019
N, -100, 0.9496018661060975, 73.6020423251, 60.9710461346, 1.22456373676, -0.0569973149056, 1.29305786282, 109, 2019
E, -100, 0.9941597690445957, 115.781958882, 146.31224459, 0.816099749356, 0.12731237004, 0.0838927443394, 109, 2019
Z, 23, 0.9996690948728241, 223.111490701, 208.544252555, 1.06350267217, -0.0394350912095, 0.0132321376061, 112, 2019
N, -100, 0.9305742213727096, 64.1619943182, 60.8358058698, 1.0718653826, -0.440752603446, 2.19050479899, 112, 2019
E, 100, 0.989963871731561, 98.1848355871, 126.213292825, 0.778379625193, -0.0403140205821, 0.0392600778716, 112, 2019
Z, -100, 0.997820594673881, 124.376609836, 113.700576126, 1.09158793733, -0.0288977284524, 0.0278816130565, 115, 2019
N, -100, 0.9621589897127525, 40.055586013, 45.0397629901, 0.882112532624, 0.298340757407, 0.109788166877, 115, 2019
E, 100, 0.935574072487202, 68.1268058707, 72.7074800117, 0.956296280657, -0.256140824692, 0.151987094198, 115, 2019
Z, 100, 0.9928252692296644, 68.5166261819, 70.0026384288, 0.965739437448, 0.124890034012, 0.113576226539, 118, 2019
N, 100, 0.9800099471679092, 34.6807798428, 27.2673452128, 1.13825967421, -0.108130616279, 0.652909877295, 118, 2019
E, -100, 0.9347728809340217, 57.1002026446, 49.625162998, 1.24139944423, 0.0989753634718, 0.795856953976, 118, 2019
Z, 100, 0.9982521219756665, 158.186395656, 152.957326077, 1.02581541188, -0.0855682926665, 0.0139782043461, 121, 2019
N, -100, 0.9683694520176621, 46.5533634384, 35.7699597983, 1.34821684602, 0.127790414384, 0.127850474459, 121, 2019
E, -100, 0.9813378573933361, 85.783956036, 94.3402780989, 0.912150008119, -0.0958105431259, 1.34859105627, 121, 2019
Z, 100, 0.999550326870206, 216.982007493, 207.064901532, 1.03989202223, -0.0760050937822, 0.0352838584085, 124, 2019
N, -100, 0.9349010422260405, 58.4415470229, 50.5885941015, 1.18521687619, 0.0024074099927, 1.30553460467, 124, 2019
E, -100, 0.993243581908393, 100.755228052, 124.679443688, 0.824273624699, -0.177691698657, 1.29408409133, 124, 2019
Z, 96, 0.9996782566908611, 213.148960937, 201.259586531, 1.05350429398, -0.0440080781593, 0.0121263599722, 127, 2019
N, -100, 0.9313897700251585, 59.5645670718, 56.1098438962, 1.07350013176, -0.132370400492, 1.83926075954, 127, 2019
E, 100, 0.9973292266259827, 96.5546721121, 121.323401955, 0.802575813541, 0.048885939297, 0.04636340754, 127, 2019
Z, -100, 0.9981176591939577, 143.18267644, 133.406895639, 1.06802812183, -0.0284134753033, 0.0282324683006, 130, 2019
N, -100, 0.9603593433617273, 46.44638565, 48.5329883211, 0.953344889427, 0.332741480871, 0.0618995693207, 130, 2019
E, 100, 0.967036536994836, 78.4573373083, 84.8817661155, 0.917719421942, -0.183176281268, 0.0952157006649, 130, 2019
Z, 54, 0.9973303251613538, 100.719764763, 105.584204669, 0.981811378318, 0.124367042488, 0.108636419255, 133, 2019
N, -100, 0.9839538853811766, 43.1167134812, 37.3208523724, 1.09575986862, 0.0218677799815, 0.603865361368, 133, 2019
E, -100, 0.9912529705350033, 89.8088641032, 73.656944187, 1.20789262578, -0.0715216865207, 0.236227503206, 133, 2019
Z, 100, 0.9989479840599181, 196.166487129, 189.354279297, 1.02100425235, -0.0467795413892, 0.0245207076418, 136, 2019
N, -100, 0.9588709170634881, 58.5036003166, 48.2465353427, 1.20032435882, -0.0544354291935, 1.33223659999, 136, 2019
E, -100, 0.9835790191837137, 109.338583667, 118.290353909, 0.96602723495, 0.156800942906, 0.0961035230117, 136, 2019
Z, 100, 0.9998144358729736, 224.170070632, 213.336677629, 1.04647070631, -0.0531247499598, 0.0225587047263, 139, 2019
N, -100, 0.9463357592384735, 61.4178596066, 56.74171281, 1.11328320031, 0.0106484598263, 1.30036945528, 139, 2019
E, -100, 0.9976896082240878, 109.463925451, 130.295676343, 0.848178636262, 0.0744613422609, 0.0432592279454, 139, 2019
Z, 26, 0.9995286553672144, 179.736917447, 170.131703422, 1.05173223817, -0.0494228186727, 0.0178130432278, 142, 2019
N, -100, 0.9489018073737507, 53.8972420811, 52.3146456119, 1.02047205419, -3.13303591999, 2.98151293442, 142, 2019
E, 100, 0.993115789921536, 82.5118870123, 103.645563227, 0.805436962158, -0.601801486391, 1.8350691061, 142, 2019
Z, -100, 0.9976931628211818, 98.9884246646, 91.6483351572, 1.07524546472, -0.0152655366437, 0.0244186523551, 145, 2019
N, -100, 0.9682064850021862, 35.9741626458, 38.8586768794, 0.915848148948, 0.238364662204, 0.0651382959693, 145, 2019
E, 100, 0.9477794380232196, 59.7085428884, 60.3772119196, 0.991739682799, 0.0305071947709, 1.33613786319, 145, 2019
Z, 100, 0.9981049062196686, 82.2247594887, 84.7997995421, 0.969309351753, 0.0657108910876, 0.083703741635, 148, 2019
N, -100, 0.993755176471147, 32.6666701928, 28.9818329473, 1.08552133731, 0.0143989913405, 0.329662668002, 148, 2019
E, -100, 0.9802331112153722, 71.3809228946, 58.7068334701, 1.26065029011, 0.0206163630386, 0.255144932873, 148, 2019
Z, 100, 0.9989541512351339, 162.766418476, 158.731688866, 1.01516597462, -0.0520944033107, 0.0188012607596, 151, 2019
N, -100, 0.9681866711827519, 48.3531908675, 39.5834610937, 1.22294457011, -0.121152055517, 1.32720251729, 151, 2019
E, -100, 0.974531145640077, 94.2836682796, 98.9200902252, 0.983610413822, 0.192151504889, 0.0724630612509, 151, 2019
Z, 100, 0.9996866618563688, 212.299778301, 202.387183298, 1.04146175442, -0.0660790891334, 0.0313126185291, 154, 2019
N, -100, 0.9322442013084292, 58.5244647884, 52.4851429924, 1.14553014822, 0.00797340221123, 1.29747491265, 154, 2019
E, -100, 0.9950085962444758, 101.617619177, 123.393576721, 0.841076504916, -0.158774680533, 1.29955559792, 154, 2019
Z, 9, 0.9997349430410273, 197.235234479, 186.197457259, 1.05353279028, -0.0375678637112, 0.0123513881868, 157, 2019
N, -100, 0.9221872511593169, 56.4091795976, 55.799646057, 1.02243991857, -0.654491099823, 2.4524985166, 157, 2019
E, 100, 0.9934132452268432, 95.5153412696, 114.243040108, 0.832862209394, 0.2524303811, 1.34042327708, 157, 2019
Z, -100, 0.9987773040416218, 127.133288102, 119.594939477, 1.0650990899, -0.0270030146944, 0.0235891304645, 160, 2019
N, -100, 0.9717108721966494, 44.8308803886, 47.8085439174, 0.938704473451, 0.270319670059, 0.068638787694, 160, 2019
E, 100, 0.9835828956050449, 85.7441102417, 80.0999322494, 1.03025956567, 0.0965351128211, 1.35757073355, 160, 2019
Z, 100, 0.9995204853328582, 119.627525408, 121.009452044, 0.987920899973, 0.00566363236786, 0.0616739224758, 163, 2019
N, -100, 0.9923487307378993, 47.4167403713, 40.454478472, 1.14495374058, 0.0842943578566, 0.222453730855, 163, 2019
E, -100, 0.9867687056903405, 92.1563329686, 82.2966197996, 1.15356891868, 0.0741890859674, 0.255508703893, 163, 2019
Z, 100, 0.9995665699124465, 180.21466399, 174.762437851, 1.0230721707, 0.256600734724, 1.33330871828, 166, 2019
N, -100, 0.9663921140304814, 57.0265506553, 45.9886694636, 1.23764044928, 0.165992625211, 0.0540686568918, 166, 2019
E, -100, 0.9845347941801514, 97.3673679155, 109.500976859, 0.919189340608, 0.171025828716, 0.0970796758075, 166, 2019
Z, 100, 0.9998280658318781, 194.665983536, 185.882761433, 1.03833414154, -0.0452992660269, 0.0198714366563, 169, 2019
N, -100, 0.9254329133553323, 56.9555010932, 50.5195981888, 1.15749169159, 0.0399604769815, 1.2745669125, 169, 2019
E, 100, 0.9982045224146043, 89.9526134546, 113.650608939, 0.802760250906, 0.0500305938415, 0.0304423723396, 169, 2019
Z, 1, 0.9996306387400097, 159.751376601, 150.830236404, 1.05332254079, -0.0471189385137, 0.0208824777812, 172, 2019
N, -100, 0.9330001921267879, 46.7085313441, 47.2282812563, 0.978090242246, -2.7215060071, 2.96133160735, 172, 2019
E, 100, 0.982589138476912, 76.9469501772, 92.5676844624, 0.833110186445, -0.17148570788, 0.0682045653429, 172, 2019
Z, -100, 0.9988684127595827, 96.457222653, 91.7589612647, 1.05743360001, -0.00870262854761, 0.0215801951337, 175, 2019
N, -100, 0.9743173051353703, 34.3983078624, 37.8144513773, 0.926767478023, 0.243738269566, 0.0769109989749, 175, 2019
E, 100, 0.9726726573886314, 66.8988714232, 60.4917076209, 1.06154801976, 0.00996942914494, 1.36467630033, 175, 2019
Z, 46, 0.9993207097935779, 86.9869084278, 90.6024551449, 0.969929495522, 0.0341166539411, 0.0727175912685, 178, 2019
N, -100, 0.9905291043888511, 34.9610920504, 31.9919844388, 1.03307817813, 0.127104585123, 0.191704720288, 178, 2019
E, -100, 0.9881971411604794, 74.8847061709, 63.1126215959, 1.23556167696, 0.0325076519981, 0.216685179163, 178, 2019
Z, -100, 0.9376462469507993, 125.823942368, 160.581840381, 0.782760357719, -0.270122260105, 1.11741490531, 181, 2019
N, -100, 0.8791466043602433, 41.5517357832, 41.8592206682, 0.969362261034, 0.225321239138, 0.311331523079, 181, 2019
E, -100, 0.8947595450701442, 82.5612925388, 100.909179153, 0.829652480062, 0.231492477668, 0.295344552913, 181, 2019
Z, 100, 0.9013021008211636, 155.908810736, 203.156549583, 0.630232101932, 0.00565317928456, 0.339474166794, 184, 2019
N, -100, 0.9119870230895176, 45.4779808645, 54.8139915491, 0.704106802547, 0.373714259619, 0.355353613875, 184, 2019
E, 100, 0.9055804613746883, 76.6102037352, 125.241054176, 0.522222218381, 0.144311256298, 0.429478903488, 184, 2019
Z, 100, 0.9977931187095417, 196.601061319, 185.621177165, 1.04982953966, 0.161482979161, 1.36518970415, 187, 2019
N, -100, 0.9430572617164029, 63.0015736878, 57.9777967167, 1.1334779919, -2.7913716738, 3.00604132752, 187, 2019
E, 100, 0.401052324251329, 128.73645418, 115.652515516, 1.29754023349, -1.41688646366, 2.01371289588, 187, 2019
Z, 100, 0.8926875580300729, 166.164840472, 120.705469059, 1.31494148612, 0.067597697576, 0.443691537119, 190, 2019
N, -100, 0.9225047974931343, 78.116533441, 48.9982133536, 1.36249834652, -0.150035057122, 1.36728696085, 190, 2019
E, 100, 0.24206364267088445, 409.333036599, 81.206367508, 3.82862548515, -0.104205690801, 1.16489375997, 190, 2019
Z, 100, 0.8701843742874456, 275.164373225, 112.097263277, 2.56306956175, -0.407436616552, 0.649495041997, 193, 2019
N, -100, 0.6667634989489681, 100.016897377, 38.074622702, 2.67973243401, 1.04592068877, 0.444789506074, 193, 2019
E, 100, 0.3638774342830024, 1451.34186511, 76.2056719336, 18.7168441037, 0.617894420373, 2.79294492528, 193, 2019
Z, 100, 0.9984674909823715, 162.369665763, 163.504585495, 0.993454356183, -0.048054446292, 0.0698397806278, 196, 2019
N, -100, 0.9594286007262737, 50.0524742506, 41.6667851711, 1.20530894788, 0.202388443814, 0.124582179213, 196, 2019
E, -100, 0.9867450171319783, 85.6576205119, 101.467707179, 0.87235634095, 0.137910388176, 0.117206355546, 196, 2019
Z, 100, 0.9980773412038192, 173.232624447, 179.862382794, 0.949603869447, 0.00524056968091, 0.0684114477127, 199, 2019
N, -100, 0.9533036672252975, 49.1993664373, 47.9801824298, 1.02855861987, 0.31761669848, 0.0605161098058, 199, 2019
E, 100, 0.9967840273539236, 80.810763534, 108.996570066, 0.739613051893, 0.0498298190727, 0.0789501947063, 199, 2019
Z, 0, 0.9996712734932296, 162.800125097, 153.610887584, 1.05606524438, -0.0465881254402, 0.0259611940274, 202, 2019
N, -100, 0.9370300948912657, 46.300372369, 46.9668532772, 0.967918888609, 0.468652131161, 0.149940837228, 202, 2019
E, 100, 0.9824002778935126, 80.1508097933, 93.6418651599, 0.852655428923, -0.164004882415, 0.0606154324446, 202, 2019
Z, -100, 0.9988375195114514, 105.051383422, 99.4131974438, 1.05843681983, 0.00533949410446, 0.018931063046, 205, 2019
N, -100, 0.9778495500266479, 34.6038307498, 39.2638568302, 0.893939266839, -0.0525046559563, 1.35040796434, 205, 2019
E, 100, 0.9760863994563097, 69.6775118914, 64.6312953027, 1.05520242721, -0.236147610143, 0.159196055838, 205, 2019
Z, 100, 0.9990058962812877, 89.8625156396, 91.7171465517, 0.975013219022, 0.0139960988016, 0.0473985081544, 208, 2019
N, -100, 0.992531927949138, 38.8135620732, 32.9096919468, 1.12199653089, 0.0530946471553, 0.341525857781, 208, 2019
E, -100, 0.9834711696601213, 72.4587512515, 64.5329331684, 1.13886053143, 0.0644977395234, 0.289889638134, 208, 2019
Z, 100, 0.9995805450866366, 181.506580538, 175.860224478, 1.02342888874, -0.0388488987402, 0.0157992075908, 211, 2019
N, -100, 0.9665877551833808, 56.5325133078, 44.7914684024, 1.25777398368, 0.164294967214, 0.0854391970022, 211, 2019
E, -100, 0.9854016161620355, 96.7456202273, 109.650766832, 0.916147381643, 0.182165925519, 0.0662663566873, 211, 2019
Z, 100, 0.9998313599128282, 233.148652593, 222.680403577, 1.03936112383, -0.0461842839432, 0.0171616608624, 214, 2019
N, -100, 0.9412969068406924, 69.2708973479, 60.4514738, 1.17518123834, 0.327798646755, 0.109737344023, 214, 2019
E, 0, 0.9981033265506407, 112.228208829, 137.27824415, 0.828102092295, 0.0708288204354, 0.0323720689756, 214, 2019
Z, 0, 0.9996010878662827, 202.466400954, 192.459481243, 1.04981310125, -0.0444691424438, 0.0267585692765, 217, 2019
N, -100, 0.9535130364128613, 63.4355922066, 61.4328604629, 1.02252820545, 0.409928610054, 0.126508663516, 217, 2019
E, 100, 0.9888371543498725, 106.837557017, 120.102152317, 0.889583483435, -0.116053309139, 0.0598040290177, 217, 2019
Z, -100, 0.9981127475741438, 106.322847303, 103.565882143, 1.02807386556, 0.0324937918246, 0.02358354397, 220, 2019
N, -100, 0.9896675339095548, 43.8456376406, 46.258498469, 0.968509616315, 0.214368929538, 0.0965883997414, 220, 2019
E, 100, 0.9886496932740858, 81.7308564891, 70.0995862843, 1.1318665028, -0.202992207332, 0.150499262285, 220, 2019
Z, 100, 0.9978988295013103, 114.053525999, 111.796205741, 0.999554235229, -0.0369010086961, 0.0351308203923, 223, 2019
N, -100, 0.9932716213086313, 42.7851004913, 31.8633882578, 1.32486896874, 0.0555777647012, 0.0429896646471, 223, 2019
E, -100, 0.9660606020576614, 70.0777201457, 73.2019385628, 1.0062249428, -0.0734330745376, 1.37139632241, 223, 2019
Z, 100, 0.9996121071841985, 182.083135096, 172.953011695, 1.04508493639, 0.526762420733, 1.83789445741, 226, 2019
N, -100, 0.9422909836007645, 53.2366694833, 41.2458304992, 1.32298186811, -0.0631481122926, 1.25074036667, 226, 2019
E, -100, 0.9965757801875623, 83.059910893, 105.029355913, 0.808649377877, -0.186665355799, 1.33519889571, 226, 2019
Z, 100, 0.9997645634561301, 202.554014816, 191.640979766, 1.04956148704, -0.0472122604204, 0.0144469508864, 229, 2019
N, -100, 0.9195855793336756, 53.9528990118, 49.7834560182, 1.11454994616, 0.111737670323, 1.31202505907, 229, 2019
E, 100, 0.9981378440633697, 91.7038416042, 114.687712821, 0.797340976096, 0.0371276329467, 0.0442219459714, 229, 2019
Z, 0, 0.9996280443757891, 174.141413194, 162.673340601, 1.06690320829, -0.0385590316119, 0.0239257250531, 232, 2019
N, -100, 0.9320905108346976, 45.0736619612, 48.9246213126, 0.915314076937, 0.456834649456, 0.135416979623, 232, 2019
E, 100, 0.9807854520466599, 83.8627027305, 98.31029096, 0.854982786262, -0.138059489973, 0.0699502279657, 232, 2019
Z, -100, 0.9973673248877183, 102.747584104, 96.6757768415, 1.06070245088, 0.0224663311867, 0.0223857612399, 235, 2019
N, -100, 0.9818199895833069, 32.2338315552, 39.5446382138, 0.835422333898, -0.0484438467185, 1.3644051549, 235, 2019
E, 100, 0.9709678242458535, 72.0220694358, 62.9250959458, 1.11976531992, -0.27718675475, 0.182337725359, 235, 2019
Z, 100, 0.9979394106704238, 109.340956382, 109.430631958, 0.981904925299, 0.0258170685338, 0.0571614971746, 238, 2019
N, -100, 0.9919856398860037, 41.869689006, 33.0741536926, 1.17128467863, -0.215533351033, 1.17036985964, 238, 2019
E, -100, 0.9587970463553703, 76.4008346982, 74.0147417462, 1.10472364293, 0.145724314623, 0.183681605404, 238, 2019
Z, 100, 0.9996310661421529, 223.631584098, 212.966313756, 1.04278543913, -0.057054216288, 0.0176965056129, 241, 2019
N, -100, 0.9565666446311356, 66.3097718731, 51.9728362738, 1.29207992667, -0.117038263307, 1.23085421534, 241, 2019
E, -100, 0.9906521565398098, 106.083629314, 130.637174143, 0.83942303128, -0.137341903578, 1.32911652347, 241, 2019
Z, 46, 0.999856029227065, 257.732764239, 244.596024548, 1.05098321328, -0.0307503831703, 0.0101040105042, 244, 2019
N, -100, 0.9416474494938101, 73.0372544743, 66.9014380857, 1.12263417933, 0.0565693762301, 1.31417070959, 244, 2019
E, 100, 0.9967470093076314, 124.032082435, 149.121577285, 0.828516773558, 0.0169858612944, 0.0542016463403, 244, 2019
Z, -74, 0.9993408021312, 187.679637555, 177.253423965, 1.05798561664, -0.0208376935274, 0.0194185739101, 247, 2019
N, -100, 0.9717178332057623, 57.7259345109, 60.2530941003, 0.952216057143, 0.30939583243, 0.0829348072133, 247, 2019
E, 100, 0.9804982180403143, 104.158421446, 110.616133047, 0.944477209349, -0.161963596266, 0.0543070515229, 247, 2019
Z, -100, 0.9949608489625882, 68.0181212434, 66.468432201, 1.00120052313, 0.0912337004193, 0.0497444926212, 250, 2019
N, 100, 0.99389505977651, 36.7785852608, 38.2098017432, 0.989796268867, 0.0757294105697, 0.0962029064008, 250, 2019
E, 0, 0.9811377172911981, 62.115285942, 47.9869052932, 1.19855542885, -0.198966399306, 0.169442272196, 250, 2019
Z, 100, 0.9984686717503276, 136.26024143, 131.545642522, 1.02178646898, -0.0663555093899, 0.0207674147137, 253, 2019
N, -100, 0.9899196672513909, 43.6490804665, 30.6498365018, 1.38225460803, 0.580464374163, 2.67770166697, 253, 2019
E, -100, 0.9611067321165644, 71.2100986863, 82.0715601761, 0.919094444379, -0.0369904785682, 1.37251814019, 253, 2019
Z, 100, 0.9997568491927423, 204.018749276, 192.770293526, 1.05159652431, -0.0655870312714, 0.0327454068853, 256, 2019
N, -100, 0.936101859916476, 54.9218358299, 44.7063299914, 1.2708798428, -0.0438234503623, 1.26219763569, 256, 2019
E, -100, 0.9979062094727954, 90.1616780629, 115.309556454, 0.793245821374, 0.0927670794914, 0.0500576245104, 256, 2019
Z, 12, 0.9998922592732744, 217.396188485, 204.290440799, 1.05793277572, -0.0247231710198, 0.0107459259114, 259, 2019
N, -100, 0.9123288841127699, 55.338902315, 52.9552413394, 1.07073679062, 0.131922567997, 1.32275448571, 259, 2019
E, 100, 0.9941369745378793, 100.262169687, 121.473914244, 0.821394287229, -0.0644092125975, 0.0343976783942, 259, 2019
Z, -76, 0.9994822784774778, 172.07919597, 161.00854383, 1.06782275903, -0.0163876454149, 0.0157276608664, 262, 2019
N, -100, 0.940748676163746, 45.2342360225, 49.6992635171, 0.901796431807, 0.464446614665, 0.137946230609, 262, 2019
E, 100, 0.9711804491965905, 87.6953885552, 97.0804176288, 0.904492015454, -0.193549985239, 0.08683663093, 262, 2019
Z, -100, 0.9945462356322056, 81.0686917431, 77.8059190599, 1.02110699979, 0.0674625781812, 0.0371895882868, 265, 2019
N, -100, 0.9865893438352406, 31.4134998878, 37.1408417019, 0.887155084132, 0.241057212203, 0.205333310294, 265, 2019
E, 100, 0.9717539597320509, 69.1758240908, 52.7539420869, 1.24289983754, -0.292380573909, 0.21399213362, 265, 2019
Z, 100, 0.9985997192296674, 156.250700313, 152.042297995, 1.01108153418, -0.0536519203228, 0.0277183276376, 268, 2019
N, -100, 0.9816429966323614, 51.6841602093, 38.3067442996, 1.25100206194, -0.154945500712, 1.20478158677, 268, 2019
E, -100, 0.9669076732192659, 89.7197099919, 97.4582591725, 0.998105157626, -1.18263629177, 2.76635091657, 268, 2019
Z, 100, 0.9998380591462422, 258.519405855, 246.010069844, 1.04933662004, 0.24055565862, 1.33686916516, 271, 2019
N, -100, 0.9397310712806856, 73.110451687, 60.6374081271, 1.24030859023, -0.0209474734196, 1.26547461425, 271, 2019
E, -100, 0.9979103735384788, 123.627763157, 149.734840807, 0.842603716708, -0.221017271791, 1.31261292683, 271, 2019
Z, 14, 0.9998592521284297, 252.53004231, 238.443167993, 1.05598923663, -0.0246430298071, 0.00853093202119, 274, 2019
N, -100, 0.9478577712267064, 72.8214600223, 67.6450734023, 1.09235785864, 0.110581887193, 1.32885203988, 274, 2019
E, 100, 0.9955696445131433, 119.239264397, 143.983317807, 0.834014265456, -0.0697546017472, 0.0156801198226, 274, 2019
Z, -100, 0.9988979631461806, 147.513260471, 137.448542439, 1.07230624941, -0.000466595968908, 0.0141452734756, 277, 2019
N, -100, 0.9811897465748411, 52.1202531354, 52.7436135783, 0.98551025734, 0.235022128616, 0.0677315946995, 277, 2019
E, 100, 0.9654241087588752, 76.9527866655, 86.9996855709, 0.901220726771, -0.183301148538, 0.0474730211618, 277, 2019
Z, 100, 0.9923071277453352, 65.9519687505, 67.8070575156, 0.95983469004, -0.150927764932, 1.35773018424, 280, 2019
N, 100, 0.9886178273881961, 35.6648251872, 29.7029704694, 1.15481017025, -0.227354274759, 0.977181188989, 280, 2019
E, -100, 0.9676514610590348, 56.1088806393, 48.1673650356, 1.16499048071, -0.341553889413, 1.13109907627, 280, 2019
Z, 100, 0.9985032325813277, 159.662785768, 153.403182061, 1.03588568483, 0.19740436292, 1.33938428449, 283, 2019
N, -100, 0.9661904828014205, 49.1075004575, 34.1030790843, 1.4753710434, 0.146699211321, 0.116177620498, 283, 2019
E, -100, 0.9761705001681616, 79.3724135161, 93.711951227, 0.874447650959, 0.201491913247, 0.0687425268572, 283, 2019
Z, 100, 0.9997975765457144, 218.587901873, 206.721879785, 1.05444777287, -0.0595385057546, 0.0275269907508, 286, 2019
N, -100, 0.9204243327681518, 59.2912568525, 48.6543009484, 1.26095182364, -0.00251123206797, 1.25210869704, 286, 2019
E, -100, 0.9986412734743151, 97.3252996439, 123.093313822, 0.794156319384, 0.372184758456, 1.30716319588, 286, 2019
Z, 21, 0.9999049548428025, 216.720415084, 204.479597741, 1.05763069622, -0.0207635028983, 0.008244121014, 289, 2019
N, -100, 0.9217923227870228, 56.3218642614, 54.4464110552, 1.05311843814, 0.145761130268, 1.32666668664, 289, 2019
E, 100, 0.9968451852185197, 101.324790093, 121.421617111, 0.840511006188, -0.0331326174518, 0.0237665856102, 289, 2019
Z, -100, 0.9991183602759274, 154.419987091, 142.84019538, 1.07887817845, 0.000372952648639, 0.0141007208933, 292, 2019
N, -100, 0.9522805887563884, 45.009076154, 47.9586621132, 0.93154739558, 0.383227358211, 0.118524678231, 292, 2019
E, 100, 0.9573007582996876, 76.6208424825, 87.461174229, 0.893245982113, -0.213111619424, 0.0936006125408, 292, 2019
Z, 0, 0.9939047257285256, 72.7661063063, 77.2258163319, 0.971114790675, 0.138069014449, 0.146307586112, 295, 2019
N, -100, 0.9900220696581363, 36.9889542172, 34.2020988561, 1.03995027014, -0.115143829006, 1.03290330418, 295, 2019
E, -100, 0.9712827290239544, 71.7976057651, 56.7166450299, 1.20738401158, -0.411056517993, 1.16233075905, 295, 2019
Z, 100, 0.99875172773344, 197.624862259, 190.710348837, 1.02632185454, -0.0794883339318, 0.0256573269139, 298, 2019
N, -100, 0.9720792210171786, 63.372403169, 46.455516753, 1.35343874153, -1.3429321883, 2.70892491679, 298, 2019
E, -100, 0.9741102856318986, 102.14059018, 119.274742701, 0.889414281271, 0.249858327742, 0.0589821735589, 298, 2019
Z, 100, 0.9999164762229125, 259.641459359, 245.640432807, 1.05758034741, 0.847602938963, 2.18426241507, 301, 2019
N, -100, 0.9363328511462673, 75.1854525339, 63.1924861129, 1.2226272703, -0.0134336382183, 1.26268644217, 301, 2019
E, 0, 0.9985463703901636, 119.54920492, 149.60809234, 0.808465413108, 0.0717574655414, 0.0407447749345, 301, 2019
Z, 0, 0.9998286599017681, 214.216886766, 202.528476543, 1.05827055394, -0.0150929249245, 0.00903976495119, 304, 2019
N, -100, 0.951274494157117, 63.2626966783, 61.245359078, 1.06612756253, -0.805643703663, 2.40956817751, 304, 2019
E, 100, 0.9903101980404555, 103.336985863, 122.58291834, 0.838345141543, 0.197242705049, 1.33499416739, 304, 2019
Z, -100, 0.995989484756597, 106.477769763, 99.0235423261, 1.06911519584, 0.0347663165653, 0.0235634642265, 307, 2019
N, -100, 0.9914361994050391, 38.9113818783, 43.7902389666, 0.900527805416, 0.155660712661, 0.104041079457, 307, 2019
E, 100, 0.9614012950496046, 69.105968639, 64.5749755136, 1.07041311616, -0.206160478646, 0.121585485079, 307, 2019
Z, 100, 0.9959195173355293, 82.2552881789, 85.1340889553, 0.937493317533, 0.000682375675566, 0.07676952358, 310, 2019
N, 100, 0.9910408017972622, 33.9741848265, 26.3204695445, 1.16756537914, -0.234248783313, 0.837987219377, 310, 2019
E, -100, 0.9471582564060816, 66.7511637403, 57.6118439549, 1.22970558585, 0.149456332526, 0.230107640298, 310, 2019
Z, 100, 0.9989258202028887, 170.56511057, 163.989135066, 1.03069465777, -0.0742825754168, 0.0126448107209, 313, 2019
N, -100, 0.9655106967356587, 51.0053036856, 37.6207972748, 1.33998320551, -0.158456894256, 1.31870655341, 313, 2019
E, -100, 0.9707804370881249, 81.648370733, 100.336307992, 0.858297818446, 0.21204006975, 0.0721286400431, 313, 2019
Z, 100, 0.9999169898063711, 219.500857306, 207.119240569, 1.0630051313, -0.0480789093743, 0.0216915123504, 316, 2019
N, -100, 0.9092354709441746, 58.8569675348, 50.688517834, 1.19568465927, -0.01451337571, 1.26130998142, 316, 2019
E, -40, 0.9973175277642145, 96.191573268, 124.085256121, 0.779584417484, 0.104270792905, 0.0615923019805, 316, 2019
Z, 0, 0.9999285066862154, 204.615849402, 191.415422371, 1.06746009142, -0.014597608464, 0.00621787319059, 319, 2019
N, -100, 0.9138844515183621, 56.6537191424, 54.1485665762, 1.07123794198, -0.123274172806, 1.83470961807, 319, 2019
E, 100, 0.9841553493787283, 91.6409653729, 115.165336122, 0.799890083027, 0.153721062167, 1.33502791967, 319, 2019
Z, 100, 0.991741020150701, 171.514397402, 161.310320522, 1.14154269016, -0.119829636199, 0.0853419271744, 343, 2019
N, -100, 0.9668644341987594, 52.8263971328, 39.2425438352, 1.37380556822, 0.0341098592155, 1.37504485725, 343, 2019
E, -100, 0.9809916079969615, 81.0797931105, 99.7832115421, 0.821109042577, 0.190729502809, 0.0452503607651, 343, 2019
Z, 100, 0.9998678879676257, 213.702093081, 200.347880541, 1.08519542178, -0.021344743199, 0.0193562656493, 346, 2019
N, -100, 0.9313482383736336, 60.9659036277, 51.3451939706, 1.20932323876, -0.0119567621104, 1.27146629886, 346, 2019
E, 39, 0.9983113228544621, 94.5269067845, 121.533896454, 0.782292710139, -0.251109729086, 1.34292396951, 346, 2019
Z, -56, 0.99987463312466, 194.183145792, 181.94103698, 1.06832689307, 0.00342975473321, 0.00489752048741, 349, 2019
N, -100, 0.93936781524241, 57.9405743536, 54.6856183368, 1.08437876853, -0.455635753866, 2.1932899203, 349, 2019
E, 100, 0.9824186057797281, 94.2934930702, 111.564439822, 0.845446971149, 0.726509437703, 2.20080764407, 349, 2019
Z, -100, 0.9977827738754597, 120.739628822, 115.742273241, 1.03698767714, 0.0515235090346, 0.0219837451497, 352, 2019
N, -100, 0.9685611445184229, 47.1214491698, 47.5603873508, 0.998832560859, 0.267485755672, 0.115910549131, 352, 2019
E, 100, 0.9762914261452081, 90.0480414298, 77.6377419151, 1.11014547647, 0.0646552145932, 1.37208102457, 352, 2019
Z, 100, 0.9988122025051407, 115.482607346, 118.280916609, 0.963298246579, -0.0346075659329, 0.043822451338, 355, 2019
N, -100, 0.9955700670539136, 45.6154355444, 39.9724352336, 1.12520547204, 0.0333619356253, 0.396992547119, 355, 2019
E, -100, 0.9729109585092354, 92.2921661973, 80.9735408121, 1.16847204872, 0.152315881088, 0.303121879635, 355, 2019
Z, 100, 0.9992431765704938, 186.092723424, 177.950833792, 1.04168555633, 0.223750680865, 1.3383232392, 358, 2019
N, -100, 0.9781866522471779, 58.9660189692, 46.1322755004, 1.24157769477, 0.101043276986, 0.0534287400334, 358, 2019
E, -100, 0.9782495856244735, 90.6533074936, 111.340016411, 0.852578860351, 0.235929815877, 0.120560336079, 358, 2019
Z, 99, 0.9999303381527792, 205.062777611, 192.477562706, 1.06738431929, -0.0279965896088, 0.0109045699618, 361, 2019
N, -100, 0.9644548130124535, 58.1595842622, 52.2097686547, 1.16037809485, -0.0906225921578, 1.28309360235, 361, 2019
E, 100, 0.9974196240358923, 90.7886120349, 117.646696445, 0.768026422052, -0.295362694613, 1.29370621011, 361, 2019
Z, -100, 0.9995564440318648, 167.462902217, 154.946075849, 1.07987995095, 0.0109331902605, 0.00762680233842, 364, 2019
N, -100, 0.9536348630200061, 51.280472524, 49.2588855807, 1.05250073938, -1.6998084223, 2.8699059035, 364, 2019
E, 100, 0.9611541150416822, 80.9307857148, 95.2086710062, 0.842485432149, -0.271220981546, 0.123569306778, 364, 2019
