Chan, Phase Shift, Correlation, ptp-data, ptp-synthetic, rat, phasem, phasestd, DOY, Year
Z, -100, 0.9990109252685752, 14.4595471789, 15.5892983144, 0.967394468919, 0.0802253196441, 0.0840021072156, 1, 2019
N, 100, 0.985470596219761, 43.9019433763, 49.2992884559, 0.894539103815, 1.38610979067, 2.64774817672, 1, 2019
E, 60, 0.9997969776977191, 57.8306994093, 56.9563163945, 1.01514533331, -0.00391704013006, 0.0114541023316, 1, 2019
Z, -100, 0.9995612124167239, 21.3300369231, 23.2828102739, 0.897758936761, 0.0997886096535, 0.0522181215078, 4, 2019
N, 100, 0.9988081613043474, 67.8464981251, 68.4429257643, 0.985962696525, -0.0394167918332, 0.0199552636527, 4, 2019
E, -45, 0.9999617878230175, 89.0482909986, 92.7435175691, 0.959699397088, -6.98656896955e-05, 0.016585149461, 4, 2019
Z, 0, 0.9982578046021571, 23.4892091767, 26.1310218996, 0.863741325241, -0.100725766868, 0.0733310319353, 7, 2019
N, -100, 0.9995135069880549, 82.0889465344, 84.7909272209, 0.963906946095, -0.0197190499194, 0.0312780030257, 7, 2019
E, 14, 0.9996743262850935, 109.576440048, 116.138297193, 0.944849207901, -0.059786415419, 0.0355232244636, 7, 2019
Z, 85, 0.9981519864796252, 20.7861741253, 22.8914044735, 0.894888932036, -0.123733685841, 0.0680455764881, 10, 2019
N, -100, 0.997351106599111, 75.7767421752, 81.2085560717, 0.9147640775, 0.00327661721823, 0.0349657956042, 10, 2019
E, -59, 0.9997842238201811, 105.621008245, 110.999781655, 0.951776927141, 0.0171014904595, 0.00978612984011, 10, 2019
Z, 21, 0.9979625874049098, 14.6569174108, 15.2170445938, 0.975350393676, -0.106997901722, 0.0579989434507, 13, 2019
N, -100, 0.9948953198373309, 53.0311607866, 61.035392456, 0.882279309242, 0.149809819372, 0.0692577789993, 13, 2019
E, 100, 0.9987380660507729, 80.556842257, 82.3866346931, 0.9791854886, -0.0434811508615, 0.0345437636185, 13, 2019
Z, -100, 0.9947101694062106, 11.7454730082, 13.0535784416, 1.01811817397, 0.346997973394, 1.33258870016, 16, 2019
N, 100, 0.9887698534757291, 34.4630326879, 38.6053132298, 0.948379537346, -0.115129829797, 0.0816881232709, 16, 2019
E, -55, 0.9997688168489225, 49.1323852096, 48.4252865561, 1.00425994257, -0.00514250778618, 0.0217285529947, 16, 2019
Z, -87, 0.9994470387665638, 23.9961018776, 25.6703784152, 0.915689722678, 0.0908487709124, 0.0650390403155, 19, 2019
N, 100, 0.9929949316001573, 64.7247974499, 66.5973567431, 0.958725935879, -0.116347442084, 0.0396716519627, 19, 2019
E, 65, 0.9999215633836853, 82.5869503154, 87.4657509168, 0.947193861732, 0.0230950219544, 0.0187787290681, 19, 2019
Z, -100, 0.9997428062837602, 29.7055943208, 33.0768841982, 0.881508472146, -0.0173626816776, 0.0314092666356, 22, 2019
N, 100, 0.9994387063326466, 92.9277422811, 104.23021958, 0.895623510653, -0.074721165183, 0.0455739170225, 22, 2019
E, 100, 0.9996323249850472, 125.25359833, 132.482554252, 0.940735422423, -0.0455589821288, 0.0122852163058, 22, 2019
Z, 100, 0.99881508916179, 26.0249318049, 28.9969431069, 0.889860223402, 0.186445184111, 1.35664693933, 25, 2019
N, 0, 0.999871897994189, 93.2491539263, 108.967578865, 0.846395363683, -0.0275325182409, 0.0189134741388, 25, 2019
E, 100, 0.9990950120580112, 133.212384972, 136.451492519, 0.980324867116, 0.225794395033, 1.34637985536, 25, 2019
Z, 100, 0.9979773863330391, 15.7788215844, 15.7650579745, 1.00651484409, -0.0939855432614, 0.0336663796371, 28, 2019
N, 100, 0.9989177985860827, 65.2850065607, 75.6730116368, 0.867168110955, -0.0659682764965, 0.0432777844605, 28, 2019
E, 100, 0.9983383636691752, 93.7193510859, 94.8603770399, 0.994646971554, -0.0665673461634, 0.0186811057536, 28, 2019
Z, -100, 0.999161524884458, 13.3995879812, 14.3451617138, 0.93167752182, 0.141430192898, 0.0700852422179, 31, 2019
N, 100, 0.9948212819863286, 38.7871528349, 38.9898066435, 0.933667367837, -0.0893008624541, 0.112195842861, 31, 2019
E, -72, 0.9982776114242672, 49.5958702729, 50.3463325897, 1.03474720202, -0.00971256626386, 0.0514895966339, 31, 2019
Z, -100, 0.9995167136040621, 21.7842875273, 23.8032894228, 0.89089512074, -0.529243467483, 1.84174958068, 34, 2019
N, -25, 0.999919780580457, 67.3769796416, 70.0064793001, 0.95529120254, 0.0372591923493, 0.024874538025, 34, 2019
E, -5, 0.9998366190910343, 88.0333279271, 94.4854222228, 0.917399837849, -0.0256698145205, 0.0270421435139, 34, 2019
Z, 49, 0.9989287646579651, 25.2224777685, 27.821756844, 0.877663120413, -0.0846435066104, 0.0530719145868, 37, 2019
N, -100, 0.9997277432676616, 84.4675249697, 89.7293270483, 0.925959483444, -0.0143117316763, 0.0267706107526, 37, 2019
E, 0, 0.9999497129530315, 113.56138751, 121.11546067, 0.932239013544, -0.00735664754702, 0.00730552712724, 37, 2019
Z, 100, 0.999063336727841, 22.8941440757, 24.9769860145, 0.910515538451, -0.094646352292, 0.0497915177216, 40, 2019
N, -49, 0.9998666958750548, 81.7676560316, 87.1451389263, 0.928962739359, -0.014674195677, 0.0161591374136, 40, 2019
E, -34, 0.9999190365128707, 112.636582706, 117.366694707, 0.956874380937, 0.00184291234386, 0.00896092206489, 40, 2019
Z, -17, 0.9980231383827544, 15.6375033835, 16.2470075059, 0.969199005565, -0.0752435537301, 0.0402377331739, 43, 2019
N, 87, 0.9991231058283911, 60.6566366749, 65.0129002993, 0.932296258656, -0.0542932596935, 0.0429341395332, 43, 2019
E, -96, 0.9999382911828338, 84.5257109668, 86.3665475552, 0.980119244191, 0.0116347060416, 0.00878304147048, 43, 2019
Z, -100, 0.999726679387345, 13.3589770052, 14.3322604233, 0.926598346882, -0.185456368833, 1.35431355779, 46, 2019
N, 100, 0.9866145501789029, 31.7795258453, 35.2989684694, 0.888004824845, -0.0868143140382, 0.0392660215488, 46, 2019
E, -100, 0.9990359447489597, 44.6656525696, 44.630440619, 0.996009077209, -0.24980252293, 1.34295437177, 46, 2019
Z, -100, 0.9999302892665671, 27.4401474929, 29.827008055, 0.914570740225, 0.0603066100237, 0.025922800859, 49, 2019
N, 100, 0.9945472473492663, 74.7407329536, 80.4204523867, 0.92799655081, -0.159571982812, 0.091755467132, 49, 2019
E, -2, 0.9994018811240943, 97.1266564705, 102.43925515, 0.923384323934, -0.0462307146961, 0.070939996667, 49, 2019
Z, 22, 0.999591528331144, 32.4115558964, 35.8671493102, 0.883062076864, -0.0483012611393, 0.0314689433899, 52, 2019
N, 100, 0.9994644312863461, 103.384869171, 118.077976201, 0.873493322656, -0.100852688629, 0.0485693240093, 52, 2019
E, 0, 0.9999575918423074, 140.679328252, 148.358625277, 0.945431520032, 0.00284160366479, 0.0102900673363, 52, 2019
Z, 100, 0.9987405323297835, 25.1269935485, 27.5015891855, 0.910943135077, -0.111533137804, 0.0620672991035, 55, 2019
N, 100, 0.9993144646213862, 97.4510321147, 109.676547098, 0.881844402441, -0.0755350034531, 0.0206292742751, 55, 2019
E, 100, 0.9994166127744329, 134.583242204, 138.081186215, 0.969399607748, -0.0427459097678, 0.0186783123235, 55, 2019
Z, -70, 0.9997708936125651, 10.3776781258, 11.4468758564, 0.904341618716, 0.0243745615297, 0.0067043761184, 58, 2019
N, 0, 0.9995769535000898, 55.1793705678, 62.2081269659, 0.890986316741, -0.0039914804502, 0.0226486249369, 58, 2019
E, 100, 0.9993532630866471, 84.661762941, 81.2948221755, 1.04835482931, -0.0363120257013, 0.0208619128714, 58, 2019
Z, -100, 0.9997018883583869, 15.2042115479, 16.2320796908, 0.938999726294, -0.199625099455, 1.34204560759, 61, 2019
N, 15, 0.999668559167855, 41.302107098, 42.6067664464, 0.970936165582, -0.0442247700418, 0.0452084711949, 61, 2019
E, -92, 0.9991272732011633, 57.2878881847, 55.596238868, 1.05429562993, 0.0340158907107, 0.042253957594, 61, 2019
Z, -100, 0.9995738483047365, 24.1019083952, 26.4846814961, 0.887984130032, 0.0384300109668, 0.0338186429703, 64, 2019
N, 20, 0.9999124798939436, 72.9105263555, 78.5081579658, 0.92200859553, -0.0147619597901, 0.0115062034953, 64, 2019
E, -100, 0.999069478631454, 94.4941505942, 104.098121728, 0.926080035348, 0.0131969636585, 0.0359932494943, 64, 2019
Z, -100, 0.9997412338540436, 27.3567336508, 30.2353571744, 0.890851088612, -0.0126827535741, 0.0244248094243, 67, 2019
N, -64, 0.9999274925028953, 89.914030074, 96.4806249429, 0.92930428675, -0.00316008186773, 0.0112790388752, 67, 2019
E, -100, 0.9995221703933185, 121.245178365, 129.092907766, 0.91983422595, -0.0206431175585, 0.0263149165436, 67, 2019
Z, 0, 0.9999562960667601, 23.0772929867, 25.758039159, 0.890888640359, -0.016937937492, 0.0100905699796, 70, 2019
N, 83, 0.9999238440472774, 85.1752164654, 89.8038115067, 0.946622085449, -0.0207135165498, 0.00647968628596, 70, 2019
E, -42, 0.9998918035998478, 113.719826861, 120.219851483, 0.951142552722, -0.316895439285, 1.3235086138, 70, 2019
Z, 100, 0.9993771059366633, 13.1079810633, 14.3235726304, 0.918328316653, -0.0420496071289, 0.0177171989345, 73, 2019
N, 100, 0.9988775566957053, 56.9648136649, 61.0361297826, 0.932974976126, -0.0589738379775, 0.0332683796277, 73, 2019
E, 100, 0.9994471713648194, 74.7691979133, 81.0912716973, 0.929484316729, -0.036029104243, 0.0191582570674, 73, 2019
Z, -100, 0.9996917617900326, 17.6901229734, 19.5240155555, 0.90546461504, -0.0405400111343, 0.0469672201982, 76, 2019
N, 100, 0.9895103904198109, 41.7039772819, 46.2899262873, 0.866019408046, -0.0812712474726, 0.0623989697757, 76, 2019
E, 20, 0.9995894139150505, 57.118916519, 56.0491947199, 1.02909385152, 0.0661057122305, 0.0551205512416, 76, 2019
Z, -100, 0.9999145992385877, 30.6666510254, 34.0712571705, 0.894732604663, -0.233222910206, 1.33722531041, 79, 2019
N, 100, 0.9949650614708895, 89.2883380772, 99.2900478285, 0.88717905703, -0.118748859766, 0.0354382114087, 79, 2019
E, -5, 0.9999785059861894, 117.804017969, 124.441213835, 0.945239484138, 0.0127115902578, 0.0155820970767, 79, 2019
Z, 0, 0.9998975857967003, 31.2529423313, 35.0780046906, 0.884658692097, -0.0231342455459, 0.015867973783, 82, 2019
N, 100, 0.9987270099938945, 108.323893843, 121.321200566, 0.899671106634, -0.131777771146, 0.0590991591324, 82, 2019
E, 0, 0.9998847782669793, 147.103907925, 154.017713532, 0.94259966956, -0.0208556749797, 0.0175147084617, 82, 2019
Z, 0, 0.9999576712670445, 20.5951408324, 22.5285835477, 0.911498999504, -0.00210909588546, 0.00354314065161, 85, 2019
N, 18, 0.9997022081089979, 87.7465728874, 95.5371981192, 0.913770821308, -0.0253395006436, 0.014339443101, 85, 2019
E, 100, 0.9994333881530111, 118.886548661, 123.59645537, 0.97340426194, -0.0537224483209, 0.019333416976, 85, 2019
Z, -100, 0.9903361673590053, 6.25752678401, 6.77788597726, 0.890311056361, 0.107034972903, 0.0481551104425, 88, 2019
N, -100, 0.9979992298830909, 41.9578030088, 43.8906424292, 0.951679504763, 0.049497053961, 0.0278227225563, 88, 2019
E, 100, 0.9978200835233467, 61.7867159538, 60.5245257517, 1.02001376737, -0.11296520017, 0.032450658409, 88, 2019
Z, -100, 0.9999008090031346, 17.5123938788, 19.2678190439, 0.912825210809, -0.240666697017, 1.33410602564, 91, 2019
N, 100, 0.9970882984802195, 49.694031679, 52.1458420559, 0.931487520138, -0.117215820735, 0.0328079970831, 91, 2019
E, -100, 0.9996928870386443, 61.6653868149, 67.2599681829, 0.907322099943, 0.0726795752546, 0.0737381058621, 91, 2019
Z, -100, 0.9999909656851135, 26.3826169884, 28.9435265742, 0.915548386919, 0.0109419256654, 0.00673333380207, 94, 2019
N, 100, 0.9993011214812483, 83.7554632275, 85.3368554451, 0.979840588809, -0.0765050214145, 0.0145447075553, 94, 2019
E, 38, 0.9993117142322351, 109.855348872, 113.295078511, 0.942023801772, -0.0408481726334, 0.031003148582, 94, 2019
Z, -100, 0.9999557351728479, 28.1909706823, 30.9381773018, 0.911811498324, 0.0202345155524, 0.00478302885127, 97, 2019
N, 100, 0.9997365962656859, 95.3134113628, 98.2287866276, 0.971818844671, -0.0555091725751, 0.0226746509995, 97, 2019
E, 0, 0.999966691395661, 128.899540033, 131.818720739, 0.978905371862, -0.0223591624797, 0.017946824885, 97, 2019
Z, -63, 0.9997907118649748, 21.6533354051, 23.5944853082, 0.922412161822, 0.0365609007356, 0.0120210644936, 100, 2019
N, 56, 0.999730451726945, 82.7482107593, 85.1441726312, 0.966465031698, -0.0360702010407, 0.010340399124, 100, 2019
E, 100, 0.9998726341874724, 114.239811147, 114.071967546, 1.00174161127, -0.0229201540665, 0.00643227809528, 100, 2019
Z, 0, 0.9990885085344492, 9.20530586191, 10.1478618781, 0.918777112903, 0.0407149079712, 0.026938938563, 103, 2019
N, 0, 0.9962576425651708, 46.0672109466, 50.6924039902, 0.910054323629, 0.0312706126629, 0.0378213901283, 103, 2019
E, 100, 0.9996293351417149, 70.1177705276, 67.1648737892, 1.05757905077, -0.0541153565993, 0.032085621336, 103, 2019
Z, -100, 0.5463016346216782, 61.3864523615, 25.0194606245, 2.09887736369, -0.201277918387, 1.77576946437, 106, 2019
N, -100, 0.9603450227169542, 113.366540428, 66.3988989771, 1.46722079729, -0.0399399149104, 0.436187852244, 106, 2019
E, -100, 0.8678940523576022, 62.1129163995, 80.8985532846, 0.82171797763, 0.242914314082, 0.746178124009, 106, 2019
Z, -100, 0.9581660740455112, 29.9502313188, 34.2204452719, 0.859864793144, -0.309316046164, 2.39980404263, 109, 2019
N, 100, 0.9982215990582922, 98.4996387938, 106.81052497, 0.92904776499, 0.135571700266, 0.116736555777, 109, 2019
E, 100, 0.9980898438333397, 133.771660324, 135.059121259, 0.933699519894, -0.00710342390516, 0.0573380367356, 109, 2019
Z, -100, 0.9996623558065155, 27.5219728137, 30.0432459054, 0.924722491483, 0.0521214510253, 0.0171682520746, 112, 2019
N, 36, 0.9997224366057429, 102.919116092, 108.672327207, 0.962003162239, -0.0262597678222, 0.0255370147718, 112, 2019
E, 0, 0.9996671673860695, 139.627876843, 141.928851934, 0.982008967883, -0.0560455803276, 0.0390886969984, 112, 2019
Z, -100, 0.9951457361736717, 15.0224180648, 16.6632487033, 0.915275591063, 0.16325265161, 0.0590427662898, 115, 2019
N, -100, 0.9988162059431449, 69.5315676499, 74.9825956967, 0.93266999128, 0.0719382092539, 0.0163039952475, 115, 2019
E, -79, 0.9993156387876928, 97.9796680098, 100.742442408, 0.978703830754, -0.0208604833764, 0.0242730833419, 115, 2019
Z, 68, 0.9900415793630238, 9.00333709893, 9.5693969546, 0.88354232971, 0.302824870848, 0.755438452355, 118, 2019
N, 100, 0.9938921955933319, 27.0500138056, 32.2952586536, 0.869658627015, 0.149088015245, 0.073413185774, 118, 2019
E, 14, 0.9975814127453225, 37.7550868955, 44.8699530809, 0.852681539556, 0.0527828586055, 0.0319832611044, 118, 2019
Z, -100, 0.9996800261365386, 19.7755096742, 21.5042709013, 0.933923710333, -0.0443685292995, 0.0421282482346, 121, 2019
N, 100, 0.9973678218478039, 57.6677112863, 59.1715967827, 0.969758236836, -0.0979627264687, 0.0302600738824, 121, 2019
E, 100, 0.9992201673208251, 74.6496259922, 76.8420915702, 0.951568847673, -0.0132417460433, 0.0463307889561, 121, 2019
Z, -100, 0.999359209806535, 27.0534864145, 29.3523575454, 0.941917367803, 0.0679700682828, 0.0335954246868, 127, 2019
N, 64, 0.9997814746854317, 91.045317577, 94.8589524204, 0.961945882975, -0.0354385376357, 0.0252719795805, 127, 2019
E, -71, 0.9995232973765568, 126.725788029, 127.418646382, 0.987920159719, -0.026708404968, 0.0245017102631, 127, 2019
Z, -100, 0.9990765814757542, 18.1663746563, 19.6103777091, 0.927597046157, 0.0885023613921, 0.0325184945973, 130, 2019
N, -100, 0.9938077711002592, 69.0936128776, 76.9551166538, 0.896139156604, 0.0807584526953, 0.074361132895, 130, 2019
E, -100, 0.996905827860367, 102.336030513, 102.446681559, 1.00772229059, 0.0113210278382, 0.0340783119499, 130, 2019
Z, -100, 0.996450011258358, 12.6388959203, 14.7790786936, 0.829726744708, 0.0582281833869, 0.190651920798, 133, 2019
N, 100, 0.9916751279862983, 37.6441228326, 46.2936980973, 0.797924776513, -0.0569578184727, 0.0550140839128, 133, 2019
E, 100, 0.9978718009577533, 50.2959937666, 57.2100562862, 0.892945232305, 0.0450223688709, 0.0388051569512, 133, 2019
Z, -100, 0.999583502294812, 24.2754863627, 26.5316997491, 0.930270944249, -0.0251955765784, 0.0470479782438, 136, 2019
N, 100, 0.991734428163285, 72.6714959527, 77.0172236364, 0.91951011871, 0.158843800833, 1.33774077278, 136, 2019
E, 100, 0.9970761184857257, 95.7377389262, 95.596041976, 1.00406279378, -0.078870275585, 0.0199358137927, 136, 2019
Z, -100, 0.9995004883605013, 28.1059770757, 30.4001133813, 0.949599070038, -0.273220402265, 1.33621370869, 139, 2019
N, 100, 0.9987915990113599, 92.8898115153, 98.7540973073, 0.942755320461, -0.101541279546, 0.0275538301959, 139, 2019
E, 0, 0.9997814243917007, 127.026394642, 128.657800876, 0.983145536623, -0.0362556586994, 0.017224659683, 139, 2019
Z, -100, 0.9972942194691187, 22.4371201965, 24.3283415299, 0.941436572498, 0.120315126938, 0.0437031246283, 142, 2019
N, -100, 0.9997401843491956, 83.9048782674, 90.6802345045, 0.931988715226, 0.0332037600143, 0.0114609878765, 142, 2019
E, -15, 0.9998600866573872, 121.552089786, 122.604643933, 0.987388686496, -0.0185298683129, 0.0214234263746, 142, 2019
Z, -100, 0.996205714541125, 11.9258691858, 13.1457473395, 0.919876999194, 0.187558908168, 0.080071544296, 145, 2019
N, -100, 0.9964995819621749, 57.5679728045, 60.9041073413, 0.942206834539, 0.0746885514466, 0.0240264960444, 145, 2019
E, 21, 0.999917566889144, 82.4233129989, 83.6202316001, 0.990740824148, -0.0244098901274, 0.0107063521067, 145, 2019
Z, -43, 0.9961356470826787, 11.7719897281, 11.7933004138, 0.941947661231, -0.0934289905375, 0.180725817884, 148, 2019
N, 100, 0.9896266019201654, 32.8022930783, 35.9513466824, 0.891321230489, 0.142662866525, 0.0899998532748, 148, 2019
E, -100, 0.9956391638066411, 42.7628143186, 42.5682721901, 0.982756199511, 0.0255164126045, 1.8624663662, 148, 2019
Z, -100, 0.9990885114194344, 21.0088975318, 22.5321338127, 0.9581550721, -0.0548781075279, 0.0703316844417, 151, 2019
N, 100, 0.9911019071383856, 62.3353488014, 60.8351578695, 1.01050869623, -0.201131267005, 0.075602644481, 151, 2019
E, 100, 0.992485087632903, 76.290203037, 80.0483227127, 0.937357109409, -0.0219764039873, 0.0931543665094, 151, 2019
Z, -100, 0.9994956920597026, 27.3787767438, 29.3406387021, 0.960064374024, -0.00916930377841, 0.0461284178719, 154, 2019
N, 100, 0.9985496414936303, 90.2407704588, 85.8185783457, 1.04727470541, -0.0911252063156, 0.0328269644939, 154, 2019
E, 100, 0.9925024528070627, 115.979744451, 114.519905152, 1.00666884142, -0.105972278379, 0.0353581279461, 154, 2019
Z, -80, 0.9964483881151948, 24.8613585933, 27.0904354431, 0.939729972286, 0.0988603491305, 0.0989704018886, 157, 2019
N, -100, 0.9979576609897003, 86.5016853198, 91.8570941799, 0.963635408293, 0.0421364157017, 0.0510770886026, 157, 2019
E, 100, 0.9983913216396603, 131.392335572, 122.292728289, 1.07088330766, -0.112610426614, 0.0589811993079, 157, 2019
Z, 100, 0.9959885503094955, 17.3122283226, 17.2758955042, 0.929551712112, 0.0617598324712, 0.166911821566, 160, 2019
N, -100, 0.9958391876026882, 63.2746740557, 74.7735209414, 0.859107128056, 0.143403081021, 0.0771965156413, 160, 2019
E, -100, 0.9981766484999302, 99.9638997826, 95.5520403274, 1.06094996048, -0.262158830259, 1.277487599, 160, 2019
Z, 100, 0.9972044704912753, 15.7526304155, 16.7386136236, 0.906797317361, -0.471568264482, 1.22682948115, 163, 2019
N, 100, 0.9844504213356123, 48.5920675225, 55.6128194725, 0.926128135901, -0.111620774254, 0.0395836865341, 163, 2019
E, 100, 0.9951647965709394, 56.9605009443, 62.4715283251, 0.91761136249, 0.202658031787, 1.25290767968, 163, 2019
Z, -19, 0.9994225985280908, 22.5849710868, 24.4983155002, 0.948445031932, -0.0546851939948, 0.0607143606722, 166, 2019
N, 100, 0.9916712758700648, 75.4772342924, 73.4614143184, 1.0072519875, -0.188939088762, 0.0794896231764, 166, 2019
E, 100, 0.9891516680963492, 99.8493832924, 94.7324244464, 0.998682995281, -0.253516507629, 0.114785450768, 166, 2019
Z, -100, 0.9989096081571355, 24.6502893971, 26.5020792388, 0.961642627283, -0.272320940737, 1.34108977706, 169, 2019
N, -100, 0.9979151704333382, 89.2126734917, 87.4525610873, 1.04442338046, -0.0622576897195, 0.085937010118, 169, 2019
E, 100, 0.9990277913574915, 127.065189478, 117.566477886, 1.06332621666, -0.0472965993106, 0.0167601168387, 169, 2019
Z, -100, 0.9978745190702498, 19.6250896471, 21.5849986202, 0.932018766405, 0.120324134752, 0.0424783002668, 172, 2019
N, -100, 0.9962084329282064, 77.7687043912, 80.8664115393, 0.976000500865, 0.125070755381, 0.0498905675754, 172, 2019
E, 0, 0.999909874921881, 111.11256287, 110.571028615, 1.00102600647, -0.0162695724464, 0.0155926534415, 172, 2019
Z, -100, 0.9974539759164469, 11.5785734786, 12.9649580971, 0.888070939313, 0.177653702509, 0.097952774271, 175, 2019
N, -100, 0.9976626944149393, 53.1739339415, 58.0969504692, 0.924825297421, 0.111957493621, 0.0460666361724, 175, 2019
E, -67, 0.9985052676931234, 78.0576734866, 78.5538588747, 0.98960683945, 0.525851467665, 1.84075479348, 175, 2019
Z, 14, 0.9980179701865088, 12.3496926606, 12.7747096337, 0.918646513656, -0.0807394758062, 0.0900409757657, 178, 2019
N, 100, 0.9937649408107123, 36.528306172, 38.6780503318, 0.915377140638, 0.0662870809813, 0.0902665983286, 178, 2019
E, -100, 0.9894638642292368, 50.0014321851, 47.1801005624, 1.04139785106, -0.230636655536, 1.3198266941, 178, 2019
Z, 0, 0.9988116737204252, 21.5013647699, 22.9616118638, 0.966810443045, -0.0778694536601, 0.0923697579646, 181, 2019
N, 100, 0.9903372003532489, 63.1622039113, 60.1938616849, 1.03639486322, -0.153035357581, 0.0506286352077, 181, 2019
E, 100, 0.9962548361374868, 76.4731570738, 80.0417012832, 0.938084272477, 0.0482158098635, 0.123470172502, 181, 2019
Z, -28, 0.9992025404978355, 26.7770270598, 29.5594375865, 0.942140471618, 0.00156511165022, 0.0540163872376, 184, 2019
N, 100, 0.9972914821291747, 83.793727633, 88.7102538458, 0.977977241284, -0.105305972525, 0.064512990457, 184, 2019
E, 100, 0.9983713083211263, 116.269791055, 116.266366992, 0.987355605755, -0.104452370734, 0.0402581804772, 184, 2019
Z, -100, 0.9994725936928158, 24.6408533544, 26.9384881796, 0.929298496014, 0.0620089138791, 0.0295894495975, 187, 2019
N, 49, 0.9994332633131859, 86.522015729, 97.4031822084, 0.893604555654, -0.0309341179086, 0.0443698401275, 187, 2019
E, 60, 0.9992554739521248, 125.666218465, 125.2598828, 0.996273784973, -0.0327836475625, 0.0396954454335, 187, 2019
Z, -3, 0.997233133530046, 14.7802391175, 17.1094890668, 0.842013285017, 0.143415695631, 0.0693834308939, 190, 2019
N, 100, 0.9971834050357581, 63.0531554839, 79.0664526059, 0.808214283546, 0.0309183163072, 0.060582424185, 190, 2019
E, -100, 0.9945970758677807, 101.760347392, 97.2735988942, 1.04924712579, -0.238488017584, 1.3384155997, 190, 2019
Z, 31, 0.9978964291411047, 14.5000470261, 15.3089898974, 0.926480738531, -0.400350364207, 1.20171258292, 193, 2019
N, 100, 0.9774317511477111, 50.0457825715, 51.380207152, 0.935398199333, 1.08891653585, 2.44890494867, 193, 2019
E, 100, 0.9840046994398486, 55.0545005024, 60.1661768875, 0.97224305818, 0.036985127521, 0.0449732652821, 193, 2019
Z, -100, 0.9989281892575728, 21.8484865305, 23.051993092, 0.966369312884, -0.025502179032, 0.0804495426639, 196, 2019
N, 100, 0.9977733170812968, 70.7891964429, 68.5726775636, 1.04584801637, -0.11165582077, 0.0944707906048, 196, 2019
E, 100, 0.9933834793454719, 91.8693176573, 91.4322330631, 1.00869365447, 1.29981748578, 2.72434920703, 196, 2019
Z, -100, 0.9984273274958964, 23.6229011252, 25.723364057, 0.957651274017, 0.0733830439967, 0.0555090600088, 199, 2019
N, -100, 0.9995762425177425, 84.8060125486, 85.5285322492, 0.999883814353, -0.0295992555506, 0.0372751227314, 199, 2019
E, 100, 0.9990692469647569, 117.020000546, 115.33257618, 1.00560145388, -0.0539889634686, 0.0224240346262, 199, 2019
Z, -100, 0.9986494081296544, 19.8003781275, 22.120213281, 0.912580554379, 0.0891758640333, 0.0245434636814, 202, 2019
N, -100, 0.9988767821711538, 77.572688566, 81.5764615255, 0.956202442739, 0.0632392605749, 0.017758430065, 202, 2019
E, 0, 0.9996785859917152, 114.887182536, 110.089753056, 1.05129764202, 0.275824709006, 1.32416971018, 202, 2019
Z, -100, 0.9985982466244028, 12.8453352072, 14.1838801216, 0.893668978659, 0.10960925142, 0.0724902199567, 205, 2019
N, 0, 0.9982963839428334, 54.0971051678, 60.218825917, 0.917187775842, 0.0553936938868, 0.0457680839638, 205, 2019
E, -100, 0.9963656122785411, 87.3661191948, 80.2870944014, 1.06855248845, 0.305375566979, 1.33461299146, 205, 2019
Z, -100, 0.9319411054128999, 9.24397599738, 12.9652744384, 0.800405322653, -0.0997470709915, 0.468362767131, 208, 2019
N, 100, 0.99470048736745, 33.9077967492, 36.472823214, 0.937587978671, 0.257018134039, 1.33262966718, 208, 2019
E, -100, 0.9993444834837061, 46.4315228548, 45.9710908979, 1.02889786217, 0.0215258654809, 0.0163765904825, 208, 2019
Z, -100, 0.9986485540288156, 23.6580939341, 25.2442838427, 0.972871844485, -0.0254945798997, 0.0911761702913, 211, 2019
N, 100, 0.9960571058101063, 65.2833059189, 65.5360047988, 1.00903938298, -0.107425772408, 0.0620263672419, 211, 2019
E, 0, 0.9992990101051773, 89.77116393, 86.2462164651, 1.05444520332, 0.0830694751499, 0.0633485849204, 211, 2019
Z, -100, 0.9986834963319818, 29.7733627169, 32.3702259957, 0.955808809792, -1.43603456044, 2.67591101203, 214, 2019
N, 100, 0.9984317603428595, 94.0074945168, 102.568066546, 0.946099475667, -0.0857736869625, 0.0657153852461, 214, 2019
E, 100, 0.999670152505642, 129.943631524, 130.029776123, 0.997759518907, -0.0456025240033, 0.0191887910362, 214, 2019
Z, -79, 0.9992955097234569, 25.0530431023, 27.9081997211, 0.905692003862, 0.0683655277538, 0.0233094104857, 217, 2019
N, 100, 0.999766464682666, 95.0503464665, 107.683582637, 0.888698543297, -0.0161627372818, 0.00871165895659, 217, 2019
E, 100, 0.9996461139582136, 135.129844619, 134.791030782, 0.996644394561, -0.0428735902266, 0.0105194873426, 217, 2019
Z, 100, 0.9982338020312845, 14.3658102561, 14.5046883395, 0.998288881287, -0.0677215068465, 0.0313012970611, 220, 2019
N, 100, 0.9971308465413549, 66.1317359124, 74.3520690727, 0.888846116678, -0.0699984564816, 0.0389271948146, 220, 2019
E, 100, 0.9980675859327112, 96.2562193526, 92.7128291453, 1.03855066547, -0.0845620531033, 0.0504588225354, 220, 2019
Z, 100, 0.9439144470377101, 13.6500264029, 15.3514443858, 0.961314733237, -0.506801322169, 0.515109386176, 223, 2019
N, 100, 0.9814619313093759, 41.9359142253, 42.1985266177, 0.936878215288, -0.253798572582, 0.0751913933125, 223, 2019
E, 0, 0.9927381225224263, 50.9883552904, 54.341623846, 1.05605652808, 0.290036629518, 1.20540913776, 223, 2019
Z, 100, 0.9321452227465898, 28.3378058885, 24.5991872294, 1.1136802934, -0.39414263421, 0.143841560851, 226, 2019
N, 100, 0.9872553412931548, 76.481644454, 74.0724578184, 1.04884811912, -0.197065759311, 0.0792699951241, 226, 2019
E, 100, 0.9925692640595771, 99.513676662, 98.0738138623, 0.994092351669, -0.119818430516, 0.0278534269861, 226, 2019
Z, 18, 0.9990997011637565, 25.3262974378, 27.5899568682, 0.889847606512, -0.0870143424602, 0.0594963411244, 229, 2019
N, -100, 0.9998270464861692, 87.6744129124, 91.5469129351, 0.944722235685, -0.0118358626301, 0.0236994048671, 229, 2019
E, 100, 0.9996079085817966, 126.441517549, 122.374464617, 1.0173918689, -0.0206718494951, 0.0184405999737, 229, 2019
Z, 81, 0.9998624790371248, 21.2596564955, 23.6402486765, 0.907606898436, -0.0210025648301, 0.00954887544582, 232, 2019
N, 62, 0.9997147451568488, 80.3330060323, 85.0638373381, 0.944392969597, 0.0175418794917, 0.0181086557406, 232, 2019
E, -100, 0.9998131516056559, 117.223588409, 113.943489298, 1.02513028662, -0.0166688092112, 0.01722853147, 232, 2019
Z, 100, 0.9982365580372103, 13.1876383882, 13.9711838741, 0.946279352184, 0.0213235482837, 0.022857848844, 235, 2019
N, 100, 0.9973575662764361, 57.3508493078, 59.1560295362, 0.96382713485, -0.0562138953115, 0.0297633325056, 235, 2019
E, -100, 0.9996690096669811, 83.9029376194, 78.8798570517, 1.06833626291, -1.14718447572, 2.45563288382, 235, 2019
Z, -100, 0.9976384220764413, 15.0139172415, 15.4476543526, 0.970450251909, 0.00281030141564, 0.0715273647622, 238, 2019
N, 100, 0.9873834269483657, 36.8507923438, 35.4877622724, 1.03019739558, 0.108345776931, 1.33853215406, 238, 2019
E, -100, 0.9976442579242566, 42.3472238595, 43.921647908, 1.01600344377, 0.257678026824, 1.28575142918, 238, 2019
Z, -100, 0.9989555668420378, 27.3914404524, 30.6137048634, 0.913119249944, 0.0545121503812, 0.0174512747683, 241, 2019
N, 100, 0.9968974517620689, 78.9466318098, 83.8639901959, 0.960891435588, -0.0562068634917, 0.0389797731875, 241, 2019
E, 100, 0.9981897358401123, 105.358221082, 106.492515076, 0.985530063792, -0.00438498264981, 0.0475347565456, 241, 2019
Z, 0, 0.9999647546868922, 32.2292723319, 35.3353672499, 0.911358109456, 0.0112107221246, 0.0136038649491, 244, 2019
N, 100, 0.9986597226934354, 107.666587127, 119.112715517, 0.917893149129, -0.103001479155, 0.0427772607812, 244, 2019
E, 100, 0.9988778866011704, 148.067599134, 149.197953713, 0.994039021366, -0.0724840357828, 0.0286705454026, 244, 2019
Z, -16, 0.9998957313532035, 23.6084616436, 25.7358153081, 0.914946920795, 0.010549753824, 0.00820539523484, 247, 2019
N, 100, 0.9997643317798516, 94.9895376148, 106.853821998, 0.893516691937, -0.0139967357109, 0.0140095734917, 247, 2019
E, 100, 0.9993197990806766, 141.651985461, 134.149439066, 1.04894809286, -0.0725403737285, 0.0168823039308, 247, 2019
Z, -100, 0.9987583195113243, 9.02170699097, 9.56988414094, 0.954334016323, -0.0108917304241, 0.0206775505146, 250, 2019
N, 100, 0.9977361055354412, 52.0327867743, 56.4627720072, 0.921000566749, -0.0608538462519, 0.0265836682645, 250, 2019
E, -100, 0.9987448109535371, 75.5003313168, 74.0943775563, 1.01323177641, 0.0227128128115, 0.0114274966359, 250, 2019
Z, -100, 0.9991606041326689, 17.07702012, 18.4062379003, 0.945379357439, 0.0199742833161, 0.024930736368, 253, 2019
N, 100, 0.9990185852573534, 49.166913759, 49.713795334, 1.02699333786, 0.0193223421904, 0.0462754238441, 253, 2019
E, 76, 0.999546593018423, 61.3141734672, 64.3089690448, 0.960975121273, -0.0665830321782, 0.031335270806, 253, 2019
Z, -100, 0.9996860581648002, 25.0743048928, 27.615237358, 0.932286600259, -0.000473930534084, 0.0264700759296, 256, 2019
N, 100, 0.999323813676364, 82.3364760549, 84.0118717474, 0.996808977757, -0.0844288827488, 0.0382574364663, 256, 2019
E, 100, 0.99933358645003, 110.081364389, 110.897044443, 0.97345143602, -0.0406682052277, 0.0221869713296, 256, 2019
Z, -51, 0.9999021936560224, 26.9064570731, 29.5839054223, 0.914551929537, 0.0229191112217, 0.0107692313251, 259, 2019
N, 22, 0.9999846213326982, 93.4099391626, 96.664726274, 0.97118268784, -0.00527076728598, 0.00439272095169, 259, 2019
E, 81, 0.9995352375965978, 136.901833746, 129.520701209, 1.0388422207, -0.0623479811385, 0.037349839398, 259, 2019
Z, 45, 0.9998385636214192, 21.8859365998, 23.5591700132, 0.923472073432, -0.00447031887346, 0.0134466671105, 262, 2019
N, 100, 0.9998225447659389, 81.823891771, 84.1460004767, 0.969853690822, -0.000883128721075, 0.00869687470002, 262, 2019
E, 43, 0.9998976125077275, 118.330737372, 112.957884536, 1.05936810255, -0.0240690927505, 0.015438024623, 262, 2019
Z, 92, 0.9994359059584749, 10.6728899539, 11.4897694351, 0.940249791357, -0.0484206456135, 0.0206092853077, 265, 2019
N, 100, 0.9965957325253986, 48.70262292, 51.7592851055, 0.938466674556, -0.0929705936029, 0.0439788072836, 265, 2019
E, -45, 0.9994750996078227, 73.7008172017, 69.578388322, 1.05628365247, 0.0101891704995, 0.0283306108874, 265, 2019
Z, -100, 0.999296559347074, 20.0323339391, 21.5280575186, 0.937881797252, 0.0918104485257, 0.053683034649, 268, 2019
N, 100, 0.9875022854303892, 50.5326974817, 51.2076077617, 1.00539502121, -0.140878397956, 0.07385802139, 268, 2019
E, 100, 0.9979538233736581, 60.9943583258, 63.2464778403, 0.986184867784, -0.00950203693012, 0.0565676676035, 268, 2019
Z, -50, 0.9999762739817694, 32.1244830604, 35.2420283884, 0.911168709885, 0.0175964026135, 0.00776179460436, 271, 2019
N, 100, 0.9957429353986819, 96.4571274901, 104.739497851, 0.938384423475, -0.119317138856, 0.050237846827, 271, 2019
E, 100, 0.9994611956301949, 126.287129165, 131.286984265, 0.966331385276, -0.0653883860599, 0.0263120166982, 271, 2019
Z, -100, 0.9999547057363148, 31.3677801629, 34.2587986039, 0.91176460916, 0.0116403234217, 0.00348897253397, 274, 2019
N, 100, 0.9996182578536942, 112.494057373, 122.095044464, 0.930335128683, -0.0861722734605, 0.0424019626069, 274, 2019
E, 100, 0.9968603000481773, 158.278686191, 155.044892461, 0.995950950954, -0.0834172394295, 0.0467311585013, 274, 2019
Z, 100, 0.9994512944543384, 18.1141206408, 20.1182847848, 0.899866363309, -0.0590737739083, 0.0307647399048, 277, 2019
N, 100, 0.9995475299468677, 82.2326366222, 90.4452267303, 0.904533365286, -0.0543049508488, 0.0133159756251, 277, 2019
E, 100, 0.9997018645998877, 121.570015529, 116.247114826, 1.05266423547, -0.0567734672303, 0.0132643185011, 277, 2019
Z, -100, 0.9941711780319474, 8.42411416154, 9.13161378001, 1.04275628947, 0.0416979530233, 0.0883424531233, 280, 2019
N, 100, 0.9984259374525043, 36.6645981952, 37.2395187978, 0.974348410067, -0.102511021485, 0.0330884893797, 280, 2019
E, -100, 0.9990411333139422, 53.0548036358, 52.3586840672, 0.998305240963, 0.286662681972, 1.31874273904, 280, 2019
Z, -100, 0.9997283824920737, 19.7398876619, 21.6803179364, 0.906099123831, 0.0608902050281, 0.0381472331186, 283, 2019
N, 100, 0.9984085230459212, 58.4369598617, 60.3839326804, 0.960412308444, -0.0252402995654, 0.0321988221751, 283, 2019
E, 100, 0.9995384954247214, 73.6198374567, 78.0875831417, 0.949594229079, -0.0193447734659, 0.0231963268224, 283, 2019
Z, -100, 0.9999302454252877, 27.2124759748, 29.6796062298, 0.911460212736, 0.014830012485, 0.00530104838834, 286, 2019
N, 100, 0.9992306720200633, 88.3424760464, 89.6548582492, 0.991602558566, -0.0840585728248, 0.0195343866954, 286, 2019
E, 67, 0.9997344116111048, 115.666486762, 119.305988365, 0.961415680969, -0.0449694613577, 0.0185856364396, 286, 2019
Z, -86, 0.9999389627621678, 26.8319156185, 29.6834999514, 0.896319773763, 0.00531261019575, 0.00922391059735, 289, 2019
N, 100, 0.9997657415824992, 94.7676366524, 95.7808511998, 0.985530157098, -0.0494348578572, 0.0195287006467, 289, 2019
E, 44, 0.9998761670479066, 128.695049309, 129.346127277, 0.99276301401, -0.0323442845096, 0.0187481269521, 289, 2019
Z, 100, 0.9982695845156968, 18.9959959359, 21.1586745537, 0.895057412283, -0.115207364416, 0.0543154506482, 292, 2019
N, 100, 0.9987631571560807, 75.8828398102, 77.2583352164, 0.972929471472, -0.0784226715743, 0.0131593160505, 292, 2019
E, 16, 0.9999727004794225, 106.65723239, 104.130975416, 1.02787308417, -0.0101443501251, 0.00552480523609, 292, 2019
Z, 64, 0.9984700420642124, 10.2786184615, 10.8900493885, 0.996377254738, -0.059571084812, 0.0420111758354, 295, 2019
N, 100, 0.9939081969327733, 40.4218749175, 41.8853527003, 0.951845916401, -0.117199458227, 0.055422391165, 295, 2019
E, -42, 0.9996269429160934, 58.3666573235, 56.8485105048, 1.01449706916, -0.00240262643332, 0.0224935571574, 295, 2019
Z, -71, 0.9995023586973788, 24.6342550134, 26.9263261191, 0.916884288822, 0.0756485921529, 0.0640422284637, 298, 2019
N, 100, 0.9884560871702593, 65.7643835017, 71.5551343975, 0.91790390874, -0.168500998519, 0.0172513683333, 298, 2019
E, 81, 0.9998698969016894, 84.5701064623, 88.2137262046, 0.960858944462, 0.0161115868649, 0.027075841768, 298, 2019
Z, -50, 0.9997844649374242, 32.4780174221, 34.8995609162, 0.909687174165, 0.0300389432673, 0.0276231420926, 301, 2019
N, 100, 0.9964640202486169, 103.516723292, 110.934588741, 0.930788489633, -0.112193668672, 0.0226830037821, 301, 2019
E, 100, 0.999856002043022, 137.770328578, 140.723285214, 0.973781949245, -0.0422048547149, 0.0121851115819, 301, 2019
Z, -3, 0.9998426777228567, 26.3374220012, 29.0950356042, 0.891861223529, -0.00700307281984, 0.0165375481994, 304, 2019
N, 100, 0.9996832066981153, 101.83628499, 108.211853081, 0.935788517732, -0.0680265914212, 0.0341102308575, 304, 2019
E, 100, 0.9995766733231867, 140.472445004, 140.96696228, 0.996069102958, -0.0688605633475, 0.0369717599085, 304, 2019
Z, 100, 0.9973258135683153, 13.8155420468, 14.809058593, 0.934461223694, -0.146712120943, 0.0715613243993, 307, 2019
N, -100, 0.9994247526480811, 65.812605579, 70.350912578, 0.929168307899, -0.00700397452366, 0.0116376124417, 307, 2019
E, 97, 0.9999523359429797, 94.3954452255, 93.5023375201, 1.01061839169, 0.27270873216, 1.33545143066, 307, 2019
Z, -100, 0.9959719240451886, 10.9790453998, 11.7639629488, 1.0196731584, 0.132475296538, 0.112329866403, 310, 2019
N, 100, 0.9956995791001518, 30.2205182444, 33.1754136212, 0.916001252902, -0.0437507889185, 0.0218162173765, 310, 2019
E, -100, 0.997191944825183, 41.6138477223, 40.9113038161, 0.973204453699, -0.0193006365124, 0.051551590492, 310, 2019
Z, -100, 0.9994448441170974, 21.1122459709, 23.2906425106, 0.905502295661, 0.0811179353001, 0.0394127296679, 313, 2019
N, 100, 0.9976184986016354, 63.1092188342, 64.389088363, 0.971010120678, -0.0624745173087, 0.0248185345118, 313, 2019
E, -62, 0.999924671123853, 79.0635941886, 84.6606791762, 0.928252427232, 0.032659775207, 0.0237952831758, 313, 2019
Z, -100, 0.9990081918906352, 27.1924125734, 29.7438100454, 0.87842621853, -0.213163251375, 1.34777065443, 316, 2019
N, 100, 0.999288778949006, 87.2591091999, 87.8379861431, 0.971113297291, -0.0172819413781, 0.0328470871086, 316, 2019
E, 100, 0.9997939168207937, 112.835197548, 119.006913503, 0.94951725815, 0.0124458513882, 0.0162915407344, 316, 2019
Z, 0, 0.9991602994982639, 25.2749951743, 27.9410010304, 0.884568239125, -0.0585048319062, 0.0367351832075, 319, 2019
N, 100, 0.99983745454694, 89.6035757381, 90.3819057521, 0.993752105113, -0.0549514292773, 0.0289795077885, 319, 2019
E, 100, 0.9993171557689342, 121.593337298, 123.138154646, 0.97719053706, -0.0692724994044, 0.0349389148849, 319, 2019
Z, 91, 0.9990735405880481, 16.6286979372, 18.2976632441, 0.908659916647, -0.101711244289, 0.0599752391163, 322, 2019
N, 33, 0.9990133686360697, 65.6535069532, 70.3645058596, 0.920143948473, -0.0635316990229, 0.0267438404474, 322, 2019
E, 45, 0.9999165600925367, 92.7899128425, 94.1875559051, 0.987594251946, 0.00250547312091, 0.00588389649014, 322, 2019
Z, -24, 0.9985600479749048, 14.912525911, 15.6183322632, 1.01758078908, 0.0477089976297, 0.0834676813978, 325, 2019
N, 100, 0.9863220410344891, 39.5516022661, 45.8194142105, 0.882902787812, -0.09437774034, 0.0320377652169, 325, 2019
E, 0, 0.9992698046760229, 54.8961639324, 53.7310885828, 0.999345096708, -0.032218835922, 0.046097084524, 325, 2019
Z, -100, 0.9994945266650795, 25.6198753345, 27.4746216346, 0.925343627701, 0.0996706559104, 0.0710084876525, 328, 2019
N, 100, 0.9918491561267483, 76.5564782102, 79.1162930574, 0.962779971127, 0.199283646919, 1.32897958667, 328, 2019
E, 100, 0.9997057119102266, 97.1643326669, 99.1588169226, 0.974205567789, -0.0544927102133, 0.0252191528963, 328, 2019
Z, -100, 0.9998288074534257, 28.2528792833, 30.5173378298, 0.909052319766, -0.56507813431, 1.83496193796, 331, 2019
N, 100, 0.9990859570807155, 98.5041418902, 100.53533925, 0.969638908193, -0.077012714567, 0.014380862138, 331, 2019
E, 100, 0.9996555089924356, 127.562406686, 131.6037529, 0.962804206317, -0.0560823736798, 0.015030987587, 331, 2019
Z, 100, 0.9976529488089629, 21.6056306723, 24.2037634415, 0.877573691606, -0.12818660661, 0.049752508291, 334, 2019
N, -100, 0.9992729515629564, 85.4109896586, 91.1971956978, 0.926021452843, 0.246884638899, 1.34659635995, 334, 2019
E, -22, 0.999934285680825, 117.372950028, 121.979994691, 0.960035868858, 0.00802590990918, 0.00758318841065, 334, 2019
Z, 100, 0.9913034392931943, 11.9603695289, 12.806632257, 0.940859782809, -0.18032441204, 0.0780665379982, 337, 2019
N, -31, 0.9992755699772453, 51.0963049065, 59.8461264285, 0.851010994666, -0.0356041867606, 0.030961976459, 337, 2019
E, -100, 0.9998684121462036, 79.5862821254, 80.8587945263, 0.981912383911, -0.268509443185, 1.33888656724, 337, 2019
Z, -100, 0.9982217491122829, 11.20734523, 12.6839012682, 0.942989894869, 0.0643299549998, 0.084534147488, 340, 2019
N, 100, 0.9942130558200983, 31.4978170376, 36.8562148303, 0.891933791571, -0.0683013355419, 0.046536171067, 340, 2019
E, 0, 0.9999188958614943, 41.4726313998, 43.0002565382, 0.96698945221, -0.0213293699814, 0.0145880540483, 340, 2019
Z, -100, 0.9989019688927878, 20.9106975138, 22.915293413, 0.895217639057, 0.141734492138, 0.104143214222, 343, 2019
N, 100, 0.9961608907788372, 61.9750889875, 61.0095150841, 0.987757808861, -0.0759087287135, 0.0356069291119, 343, 2019
E, 26, 0.9998957031707844, 77.6267720348, 82.2235340352, 0.943974905738, 0.020167210465, 0.0266564218081, 343, 2019
Z, -35, 0.999271169713228, 26.11019889, 28.7856566612, 0.875182341742, -0.586416725926, 1.83656771552, 346, 2019
N, 100, 0.9994784713852449, 82.7657176176, 83.8270745669, 0.978438090733, -0.0396314752307, 0.0176247711748, 346, 2019
E, 32, 0.9999670270708197, 109.40239093, 114.190811828, 0.955484596291, -0.0116205979401, 0.00597449883041, 346, 2019
Z, 90, 0.9986104361019625, 24.1296493124, 26.8695960761, 0.882009936563, -0.10620391933, 0.0427040531375, 349, 2019
N, 3, 0.9994356085823597, 83.7671447969, 89.2430391353, 0.932384373005, 0.229261516137, 1.34587467285, 349, 2019
E, 94, 0.9998321476803533, 115.668943357, 119.517694568, 0.971646566541, -0.0454637651904, 0.0260289441661, 349, 2019
Z, 100, 0.9976926352917906, 17.0290446971, 17.9995470126, 0.955105201564, -0.135437915778, 0.0546327968272, 352, 2019
N, 0, 0.9993331693374702, 62.2414336847, 73.2670739135, 0.852322110851, -0.00998795322429, 0.0421826048476, 352, 2019
E, 100, 0.9998068293576658, 91.2836641762, 93.9911279156, 0.978469078358, -0.00654048069625, 0.0211455933966, 352, 2019
Z, -100, 0.9987705530643566, 14.9580714767, 16.2948532992, 0.970141849586, 0.0571477120097, 0.110465319907, 355, 2019
N, 100, 0.9907677712295868, 44.5041559742, 54.0160637178, 0.8807704942, -0.0970067983001, 0.127252960719, 355, 2019
E, 100, 0.9991567451511317, 61.8239075933, 61.9292239278, 0.981356672746, -0.064641969327, 0.0327058082124, 355, 2019
Z, -100, 0.9989047299213989, 22.8159301815, 24.5173939897, 0.911550811424, 0.152297292373, 0.100590966443, 358, 2019
N, 100, 0.9949936725755453, 70.2235019297, 72.3547689284, 0.95586751321, -0.109837362743, 0.032296849775, 358, 2019
E, -100, 0.999795134624952, 93.2319794081, 94.2890513906, 0.991826885332, 0.00365782787177, 0.0377479172168, 358, 2019
Z, 0, 0.9993565857489763, 24.7372917563, 27.1738814078, 0.882936528583, -0.0449219083533, 0.0459322816849, 361, 2019
N, 53, 0.9993186809710493, 86.7944106365, 89.9171284794, 0.943672420661, -0.0203394012038, 0.0254774649548, 361, 2019
E, 0, 0.9999570088975251, 113.371739372, 120.415133728, 0.942799721815, -0.0238946917042, 0.0171089862644, 361, 2019
Z, 100, 0.9954457425501361, 20.6388679602, 22.698930307, 0.893320956291, -0.205587753769, 0.116960800512, 364, 2019
N, -100, 0.9988219999152869, 78.1788065179, 85.0616199725, 0.912906027415, -0.0118157229092, 0.033568419869, 364, 2019
E, 0, 0.9999625978416747, 107.430900502, 113.975202517, 0.945773269814, -0.0116077686314, 0.00633096948202, 364, 2019
