Chan, Phase Shift, Correlation, ptp-data, ptp-synthetic, rat, phasem, phasestd, DOY, Year
Z, -100, 0.9996715190616491, 55.8394159618, 63.1295934189, 0.877685800148, 0.0392041651322, 0.0267532768263, 1, 2019
N, -100, 0.9743139558122452, 45.8121106171, 37.9350034888, 1.19668559049, 0.335411957371, 0.138557201548, 1, 2019
E, 100, 0.9879780969727123, 62.5560980127, 53.4402421986, 1.16755784059, 0.000460880616501, 0.12112198192, 1, 2019
Z, -100, 0.9998052513938531, 90.2882811775, 100.866760784, 0.890741143972, 0.0240254393952, 0.0159742031854, 4, 2019
N, -100, 0.9918221666025457, 80.2472598114, 66.4992354506, 1.1997134446, 0.152281650373, 0.0350563930283, 4, 2019
E, 100, 0.9709906940735196, 86.3507479108, 91.6985257925, 0.935540947951, -0.266690106602, 0.0459213355585, 4, 2019
Z, 100, 0.9997319593086549, 98.8865413192, 110.706597502, 0.886163957034, -0.00445202858613, 0.0163215460716, 7, 2019
N, -100, 0.9987866332974614, 92.1490909534, 78.9989827685, 1.16951710009, 0.0588183553969, 0.00630377268015, 7, 2019
E, 100, 0.9748630238358007, 98.0249867041, 102.681305492, 0.949837693076, -0.251936661457, 0.0458186970943, 7, 2019
Z, 84, 0.9993617957267271, 80.3747170393, 91.8164939822, 0.875795968337, 0.00137689164157, 0.0250385035925, 10, 2019
N, 0, 0.9970187205567455, 77.0307872337, 71.0388277921, 1.06640769925, 0.0252889343443, 0.0274452521398, 10, 2019
E, 100, 0.9868238891641495, 70.4571651689, 83.1528687484, 0.85183083435, -0.165201641218, 0.00343033577949, 10, 2019
Z, 100, 0.997428499282523, 46.7183326375, 52.9442048133, 0.871636344291, -0.0837069690747, 0.0157508478294, 13, 2019
N, -100, 0.9966084791504584, 59.1356945154, 45.9511736069, 1.28165220967, 0.0148359090143, 0.0137289798165, 13, 2019
E, 100, 0.958591886628104, 42.4185315047, 49.4694947672, 0.839452906554, -0.289774737224, 0.015671237891, 13, 2019
Z, -100, 0.9977105164632941, 54.0425198747, 59.704036062, 0.894998279092, 0.103837539949, 0.0767296094808, 16, 2019
N, -100, 0.9602019582373276, 43.0513655027, 37.7060612422, 1.07046089327, 0.562449711328, 0.350171744119, 16, 2019
E, 100, 0.9958977287146575, 49.4569516124, 51.3059236517, 0.967978382177, -0.113212409842, 0.0188700911708, 16, 2019
Z, -93, 0.999971682590943, 102.512511813, 113.302108446, 0.905479900682, 0.00626252015263, 0.000400274339383, 19, 2019
N, -100, 0.99244734913036, 89.1105276636, 75.122555477, 1.19691394245, 0.130413712344, 0.00228069403753, 19, 2019
E, 100, 0.9950323255983994, 96.8648034042, 103.503968093, 0.93415957892, -0.0928620248217, 0.0153471494033, 19, 2019
Z, 100, 0.9998221168084042, 113.944878635, 127.342236946, 0.891167452843, -0.0026847551208, 0.0157533616393, 22, 2019
N, -100, 0.9987151200396837, 105.245473097, 90.2435252193, 1.16969227334, 0.0475060581538, 0.00341420288204, 22, 2019
E, 100, 0.9945471557183564, 109.473597562, 117.364103926, 0.921224287747, -0.106190583694, 0.0154295598358, 22, 2019
Z, 100, 0.9980705919334425, 70.126113927, 80.2327675627, 0.87724754743, -0.0505365353239, 0.0151372600955, 25, 2019
N, 100, 0.9983065550970205, 69.5239317928, 65.1747195294, 1.04364665739, -0.0548904529744, 0.0158719191686, 25, 2019
E, -77, 0.9986875298236377, 70.913311478, 70.0159054441, 1.02502894283, 0.0257505214491, 0.0135764007364, 25, 2019
Z, -51, 0.9969387846219494, 38.8911254542, 43.975280484, 0.873203370615, 0.125687917677, 0.113163702576, 28, 2019
N, -100, 0.9636411386144709, 27.7911256618, 33.5670188319, 0.787913814942, -2.57564690375, 2.75664151014, 28, 2019
E, 100, 0.9647813258956611, 39.9246017223, 35.3068035525, 1.20310841432, -0.463553233111, 0.21183617205, 28, 2019
Z, 100, 0.9998377461958173, 74.5081880818, 83.7690278369, 0.885411823177, 0.00423434791343, 0.0187907394749, 31, 2019
N, -100, 0.9925801399241606, 69.779576991, 54.1980347216, 1.30333246978, 0.104254572474, 0.0211810267179, 31, 2019
E, 100, 0.9796997516395004, 67.7646463814, 74.1491062148, 0.899225564284, -0.201429833238, 0.00484707631061, 31, 2019
Z, 100, 0.9998765768383815, 87.6609271665, 98.044849197, 0.891285078745, 0.00133148147241, 0.0141405119388, 34, 2019
N, -100, 0.999656352814141, 77.407249786, 68.6525726925, 1.12040499532, 0.0237341898599, 0.00109609038918, 34, 2019
E, 100, 0.9917898972136368, 88.9332555765, 92.0405887271, 0.951344603498, -0.114027238574, 0.00486743758703, 34, 2019
Z, 100, 0.9994788149609689, 76.7970567666, 86.9250099968, 0.882470696148, -0.00538151228637, 0.0228815324679, 37, 2019
N, -100, 0.998113408449838, 71.8392155232, 65.4599569456, 1.08285098459, 0.0581385542265, 0.0326371381941, 37, 2019
E, 100, 0.9963123833812959, 75.3495750028, 79.7619999121, 0.93948939141, -0.0769087652181, 0.00568341513394, 37, 2019
Z, 100, 0.9984499060978423, 46.8189381002, 53.1651682081, 0.877047647556, -0.0466521617682, 0.00178840627665, 40, 2019
N, 43, 0.9967925240671355, 47.7422802784, 44.0221849008, 1.03893973505, -0.051500251681, 0.0583949486191, 40, 2019
E, -100, 0.9939452902597985, 46.6610758674, 45.6570244019, 1.02522921199, 0.0856077015161, 0.0694798590292, 40, 2019
Z, -1, 0.9993489526160426, 32.5347656811, 36.559213704, 0.892644979777, 0.000929599039639, 0.00711792811295, 43, 2019
N, -100, 0.9722151734220584, 25.4132275915, 22.8944095692, 1.1259287643, -2.42681364324, 2.61947139144, 43, 2019
E, 100, 0.9042834968396046, 28.2801553252, 29.037929893, 1.07815765176, -0.893359741734, 0.479337966699, 43, 2019
Z, -100, 0.9996859787743358, 79.0631660238, 86.9444940839, 0.906464461423, 0.0336971207172, 0.0179522713634, 46, 2019
N, -100, 0.9758442463825989, 72.6724272782, 56.6663821915, 1.24196112024, 0.288890367671, 0.10233036815, 46, 2019
E, 100, 0.9824438802734883, 72.2318714084, 76.8778941446, 0.928745933791, -0.119154288979, 0.0825480010023, 46, 2019
Z, 15, 0.9999980501823341, 101.66331666, 110.574235715, 0.918921897833, -0.00182578331688, 0.000978974025689, 49, 2019
N, -100, 0.9904025096360868, 104.775713786, 77.0436677943, 1.37583402778, 0.115329382974, 0.0210778528033, 49, 2019
E, 100, 0.9420099753400549, 85.9926016879, 103.541722648, 0.82363897177, -0.381590674088, 0.106666868386, 49, 2019
Z, 100, 0.9995548293121186, 70.6388663574, 78.7763674684, 0.893230541005, -0.00534090063948, 0.0170361180322, 52, 2019
N, -100, 0.9959255847682965, 70.5999070278, 59.9112105662, 1.153462966, 0.0585668510958, 0.038452859333, 52, 2019
E, 100, 0.984952711469817, 62.1325860209, 71.2492698267, 0.899603253248, -0.0452420837372, 0.12738483614, 52, 2019
Z, 0, 0.9919022423133945, 23.710535043, 26.402119705, 0.888758628552, 3.1064701157, 3.06204697054, 55, 2019
N, -100, 0.9349407756889665, 22.366048555, 22.657829766, 1.02775746471, -0.408507065741, 0.610811683359, 55, 2019
E, 100, 0.7392462110384364, 19.8718508594, 18.0646715624, 1.00168890265, -2.37928916035, 1.75636697978, 55, 2019
Z, 0, 0.9999086672000387, 58.6529466593, 66.718354375, 0.88280694879, -0.00639863072263, 0.0105324999168, 58, 2019
N, -100, 0.9922840875583486, 50.8672374526, 41.5912179187, 1.24617673123, 0.104247610162, 0.0144109891007, 58, 2019
E, 100, 0.9163411636891615, 72.0683513461, 57.5064292569, 1.24433410803, -0.43260972203, 0.0190138893239, 58, 2019
Z, -100, 0.9998103036176491, 71.0930026832, 79.3325232706, 0.894964013904, 0.0293432529932, 0.00923363892883, 61, 2019
N, -100, 0.9813336543414829, 70.6823805487, 56.4829673026, 1.24135847888, 0.222301564221, 0.0373958888802, 61, 2019
E, 100, 0.951022409973891, 87.298308047, 74.2372964111, 1.16005401092, -0.233245831596, 0.0966689686008, 61, 2019
Z, 100, 0.9995642712250519, 62.3836515308, 69.7712049729, 0.893203056245, -0.0189593838902, 0.00830185671002, 64, 2019
N, -100, 0.9950366632471618, 62.781937993, 52.3665090661, 1.21506040288, 0.0384741568367, 0.0331658677355, 64, 2019
E, 100, 0.9737731638355458, 96.9391102361, 66.1523167573, 1.40422754089, -0.189388113246, 0.0225966542104, 64, 2019
Z, 100, 0.9935588449020669, 34.3002718004, 41.1637674395, 0.842974080668, -0.108134099745, 0.0232164260061, 67, 2019
N, 100, 0.9901036805627272, 30.3213986312, 32.5492912482, 0.88662315675, -0.0809970907683, 0.0513309167727, 67, 2019
E, 100, 0.9934270400513601, 66.4272930382, 34.5906835239, 1.94071357705, -0.00122671119639, 0.0484888743267, 67, 2019
Z, -100, 0.9963243411942659, 23.4322831482, 26.1871864708, 0.912308873532, 3.12359957273, 3.06406617363, 70, 2019
N, -100, 0.9251672337787028, 26.4409451922, 13.8628978629, 1.97405627362, -0.369328944428, 0.583523557582, 70, 2019
E, -100, -0.046196166760662696, 25.6001116599, 22.0281647365, 1.27298249571, 0.969853073952, 2.56534709349, 70, 2019
Z, 0, 0.9999617194182825, 63.6739063022, 71.0120534228, 0.895617633725, 0.00310947628043, 0.00252553212091, 73, 2019
N, -100, 0.9972997674345135, 61.3895979385, 46.1105531189, 1.33913729837, 0.0426324982048, 0.026468362617, 73, 2019
E, 100, 0.8703485869311753, 52.3789879865, 61.9692414218, 0.790735636847, 2.70440863497, 3.23404961285, 73, 2019
Z, 100, 0.9997856534884509, 80.5710359591, 90.1424822221, 0.896422537451, -0.0284484066779, 0.010607799209, 76, 2019
N, -100, 0.9967255781349612, 84.4742095406, 64.1786186226, 1.30886422181, 0.0894540275758, 0.00846749285633, 76, 2019
E, 100, 0.9358143272212599, 92.0773836856, 83.9102837486, 1.0917830112, -0.352475529142, 0.022748028999, 76, 2019
Z, 100, 0.9999470139549251, 56.3157005135, 64.9013538874, 0.865898892918, -0.0155255814157, 0.000811052208327, 79, 2019
N, -100, 0.9858551724931495, 58.114194526, 49.2232855988, 1.1660151616, 0.157831213437, 0.0113732925541, 79, 2019
E, 100, 0.9417092740438626, 72.9628930109, 62.4965997056, 1.2013696393, -0.238680399622, 0.115061591251, 79, 2019
Z, -100, 0.9972164508029516, 22.4249659115, 26.2154945325, 0.852265632175, 0.0413582163633, 0.0548741974554, 82, 2019
N, -100, 0.9173844983248326, 17.7031267367, 10.4483181526, 1.78885299455, 0.109058957595, 0.422146875215, 82, 2019
E, 100, 0.12437771253275129, 11.1381936034, 21.0416604409, 0.497946721463, -1.25333003399, 0.349753425477, 82, 2019
Z, -100, 0.9998237004794026, 61.0661713635, 67.4318637924, 0.903959970987, 0.0218779043338, 0.00521376242523, 85, 2019
N, 0, 0.9989799203833227, 60.3293765261, 42.1776732864, 1.44074795629, -0.0222556473457, 0.0333485390234, 85, 2019
E, 100, 0.801081279038547, 43.9479002482, 60.9804792224, 0.723452233056, 2.57495564791, 3.24921081972, 85, 2019
Z, 0, 0.9999287642221953, 66.9968952168, 74.5282243487, 0.899042923255, -0.00995849085107, 0.00533371878986, 88, 2019
N, -100, 0.9979391904416831, 70.0720099005, 54.1203943589, 1.28944514247, 0.0592741652084, 0.000883575947187, 88, 2019
E, 100, 0.8414497918121991, 62.5927016077, 70.1636668146, 0.873049870955, -0.481099604602, 0.107475250327, 88, 2019
Z, 0, 0.9998965054111008, 50.8738866324, 56.9792443069, 0.892828080612, -0.00718974076459, 0.00625781886057, 91, 2019
N, -100, 0.9982694273797185, 55.6822383465, 45.0913697562, 1.23038525759, 0.0160219209556, 0.0420889019112, 91, 2019
E, 100, 0.9290157963147863, 68.4046268765, 55.7521527041, 1.22677941581, -0.370970593282, 0.0118383453408, 91, 2019
Z, -100, 0.9995139838931403, 24.0676120751, 25.9512457779, 0.942577388651, 0.0209761558128, 0.0240641606726, 94, 2019
N, -100, 0.9741221855166953, 27.9569314501, 20.6705555436, 1.39844845359, -2.90960715533, 3.11249535645, 94, 2019
E, 100, 0.8875263176641894, 33.3332936244, 24.8084471741, 1.53511274962, -0.239157676527, 0.236859878484, 94, 2019
Z, -100, 0.9997354075761334, 32.1517779722, 37.0800083464, 0.865642976142, 0.0203039392864, 0.0142209987511, 97, 2019
N, 100, 0.9827607658196411, 24.0060551072, 21.4954083509, 1.03940858243, 0.102181642814, 0.205809588761, 97, 2019
E, -100, 0.6997797860438382, 15.3139723083, 34.1701520915, 0.415772199429, 0.320517747669, 0.303358902406, 97, 2019
Z, 38, 0.9998261096734467, 68.7824990409, 77.4482770362, 0.882036146814, -0.00212176189199, 0.0120219975017, 100, 2019
N, -100, 0.9988134812549984, 65.5568155485, 51.936488467, 1.27332732492, 0.0138868091913, 0.0131334993825, 100, 2019
E, 100, 0.9337805599231934, 52.0365368519, 71.9522818148, 0.708344834719, -0.33875685138, 0.028820144359, 100, 2019
Z, 64, 0.9998247136686321, 80.4057821137, 89.6673533773, 0.898343719151, -0.0185189403323, 0.000281860781346, 103, 2019
N, -100, 0.9997555335788815, 78.2911198857, 65.1926984132, 1.2010267191, 0.0191134203928, 0.00298230002482, 103, 2019
E, 100, 0.9787532865621522, 83.3650817132, 84.6974136694, 0.972990592134, -0.141377141486, 0.0865673041475, 103, 2019
Z, -100, 0.8595422592269346, 41.112413067, 58.4277964919, 0.543387664418, -0.0275852541148, 0.484913054703, 106, 2019
N, -100, 0.85474130590722, 44.5017869363, 48.3913289156, 0.70769808319, 0.0224160061762, 0.458479426679, 106, 2019
E, 100, 0.7728137918810107, 64.8917869086, 58.7407750292, 1.241382538, -0.639079833592, 0.10813414262, 106, 2019
Z, -100, 0.8513568363874048, 31.6594073459, 34.199504746, 1.15169290933, -0.0661554085065, 0.486043746196, 109, 2019
N, -100, 0.486355165948715, 25.1032694438, 15.9294972694, 1.88534255994, -0.102057980696, 0.979447958204, 109, 2019
E, 100, 0.015677377472355668, 32.8031713412, 28.2589969021, 0.953268375627, -0.926965366179, 1.46185584294, 109, 2019
Z, -79, 0.9997500953357502, 73.1814338963, 81.9773967742, 0.886892592848, 0.0237022713894, 0.017877699675, 112, 2019
N, -42, 0.9930151062193919, 59.0364778525, 53.1796729062, 1.05019276168, 0.0926223692146, 0.101882911544, 112, 2019
E, 100, 0.9208701329414997, 53.0174739469, 75.6275172607, 0.672107960831, -0.272247708477, 0.134729904807, 112, 2019
Z, 96, 0.9995175002359498, 80.841754418, 90.602294083, 0.885808394278, -0.0178142762853, 0.00452635130801, 115, 2019
N, -100, 0.9944119523768837, 84.2713386027, 65.9434934896, 1.26685914585, 0.138427478298, 0.062695723692, 115, 2019
E, 100, 0.8921401684371133, 77.6700874468, 88.0430502788, 0.884036992016, 2.69277280222, 3.1833670843, 115, 2019
Z, 100, 0.9990517809634163, 59.3599591131, 67.0951600371, 0.881559055205, -0.0464166782977, 0.00740390917129, 118, 2019
N, -100, 0.9988221025657691, 76.0503348959, 54.2107794519, 1.39469367264, -0.00162751607645, 0.0346722075025, 118, 2019
E, 100, 0.8445819265787091, 61.1514206545, 65.9983992168, 0.929274784308, -0.56493120016, 0.0216166682649, 118, 2019
Z, 100, 0.9968101450621871, 24.7319286598, 28.8309130683, 0.839834908184, -0.0981020737918, 0.0714776216045, 121, 2019
N, -100, 0.9938291809010941, 31.0407970637, 26.0816651877, 1.14966856047, 0.0173386113344, 0.0865645159846, 121, 2019
E, 100, 0.7482365785915459, 28.6505415911, 29.1782877623, 1.04004162113, -0.618918982398, 0.189817031545, 121, 2019
Z, 17, 0.999844075010522, 82.1871149071, 92.4712761173, 0.882011648531, 0.00132335194129, 0.0102889388774, 127, 2019
N, 100, 0.9986498304814977, 80.0926609108, 63.1537293486, 1.28826331566, -0.0213858229299, 0.00246256122919, 127, 2019
E, 100, 0.9931626121381769, 57.2836146528, 86.816705998, 0.66673504852, -0.137613711361, 0.0241284774182, 127, 2019
Z, 0, 0.9998828241731467, 95.5382529015, 107.100425465, 0.888051860547, -0.00428918199321, 0.00674586880558, 130, 2019
N, 100, 0.9891813525790735, 103.79452797, 78.2427947027, 1.33664651726, -0.112003164339, 0.0481198010786, 130, 2019
E, 100, 0.9296035176500499, 67.6386755525, 103.096004055, 0.663895713127, -0.36214782002, 0.0160185023287, 130, 2019
Z, 0, 0.9993042931906541, 63.9761559743, 72.9358573464, 0.872412381698, -0.0134409063635, 0.0021481627872, 133, 2019
N, 100, 0.99696416952665, 81.3726868784, 60.7047868473, 1.29047698951, -0.0908339893236, 0.0577388052278, 133, 2019
E, 100, 0.9008158765660244, 59.6550241765, 74.4355102186, 0.833329716619, -0.370894549266, 0.117112714197, 133, 2019
Z, 0, 0.9993627456523316, 32.1375960169, 35.6110024067, 0.90280663683, 0.0668615050378, 0.0677407410108, 136, 2019
N, 0, 0.9948538364507875, 27.4783855728, 19.9513518671, 1.36680634921, 0.293145989699, 0.31761515147, 136, 2019
E, 100, 0.7837708034573304, 17.6246448515, 29.5814164036, 0.644512823349, 0.124964171303, 0.65038355357, 136, 2019
Z, -64, 0.9997407825938172, 81.1000025794, 90.1503748901, 0.891669865514, 0.0228148134902, 0.0207287924091, 139, 2019
N, 100, 0.995903341278974, 70.6774578231, 58.2292662662, 1.19063914667, -0.032358027222, 0.0628952699698, 139, 2019
E, 100, 0.9904267179413024, 57.0892363968, 81.8125556278, 0.708538657234, -0.154508924154, 0.0218672663482, 139, 2019
Z, 0, 0.9997207673819721, 97.5287234219, 108.998218637, 0.88805927107, 0.0150358344204, 0.0117537284415, 142, 2019
N, 82, 0.9982934190866737, 93.6068205811, 79.3183937556, 1.15862771196, -0.0231488694767, 0.0108198458906, 142, 2019
E, 100, 0.9823472981007887, 77.911285876, 104.565305867, 0.75235585462, -0.150569497156, 0.047836883307, 142, 2019
Z, 0, 0.999831511295925, 79.9922688852, 89.1373179257, 0.893651894384, -0.0107446605309, 0.00178777243028, 145, 2019
N, 0, 0.9985536041066386, 87.9970980109, 69.9848101149, 1.26905358413, 0.0196850253795, 0.00427619956564, 145, 2019
E, 100, 0.9544795656181775, 74.5934311984, 88.7554570053, 0.847003419462, 2.84108944375, 3.15722254768, 145, 2019
Z, 0, 0.9992463263131316, 43.5623077275, 49.3203385841, 0.870688940055, -0.0215915889047, 0.0184602419905, 148, 2019
N, 0, 0.9994279716841892, 50.9348379404, 42.3011751018, 1.18850461208, -0.0172457780382, 0.0158074461575, 148, 2019
E, 100, 0.8439267007022657, 41.7677850668, 48.3889923756, 0.85514420858, -0.576425286465, 0.0200047919157, 148, 2019
Z, -7, 0.9995817262229741, 41.3088806661, 45.3151045448, 0.906578123753, 0.0465207451804, 0.0407528545741, 151, 2019
N, 100, 0.9965794740674798, 33.2952445322, 27.7204108924, 1.15530000936, 0.0706694096674, 0.104811878724, 151, 2019
E, -100, 0.9292871434873224, 23.5229544258, 40.6159874873, 0.539678224595, 0.398221463524, 0.375521565614, 151, 2019
Z, -96, 0.9998398240599438, 87.5452363543, 97.6674230726, 0.889702737495, 0.017401958423, 0.0113948357103, 154, 2019
N, -100, 0.9994454438875424, 73.3497671794, 65.9265510363, 1.12771272494, 0.0165302401891, 0.00343308129154, 154, 2019
E, 100, 0.9829610275096918, 57.1766561669, 90.6890484519, 0.646872222534, -0.241270295889, 0.126460597806, 154, 2019
Z, -56, 0.9996228450695619, 112.468514517, 124.235179695, 0.90434362414, 0.0285760932918, 0.0237346806755, 157, 2019
N, 100, 0.9956117008845579, 105.566599691, 90.3854751728, 1.16816244121, -0.045751885215, 0.0556591905186, 157, 2019
E, 100, 0.9845263043692901, 67.1087488436, 117.607553379, 0.561062026302, -0.204703693314, 0.0370697347666, 157, 2019
Z, 100, 0.9991471610616545, 89.6762995863, 96.2815945674, 0.922081800465, -0.0454237649048, 0.0105114158629, 160, 2019
N, 100, 0.9923307280491361, 95.166278166, 77.3889827785, 1.19313060863, -0.14053249593, 0.0544963568852, 160, 2019
E, 100, 0.9690361241670381, 62.192134968, 98.4721515547, 0.651688053412, -0.13024801794, 0.125188852674, 160, 2019
Z, 0, 0.9983392899485244, 31.0961812202, 36.2011547323, 0.864984940392, -0.280699614625, 0.292019993762, 163, 2019
N, -100, 0.9322165038284969, 42.7730492995, 35.1558835759, 1.33769508227, -2.58475037758, 3.47244879507, 163, 2019
E, 100, 0.7820912046262326, 40.5996281534, 36.1268658691, 1.15226940409, -0.453372728503, 0.218785112151, 163, 2019
Z, -100, 0.9996027548443037, 76.4791271413, 84.830581817, 0.898426852095, 0.0397247452295, 0.0226706528455, 166, 2019
N, 100, 0.9960734239839251, 49.1513878636, 52.4864252647, 0.930892630327, -0.0492538584822, 0.034187171484, 166, 2019
E, -100, 0.8775021044982045, 52.1874115247, 76.0202365503, 0.672097991275, 0.51859076014, 0.028927635352, 166, 2019
Z, -13, 0.9998143887919112, 102.548401487, 114.678354403, 0.889180657238, 0.0161982804164, 0.0147643322046, 169, 2019
N, 100, 0.9841188137607783, 77.1366114292, 82.4422697989, 0.90300647405, -0.0643595331684, 0.10245148551, 169, 2019
E, -100, 0.9609402587692553, 67.9389414524, 107.707661371, 0.657492858669, 0.256937887494, 0.00609069911449, 169, 2019
Z, 0, 0.9997977362423732, 93.2003990194, 104.851636536, 0.888648500754, -0.00109813404261, 0.012823767853, 172, 2019
N, 100, 0.9868741554999776, 88.9716784315, 81.4541845198, 1.08305939802, 3.0187120712, 3.09991636431, 172, 2019
E, 100, 0.9939515904845277, 62.5073785669, 103.645685681, 0.599252541021, -0.128114355172, 0.022143651907, 172, 2019
Z, 100, 0.9988200294375496, 60.03503347, 68.7167770845, 0.861856929472, -0.0598210774383, 0.0279135378288, 175, 2019
N, 100, 0.9897443948535428, 68.1327943611, 57.0601759031, 1.17206739631, -0.191501431006, 0.0667010604691, 175, 2019
E, 100, 0.8958267715543355, 49.7482029122, 70.3070054387, 0.739482312573, 2.71638791045, 3.20610368356, 175, 2019
Z, -100, 0.995800837030309, 34.1309531307, 36.2562226893, 0.92865369977, 0.293716818327, 0.219040244545, 178, 2019
N, -100, 0.9854487437645658, 25.5078893821, 25.4103024823, 1.02519436357, 2.20740064351, 2.14606823851, 178, 2019
E, 100, 0.14688408727985827, 22.7285984137, 32.3100749803, 0.568015043658, 0.50821697609, 2.07258287892, 178, 2019
Z, -100, 0.999546383077871, 78.2053661325, 86.7505349279, 0.89614841832, 0.0445063239585, 0.0155018761103, 181, 2019
N, -100, 0.9940299969037663, 63.7780921042, 56.4234759772, 1.13197795849, 0.119711752309, 0.00675736523275, 181, 2019
E, -100, 0.9403135902528447, 51.2285663334, 79.8166866155, 0.617814170539, 0.404601916842, 0.131166403361, 181, 2019
Z, -100, 0.9998616621455957, 113.894113202, 127.191158715, 0.894868364917, 0.0205645178504, 0.0122486483214, 184, 2019
N, -100, 0.9970630579454421, 106.221526427, 90.6189377811, 1.16398848013, 0.0917226091812, 0.0402088249847, 184, 2019
E, 100, 0.9940303168429889, 88.6748416733, 119.468647919, 0.771009510142, -0.0258806589893, 0.00786668256686, 184, 2019
Z, 0, 0.9998593609746323, 101.925301202, 114.712668838, 0.887287541904, 0.00669777342256, 0.00940650176702, 187, 2019
N, -100, 0.9988732551448573, 106.780555285, 90.2284588915, 1.19531980935, 0.0493249073039, 0.0211576442205, 187, 2019
E, 100, 0.9616508673049851, 95.4690474456, 113.537084692, 0.831710994605, -0.299042567304, 0.0414574629913, 187, 2019
Z, 100, 0.9985177217428669, 45.4269274556, 51.1895206704, 0.878092685264, -0.074801444153, 0.03391899914, 190, 2019
N, 100, 0.9861454414758256, 58.8279956976, 49.3507458072, 1.21001993555, -0.175536275345, 0.011141561052, 190, 2019
E, 100, 0.6414529711044954, 35.3122608639, 59.5985460393, 0.443418541259, -0.904659879244, 0.147450281871, 190, 2019
Z, -12, 0.9996268117652458, 63.3630201979, 71.0278899016, 0.882929560588, 0.0280912036229, 0.0305442037664, 193, 2019
N, 100, 0.9928545089521768, 35.6907761395, 41.6235584686, 0.839815931506, -0.000423355272997, 0.0783487074534, 193, 2019
E, -100, 0.6191501807863585, 50.7666885298, 60.1970331728, 0.836280077469, -2.2140258332, 3.16040367541, 193, 2019
Z, 49, 0.9998270458749928, 97.6017728436, 105.72008098, 0.917309126038, 0.00703661639818, 0.0144685727096, 196, 2019
N, -100, 0.9968191376934799, 83.1885332421, 72.929510179, 1.11082457942, 0.0744988560524, 0.0741087614474, 196, 2019
E, -100, 0.9643757442099471, 80.3531685582, 98.7324601316, 0.859678288738, 0.163416275275, 0.04289287285, 196, 2019
Z, 100, 0.9997324111032568, 96.8203334981, 107.408758825, 0.89712323933, -0.0147869081784, 0.0129651470573, 199, 2019
N, 100, 0.9987383017718343, 100.458472289, 82.5608843243, 1.21370668983, -0.0402527760925, 0.0152170347159, 199, 2019
E, 100, 0.9751219664389645, 74.590009422, 103.861963438, 0.714498531081, -0.273942410404, 0.0802187851481, 199, 2019
Z, 100, 0.9991060921570067, 69.6311963133, 79.0988680415, 0.877636931918, -0.0402243149225, 0.00335085028619, 202, 2019
N, 100, 0.988645819876157, 76.3118962673, 65.2267853717, 1.20676400313, 3.02203453678, 3.09415280843, 202, 2019
E, 100, 0.9112942285044509, 49.4493524146, 81.7717292271, 0.565267809224, 2.6934764792, 3.03860487527, 202, 2019
Z, 100, 0.9976641622916441, 30.9311580762, 35.9626866069, 0.846335351278, -0.114171283203, 0.0782158799631, 205, 2019
N, 100, 0.8781368919408483, 45.0661084799, 31.8577127297, 1.51642271208, 2.71933306661, 3.02706277086, 205, 2019
E, -100, -0.39214012705441353, 24.7429191958, 37.9928689566, 0.855632447448, -2.3218345643, 0.771571818464, 205, 2019
Z, 100, 0.9979400007903323, 70.954808672, 67.1382512055, 1.05104725096, -0.0596911249996, 0.0227243987613, 208, 2019
N, -100, 0.9788529953038311, 50.8199354573, 41.7499467106, 1.18377714241, 0.188709384469, 0.139962280304, 208, 2019
E, -100, 0.7274397707014384, 63.7094879748, 57.6985557245, 1.20871037314, -2.50175924154, 2.97946695026, 208, 2019
Z, -4, 0.9998996092435453, 101.932541273, 113.619823973, 0.89108753003, 0.00595815736905, 0.00743399469679, 211, 2019
N, -100, 0.9995542768598342, 87.3118542211, 77.5442321779, 1.12001909311, 0.0251078282843, 0.000703446095937, 211, 2019
E, -100, 0.9948277500618591, 74.1443185811, 104.767608913, 0.727573839746, 0.0492819296118, 0.0384348193693, 211, 2019
Z, -28, 0.9997454043488896, 105.048146422, 118.097672253, 0.887278356704, 0.0196962355362, 0.0173911456095, 214, 2019
N, -100, 0.9988930491231222, 101.109545814, 90.567830735, 1.10977496429, 0.0551635915021, 0.0303655338975, 214, 2019
E, 100, 0.9961748743184384, 80.6174210978, 113.318487577, 0.711418629601, -0.10637905797, 0.0285435866454, 214, 2019
Z, 0, 0.9995774196736819, 55.9495196411, 62.8939305306, 0.883670125407, -0.0301605388739, 0.00998390364689, 217, 2019
N, 0, 0.9994220770519004, 62.0310044604, 59.5268991181, 1.02598311807, -0.0356060825758, 0.0279268888718, 217, 2019
E, 100, 0.9897232612455572, 50.9913104234, 74.8634651066, 0.662898293941, 2.98667529209, 3.11361936523, 217, 2019
Z, -100, 0.9981173651586318, 48.1204671749, 53.1246203934, 0.907120327651, 0.042306008921, 0.0186983622697, 220, 2019
N, -100, 0.9677784469537363, 33.0645326813, 29.1807315667, 1.15801470681, 0.0885047426145, 0.170254631062, 220, 2019
E, -100, 0.9727548962533586, 24.0906185303, 41.0646381057, 0.581570130012, 0.224438867744, 0.0858177350847, 220, 2019
Z, -100, 0.9845516434380491, 80.1268296693, 90.1816606499, 0.870472349612, 0.174475051924, 0.000419652001671, 223, 2019
N, -100, 0.9481808642375639, 61.2842828555, 58.792004894, 1.00787974788, 0.269922068561, 0.0649938663356, 223, 2019
E, -100, 0.988325400423356, 59.8507142334, 81.3808422122, 0.706936474199, 0.146755306514, 0.00823132244013, 223, 2019
Z, -100, 0.943661916633927, 97.1189308682, 96.8920831821, 1.00694322523, 0.361863172311, 0.0594726318803, 226, 2019
N, -100, 0.8361779128136504, 83.8202370911, 72.9636963092, 1.16426164581, 0.628285940777, 0.124500252819, 226, 2019
E, -100, 0.9733936584441227, 58.6609268478, 92.2964045209, 0.677742284974, 0.235934587489, 0.0486625512375, 226, 2019
Z, -100, 0.998622916784748, 70.7295432062, 76.2693309089, 0.93655682779, 0.0273779001404, 0.00756393542774, 229, 2019
N, -100, 0.9968836730980378, 73.2493922155, 63.8749809146, 1.15509784919, 0.0481688925387, 0.0175526395346, 229, 2019
E, 100, 0.9800978138129479, 61.8715002021, 76.8086777038, 0.771664873341, -0.24410402693, 0.11768549571, 229, 2019
Z, 0, 0.999170579391807, 31.2534237605, 35.1123839343, 0.884283266282, -0.0388031157705, 0.0220505424176, 232, 2019
N, 100, 0.9861800726756004, 36.1040987109, 33.9101346297, 1.07909425843, 3.02587985845, 3.11009945288, 232, 2019
E, 100, 0.8957139389628842, 26.3864890207, 44.6631956056, 0.555726479239, -0.262816884801, 0.0510109128551, 232, 2019
Z, -100, 0.9997350470962834, 42.3669248285, 46.5097878542, 0.914683738407, 0.0139545240475, 0.00590541638798, 235, 2019
N, -100, 0.9555238850350567, 28.9076577178, 27.8862870523, 1.05235229311, 0.307000771144, 0.00245443752027, 235, 2019
E, -100, 0.841636978995138, 43.6261452187, 37.1375507187, 1.36840157337, 0.358051521791, 0.269109135096, 235, 2019
Z, -100, 0.9995963715720164, 85.0875586623, 91.1964717311, 0.933435082735, 0.0366401358161, 0.00370694913632, 238, 2019
N, -100, 0.9849887534937649, 73.705134482, 60.3081592601, 1.2413831728, 0.176448627151, 0.00015465820689, 238, 2019
E, -100, 0.9979674494972514, 71.3876161966, 82.1887117048, 0.881923163384, 0.00626132590268, 0.0468290802275, 238, 2019
Z, -80, 0.9999474321952867, 96.5733683433, 105.445958995, 0.920205707752, 0.00288398636977, 0.00301141370487, 241, 2019
N, -10, 0.9985885979559226, 91.5241953715, 77.2589158444, 1.204519531, -0.0201054598843, 0.0270762561586, 241, 2019
E, -100, 0.9986419250616342, 74.6999568556, 99.4424721258, 0.738250098765, 0.0195577319723, 0.0303887173982, 241, 2019
Z, 0, 0.9999181060766341, 60.7980303658, 65.3507928786, 0.937270524476, 0.00576652159123, 0.00855807232319, 244, 2019
N, 100, 0.9937747733441548, 67.504903812, 61.0425190206, 1.12974830713, -0.0898349599517, 0.0321468756247, 244, 2019
E, 0, 0.9932088424255145, 46.4334084278, 69.3937441857, 0.642842574947, -0.0366794787837, 0.0230209675443, 244, 2019
Z, -100, 0.9994951858198295, 38.2379144695, 41.0978066017, 0.921027989034, 0.0206789156015, 0.0246032763349, 247, 2019
N, -100, 0.9601952273784725, 24.7976328944, 19.7024087588, 1.25598747299, 0.158798144885, 0.272116341084, 247, 2019
E, -100, 0.8095065774976099, 38.3960298173, 29.9992023029, 1.45975048349, 0.444250305803, 0.503005861917, 247, 2019
Z, 0, 0.9998865936872812, 72.835370022, 76.9510171286, 0.945201852529, -0.0109130291334, 0.00988202144327, 250, 2019
N, -100, 0.9950931516802387, 58.6824527689, 49.1315045245, 1.2137216293, 0.073362792444, 0.0377426319364, 250, 2019
E, -100, 0.9840478555869243, 62.0619982575, 66.2143113037, 0.960107670344, 0.149351099709, 0.0516383382079, 250, 2019
Z, 62, 0.9999831327919416, 72.4247447576, 80.5532506202, 0.899258553277, -0.0057499151038, 0.000342910748273, 253, 2019
N, -100, 0.9990527614576741, 66.869795918, 58.5273513496, 1.1572598192, -0.00234668323999, 0.0313815627179, 253, 2019
E, -100, 0.995821626595491, 66.3225380306, 77.6066759184, 0.849451796199, 0.0681264471674, 0.0196953288593, 253, 2019
Z, 100, 0.9999008675748552, 55.6515501742, 62.5656229042, 0.890812529933, -0.00118132575095, 0.0111123642459, 256, 2019
N, 100, 0.9988024394100273, 55.0879205829, 53.5583073642, 1.02525786398, -0.0137051984379, 0.0351191547372, 256, 2019
E, 100, 0.9867847909041179, 40.7473297846, 61.9612393613, 0.628031853701, -0.127007750544, 0.123416569664, 256, 2019
Z, 0, 0.9996923887201923, 24.2853098355, 26.7124346828, 0.898355467176, -0.0158813547366, 0.0165535606567, 259, 2019
N, 100, 0.9875953310961291, 31.2626069281, 30.0757642403, 1.03324160636, -0.161821500203, 0.0158155147012, 259, 2019
E, 100, 0.6295370792570139, 14.3712099566, 37.4430419355, 0.261855280258, 2.05733167752, 3.7085055587, 259, 2019
Z, 100, 0.9997327586067144, 36.3350105601, 39.9610119995, 0.914397139809, -0.0317864623277, 0.00954543764191, 262, 2019
N, -100, 0.9840338230722979, 29.3908468716, 23.6322377879, 1.29036337782, 0.161377401316, 0.0703485355455, 262, 2019
E, -100, 0.9535987467696838, 37.8697903504, 33.9846535837, 1.23850597351, 0.132704098072, 0.201666352346, 262, 2019
Z, 34, 0.9998187640006518, 71.1596412561, 78.2249729931, 0.903862023669, -0.0067111055001, 0.00556363619244, 265, 2019
N, -100, 0.9972415612745603, 63.6621464794, 52.4051656649, 1.21551987825, 0.0670621007088, 0.00707510176788, 265, 2019
E, -100, 0.985374939698173, 66.2814296067, 68.2130688508, 0.979189487316, 0.151132855563, 0.0292212039355, 265, 2019
Z, 79, 0.999902040761444, 79.4978906244, 87.8092437305, 0.904006003032, -0.0141867553966, 0.00482627680059, 268, 2019
N, -100, 0.9989700686528465, 76.2427928864, 63.1224839565, 1.21960879906, 0.00116434814474, 0.0342738444465, 268, 2019
E, -100, 0.9993089263375621, 67.3859688643, 83.7805102955, 0.807870179119, 0.0436755018173, 0.00775129136962, 268, 2019
Z, -85, 0.9999550295353415, 51.395653032, 56.131509664, 0.911767452287, 0.00344803495562, 0.00765806905217, 271, 2019
N, 100, 0.9992585200348345, 55.6490762302, 50.6236388075, 1.08276255061, -0.0439235008615, 0.014057269948, 271, 2019
E, 0, 0.9845070612724252, 46.7990667324, 56.8383624496, 0.745331955123, -0.0340134866205, 0.157034884136, 271, 2019
Z, 100, 0.9994067099392623, 39.9814056765, 43.9943269898, 0.903159189568, -0.0374001421941, 0.00722299162983, 274, 2019
N, 0, 0.9371780046320194, 26.8841895256, 21.0710652632, 1.32259236942, 0.0255834867515, 0.35365970886, 274, 2019
E, 68, 0.9645598015264971, 34.4982157741, 37.1623033719, 0.935938535579, -0.0562135441028, 0.0330086168247, 274, 2019
Z, 100, 0.9997230205591952, 73.8610395527, 81.8482916442, 0.898771986483, -0.0144643019309, 0.00979379616903, 277, 2019
N, 100, 0.9966550654631282, 62.9452149372, 52.4843493457, 1.1736196539, -0.0053070007417, 0.0219108805575, 277, 2019
E, -100, 0.9956885197666893, 66.7484708777, 68.9104368294, 0.994442307396, 0.0554944488708, 0.0303957533636, 277, 2019
Z, 100, 0.9995131021093834, 69.8820842325, 77.1078576896, 0.903677932603, -0.0288268920187, 0.00804838619714, 280, 2019
N, 100, 0.9983549603509919, 67.4154905488, 57.0609360456, 1.18361411754, -0.0372643317285, 0.0218224755516, 280, 2019
E, -100, 0.9997860158363211, 71.2848187068, 73.0411921676, 0.971002112392, 0.0165704522444, 0.0113846449295, 280, 2019
Z, 100, 0.9997807185723091, 46.4746940816, 50.7570297602, 0.909433229124, -0.0237460118353, 0.0150843300281, 283, 2019
N, 15, 0.9989388739835597, 50.4262007657, 43.401302449, 1.14082626864, -0.0356923783559, 0.0388470737321, 283, 2019
E, 26, 0.9987483354325488, 47.8402613918, 53.545336984, 0.866478794905, -0.0405247885138, 0.0353077612012, 283, 2019
Z, -100, 0.9947475108653356, 15.3041182446, 16.3323234701, 0.942198624407, -0.117578370184, 0.204193373843, 286, 2019
N, 100, 0.9757941756290456, 20.812964111, 24.1983783891, 0.910616005111, -0.140236637307, 0.141030550979, 286, 2019
E, -100, 0.918698233604238, 14.621378141, 21.1364560097, 0.696746444136, -2.69008020041, 2.54333128606, 286, 2019
Z, 100, 0.999855595170615, 47.1097739763, 51.6536029928, 0.90597756766, -0.00680325930411, 0.00645008098932, 289, 2019
N, -100, 0.9924965215818021, 39.7220784797, 31.8088342381, 1.27080342278, 0.107589276477, 0.0372821959181, 289, 2019
E, 100, 0.9906961964295283, 47.3739519043, 47.8416053523, 0.997686073585, -0.113766538483, 0.0452379496499, 289, 2019
Z, 100, 0.9995408936226934, 76.2053826998, 86.8309528079, 0.873349412096, -0.0148291427772, 0.0125002472543, 292, 2019
N, -100, 0.9975438878021928, 66.9298691796, 59.1093980098, 1.1189575944, 0.055893660164, 2.70132962422e-05, 292, 2019
E, 100, 0.9981222969282495, 74.8772764423, 77.0867700857, 0.970644678852, -0.0687362959696, 0.00377829224363, 292, 2019
Z, 0, 0.9999161525028338, 80.7860830701, 89.0339602176, 0.902597381693, -0.0110561520541, 0.00339627654787, 295, 2019
N, -100, 0.9970877191860729, 75.7454722783, 65.8080207036, 1.13756413105, 0.0421354455063, 0.0415180386921, 295, 2019
E, 100, 0.9969055622472713, 80.8054615252, 82.8775149778, 0.977044615875, -0.0651645304757, 0.0114665901481, 295, 2019
Z, 0, 0.9994067905060801, 46.2267293103, 51.1159091538, 0.898938517266, 0.00947808160959, 0.0137290362083, 298, 2019
N, -100, 0.9822600520080822, 46.7478315878, 44.6241899781, 1.06400898679, 0.215175198376, 0.048959822704, 298, 2019
E, 100, 0.9550992987572369, 47.767688599, 57.0577983243, 0.779168346325, -0.331070560907, 0.135414004459, 298, 2019
Z, 100, 0.9983773565373762, 46.9314460553, 52.2926471772, 0.88910837863, -0.0509144078552, 0.0140304445031, 301, 2019
N, -100, 0.980567413957529, 32.2522295521, 26.8144376085, 1.21095149976, 0.0468314725365, 0.190771694036, 301, 2019
E, 100, 0.9568832678849009, 54.9943939548, 45.151790398, 1.30185330766, -0.343570856867, 0.186425840532, 301, 2019
Z, 100, 0.9998450549029526, 88.2335753912, 98.9230717203, 0.890069581974, -0.00285551436375, 0.013484390976, 304, 2019
N, -100, 0.9972540097851276, 74.7092680547, 63.0551691006, 1.1919965797, 0.0733723894081, 0.00561309757172, 304, 2019
E, 100, 0.9760186420333884, 85.0551766727, 86.9288837501, 0.955539304277, -0.195589893862, 0.0425283026882, 304, 2019
Z, 82, 0.9995736459121122, 86.0199043636, 96.9111964846, 0.882248784528, -0.0189994097714, 0.00239218192023, 307, 2019
N, -94, 0.9993764737471733, 82.99419179, 71.673980096, 1.14864974374, 0.0235003027069, 0.00803584439971, 307, 2019
E, 100, 0.996076630378739, 79.2177595726, 86.6928628105, 0.893600034176, -0.0962723581407, 0.0704074697911, 307, 2019
Z, 100, 0.9990191717012776, 56.0333229795, 61.9917501963, 0.902012865235, -0.0430530010843, 0.00308664357083, 310, 2019
N, 100, 0.9974724739618039, 57.8718193075, 52.5245566342, 1.08179013667, -0.0739622274886, 0.0407836581602, 310, 2019
E, -100, 0.979616870157624, 51.3090622238, 64.2454359153, 0.831809167245, 0.24055435319, 0.117899013315, 310, 2019
Z, 100, 0.9983136626927329, 20.5375329154, 21.7360808748, 0.927916343493, 0.00647229010492, 6.21262482911, 313, 2019
N, -100, 0.9838520669305062, 26.200369303, 24.5033306162, 1.05351390991, 0.161976513285, 0.0357227789683, 313, 2019
E, 100, 0.9947732484947795, 32.5989298796, 29.1614351643, 1.15370884664, 0.0513157562712, 0.140341461053, 313, 2019
Z, -82, 0.9991873290293676, 55.2684765272, 63.1641173988, 0.862526437135, 0.0374510115767, 0.0378322158633, 316, 2019
N, -100, 0.984090496114849, 42.6374263581, 39.0961063842, 1.07903143108, 0.228871341645, 0.0801563767072, 316, 2019
E, 100, 0.9979974865629634, 60.0956972026, 57.9687382094, 1.02242138859, -0.073164371291, 0.00762597693504, 316, 2019
Z, 100, 0.9994376936675342, 92.0102920471, 103.202435226, 0.8829421731, -0.00926267736268, 0.0253929160255, 319, 2019
N, -100, 0.9970383062156302, 83.2573908087, 70.0708892897, 1.1928842938, 0.0792291973543, 0.000340695658788, 319, 2019
E, 100, 0.9946905233489168, 91.6532696112, 94.4498372507, 0.972831914825, -0.0984651722031, 0.00949032615858, 319, 2019
Z, 100, 0.9993498614113693, 96.6390376367, 108.806950764, 0.883823580062, -0.0244803942838, 0.0124708878881, 322, 2019
N, -100, 0.9988807071361018, 93.0603210388, 80.3583183261, 1.14377238332, 0.033040990146, 0.0214110833397, 322, 2019
E, 100, 0.9898157338351782, 94.9618958228, 97.9487383536, 0.953874875454, -0.163672920708, 0.0377024790095, 322, 2019
Z, 100, 0.9970396453016809, 62.1284439859, 68.7114855906, 0.895125409, -0.089397033695, 0.0211470709695, 325, 2019
N, 3, 0.9968029283940543, 64.2481671346, 57.9401735554, 1.0751049454, -0.0648703571743, 0.0621523992587, 325, 2019
E, 100, 0.9978758978676534, 64.833757717, 69.8048594273, 0.918767214565, -0.0846390610373, 0.0330856886471, 325, 2019
Z, 100, 0.997709564921909, 46.2442739991, 51.7940643131, 0.87498342409, 0.0601436819265, 0.0906158197505, 328, 2019
N, -100, 0.9855408237208915, 34.5141344758, 28.4318268069, 1.23186601884, 0.270756324644, 0.12555326153, 328, 2019
E, 100, 0.9878670874353651, 52.5408894919, 44.1303136979, 1.25914539134, -0.274145417053, 0.236855178605, 328, 2019
Z, 73, 0.9999611508987594, 95.8889953316, 108.069934845, 0.886283488498, -0.00412287432416, 0.00350509537149, 331, 2019
N, -100, 0.995053615203141, 78.3434701642, 67.9755632935, 1.17836245075, 0.0778978151505, 0.0242083848172, 331, 2019
E, 100, 0.9832247793395971, 97.3154831244, 97.6313526326, 1.00305988774, -0.209918947934, 0.0588795234125, 331, 2019
Z, 100, 0.9993251189519936, 105.095623637, 119.324535083, 0.870263279227, -0.0042014433819, 0.0229502317131, 334, 2019
N, 100, 0.9994639631030958, 94.7527711068, 84.9004830689, 1.10541547696, -0.00748047393343, 0.0191963809693, 334, 2019
E, 100, 0.996287141911979, 104.437570255, 107.788285869, 0.961038235318, -0.0758740302912, 0.0136102117314, 334, 2019
Z, 100, 0.9986641315155614, 79.0651659795, 89.0586988755, 0.887959246012, -0.0421522717435, 0.0147485364764, 337, 2019
N, 100, 0.9943105337578511, 77.3356842908, 71.8042285426, 1.06960442686, -0.0882037970071, 0.020180401947, 337, 2019
E, 100, 0.9965320942215882, 88.4337749984, 82.8099666595, 1.06633846785, -0.100868534139, 0.0352644187475, 337, 2019
Z, 100, 0.993700354736874, 38.9619143752, 44.2902143619, 0.860090762241, 2.99897563935, 3.18850418419, 340, 2019
N, 100, 0.986856274700799, 40.6817770585, 40.9018392248, 0.921574999379, -0.186238645006, 0.160725255548, 340, 2019
E, -100, 0.9920073425493828, 46.0938643438, 48.4631368187, 1.01761642428, 0.183791308995, 0.167119306512, 340, 2019
Z, -78, 0.9993171237945685, 56.3620704064, 61.9334400585, 0.898941410516, 0.044855212376, 0.0398629804709, 343, 2019
N, -100, 0.9686528210324536, 48.1426588703, 38.3431675229, 1.25288244248, 0.320616475425, 0.0693166049061, 343, 2019
E, 100, 0.9901857620216394, 56.4018720883, 55.0053527722, 0.975486389658, 0.0173660544322, 0.13697932782, 343, 2019
Z, 64, 0.9997916397772845, 98.0189922822, 109.904598163, 0.88438537275, 0.00905769243082, 0.0199481438456, 346, 2019
N, -100, 0.9890682599228298, 93.8511570704, 73.2218572435, 1.27185336509, 0.169088000511, 0.0265553424181, 346, 2019
E, 100, 0.9925560149967024, 100.308739562, 101.637226652, 0.99663799184, -0.149412236741, 0.0408130801569, 346, 2019
Z, 100, 0.9996870945624404, 113.872792905, 127.81069579, 0.884028973928, -0.0153818180547, 0.0110935513587, 349, 2019
N, -100, 0.9988731812539398, 105.81639117, 91.2126770752, 1.15470579426, 0.04859528934, 0.00645060853344, 349, 2019
E, 100, 0.9913382403117278, 110.350642248, 116.461383726, 0.951458370137, -0.147694293735, 0.026759650778, 349, 2019
Z, 100, 0.9990825462080561, 81.0210937834, 93.1744230904, 0.865955965714, -0.0383340399514, 0.00307252892568, 352, 2019
N, -51, 0.9993929269258128, 83.2733313583, 75.4514536584, 1.09042364426, 0.00875070210781, 0.0221331069065, 352, 2019
E, 100, 0.9907246837062018, 83.1284300514, 85.9726826397, 0.967879258409, -0.155699345818, 0.022936252582, 352, 2019
Z, 100, 0.9983145653300417, 39.5611979962, 43.7035811662, 0.89930361499, 0.147321835474, 0.161418700048, 355, 2019
N, -100, 0.98753287194441, 37.7994781412, 38.6914531155, 0.956285997184, 0.104839456042, 0.00363014711616, 355, 2019
E, 100, 0.9931180477575496, 39.337089898, 43.1242065664, 0.941863162849, -0.0115426391551, 0.0996845232446, 355, 2019
Z, 100, 0.999883467093808, 91.3332857576, 100.942085297, 0.897831229013, 0.000324530415212, 0.0122511707185, 358, 2019
N, -100, 0.9914428510088613, 77.6265402653, 62.8191591421, 1.24757812979, 0.127314499927, 0.00400393070288, 358, 2019
E, 100, 0.9900483539758063, 87.8356566206, 90.3221656056, 0.981384427784, -0.168156324639, 0.0320094348992, 358, 2019
Z, 15, 0.9998796523522814, 111.875318788, 125.824933443, 0.885323627497, 0.00525656580487, 0.0133034436327, 361, 2019
N, -100, 0.9994179502563927, 95.4153923811, 85.8847821563, 1.10378459591, 0.0319878140883, 0.00485800966462, 361, 2019
E, 100, 0.9893100578497581, 101.385730204, 115.831441697, 0.879965104476, -0.137978477011, 0.00274406290509, 361, 2019
Z, 100, 0.9990681831104863, 92.6887329726, 107.991319155, 0.852844109333, -0.0314008103029, 0.0113073170423, 364, 2019
N, 0, 0.9983613212468624, 80.5054277045, 82.0279930969, 0.962559758636, 0.00204859937741, 0.0132653950739, 364, 2019
E, 100, 0.9934910615950405, 103.679179618, 97.8826870047, 1.05871797212, -0.101653235666, 0.0246884211809, 364, 2019
