Chan, Phase Shift, Correlation, ptp-data, ptp-synthetic, rat, phasem, phasestd, DOY, Year
Z, 100, 0.997395338399489, 59.8233680544, 65.4160164656, 0.892423944277, -0.0369374959085, 0.0374595673649, 1, 2019
N, 100, 0.9177165933443882, 32.0611031866, 32.0954990448, 0.979363376556, -0.422382964617, 0.00246457737408, 1, 2019
E, -100, 0.9826015925834104, 17.9930773683, 14.1081334183, 1.27812969346, 0.0827363758061, 0.125511747837, 1, 2019
Z, 100, 0.9991154757522123, 96.5501345748, 106.906579359, 0.895982071686, -0.0432006306699, 0.00437599512946, 4, 2019
N, 100, 0.9596230485126531, 52.6121003309, 51.8156173475, 0.99598357877, 2.87062386646, 3.17295057142, 4, 2019
E, -100, 0.9569363505694739, 27.7619071148, 22.9237995731, 1.24809400697, 0.311373920561, 0.145402230369, 4, 2019
Z, 100, 0.9987504568841495, 102.523352566, 112.195636312, 0.918379540224, -0.0431906147152, 0.0163930120532, 7, 2019
N, 100, 0.9823288792263725, 57.2558135754, 56.3348527297, 1.00090889883, -0.147704897139, 0.0497654434889, 7, 2019
E, 100, 0.9936026601104673, 26.4193377005, 26.3009962479, 0.938406845645, 3.0150394156, 3.0103999275, 7, 2019
Z, 100, 0.9886127289091263, 82.1860456924, 85.5659920941, 0.974828560267, -0.163098945744, 0.00382548688483, 10, 2019
N, 100, 0.9973349240527244, 52.7036178506, 44.5647329507, 1.19418097088, -0.00312353391188, 0.0475079599745, 10, 2019
E, -100, 0.5761950103050644, 11.5540485965, 16.7053826691, 0.61187152714, -1.71651935993, 2.68131141364, 10, 2019
Z, 100, 0.9100461351751121, 43.5296199471, 41.8103683629, 1.06369358532, -0.472155990683, 0.0169831279692, 13, 2019
N, 0, 0.9777609028991321, 34.6298752077, 22.5775243081, 1.72986472927, 0.268296558236, 0.314683911454, 13, 2019
E, 100, -0.00443191509899761, 22.7840663968, 7.40210971739, 7.81354466313, 0.825365789638, 1.76452897405, 13, 2019
Z, -100, 0.9772461597548185, 51.782482535, 65.7175835831, 0.7468667487, 0.300425554487, 0.214982141748, 16, 2019
N, 100, 0.778946782377101, 31.3539202394, 29.7164152712, 1.0349734104, -0.821293289496, 0.150775280191, 16, 2019
E, 100, 0.8083309265540058, 26.7206333449, 13.7899313059, 1.86635584853, -0.659621269201, 0.168309229521, 16, 2019
Z, 100, 0.9989701127778947, 113.757078133, 121.928685061, 0.933370264549, -0.0128444214114, 0.0158605800263, 19, 2019
N, 100, 0.9424368529948216, 57.1838207173, 58.161327095, 0.957574058785, -0.317330921038, 0.0397083936029, 19, 2019
E, -100, 0.9872621252275899, 31.5590704934, 26.1386810609, 1.15504791774, 0.17550135669, 0.0474517903731, 19, 2019
Z, 100, 0.99416059067263, 122.199052519, 134.179026146, 0.907783699125, -0.11635304219, 0.000117173025862, 22, 2019
N, 100, 0.9860961351741004, 70.832468172, 66.4845081262, 1.05957118782, -0.137701380076, 0.0320037050847, 22, 2019
E, -100, 0.9104879615252433, 36.6290756986, 34.2529547907, 1.06319620799, 0.413260209331, 0.0294004673975, 22, 2019
Z, 100, 0.9844766210514984, 73.0232292095, 75.6425706689, 0.980966259502, -0.188404825681, 8.4511248322e-05, 25, 2019
N, 0, 0.9933477735682268, 46.5490881444, 38.5338649477, 1.27404357356, 0.0893984259471, 0.0990725897054, 25, 2019
E, -100, 0.10660316844343219, 12.4567043236, 18.5832536753, 0.701519428756, -0.279637144531, 1.9526752651, 25, 2019
Z, 0, 0.991847893440487, 40.488504652, 45.2203522187, 0.886964077487, 0.054094152642, 0.04119860426, 28, 2019
N, 100, 0.7553430566060925, 24.1451069873, 22.5454810831, 1.04550628074, -0.820934782319, 0.114574804086, 28, 2019
E, 100, 0.8585126094333273, 18.8944681027, 14.3365746562, 1.56938429338, 2.74221174265, 2.99210604525, 28, 2019
Z, 100, 0.9988541222186667, 83.6610704817, 87.5401106112, 0.949163552673, -0.0092259121428, 0.0268679519243, 31, 2019
N, 100, 0.8781224693915908, 40.4393316456, 42.0505858384, 0.935884111268, -0.501616320037, 0.0076809423189, 31, 2019
E, 0, 0.9895240916293006, 26.6025487667, 18.668490956, 1.44584334626, 0.0343194812592, 0.0142896792039, 31, 2019
Z, 100, 0.998489326365174, 93.5674071376, 103.061994794, 0.90671127829, -0.0610235824988, 5.45868362545e-05, 34, 2019
N, 100, 0.9377979485107033, 42.88150832, 49.902173331, 0.84593767469, -0.317364629959, 0.0493378794777, 34, 2019
E, -100, 0.9904236098471217, 35.7714959886, 22.5064425033, 1.59981005152, -0.00407001198418, 0.0171574762118, 34, 2019
Z, 100, 0.9935545523256415, 79.2844970261, 85.4754123973, 0.928101419747, -0.128737317511, 0.00995650547461, 37, 2019
N, 100, 0.9829847963541197, 48.5726957228, 44.2662264238, 1.10448897893, -0.147021745756, 0.0499830419862, 37, 2019
E, -100, 0.9030277552724343, 20.8905777354, 22.1059075986, 0.950846054212, -2.6957538737, 3.16040697492, 37, 2019
Z, 100, 0.9937669821854905, 42.7796028407, 43.7949041469, 0.974387193335, -0.17898071504, 0.0974764971014, 40, 2019
N, 100, 0.9718025978849382, 34.8127867412, 25.4373146799, 1.54889718597, -0.0513000003611, 0.176966999407, 40, 2019
E, 100, -0.04826344087245424, 13.9072380643, 11.1975324, 1.39062800403, -0.546416309877, 2.34815893895, 40, 2019
Z, 100, 0.9543551268993428, 31.3528931491, 41.4440777486, 0.70637126243, -0.180783151644, 0.106495547547, 43, 2019
N, 100, 0.4808182422511964, 14.9631696069, 18.580705629, 0.768462948045, 0.0921317281943, 1.23893036214, 43, 2019
E, 100, 0.6956990447613997, 30.2995179172, 11.4876506482, 2.7482239011, 2.40432495001, 2.99150966277, 43, 2019
Z, -100, 0.9990053069159248, 82.9408258224, 92.6554310171, 0.892686789961, 0.0395223939048, 0.0230630305077, 46, 2019
N, 100, 0.911376361358214, 35.6562609643, 44.0629336471, 0.767027911746, -0.380585242844, 0.0625736209417, 46, 2019
E, 100, 0.9177865530980446, 31.1362713714, 20.6390110717, 1.41203094583, -0.364703841527, 0.0257105210064, 46, 2019
Z, 100, 0.9992932629377889, 112.921041631, 120.304736146, 0.940804602879, -0.0378860056521, 0.00746063157092, 49, 2019
N, 100, 0.9725760475435282, 49.8483029099, 56.8536038952, 0.859576117392, -0.214597924926, 0.0335592682952, 49, 2019
E, -100, 0.9973788759342772, 32.6766151502, 26.6499825606, 1.19593418459, 0.0296008170513, 0.043169491006, 49, 2019
Z, 100, 0.9865790539437982, 80.4981360657, 84.1717032396, 0.964695991078, -0.162896944937, 0.0150747806536, 52, 2019
N, 51, 0.9947898509568667, 38.2170158255, 42.2324148082, 0.91757324765, 0.00101811079523, 0.0144200066263, 52, 2019
E, -100, 0.9463723329864028, 24.92266992, 29.1022210919, 0.758692989428, 0.154996420254, 0.260118858602, 52, 2019
Z, -100, 0.893910055079924, 31.1960661981, 28.3579462278, 1.0620654955, -2.30178185714, 2.52585130136, 55, 2019
N, 100, 0.5495757333445596, 13.9108267169, 15.0607177118, 0.832592540201, -0.24627465559, 0.836505302986, 55, 2019
E, 100, 0.32605468437574947, 16.6682969964, 13.5426712032, 1.59955166515, 1.84428037265, 2.73492608814, 55, 2019
Z, -100, 0.9930488891559528, 58.1187846247, 68.7800545894, 0.863388071765, 0.115607467612, 0.000509240321014, 58, 2019
N, 100, 0.8525182031580795, 27.0939597282, 33.9081425529, 0.746161644235, -0.491399810997, 0.0851318194454, 58, 2019
E, 100, 0.8277719545488412, 27.7601574401, 18.694441691, 1.46630290216, 2.58894203288, 3.04361759578, 58, 2019
Z, 100, 0.9993828341223313, 72.966939298, 83.0759523519, 0.878047498904, -0.0199887702566, 0.00390851218246, 61, 2019
N, 100, 0.9315920399378007, 37.893590343, 38.9698979749, 0.936380027244, -0.328245233956, 0.0604762490715, 61, 2019
E, -100, 0.9922090999854597, 25.3695756712, 17.1029913113, 1.47403198192, 0.132314417221, 0.00836863239235, 61, 2019
Z, 100, 0.9942980956452149, 62.6093364977, 73.0706435279, 0.870893144709, -0.0964985756608, 0.0233072095856, 64, 2019
N, 100, 0.9719298786321873, 39.5916814065, 36.0481605951, 1.10611759205, -0.209462904112, 0.0525725094105, 64, 2019
E, -100, 0.8752742811921526, 23.422125019, 19.2029728624, 1.265869653, 0.556084024283, 0.0506958506915, 64, 2019
Z, 100, 0.9776717753541041, 40.5670763538, 37.8606151504, 1.12537744239, -0.177111817518, 0.0627219656609, 67, 2019
N, 100, 0.9834895698156012, 24.9188737984, 22.226743888, 1.21018254716, -0.0030822385007, 0.0930951782985, 67, 2019
E, -100, 0.438697063895245, 10.7853896405, 17.1560625, 0.582271041426, 0.27021230196, 1.06067763932, 67, 2019
Z, -100, 0.9691172026418845, 29.7345761903, 31.856941723, 0.977861891215, -2.87877536127, 3.09113934406, 70, 2019
N, 100, 0.4910739968932604, 10.3547459997, 14.6535694839, 0.668129435142, -0.622380379815, 0.915199547527, 70, 2019
E, -100, -0.0734914439686915, 10.552814471, 10.3983447127, 0.864708922809, 1.5617123985, 2.79586712625, 70, 2019
Z, -100, 0.995467031466341, 66.582335736, 76.7194744829, 0.880941495388, 0.0777712486427, 0.0327039050005, 73, 2019
N, 100, 0.8716909138127986, 31.0156510552, 36.6052353475, 0.798711499443, -0.452967080422, 0.0907440516802, 73, 2019
E, 100, 0.8904021535771941, 26.6644402183, 18.7103297333, 1.31825426594, -0.339575311779, 0.189428100274, 73, 2019
Z, -100, 0.9984562370993683, 79.4134675584, 95.7586825743, 0.84301519054, 0.0648631840817, 0.017261162448, 76, 2019
N, 100, 0.9157914011186655, 44.0015134157, 44.4638688089, 0.971720354431, -0.408945972906, 0.0117494884999, 76, 2019
E, 100, 0.992000447492866, 38.9369124349, 21.3624289676, 1.73627801802, -0.093731625874, 0.0476655012151, 76, 2019
Z, 100, 0.9862102148260252, 69.6906844125, 77.9086137429, 0.898221198322, -0.141964461258, 0.0256346143194, 79, 2019
N, 100, 0.9731600383227927, 35.906664452, 34.7949049138, 1.06772903521, -0.184755906754, 0.0593164825419, 79, 2019
E, -100, 0.7635045268193644, 23.4833103564, 23.94161509, 1.0582232247, 0.762662084574, 0.1039193552, 79, 2019
Z, -100, 0.9478452492958072, 36.0060033868, 26.5935043908, 1.60387277185, 0.1604516115, 0.139086743086, 82, 2019
N, 100, 0.6402434215948991, 13.4053132333, 15.833544749, 0.62243141756, -0.655724995331, 1.15389550364, 82, 2019
E, -100, 0.22786269250934968, 15.7110657544, 18.6998894867, 0.723976835609, 1.26322724984, 1.16503114562, 82, 2019
Z, -100, 0.9910957096715595, 71.6014661276, 72.1833968564, 0.978135981171, 0.115954354298, 0.0328194115488, 85, 2019
N, 100, 0.9102656192533753, 24.990494513, 35.2241284974, 0.67835641437, -0.351240004839, 0.128650580275, 85, 2019
E, 100, 0.5381590687959797, 20.7362543858, 17.6498754013, 1.00590204548, 2.33428582091, 2.80182544487, 85, 2019
Z, -100, 0.9954700091131115, 67.1372089867, 76.5266101618, 0.877131374837, 0.0782084320622, 0.0251084027855, 88, 2019
N, 100, 0.8616157133035609, 30.5754221489, 35.9863425267, 0.827389773642, -0.521261938858, 0.0152315398741, 88, 2019
E, 100, 0.9088356077621396, 33.3435423158, 18.7536584485, 1.79608645988, 2.79780943633, 3.0146537602, 88, 2019
Z, 0, 0.9983102621856035, 45.7679254605, 59.7295487472, 0.745347801051, -0.0349226544304, 0.0470727752088, 91, 2019
N, 100, 0.9272329353598933, 30.7873590981, 27.1105565576, 1.13638281876, -0.296722788632, 0.124716923561, 91, 2019
E, -100, 0.9531924838355679, 24.3178758586, 11.9911826358, 2.03412876129, 0.32772066844, 0.0844558142934, 91, 2019
Z, 100, 0.7621848875429384, 23.6393771649, 30.0921686197, 0.835363069546, -0.765768748343, 0.450649891948, 94, 2019
N, 100, 0.8956529763331327, 21.4211647399, 16.0673699743, 1.63992890186, -0.225847980542, 0.213346480202, 94, 2019
E, -100, 0.374106141355526, 19.8588584193, 15.6601660303, 1.57617604718, -1.72987058998, 2.89625236696, 94, 2019
Z, -100, 0.9692194916599907, 54.6183788597, 42.5387342355, 1.29574361706, 0.196817114593, 0.055299657491, 97, 2019
N, 100, 0.47857554439367267, 8.05533924512, 19.9667097817, 0.323779897385, 2.67479586551, 2.14302353797, 97, 2019
E, -100, -0.30720382973758387, 16.743172845, 12.9608050763, 0.990781795214, 1.16701187653, 2.32424343551, 97, 2019
Z, -100, 0.98781464251903, 90.4983729224, 85.929698138, 1.04833722271, 0.160035168029, 0.00604741786775, 100, 2019
N, 100, 0.9246492637090531, 21.8759258591, 39.8990878821, 0.514105640728, -0.292659566095, 0.126360913299, 100, 2019
E, 100, 0.20808852468776057, 24.6629921418, 18.0689986209, 1.18431783141, 1.82443774466, 3.04465800471, 100, 2019
Z, -100, 0.9987177979117222, 92.5328339138, 94.939347201, 0.965658829487, 0.0307327412325, 0.0223451336253, 103, 2019
N, 100, 0.9397307373806855, 29.4274196979, 43.8143798474, 0.667538081878, -0.318583822414, 0.0585810582366, 103, 2019
E, 100, 0.7901726430616288, 27.1881455922, 23.272218383, 1.18399986239, 2.57474458217, 2.95133389237, 103, 2019
Z, -70, 0.9966315606862757, 60.4705458545, 67.3557623114, 0.86418868797, -0.0197315410402, 0.0555135774854, 106, 2019
N, 100, 0.8400648972999827, 21.9569121654, 27.0303018113, 0.863922387185, 2.61386853246, 3.28436438094, 106, 2019
E, 100, 0.9600498548632371, 26.4094642226, 15.0082194384, 1.91571955785, 0.0375905000059, 0.109866314085, 106, 2019
Z, -100, 0.9563982568323985, 43.072092443, 33.9153489535, 1.40308633181, 0.100754870885, 0.239607129671, 109, 2019
N, -100, 0.931908773096799, 15.6538215416, 19.5263952546, 0.879348627968, 0.25590502606, 0.239597047366, 109, 2019
E, -100, 0.4800933168920575, 21.623901411, 19.2575920007, 1.06999530476, 1.17459788136, 0.499258952704, 109, 2019
Z, -100, 0.9955362857914883, 92.0758146144, 85.6096987504, 1.05765626491, 0.100707511667, 0.0214760684842, 112, 2019
N, 100, 0.9977044704317185, 28.3855334499, 42.0422432606, 0.66771537915, 3.09081202754, 3.11374399573, 112, 2019
E, -100, -0.2432351977422373, 12.179613031, 17.6712019748, 0.526166299329, 1.3534483108, 2.49304174865, 112, 2019
Z, -100, 0.9970793356963095, 98.3097307732, 97.0790075655, 0.983084196404, 0.0390636841021, 0.0259685188737, 115, 2019
N, 100, 0.9729023282445874, 28.464458568, 44.2869400727, 0.64415433033, -0.212073193354, 0.0464608496594, 115, 2019
E, 100, 0.58540312634913, 22.2477487095, 20.8860581424, 0.950800289682, 2.43709369955, 2.76920560205, 115, 2019
Z, -100, 0.9948036556858006, 63.2861603801, 68.7951876413, 0.907818248471, 0.0830591798507, 0.0294311736004, 118, 2019
N, 100, 0.9709749117050859, 22.0490599487, 30.6294728369, 0.706248964975, -0.0659181618734, 0.138378203884, 118, 2019
E, 100, 0.8538115321235994, 25.1860866789, 15.913221107, 1.58478824531, 2.70762717087, 3.08644127366, 118, 2019
Z, -100, 0.9492543103108945, 24.3640983536, 31.9747224276, 0.744391468903, 3.22077035789, 2.83762050428, 121, 2019
N, 100, 0.9750346445503006, 16.013607747, 13.3013305462, 1.25957854629, -0.128182000122, 0.147309443281, 121, 2019
E, -100, 0.5281821451383946, 8.19323092192, 7.36558153907, 1.4488338791, 0.982368727724, 0.274243334056, 121, 2019
Z, -100, 0.9944246700489994, 59.82080244, 51.2772323128, 1.19021304834, 0.0742205780362, 0.0247863206184, 124, 2019
N, 100, 0.9819034258560869, 21.3279929529, 24.0471185177, 0.85899057874, -0.0909648421181, 0.118774340129, 124, 2019
E, 100, -0.0375432009490005, 10.6745062972, 13.1253912347, 0.547979409004, -1.16232435469, 3.73094937419, 124, 2019
Z, -100, 0.9960237567206397, 99.4949137746, 98.9677427065, 0.984864775117, 0.0848207908654, 0.0172025603012, 127, 2019
N, 100, 0.9547346530851932, 40.7350603984, 46.5813679824, 0.880248248095, 2.83182571344, 3.14377992994, 127, 2019
E, 100, 0.816697479217621, 13.0107659173, 19.9146021685, 0.646336316158, -0.569395961877, 0.0406402554733, 127, 2019
Z, -100, 0.9963723087408586, 118.325063569, 115.769661701, 1.00188048016, -3.06342972845, 3.12412514351, 130, 2019
N, 100, 0.9667123501571401, 45.4187552677, 52.5168264321, 0.84502497489, -0.217254846989, 0.0512422605832, 130, 2019
E, 100, 0.8477072142517241, 15.6046623951, 23.3043208976, 0.616684144227, -0.33405780157, 0.300424856523, 130, 2019
Z, -100, 0.9927106406993006, 74.3634450777, 79.9147306848, 0.893350113409, 0.0737253683464, 0.0562752109106, 133, 2019
N, 100, 0.9781113569176703, 32.8206110695, 32.257073634, 1.03116833565, -0.135817505194, 0.0816668015651, 133, 2019
E, 100, 0.9482126880678269, 20.4174472063, 21.0845739544, 1.00206441307, -0.318238131407, 0.085397980229, 133, 2019
Z, -100, 0.965272912288767, 41.912502153, 34.9970750349, 1.17090000923, -0.0875608170438, 0.317319401202, 136, 2019
N, 100, 0.9821506156289764, 18.1714480002, 19.2122707509, 0.940407589817, -0.0499154603305, 0.149408332912, 136, 2019
E, -100, 0.7718484656557622, 12.8359106643, 8.83399768903, 1.96865904359, -2.28856584767, 3.63095485941, 136, 2019
Z, -100, 0.9990586629609711, 95.6177113163, 89.8942878408, 1.05378312669, 0.0509576159266, 0.00801168636751, 139, 2019
N, 100, 0.9834966580921375, 42.1658591604, 45.5466623154, 0.93527806721, -0.19855513283, 0.0127520205837, 139, 2019
E, -100, 0.9501973739159897, 16.5933335801, 19.3027912087, 0.889676695282, 0.279267163492, 0.16249136583, 139, 2019
Z, -100, 0.9977980554692079, 114.374785949, 114.374572953, 0.982279250103, 0.0640651193554, 0.0143877497802, 142, 2019
N, 100, 0.9649338833839248, 46.0134362904, 52.9359249022, 0.862000998346, -0.267398416867, 0.00735954696724, 142, 2019
E, 100, 0.9815886494903895, 17.588567472, 20.3438691014, 0.853367519239, -0.146808647301, 0.0801795599709, 142, 2019
Z, -100, 0.9950242775349207, 94.1808265341, 95.0512591239, 0.980599178289, -3.03969311968, 3.14711136962, 145, 2019
N, 100, 0.964461969643289, 32.9907926214, 41.6647277246, 0.781838405245, -0.234246162074, 0.0286458292712, 145, 2019
E, 100, 0.9295836377155349, 18.5869326445, 19.6490352568, 0.961249686933, -0.377044603653, 0.0370397785379, 145, 2019
Z, -100, 0.9830859734985283, 50.911383731, 51.9168490954, 0.949417561379, -2.99520474905, 3.09669865924, 148, 2019
N, 100, 0.946161003136542, 18.981581769, 21.5562270113, 0.910281613141, -0.292508948349, 0.0677569950486, 148, 2019
E, 100, 0.8938570788889618, 13.1537052522, 12.392568535, 1.3879288851, -0.245456887454, 0.334605033661, 148, 2019
Z, -100, 0.9940719891232355, 59.1009659881, 49.0759153332, 1.23303295666, 0.0217769489413, 0.0884046862433, 151, 2019
N, -100, 0.9868561000506241, 15.5824494375, 22.5489428785, 0.681926212751, 0.222479065291, 0.143548169566, 151, 2019
E, -100, -0.03613546416923165, 7.71676763459, 10.5109083319, 0.475364300246, -0.914899859655, 4.68818571716, 151, 2019
Z, -100, 0.9990836436439418, 110.20462883, 101.400183811, 1.08397616713, 0.046833786542, 0.00301085538568, 154, 2019
N, 63, 0.9994198593720771, 34.0809870112, 48.7229168314, 0.692145134889, 0.015460205822, 0.0324745905925, 154, 2019
E, 100, 0.48722608328576106, 10.3549483606, 21.3432426893, 0.388228026818, -0.822069783171, 0.746756802194, 154, 2019
Z, -100, 0.9987429362215342, 134.795280229, 130.937964629, 1.0181626858, 0.0551335870888, 0.0104884227987, 157, 2019
N, 100, 0.9956526041962902, 42.5154511258, 60.6041825398, 0.697217470306, -0.061640426125, 0.0430517700361, 157, 2019
E, 100, 0.6220355638354668, 17.3903312281, 23.830728754, 0.65036926572, -0.790679815923, 0.224300075082, 157, 2019
Z, -100, 0.9973797536996302, 105.3735634, 106.031905418, 0.972472301098, -3.10303225227, 3.12545377562, 160, 2019
N, 100, 0.9512750897782212, 29.4224845194, 43.9998604024, 0.667436743555, -0.318793310526, 0.00459007320898, 160, 2019
E, 100, 0.8286730070995844, 22.5819615965, 23.0176167847, 1.12732983778, -0.482176475608, 0.244158657243, 160, 2019
Z, -100, 0.9671901879409952, 44.1933657055, 44.6273981299, 1.02764220439, 0.0696047858374, 0.190656905954, 163, 2019
N, -100, 0.7614695898614324, 11.5380316529, 15.4735299052, 0.727032862909, 2.77820209345, 2.15391894385, 163, 2019
E, 100, 0.27972948663924085, 20.3685361828, 13.3530454739, 2.4657540159, 2.4702576558, 2.14320459043, 163, 2019
Z, -100, 0.9981764586847133, 93.7966184709, 83.7779895433, 1.1457951824, -0.00168929139391, 0.0561104980364, 166, 2019
N, -100, 0.9908127916705498, 33.0343059068, 43.3229016492, 0.770480138011, 0.135673373956, 0.00153448838495, 166, 2019
E, -100, -0.14964019279579902, 15.0148864181, 18.0453126227, 0.567675906072, 2.19679665174, 1.75411788934, 166, 2019
Z, -100, 0.9984481183870124, 118.964167114, 115.009563265, 1.02927822723, 0.0674858551305, 0.0138030067761, 169, 2019
N, 69, 0.9998042418204942, 38.468393722, 55.3457333592, 0.687749853403, -0.0158962131394, 0.00590674113255, 169, 2019
E, 100, 0.14237786398408997, 18.87411344, 21.2971983961, 0.736715696369, -1.2513752187, 0.365520165468, 169, 2019
Z, -100, 0.9973736466199824, 110.462374446, 111.261626041, 0.986428447355, 0.0698670203218, 0.0158695432636, 172, 2019
N, 100, 0.9967742493086933, 29.8654073861, 49.0684834489, 0.598855697278, -0.0543958406899, 0.0251084077552, 172, 2019
E, 100, 0.3729292379181801, 22.8636047386, 18.2250668263, 1.15319634202, -1.1236605898, 0.131974389883, 172, 2019
Z, -100, 0.9985088279310124, 78.7922517282, 75.5036130304, 1.04808710453, 0.0620509932405, 0.0159589521911, 175, 2019
N, 0, 0.9918673591192599, 17.567695165, 30.9660727512, 0.575507928452, 0.0331002515987, 0.0408882256035, 175, 2019
E, 100, 0.5295716951066002, 11.4967033494, 16.7883877062, 0.730256230302, -0.851963539851, 0.236950703138, 175, 2019
Z, -100, 0.9979747133860958, 42.2596862899, 39.6370704432, 1.0439893433, 0.340057729097, 0.301077309616, 178, 2019
N, -100, 0.9903606211369516, 16.8077663186, 16.8864772821, 1.07250356531, -0.24832966417, 0.295634232312, 178, 2019
E, 100, 0.038733453614018455, 6.0116492241, 9.10152236342, 0.777336195316, 2.30737600841, 1.95805372088, 178, 2019
Z, -100, 0.9338969343488716, 66.6948806008, 90.7575556561, 0.699811873809, -0.263620440627, 0.320470871391, 181, 2019
N, 100, 0.8316795166750522, 27.9558948086, 43.7211024581, 0.65180150685, -0.617727839696, 0.263593368661, 181, 2019
E, 100, -0.9492654072203535, 9.85379270823, 19.0837440985, 0.491294180513, -0.143638523636, 3.19463875162, 181, 2019
Z, -100, 0.908166739014556, 90.3422461123, 128.541038539, 0.630869480633, 0.350166008809, 0.253182383493, 184, 2019
N, -100, 0.818845507451154, 33.834621729, 62.2164234854, 0.466073305132, 0.500292498569, 0.483318041526, 184, 2019
E, 100, 0.6547230184841047, 21.5890471718, 25.0037751361, 0.608869422023, -0.303756284873, 0.620383621022, 184, 2019
Z, 100, 0.9888181542631873, 114.979796472, 123.381721996, 0.9100572411, 0.0204346973473, 0.0602797523096, 187, 2019
N, 100, 0.9919153585314046, 40.4533654829, 53.0743267698, 0.763530200466, -0.0670209874283, 0.0483593447018, 187, 2019
E, 100, -0.6034268563619996, 330.295938828, 19.8467146074, 9.27765539557, 2.66423929259, 0.626515396614, 187, 2019
Z, 100, 0.5367364904199362, 335.062807894, 68.1693719491, 5.74668214691, 2.77576618908, 2.46388903889, 190, 2019
N, 100, -0.39030540442516204, 217.892613105, 20.5032993693, 11.8556703893, 3.09194604609, 1.00042237629, 190, 2019
E, 100, 0.13402777652607434, 4420.76751737, 19.5486570002, 317.199277388, 2.26140105028, 2.10240545457, 190, 2019
Z, 100, 0.0029940027655441822, 176.628400616, 71.2134518425, 1.38331056013, 2.50003867829, 1.27722183641, 193, 2019
N, -100, 0.741519138667024, 168.423743014, 36.7584811429, 3.52267525616, -0.139831633813, 0.59642209166, 193, 2019
E, 100, -0.4301859863821203, 2823.51545336, 14.3598590806, 146.04276401, 1.66422313805, 1.10169024127, 193, 2019
Z, -100, 0.9980309989956395, 124.812693102, 104.758423348, 1.21289968385, 0.0682705989689, 0.0335058344443, 196, 2019
N, -100, 0.9863712773813317, 39.6504390779, 52.0993677054, 0.726993162843, 0.071716884688, 0.0941334827114, 196, 2019
E, 100, 0.4795622168719192, 13.1371568357, 20.5435171941, 0.493383420068, -0.110756042312, 0.963666923038, 196, 2019
Z, 100, 0.9969597807731214, 142.422064995, 108.440936623, 1.25869237775, -0.0708291990294, 0.0634655242636, 199, 2019
N, -100, 0.9549533524776311, 32.8863395819, 50.4898247791, 0.657271467856, 0.303596406509, 0.0101175981865, 199, 2019
E, 100, 0.7166545033450178, 25.3789506347, 17.9232102743, 1.39332101069, -0.773646604173, 0.0218620890236, 199, 2019
Z, -100, 0.9977318715307139, 83.4623386493, 85.0755027101, 0.976594001703, 0.0584681939259, 0.0300466157174, 202, 2019
N, -100, 0.9935089028792602, 18.4583241936, 35.6970927584, 0.511858426457, -3.01513371243, 3.20164258163, 202, 2019
E, 100, 0.26300369191586587, 14.6516653204, 12.8755571759, 1.09611916377, 1.92938524299, 2.9591328603, 202, 2019
Z, -100, 0.9934435450464791, 47.7194136478, 48.3099569928, 1.02046846668, 0.101530728825, 0.035608259104, 205, 2019
N, -100, 0.7221908731143324, 9.68062848474, 15.9521375759, 0.58038552267, 2.56440506871, 1.81134091352, 205, 2019
E, 100, 0.3633679362526975, 10.5133070007, 12.7949122989, 1.46476998488, -0.786329074505, 0.867217652929, 205, 2019
Z, 100, 0.9982575168571721, 81.4248383186, 71.4505835703, 1.15773084324, -0.0929587481274, 0.0715558258344, 208, 2019
N, -100, 0.9720747406600218, 31.430268986, 34.204263881, 0.974566943028, 0.138519782255, 0.096540589736, 208, 2019
E, -100, -0.451441802766247, 13.5331289224, 14.0084284639, 0.868054360497, -3.09575111022, 0.881759967676, 208, 2019
Z, -100, 0.9999368375951586, 126.735518452, 115.385838646, 1.09790092748, 0.0175791541717, 0.00134949716727, 211, 2019
N, -100, 0.9931480294942205, 43.6418014884, 56.9469601164, 0.772651437223, 0.11287933557, 0.0136487318837, 211, 2019
E, -100, -0.23931126825683582, 9.35018965505, 23.7197284324, 0.279314805188, -1.91769886647, 0.0166389138535, 211, 2019
Z, -70, 0.9996943814462653, 125.586046565, 119.346571714, 1.04183054123, 0.0141275307171, 0.00946459361714, 214, 2019
N, -100, 0.9904625774340672, 38.325936292, 55.4714896379, 0.664762844303, 0.10348931261, 0.0382172202751, 214, 2019
E, 100, 0.08241299412111383, 13.4766707337, 20.3688111648, 0.596177004639, 1.77419777032, 2.76455674897, 214, 2019
Z, -100, 0.9923804556598382, 74.993014189, 79.0455369282, 0.944798210718, 0.0464892829039, 0.0138043906227, 217, 2019
N, -100, 0.5571389592830559, 9.87620279717, 24.6156771238, 0.407627778485, 0.23574785838, 1.01582156925, 217, 2019
E, 100, 0.12397448909071682, 20.700558124, 11.6305081666, 2.04428096702, 2.0263968768, 2.28100443173, 217, 2019
Z, 100, 0.9996607980377237, 60.5702868478, 53.7774791996, 1.13606042354, -0.0309747914159, 0.0161231475335, 220, 2019
N, -100, 0.9541694224600893, 32.768599321, 28.5345294687, 1.25819584788, 0.15281504294, 0.129162181961, 220, 2019
E, -100, -0.4162413965215757, 12.7499554053, 14.3476781836, 0.994883274213, 1.84199193057, 1.8695837486, 220, 2019
Z, 100, 0.9998832648231076, 103.930286489, 89.7459893111, 1.15570902135, -0.0193415144283, 0.0112751468597, 223, 2019
N, -100, 0.9897540897133683, 40.7379938455, 45.9272209728, 0.861197953452, 0.136996127904, 0.0102375318797, 223, 2019
E, -100, -0.3413298751892654, 12.7212960682, 17.9182926699, 0.748284816189, -2.08750846144, 0.232432157417, 223, 2019
Z, -100, 0.9990282223798437, 107.289414743, 94.0424154006, 1.13684930008, 0.0510761668365, 0.00106255324267, 226, 2019
N, -100, 0.9720208786823011, 31.259216786, 46.2357026298, 0.658452920972, 0.229977305436, 0.0175193539444, 226, 2019
E, -100, -0.3280150171774498, 20.0284512044, 16.9674205421, 1.07806271867, -2.02060634916, 0.0883004598827, 226, 2019
Z, -100, 0.9943853836153485, 82.9962781941, 76.967516609, 1.06908397406, 0.104381536188, 0.0153873289389, 229, 2019
N, -100, 0.8921965103090232, 18.110936652, 33.9264864968, 0.497496933443, 0.458052966241, 0.0230731397673, 229, 2019
E, -100, -0.2529695528866995, 22.9484617473, 10.2782491357, 2.02539406815, 1.34969484161, 2.92200040282, 229, 2019
Z, -100, 0.9787006085397181, 49.6347203156, 48.0724807996, 1.12111569235, 0.205476494248, 0.0760395371962, 232, 2019
N, 100, -0.2650467590989418, 10.9799696713, 13.5773197083, 0.878395850237, 3.094372411, 1.11987948705, 232, 2019
E, -100, -0.2645661510031523, 23.1219627732, 7.62335999403, 4.71393692507, 1.38240687545, 2.22405960519, 232, 2019
Z, 100, 0.9981982544312366, 57.798153426, 49.9504197935, 1.16683918621, -0.10132716171, 0.0509516722543, 235, 2019
N, -100, 0.9677481053362424, 33.7248711611, 24.0388742738, 1.47555192657, 0.0885447370276, 0.155216695985, 235, 2019
E, 100, -0.5774034935620218, 15.8241771448, 10.1069898513, 1.84031847954, 1.62662929459, 1.00261044522, 235, 2019
Z, 98, 0.999889006753601, 102.126753801, 94.3306493242, 1.0808001772, -0.00458344959861, 0.00457640274062, 238, 2019
N, -100, 0.9801017853621636, 47.6197176286, 46.9962084433, 1.01517760038, 0.184741074739, 0.0254269750269, 238, 2019
E, -100, -0.7630143378639624, 9.85151866089, 19.2823099498, 0.541056937145, -2.68618533048, 0.283099691416, 238, 2019
Z, -100, 0.9990531487505463, 116.975269571, 103.509726633, 1.12832808526, 0.0516680907565, 0.011031900802, 241, 2019
N, -100, 0.9687215393614037, 41.5509551482, 51.4312826027, 0.785328657618, 0.187641340781, 0.0908315565395, 241, 2019
E, -100, -0.3693029116717468, 16.4655533892, 20.2838636349, 0.706513367775, 1.2482786386, 2.95027493321, 241, 2019
Z, -100, 0.9931051305928776, 73.7779467626, 66.951848265, 1.0881259416, 0.0979557898938, 0.0247643810384, 244, 2019
N, -100, 0.46381647080473853, 8.79967193803, 26.2149707664, 0.302991995857, -2.88698979191, 2.00776123803, 244, 2019
E, 100, 0.11601258978677327, 24.2252761556, 8.00287412966, 4.43356566323, 1.56219807188, 2.84925593406, 244, 2019
Z, 100, 0.9884804676464806, 47.4570974575, 41.8548189148, 1.22561772471, 2.5730833124, 2.62058514352, 247, 2019
N, -100, 0.9882916752934233, 37.6165852908, 23.2098369413, 1.69706736466, -0.071087702679, 0.154483468629, 247, 2019
E, 100, -0.27652440532031103, 23.4345826555, 10.1323262727, 2.68909735819, 1.28218902287, 0.762088612434, 247, 2019
Z, 100, 0.9991468182681617, 85.6471097458, 77.5521137959, 1.10333125971, -0.0592450492719, 0.0235652648857, 250, 2019
N, -100, 0.9934269478240098, 48.7389484549, 40.4149063903, 1.19380529914, 0.0943578414308, 0.0290344923182, 250, 2019
E, 0, -0.6848060281494054, 12.9380436151, 14.9860065729, 0.850611050783, -0.462986526287, 3.67519989926, 250, 2019
Z, 62, 0.9997104870960889, 85.5792524865, 77.9741255973, 1.09355213028, 0.00623229782148, 0.0157727813039, 253, 2019
N, -100, 0.974145390883122, 41.8918409641, 40.0789957074, 1.01696277557, 0.195167749173, 0.0480457726725, 253, 2019
E, -100, -0.7633187716195575, 10.8394103035, 14.9608697175, 0.731246221023, 0.763765687482, 3.02552441778, 253, 2019
Z, -100, 0.9959741579575567, 66.096158583, 56.9106494461, 1.14433569177, 0.0871501033365, 0.0161228073692, 256, 2019
N, -100, 0.776437573748959, 22.1190869684, 27.7697270175, 0.752809270075, 0.634485014446, 0.0903496237011, 256, 2019
E, -100, -0.543439297606805, 20.9460357768, 8.54991999749, 2.34339242342, 0.630110816498, 3.08362550474, 256, 2019
Z, -100, 0.9367438408314744, 35.6069084223, 30.8104408501, 1.3491771805, 0.250231962022, 0.135242621503, 259, 2019
N, 100, -0.5243192427691353, 10.8982704069, 9.23338267017, 1.19256509841, 0.490580821355, 3.8226426981, 259, 2019
E, -100, 0.33353923763395704, 24.5998227923, 7.15163307592, 5.56680552101, -0.576578660287, 1.61570861715, 259, 2019
Z, 100, 0.9924307535059544, 43.7406653538, 42.6575961439, 1.01573615345, -0.137721900261, 0.0181524672072, 262, 2019
N, 100, 0.980850635455234, 33.8072621519, 21.5363670722, 1.61062178273, -0.237721271816, 0.116924448782, 262, 2019
E, -100, 0.17691774201720314, 16.2553827035, 9.85842379812, 1.76603894452, 1.02376398024, 0.426898210629, 262, 2019
Z, 100, 0.999176434064918, 90.7457880718, 80.6890525549, 1.12655462153, -0.0395356593091, 0.003942396526, 265, 2019
N, 100, 0.9980283156384349, 48.0769968749, 40.4813070301, 1.177527463, -0.0636233764013, 0.0637519222237, 265, 2019
E, 100, -0.6000515624966509, 11.1380337588, 15.8615759689, 0.733624981131, -0.945169918798, 3.43916542291, 265, 2019
Z, 100, 0.9992521355173869, 98.4887413219, 88.4390382987, 1.11575355721, -0.0408683333494, 0.0127796314814, 268, 2019
N, -100, 0.9937776265096948, 45.6899938344, 44.5267899404, 1.00866263999, -0.0142716782104, 0.0973205139183, 268, 2019
E, -100, -0.13458198940989083, 9.00050715798, 17.7851075409, 0.329548027593, -0.966400596738, 1.13716220865, 268, 2019
Z, -100, 0.9936898503879792, 57.9825494752, 47.8538023883, 1.22402411154, 0.0820690799068, 0.00901884734775, 271, 2019
N, -100, 0.9082099507416379, 15.1019432976, 23.3817073905, 0.522332788952, 0.182706215564, 0.32783987406, 271, 2019
E, -100, -0.07863709991348541, 17.7665546029, 7.39382237691, 3.10928861421, 1.30801151736, 3.0175768614, 271, 2019
Z, 100, 0.9759605586173785, 42.7948333308, 43.2207886667, 0.98150116881, -0.214940251019, 0.0081572803118, 274, 2019
N, 100, 0.9739561946055751, 31.752308687, 26.0362233151, 1.21795698083, -0.245012488552, 0.0300302459092, 274, 2019
E, -100, 0.73631207698604, 17.3999873884, 16.5078956682, 1.2323260517, 0.897550301043, 0.163933502384, 274, 2019
Z, 100, 0.9951126581645365, 83.7290941409, 79.7213471591, 1.06290977598, -0.118689645661, 0.0198357479326, 277, 2019
N, 100, 0.995695318512884, 46.6498354326, 43.1255151168, 1.08328226628, -0.107618931956, 0.0179814401686, 277, 2019
E, -100, 0.829693283625789, 10.3582934532, 16.3175270072, 0.620400589127, -2.43663826095, 3.00359519548, 277, 2019
Z, 100, 0.9957003912756119, 82.9464822564, 76.1373955356, 1.09349136224, -0.0877578338114, 0.0104275648135, 280, 2019
N, 0, 0.9983171880293811, 38.2360280914, 38.9613593777, 0.961506446482, -0.0218672421523, 0.0411115275526, 280, 2019
E, 100, 0.8011383351039544, 5.01346125703, 13.3729732035, 0.304996657111, -0.87054545047, 0.290546249815, 280, 2019
Z, 100, 0.9953102643952985, 55.2832951406, 45.1229338081, 1.23350979769, -0.0779242249314, 0.010077383728, 283, 2019
N, -100, 0.9580234752879926, 21.6392483485, 23.4804254488, 0.883405158028, 0.258807139695, 0.0263527847249, 283, 2019
E, -100, -0.14801069104554654, 8.04050247391, 7.10409797148, 1.07555484014, -1.63913510985, 0.415300279899, 283, 2019
Z, 100, 0.790281275568684, 17.9444171354, 14.052764388, 1.1226111786, -0.19630333242, 0.689510233771, 286, 2019
N, 100, 0.3712374067805365, 9.31732551271, 7.05566747312, 1.05071773049, -1.04129643934, 0.519959852775, 286, 2019
E, -100, 0.6485043706625414, 12.5738313828, 10.8622384676, 1.88962213095, -1.23939753526, 1.9247642803, 286, 2019
Z, 100, 0.9928639394862823, 51.2491419775, 55.1688278137, 0.907686891698, -0.0836327763827, 0.0427554773472, 289, 2019
N, 100, 0.9538865185599893, 32.7385985941, 28.4435851131, 1.1492111882, -0.315094520725, 0.0027370614514, 289, 2019
E, -100, 0.8233681770703856, 13.4163234535, 15.1651341473, 0.886313488327, 0.889132671765, 0.311332884893, 289, 2019
Z, 100, 0.9974313377827168, 90.1267010877, 87.2037365144, 1.04473361054, -0.0735718257074, 0.00124497751523, 292, 2019
N, 100, 0.9931833102977826, 49.8816355962, 44.8497168876, 1.09739325482, -0.115198021335, 0.00133827648649, 292, 2019
E, -100, 0.4541013176456652, 10.6689035465, 17.9699318506, 0.510368821536, 1.32957299013, 0.260422683808, 292, 2019
Z, 100, 0.9969321010650645, 96.0832345595, 89.8728192124, 1.07061201348, -0.0727031231562, 0.00993887972596, 295, 2019
N, -100, 0.996197222275116, 47.0934221967, 44.7217886719, 1.03162272576, 0.0593177855781, 0.0284271391496, 295, 2019
E, -100, -0.7698370267338345, 7.54595771965, 16.3346693797, 0.486288434252, -2.71503443049, 0.165468277703, 295, 2019
Z, 100, 0.9904537956573691, 58.5969103464, 46.5686230903, 1.31164698671, -0.0613321511591, 0.078347637235, 298, 2019
N, -100, 0.8409664696186641, 23.2557223958, 23.4674157998, 0.936015173922, 0.434396825881, 0.218522038551, 298, 2019
E, -100, -0.38847423006576776, 21.558694106, 7.12110549501, 3.53083054746, -1.91944243, 0.201448265834, 298, 2019
Z, 100, 0.9678542795349403, 44.8152060174, 53.6130475296, 0.777963604507, -0.0292782545341, 0.209834479516, 301, 2019
N, 100, 0.9360065055103213, 36.0794756869, 30.142016337, 1.1761953668, 2.76448808651, 3.11372332676, 301, 2019
E, -100, 0.7520400136118058, 27.0412625951, 18.4984065833, 1.74594873816, 0.733043576836, 0.0329780914545, 301, 2019
Z, 100, 0.9961444581194824, 98.5370324527, 97.946322525, 1.00960403934, -0.0930888812002, 0.00261805621587, 304, 2019
N, 100, 0.9919282941074671, 58.3899802074, 53.4390248921, 1.08220208041, -0.116885498921, 0.0206144688528, 304, 2019
E, -100, 0.6389545717482099, 13.540546501, 25.2527031494, 0.429623360983, 0.790330922114, 0.108553133532, 304, 2019
Z, 100, 0.9937766085780179, 97.4585594491, 93.4718357466, 1.05419365477, -0.113785266755, 0.00561050995164, 307, 2019
N, -100, 0.9984829336616827, 54.6104131891, 48.3101610565, 1.12315708067, 0.0586425798888, 0.0148059636613, 307, 2019
E, -100, -0.6193506506433816, 10.5346009086, 16.6466045378, 0.610849202872, -3.0215368873, 0.0670967621448, 307, 2019
Z, 100, 0.9808458953549167, 62.3495460603, 58.6540029688, 1.06420946627, -0.20446466456, 0.0125926252616, 310, 2019
N, -100, 0.9830877610926224, 35.3080049919, 29.2442593721, 1.20719118255, 0.206527531796, 0.0274223033666, 310, 2019
E, -100, -0.813138321139359, 8.78425514064, 7.70979416769, 1.37048190647, -2.5753535162, 0.0754850969817, 310, 2019
Z, 100, 0.9097461013270395, 26.9254881652, 24.0081915231, 1.10640439411, -0.404994521828, 0.0364410293757, 313, 2019
N, 100, 0.8476682492815221, 18.7392043943, 8.93769892137, 2.21256169504, 1.69568055484, 2.03619755162, 313, 2019
E, -100, 0.38663687844289985, 22.5818315693, 6.13880762102, 5.22600970792, -0.449771990201, 1.50755498516, 313, 2019
Z, 100, 0.9866586469760019, 60.6126825611, 69.4484313684, 0.839176129872, -0.0743700707885, 0.0924558310273, 316, 2019
N, 100, 0.9515887931321514, 42.2112447452, 33.6017242065, 1.21606369247, 2.84936871837, 3.17961567399, 316, 2019
E, -100, 0.6803265357830466, 23.8624419917, 18.4123859634, 1.35112594224, 1.07790918853, 0.257016982917, 316, 2019
Z, 100, 0.9929890096407777, 103.984731011, 105.988057585, 0.981952629692, -0.12802034714, 0.00293511502887, 319, 2019
N, 100, 0.9828052030688285, 64.4718326654, 54.1659010137, 1.17457387066, -0.187144463953, 0.00896543359596, 319, 2019
E, -100, 0.4370122425119671, 29.715769363, 24.0838796067, 1.18264458275, 1.25780622353, 0.191916170971, 319, 2019
Z, 100, 0.823899660348518, 257.22771662, 68.60212545, 3.01772265335, 2.61447742293, 2.61452795825, 343, 2019
N, 100, 0.536172419207932, 31.04172957, 31.4507855662, 0.845674577496, 0.0371648710039, 0.899635447268, 343, 2019
E, -100, 0.7949348445810396, 24.7401478588, 14.2747309168, 1.91973083387, 0.521790188379, 0.104852829956, 343, 2019
Z, 100, 0.9869685995674462, 100.896914911, 116.590679877, 0.822014643745, -0.0389247379626, 0.10058203454, 346, 2019
N, 100, 0.9722176199699966, 63.5706530968, 57.0299780261, 1.09888213485, -0.240408739124, 0.00617210992512, 346, 2019
E, -100, 0.8668017024077096, 32.7317465115, 26.0320810989, 1.1721865743, 0.521716001142, 0.00599164993526, 346, 2019
Z, 100, 0.9987143376749583, 129.105751607, 129.102456844, 0.996836224424, -0.0402904240052, 0.0179459280442, 349, 2019
N, 100, 0.9928401781148677, 65.7024191045, 64.9503306864, 1.00718028199, -0.116328677137, 0.00583775387535, 349, 2019
E, -100, 0.7794979254195925, 15.4753429858, 28.407781616, 0.527457371054, 0.73893445958, 0.0659947731719, 349, 2019
Z, 100, 0.9950984208060527, 90.985167801, 89.4171002742, 1.02490680899, -0.0970802712355, 0.0118121871902, 352, 2019
N, 0, 0.9965183036558186, 50.2344860791, 43.9796446553, 1.19425646869, 0.0560296835498, 0.0711436707052, 352, 2019
E, 100, -0.24135372372716588, 11.6206873583, 14.4377686015, 0.810401736941, -0.489899157154, 2.48904151316, 352, 2019
Z, 100, 0.9805155082722827, 41.3361763139, 44.8652130711, 0.872378113894, 0.306785972826, 0.450661249261, 355, 2019
N, 100, 0.8108461992733355, 25.3810215278, 22.1618304445, 1.14834395317, 1.85732491609, 2.46131425766, 355, 2019
E, 100, 0.8471158856585829, 23.2163410746, 9.24459336098, 2.53757796621, -0.333904432794, 0.187017991318, 355, 2019
Z, 100, 0.999451456869699, 101.96273843, 106.880008898, 0.942757160969, 0.00162377285143, 0.0300903572844, 358, 2019
N, 100, 0.9576154312542149, 50.9643570764, 52.7754954915, 0.924928369429, -0.26711573626, 0.031898761383, 358, 2019
E, -100, 0.9511120121412006, 25.3417011307, 23.1250334816, 0.98509093509, -0.0338919678529, 0.263744174839, 358, 2019
Z, 100, 0.9991405594862593, 130.532477553, 129.974138277, 1.00487860868, -0.0306709958849, 0.018811203397, 361, 2019
N, 100, 0.9958056788199428, 65.9222499011, 65.1424134504, 1.00469874964, -0.0545638601858, 0.0486563391531, 361, 2019
E, -100, 0.7013565609716165, 12.7239696188, 31.4055820702, 0.294440742219, 2.20976039295, 1.62121617408, 361, 2019
Z, 100, 0.9915617799956754, 103.934428148, 102.871600557, 1.00875521137, -0.152252479265, 0.0190775590351, 364, 2019
N, 100, 0.9958152906720931, 53.9237823168, 53.1060617983, 1.00765950721, -0.0731890163549, 0.00745565467679, 364, 2019
E, -100, 0.7182006674909682, 15.9621862497, 20.7824240599, 0.766562181987, -2.33269161539, 3.10996140543, 364, 2019
