Chan, Phase Shift, Correlation, ptp-data, ptp-synthetic, rat, phasem, phasestd, DOY, Year
Z, 89, 0.9971807663510948, 98.942910986, 95.3602026189, 1.05353522684, -0.0287829220617, 0.0312584248391, 1, 2019
N, -100, 0.9205559269814958, 29.2422840366, 11.2712205198, 2.56841633314, 0.397736655497, 0.287370324244, 1, 2019
E, 100, 0.7476169281016477, 72.8503718706, 44.2305008206, 1.69749988559, -1.19516870141, 0.518865945603, 1, 2019
Z, -100, 0.9972717332100839, 159.519004548, 151.50766128, 1.03475265783, 0.0883731824555, 0.0726812952454, 4, 2019
N, 100, 0.9955917302547127, 55.6978962482, 18.5208733415, 3.02575972943, -0.0376036696108, 0.0396131023699, 4, 2019
E, 100, 0.8733975215984079, 92.2107065914, 73.6179352867, 1.26089281183, -0.507866134238, 0.0077739075087, 4, 2019
Z, 100, 0.99933081326642, 171.625478168, 165.913013356, 1.02206482837, -0.0104235256737, 0.00290785639486, 7, 2019
N, 100, 0.9794806990635483, 61.1034821082, 21.608740442, 2.80371322993, -0.217216455544, 0.0129109054713, 7, 2019
E, 100, 0.4822045143439731, 158.469788695, 79.7692508881, 1.89262111828, -1.08702964333, 0.043076693679, 7, 2019
Z, -100, 0.9946966979765149, 135.988083015, 138.162094728, 0.98050240966, 0.112042064692, 0.0495609851018, 10, 2019
N, 100, 0.973899064975563, 61.4866075655, 19.8484206492, 2.89820932652, -0.0869379237625, 0.096650715619, 10, 2019
E, 100, 0.8987982313228021, 61.2862659613, 64.0034838038, 0.94087921181, -0.509227778041, 0.0983318509093, 10, 2019
Z, 0, 0.9928806046850628, 79.5653630964, 80.7303973622, 1.00161632006, 0.0831610218208, 0.105478234633, 13, 2019
N, -100, 0.7882091048184019, 86.2597899711, 13.9299550796, 6.46947637427, -2.58039933257, 2.47342208265, 13, 2019
E, 100, 0.8757394251771804, 56.9163297696, 38.0616014205, 1.58181738167, -0.43902962861, 0.0751272481926, 13, 2019
Z, 100, 0.9965899176414249, 99.0039815091, 91.4960723884, 1.04914629082, 0.00216822790857, 0.072090059135, 16, 2019
N, 100, 0.6563374148461665, 102.016439711, 12.5177370206, 6.44541540173, 1.56255739944, 2.28991393184, 16, 2019
E, 100, 0.8267189145750087, 53.0463231931, 42.2010264911, 1.39787728262, -0.713614458576, 0.19027001311, 16, 2019
Z, 100, 0.9929247763772323, 186.455077109, 171.35000288, 1.10805073338, -0.150992041264, 0.0548445660309, 19, 2019
N, 100, 0.9692833662126423, 56.5982019314, 22.1192604397, 2.61032469357, -0.289021930932, 0.0766692681657, 19, 2019
E, 100, 0.8985599207342174, 75.8839101024, 83.2708107787, 0.837386444375, -0.257205885696, 0.20627637542, 19, 2019
Z, 100, 0.9970307221204193, 195.566897144, 191.458395783, 1.01183167527, -0.0429206581262, 0.0409949643075, 22, 2019
N, 100, 0.9483499852814841, 81.568262564, 25.2013978811, 3.31313184846, -0.239706386849, 0.126670963835, 22, 2019
E, 100, 0.9057912337556956, 97.3519661108, 91.3947825439, 1.01355720049, -0.489655875813, 0.141941149406, 22, 2019
Z, 100, 0.9885022671388075, 125.100846469, 122.912177378, 1.016850382, -0.127634647706, 0.0262883448544, 25, 2019
N, 100, 0.7496848775599421, 59.144251833, 21.0190634488, 2.39167826123, -0.749292193345, 0.149669113355, 25, 2019
E, -100, 0.5449712860376159, 26.3727232172, 54.5737797238, 0.431724590096, -1.46656207839, 2.21191914871, 25, 2019
Z, 100, 0.8579631489058293, 74.2092499461, 66.6458864578, 1.07343305436, 0.530816794315, 0.506128903272, 28, 2019
N, 100, 0.6655179453054373, 30.3117339271, 12.8337749531, 1.48443541282, -0.467134023762, 0.174071808206, 28, 2019
E, 100, 0.9386868844479153, 36.5165247765, 29.7452389317, 1.16933247761, -3.17485466412, 2.82043743855, 28, 2019
Z, 100, 0.9522539022267591, 210.122664315, 126.170037934, 1.51988645998, -0.199007569056, 0.0661443399279, 31, 2019
N, -100, 0.4041302821150944, 25.388792314, 15.3629359635, 1.38832511538, 1.64425348912, 0.746667410472, 31, 2019
E, 0, 0.975612271790291, 70.1784888597, 59.9513164647, 1.09930808822, 0.150689998765, 0.199776126642, 31, 2019
Z, -100, 0.9944079654139152, 158.141705425, 146.368399702, 1.110415405, -0.00457510950917, 0.0747345560903, 34, 2019
N, -100, 0.9390633800729077, 78.8176666165, 18.438604228, 4.11048194865, 0.337038348074, 0.0414739840038, 34, 2019
E, 100, 0.9789432202760368, 100.477719826, 71.966494454, 1.36152135753, -0.177495636643, 0.0284164783499, 34, 2019
Z, -100, 0.9965327379774194, 142.18340281, 129.680137251, 1.12297673219, 0.0910246570261, 0.0162554758649, 37, 2019
N, 100, 0.8886693608032934, 54.1853367974, 17.2560292992, 3.14962332682, -0.208538607498, 0.314405172209, 37, 2019
E, 100, 0.9807246793021674, 73.1597410168, 61.1180654472, 1.14780071234, -0.106871473235, 0.0897024669466, 37, 2019
Z, 100, 0.9865837141819986, 93.1360553066, 80.4364941275, 1.13901289654, -0.182381787757, 0.0178959328429, 40, 2019
N, 100, 0.602596911102401, 93.2481790674, 13.7312036481, 7.77456049023, -0.647926446783, 0.441797003007, 40, 2019
E, 100, 0.6412374724467176, 43.6165198149, 35.3401781243, 0.819713297297, -0.693709529097, 0.944092376853, 40, 2019
Z, 100, 0.9831536389789699, 47.0312167146, 56.3067151893, 0.832013418755, -0.421925427153, 0.268969391668, 43, 2019
N, -100, -0.39480366720760735, 94.5499177949, 10.4717336894, 7.98597627604, -2.97840161968, 1.02422127047, 43, 2019
E, -100, 0.3066040054360687, 31.5256766374, 24.7410759755, 1.30097675838, 1.89917971657, 0.769377042358, 43, 2019
Z, -100, 0.997617753020424, 125.226149018, 132.255698545, 0.942773024251, 0.0844083023101, 0.0360795470109, 46, 2019
N, 100, 0.2748117113201925, 91.138743265, 17.4372713584, 3.36701731149, 0.998727704277, 2.00693743526, 46, 2019
E, -100, 0.8303442182792983, 80.6038208635, 62.289771333, 1.50501263558, 0.215346083766, 0.214844525212, 46, 2019
Z, 100, 0.9988212988712439, 167.653018119, 165.841894108, 1.01530597547, -0.023719702776, 0.030253829579, 49, 2019
N, 100, 0.5997335418419084, 100.476206496, 21.4583283633, 4.56278364383, -0.718151418994, 0.321530679221, 49, 2019
E, 100, 0.9797607794637833, 72.359413893, 81.5436877954, 0.905773225685, -0.184845976251, 0.0837068003076, 49, 2019
Z, 100, 0.986898502636299, 125.125266534, 118.156302165, 1.07778664792, -0.137113746904, 0.026643899948, 52, 2019
N, -100, -0.455905506482362, 119.822928973, 16.7497366867, 6.65212388164, -2.11812572336, 0.131747728198, 52, 2019
E, -100, 0.9432217525811328, 31.2312945934, 53.4937387449, 0.613096588066, 0.265135977198, 0.281039487673, 52, 2019
Z, -100, 0.6173353099306448, 39.4968252683, 39.6929312327, 1.03135619648, 3.10600174921, 2.47441309117, 55, 2019
N, 0, 0.9524326735627704, 20.3729080545, 14.2542984287, 1.77143621239, -0.0729576567366, 0.123247133406, 55, 2019
E, 100, 0.05802306151930481, 41.6922827934, 17.4639243831, 2.1579021072, -0.733098411884, 1.14551568288, 55, 2019
Z, -100, 0.9667980297707361, 109.407772519, 100.761708082, 1.03876663234, 0.307314746084, 0.12896153279, 58, 2019
N, -100, 0.7149806020524169, 96.1387558839, 12.2541251775, 6.81448401459, 0.643407800488, 0.0570962803311, 58, 2019
E, -100, -0.3866698720026045, 40.5539588095, 46.4557570112, 0.823114982624, -2.44945545768, 0.660947446552, 58, 2019
Z, 100, 0.9761532272693533, 130.6693855, 118.983800238, 1.12835211419, -0.225509403441, 0.157723265155, 61, 2019
N, 100, -0.34022656278191243, 62.8070573025, 15.0349090958, 2.55545144377, 0.400006371203, 4.27358545651, 61, 2019
E, -100, 0.5473172305203595, 93.1766195013, 58.1251383212, 1.27049714362, 0.307755626748, 0.596921810717, 61, 2019
Z, -100, 0.9938589921609285, 99.8125572901, 103.30686374, 0.958803255899, 0.0725347674628, 0.0662501253102, 64, 2019
N, 100, -0.27355002967938846, 39.7576668309, 12.8853962522, 2.04903022867, -1.1576837402, 2.75776969463, 64, 2019
E, -100, -0.8918391575752302, 104.554394532, 50.6398279774, 1.65624614036, 0.163460090305, 3.43086635387, 64, 2019
Z, 100, 0.9783128113124563, 78.9892838024, 60.5275332535, 1.3890787587, -0.071273810409, 0.0724072669573, 67, 2019
N, 100, 0.43910503793697875, 26.5479364723, 8.5764139101, 3.41057145098, -0.994379998259, 0.519805183577, 67, 2019
E, -100, 0.8168547532622589, 20.3401309915, 26.1289074313, 0.765012746965, 0.436396115461, 0.471570456823, 67, 2019
Z, 100, 0.9322128431891111, 64.9183058931, 40.5440216416, 1.62016499125, 0.271711984698, 0.498593569778, 70, 2019
N, -100, 0.47596917964716007, 28.8572449297, 8.88378004474, 4.43814714328, -1.05210606302, 1.45699238658, 70, 2019
E, 100, 0.17609352245391616, 10.3600293496, 19.7784971939, 0.239178019188, -1.34059665137, 0.19845283043, 70, 2019
Z, 100, 0.9810309439934061, 155.721359216, 107.835286963, 1.44274671605, -0.178383301023, 0.18344155428, 73, 2019
N, 100, -0.36565483661992665, 34.2226290704, 14.1441349284, 1.96655078038, -0.279919398497, 3.25545932922, 73, 2019
E, -100, 0.8213722308094311, 41.2791016938, 49.7688126194, 0.805019504235, 0.42420020323, 0.197008502954, 73, 2019
Z, 100, 0.9411247524741185, 152.67660441, 136.20036922, 1.08730446808, 0.0961748648984, 0.257939292668, 76, 2019
N, 100, 0.5098939842941359, 50.1239550758, 18.0228119332, 2.5087041226, -0.875057585269, 0.209469326685, 76, 2019
E, 100, 0.9052612035403756, 81.5102100091, 65.6442607873, 1.26073347666, -0.427895174267, 0.0317926729842, 76, 2019
Z, 100, 0.8865223855947202, 144.293322341, 95.6498844409, 1.42470125369, -0.486439680062, 0.00375984252349, 79, 2019
N, 100, 0.7106538564643636, 120.454693269, 12.2124835329, 9.17910610817, -0.546876892758, 0.350627531764, 79, 2019
E, 100, 0.6440454136480666, 66.3104328755, 47.0664906202, 1.36840201488, -0.895509767787, 0.0971562141644, 79, 2019
Z, -100, 0.7606616363402697, 25.4886044995, 39.5757094352, 0.62050065067, 0.0212902594824, 0.669283885943, 82, 2019
N, -100, -0.5821052860047721, 105.909333056, 7.6764442178, 11.8730296742, -2.29646750252, 0.109991763889, 82, 2019
E, -100, 0.7039208553770997, 38.7212343698, 19.6458363223, 2.31027269431, -0.0950784969223, 0.633489537267, 82, 2019
Z, -100, 0.983809326927923, 96.661597831, 101.174787905, 0.934646923467, 0.228969716794, 0.109856814002, 85, 2019
N, 100, -0.7153431068659173, 71.597370173, 11.868263622, 6.36887774842, -0.26059418003, 3.01207682935, 85, 2019
E, 100, 0.9772374719201025, 56.3636014094, 48.3204593353, 1.19304407364, -0.203472361653, 0.0119983290574, 85, 2019
Z, -100, 0.9664156690037728, 115.011191426, 111.719538513, 1.01455271978, 0.18928451329, 0.0356478511749, 88, 2019
N, 100, 0.8358702932609114, 29.1109174452, 14.1674141954, 1.59819322033, 2.01480719408, 2.10069062209, 88, 2019
E, 100, 0.8200135617724221, 71.0624558678, 52.9556665463, 1.34752088703, -0.628152361907, 0.0898029208446, 88, 2019
Z, -100, 0.9423865346782947, 118.96923763, 84.1504120634, 1.41753299307, 0.23506739985, 0.073418373371, 91, 2019
N, 100, 0.591958264087928, 116.820000354, 10.4644529604, 9.90290582563, -0.579759870488, 0.478894089732, 91, 2019
E, 100, 0.9180594785424947, 55.2864459872, 42.1982646108, 1.22702669854, -0.281995776456, 0.143279302173, 91, 2019
Z, -100, 0.9642844237854513, 53.1867428816, 36.0064621622, 1.56166621145, 0.0984836159778, 0.182053285665, 94, 2019
N, -100, -0.22367064143427287, 177.216438998, 3.79152844481, 40.1638695902, 1.31192723348, 3.30643163419, 94, 2019
E, -100, -0.46820097198372834, 20.9943581682, 19.2639736387, 0.981965478333, -0.483595808641, 2.23497982585, 94, 2019
Z, -100, 0.9103264273345928, 61.1893019917, 57.2608951807, 1.18916824699, 0.284306390048, 0.160089185886, 97, 2019
N, -100, 0.8045400025011684, 83.3915158447, 7.71120444722, 12.395117237, -0.288687848529, 0.428426042486, 97, 2019
E, 100, 0.9362119895321959, 52.0987111611, 28.8217407225, 1.97646839269, -0.540438266612, 0.279084030055, 97, 2019
Z, 100, 0.8753939773720454, 128.620800701, 117.077696449, 1.21319367777, -0.122210484792, 0.113480644539, 100, 2019
N, -100, -0.24050794451125823, 64.9412914051, 15.1239181405, 5.24351871357, -1.99622755733, 0.183767098042, 100, 2019
E, 100, 0.9489837035920641, 92.4439359961, 56.8146745282, 1.58047070258, -0.187619285026, 0.138237906115, 100, 2019
Z, 100, 0.6456944741666663, 77.7433183848, 135.100499651, 0.506904582188, -0.786019286069, 0.00794586149649, 103, 2019
N, 100, 0.35367778819600715, 55.0283768768, 17.8697261321, 2.19547536538, 0.0739036823227, 1.19752567593, 103, 2019
E, 100, 0.8415824029632628, 106.077143568, 64.0146802196, 1.60806036358, 2.52371705988, 3.07749556385, 103, 2019
Z, 100, 0.971285754368617, 97.7737989668, 86.590217135, 1.06034202828, -0.244532363267, 0.132174135824, 106, 2019
N, 100, 0.11436190944089855, 42.5688526908, 11.6483611079, 3.70592429191, 1.69184337144, 3.17960244415, 106, 2019
E, 100, 0.6834613333550976, 73.8083061677, 43.1510536961, 2.02873293636, -0.607126831943, 0.36012127917, 106, 2019
Z, -100, 0.9480993486602111, 56.6079256023, 51.9046464997, 1.07657539526, 0.250392374134, 0.293553048355, 109, 2019
N, -100, 0.6660373972709595, 78.9618877488, 5.25572492877, 16.082357803, 0.765697409975, 0.208692598489, 109, 2019
E, -100, 0.17902019558889443, 47.8219905675, 25.1627438761, 2.15096639045, -2.50422199594, 2.21751611307, 109, 2019
Z, -100, 0.9948320908781048, 124.08196561, 123.345269396, 0.988446943407, 0.10648571992, 0.00543425202687, 112, 2019
N, -100, 0.8667837167124266, 66.2093630235, 14.6551251049, 4.6294747122, 0.249757774296, 0.249335890092, 112, 2019
E, 100, 0.943122482469361, 66.2220447564, 60.4158699593, 1.00091951014, -0.0925203574324, 0.20606611067, 112, 2019
Z, -100, 0.9931982904276212, 129.761615648, 135.270466056, 0.958281104855, 0.107279356402, 0.0190649654831, 115, 2019
N, 100, 0.928998906733003, 80.1123418016, 16.7570505505, 4.95788520904, -0.252648265164, 0.0319931890954, 115, 2019
E, 100, 0.9768956053169396, 88.6159271541, 65.060397599, 1.36847843617, -0.212809683375, 0.0141401555761, 115, 2019
Z, -100, 0.9989178623768391, 89.4121754495, 99.5328814411, 0.889850504945, 0.0315906454025, 0.0118393162026, 118, 2019
N, -100, 0.9306439926277842, 50.1303384955, 12.8408795247, 3.84277250802, 0.507368413033, 0.20672360337, 118, 2019
E, 100, 0.8731433620690835, 64.8417929936, 47.2641696333, 1.39747625955, -0.490848221908, 0.014923874747, 118, 2019
Z, -100, 0.9960300274022598, 43.5102004882, 41.5961163638, 1.03910460391, 0.0160853226698, 0.0302019310359, 121, 2019
N, 100, 0.9311317384762893, 28.2880658089, 5.59945170939, 4.66201390603, -0.315514100595, 0.3724344362, 121, 2019
E, 100, 0.034901282905748975, 25.7603028973, 22.3386623329, 1.12701655445, -1.82420706887, 0.539152386643, 121, 2019
Z, -100, 0.9870013393703462, 82.1178246176, 72.4540649885, 1.15747687513, 0.153015863916, 0.0138057920776, 124, 2019
N, 100, 0.4350640180765545, 38.4227415992, 10.2067110962, 2.7968594249, 1.64964790209, 3.60878504037, 124, 2019
E, 100, 0.8022768510685481, 56.6420810823, 35.4408661355, 1.44958846602, 0.326393772337, 0.872771546739, 124, 2019
Z, 100, 0.9988767063770388, 142.746534442, 140.277075493, 1.01365895475, -0.0441795088183, 0.0106047886395, 127, 2019
N, 100, 0.3110694234780405, 59.3381706485, 18.6387071052, 2.90464381508, 1.66450610079, 3.48481709082, 127, 2019
E, 100, 0.928731166882369, 159.840078071, 68.8559469268, 2.14664167332, 0.140599058202, 0.357464583691, 127, 2019
Z, 100, 0.999020110320306, 160.93804167, 160.83394437, 1.0024047437, -0.0447118908763, 0.0183180177078, 130, 2019
N, -100, 0.9148450336147949, 42.0865758955, 20.9247644811, 1.88132448714, 0.348356307066, 0.117221966418, 130, 2019
E, 100, 0.8718750297202207, 285.606670554, 77.5281039149, 3.47033835178, 2.58582261839, 3.01137501248, 130, 2019
Z, 100, 0.8672962088602367, 110.510549777, 108.858115527, 0.964840974999, -0.34616297235, 0.13454241852, 133, 2019
N, 100, 0.7491579935781006, 18.4565275198, 15.0265256038, 1.14595419339, -0.311395596095, 0.115946200002, 133, 2019
E, 100, 0.9009626716206539, 80.8830291798, 51.9432819551, 1.62289554514, -0.388696991168, 0.0948090953223, 133, 2019
Z, -100, 0.7625881498407361, 345.600750502, 54.0481775226, 7.44083296941, -0.455169379341, 0.636322050175, 136, 2019
N, -100, -0.5551575466996178, 34.2562481604, 6.59640391903, 4.86189046455, 0.827627481735, 2.34992674971, 136, 2019
E, -100, 0.8107092205463268, 60.8065844906, 25.6253643888, 2.41840605691, 0.40081391563, 0.0181875924895, 136, 2019
Z, -100, 0.8647227650495726, 247.788140653, 136.683291336, 1.7372016615, 3.19597606865, 2.84025331902, 139, 2019
N, -100, 0.5225988985940534, 102.823815831, 17.398352004, 6.02049914884, 1.18371291011, 0.278324252238, 139, 2019
E, 100, 0.8600270051530068, 88.9850301194, 66.0482791181, 1.34819236058, -0.557577199508, 0.0959194222613, 139, 2019
Z, 100, -0.03879794007991504, 116.222360404, 163.395346249, 0.478446529728, -0.606453068123, 2.15020813994, 142, 2019
N, -100, 0.8382661921200388, 200.361824008, 20.6767781199, 8.94871954081, 0.565849323659, 0.0335964187818, 142, 2019
E, 100, 0.793120291333755, 70.3055035574, 79.272775776, 0.82315067279, -0.356146723346, 0.297226097618, 142, 2019
Z, 100, 0.9091702625343371, 179.024187554, 132.173973524, 1.12673142905, -0.532664954949, 0.292685349243, 145, 2019
N, -100, 0.40872141046626076, 58.893888883, 16.7269018524, 3.90825125455, -1.96206381503, 3.18765927583, 145, 2019
E, 100, 0.9273998453242311, 94.6861481977, 63.1442069104, 1.45610202357, -0.372286667102, 0.019857632326, 145, 2019
Z, 100, 0.9912455063622132, 69.6980706567, 72.1652673334, 0.914421453627, -0.14348851539, 0.100652795514, 148, 2019
N, -100, 0.2615875634448782, 44.3815649459, 9.12812391638, 3.80163233919, -2.73621757061, 2.10294342738, 148, 2019
E, 100, 0.6869917316039621, 21.2886706125, 33.6397976505, 0.532230626402, 2.32057904507, 2.05778577167, 148, 2019
Z, -100, 0.9957390849031241, 67.6574650663, 70.2746720186, 0.970133934528, 0.130304168397, 0.0813707504049, 151, 2019
N, -100, 0.7994472597149189, 29.4999535126, 10.163158022, 3.27666994536, 0.466144817425, 0.0313215364067, 151, 2019
E, 100, 0.8816003059696655, 159.578408622, 33.8543290959, 4.93955157327, -0.483225097311, 0.233636507737, 151, 2019
Z, -100, 0.9983432059044203, 144.981484102, 149.120461348, 0.972728131793, 0.0365437868401, 0.0159596655424, 154, 2019
N, -100, 0.9609765108305395, 49.7804165987, 20.7355394441, 2.27778796234, 0.00999559070226, 0.149036494755, 154, 2019
E, 100, 0.9547559256219, 92.5665029657, 72.6868092103, 1.29226114245, -0.361687370184, 0.0810570328033, 154, 2019
Z, -100, 0.9969874381446894, 202.928037992, 187.396445525, 1.08303792796, 0.0941320940382, 0.0313547898919, 157, 2019
N, 100, 0.8916280256858632, 52.2120784332, 24.9413397818, 2.24349190665, 2.76668695071, 3.06789195978, 157, 2019
E, -100, 0.9906192789279694, 76.8667100787, 90.5789408092, 0.834367334091, 0.00982623167941, 0.0199345716985, 157, 2019
Z, 0, 0.99637490716316, 150.400636207, 143.714631533, 1.00878338379, -0.0796979478447, 0.0858828767215, 160, 2019
N, 100, 0.4484095918197878, 78.6531260161, 19.2703507839, 4.56265104157, -1.06764859507, 0.0447244732282, 160, 2019
E, 100, 0.9165640621409922, 72.7487491145, 68.8643584994, 1.03216991073, 2.66220547286, 3.02803017051, 160, 2019
Z, -100, 0.9624427945150614, 52.8265981533, 52.7433303099, 1.0118716084, -1.55277136455, 1.7669351904, 163, 2019
N, 100, 0.4623661207996236, 52.6728700745, 7.56615260122, 7.53485788601, 3.0359586713, 2.25557933451, 163, 2019
E, 100, 0.7374725210438553, 34.1913742832, 23.2598558438, 1.55251320541, 2.20685776282, 2.86096250225, 163, 2019
Z, -100, 0.9987861556263457, 121.592680955, 129.081218441, 0.925955942698, 0.0529287060369, 0.0304529214142, 166, 2019
N, -100, -0.04283256155019671, 60.8732188721, 16.6918870727, 2.09979501424, 0.572257004513, 1.46317465384, 166, 2019
E, 100, 0.9613569254873068, 87.0248219507, 62.3543807091, 1.39286459403, -0.0630034633142, 0.159885947859, 166, 2019
Z, -100, 0.9960444875141273, 180.570550507, 173.421454874, 1.02768043607, -3.03836844471, 3.08333301678, 169, 2019
N, -100, 0.9698214633556963, 71.8854645681, 23.180948556, 2.82669641986, 0.000818617586107, 0.199685251347, 169, 2019
E, 100, 0.8421792913180576, 110.790853318, 83.9653108661, 1.20635352674, -0.734626922581, 0.296285103117, 169, 2019
Z, -100, 0.9987513686257374, 155.673391133, 156.203490996, 0.993633182374, 0.0539631902729, 0.00158322734751, 172, 2019
N, 100, -0.1496444488177233, 49.8677100885, 20.0602748412, 1.99942091746, 2.78171163459, 1.03739501256, 172, 2019
E, -100, 0.9773768952367423, 76.9667034656, 76.2075998741, 0.995239863508, 0.275599829084, 0.169918545855, 172, 2019
Z, -100, 0.9945442447432363, 92.0504900971, 100.700385217, 0.932034210863, 0.103170297413, 0.0469297786182, 175, 2019
N, 100, -0.08299427829391268, 61.3540799406, 12.4279365075, 6.11174181474, -1.45126711365, 3.28100872866, 175, 2019
E, -100, 0.8692274536763581, 72.3409899875, 47.7691913068, 1.44645701641, 0.685983432703, 0.225079877628, 175, 2019
Z, -100, -0.08432353667884622, 90.7294322861, 55.7612428509, 1.86106313139, 1.01223337847, 2.7103890445, 178, 2019
N, -100, 0.4617957592963414, 38.1627709145, 8.02653586334, 3.83633346441, -1.12930199893, 0.955186773116, 178, 2019
E, 100, 0.9197278878823641, 77.3507869423, 26.6066182867, 3.26130413936, -0.183435484507, 0.108066397899, 178, 2019
Z, 100, 0.9850095029784484, 83.9107919141, 132.889871126, 0.593139633978, 0.0655825260095, 0.123759602293, 181, 2019
N, -100, 0.41947762920885445, 52.8873876538, 18.6867474651, 2.83037044241, 1.16245953936, 0.0901857752458, 181, 2019
E, 100, 0.8265085747097827, 86.6511832916, 64.8882849251, 1.37678395055, -0.709974477415, 0.18769980984, 181, 2019
Z, 100, 0.9973683631437251, 199.317869923, 193.411759678, 1.03559308376, -0.0598213091149, 0.018896862702, 184, 2019
N, 100, 0.887161792443195, 129.218734631, 26.9380602549, 4.73281872731, -0.11950489192, 0.185687699963, 184, 2019
E, 100, 0.9408432676661763, 111.538503658, 94.1321463327, 1.11497848222, -0.217843821565, 0.130938753687, 184, 2019
Z, 100, 0.9896330892222835, 160.141176789, 172.262950942, 0.899120609646, -0.0888772313716, 0.00346249563931, 187, 2019
N, 100, 0.5751307897812217, 137.341978154, 23.3470090403, 4.42031168594, 1.9053279151, 3.53286648558, 187, 2019
E, 100, 0.9700817224618649, 99.8443125359, 83.5450356785, 1.17854416549, -0.263750293036, 0.0445797118149, 187, 2019
Z, -100, 0.9869606933571304, 69.8149645704, 74.3695161242, 0.940981597301, 0.202879705822, 0.129805534406, 190, 2019
N, -100, -0.28759673708615663, 68.4829982022, 10.6227067373, 6.81722673763, -1.0457470922, 1.35740819413, 190, 2019
E, 100, 0.8124498202849421, 70.0688186698, 34.075447327, 2.66094869694, 0.307248269684, 0.703635194767, 190, 2019
Z, -100, 0.9956129455875026, 114.931536809, 107.851478241, 1.06324877851, 0.106897754076, 0.00852863698141, 193, 2019
N, -100, 0.08796577635564937, 213.345967909, 13.2619822351, 16.084679007, 1.36456556706, 0.152441033523, 193, 2019
E, -100, -0.30691798644169194, 66.0689568004, 51.1693524103, 0.975472250333, 0.144024064507, 2.06095324449, 193, 2019
Z, -100, 0.9973878004145795, 163.302545958, 160.817142986, 1.02594474874, 0.0807962406891, 0.00733475133338, 196, 2019
N, -100, 0.9755636157444391, 86.9666802701, 22.1135978129, 3.70220807807, 0.0686781836362, 0.130240201155, 196, 2019
E, 100, 0.736284698077952, 76.9920603116, 78.3464581621, 0.970740919485, -0.831350729776, 0.207650680544, 196, 2019
Z, -90, 0.9998667726268272, 162.174191958, 161.362365062, 0.998309846803, 0.0156899975324, 0.00325573901858, 199, 2019
N, -100, 0.938380628850911, 167.578745378, 21.886503177, 7.44911966891, 0.355746308366, 0.24742308049, 199, 2019
E, 100, 0.4465516882141222, 38.1481374582, 78.4875459165, 0.479795178152, -0.993714723509, 0.161648499077, 199, 2019
Z, 0, 0.9997221162172282, 115.313318207, 116.561130959, 0.986441854673, 0.0250170627709, 0.00940819005891, 202, 2019
N, 100, 0.8715677482879349, 142.469743716, 14.6924989281, 8.33161491043, 2.54895597168, 3.37816926456, 202, 2019
E, -100, -0.6464553072686826, 75.3246761615, 56.8296810063, 1.12397075081, 0.713282977759, 2.98467267418, 202, 2019
Z, 0, 0.9988902991459278, 48.6938647438, 50.4308477011, 0.952345364336, -0.100914693527, 0.128578855232, 205, 2019
N, 100, 0.5703358376971428, 34.870198984, 5.75198191739, 4.91920587563, 2.77424444262, 2.34412533807, 205, 2019
E, 100, 0.613284275951897, 48.7643972427, 23.0167696746, 2.42303274335, -0.140949294208, 0.675361681948, 205, 2019
Z, -100, 0.9985067060177714, 107.525608227, 102.900341847, 1.04529439813, 0.0670763472299, 0.0182618885126, 208, 2019
N, 100, 0.9252251051996437, 73.3445569274, 14.0787356367, 5.05923467238, -0.412256814004, 0.0838643335704, 208, 2019
E, 100, 0.7928974218899962, 74.585184489, 48.3011787489, 1.29950424763, 0.0450948534476, 0.556199317958, 208, 2019
Z, -100, 0.9996191202182139, 184.10955119, 173.019238785, 1.06080371584, 0.0360567086498, 0.0143449761045, 211, 2019
N, 100, 0.9753261280136113, 63.6330310762, 24.0852842431, 2.71057602155, -0.152135029598, 0.0649683786758, 211, 2019
E, 100, 0.9229009571730761, 128.121462566, 84.0052959766, 1.52070119628, -0.446663522602, 0.0831210706851, 211, 2019
Z, 0, 0.9999432018715702, 183.962213621, 179.518249722, 1.01708966243, -0.00593969709541, 0.00483533619827, 214, 2019
N, 100, 0.9477887752444543, 70.405134297, 25.8526895212, 2.51290827255, -0.378086762182, 0.13800662745, 214, 2019
E, 100, 0.9175129959705578, 104.30421881, 87.3034928701, 1.14862271266, -0.479562842644, 0.124198733375, 214, 2019
Z, 0, 0.9989525945873716, 89.537356441, 93.3280375341, 0.944376490821, 0.00482339912837, 0.0310065582607, 217, 2019
N, -100, 0.8961063868961955, 37.7022137327, 14.1491596944, 2.53195753435, -2.84085375068, 2.92184909281, 217, 2019
E, -100, 0.5679024053578807, 53.5514968403, 48.0369361216, 1.02241097594, 1.73175769008, 0.964661617585, 217, 2019
Z, -100, 0.9978288795832165, 78.7838529573, 80.5330906286, 0.97301694933, 0.0667983865165, 0.00779211414038, 220, 2019
N, 100, 0.728948748414826, 34.5120134435, 9.59756783285, 3.65183288821, -0.822776588513, 0.519126377024, 220, 2019
E, 100, 0.6694111142444293, 51.0998384675, 36.5289711669, 1.48236503738, 2.33558730437, 3.11979419205, 220, 2019
Z, -100, 0.997887407869341, 144.904231401, 136.785191181, 1.06548194538, 0.0633050316102, 0.00508849274322, 223, 2019
N, -100, 0.8528600013834742, 23.1644152921, 17.8469950855, 1.15419314971, 0.281840598707, 0.255851036997, 223, 2019
E, 100, 0.666451603209498, 97.9186355696, 66.4218378126, 1.33046669792, -0.682531641959, 0.19837339913, 223, 2019
Z, -100, 0.9975009185532138, 146.555443287, 146.509816133, 0.995692158689, 0.0724506212075, 0.00119015515097, 226, 2019
N, -100, -0.22066344106055683, 58.5660769767, 20.7291711875, 2.37244949688, 1.55516083506, 2.70521853816, 226, 2019
E, 100, 0.620403889821872, 129.898087022, 70.6716851509, 1.96749885727, -0.884395969677, 0.0286244851124, 226, 2019
Z, -100, 0.9986388630048083, 118.950519389, 113.670130561, 1.05012088649, 0.0366196197823, 0.00529087778001, 229, 2019
N, -100, -0.5755007742876824, 46.6100441032, 15.4002138462, 2.08648773246, 3.68122051336, 0.359861621132, 229, 2019
E, 100, 0.3229553913320285, 131.453791868, 55.4899750159, 1.6736124544, 1.61434324871, 2.6934337095, 229, 2019
Z, -40, 0.9955598314807034, 48.6918602329, 49.7645254298, 0.995367683046, 0.104064807107, 0.0599048599228, 232, 2019
N, -100, -0.222330294380674, 37.6748007828, 7.98384280059, 8.29813634531, 4.51628140612, 1.05147691751, 232, 2019
E, 100, 0.8976642136778288, 29.996937981, 26.5941133925, 1.24828481899, 2.84864866987, 3.35350362419, 232, 2019
Z, 100, 0.9979990442686004, 75.7779033311, 71.5215640165, 1.02469842474, -0.0194654065917, 0.0208491358136, 235, 2019
N, -100, 0.516620482959571, 25.7606363703, 9.85342173602, 2.01032880552, -1.66687115413, 2.11735319057, 235, 2019
E, -100, 0.9200070013318231, 45.3094492127, 32.3525330975, 1.37739430456, 0.353170265561, 0.103394552321, 235, 2019
Z, -100, 0.9961243024788277, 147.253835471, 138.805878317, 1.07835077808, 0.0878187338532, 0.00418619774997, 238, 2019
N, -100, 0.8081882910618078, 77.2066772353, 18.7272362821, 4.33805835426, 0.539398513247, 0.00619644270046, 238, 2019
E, 100, 0.8530059881461616, 75.6810989591, 66.8173595547, 1.14522566679, 2.57532639748, 3.17278786424, 238, 2019
Z, -100, 0.9994394978218983, 171.575003854, 160.815134591, 1.06366814313, 0.0388275439901, 0.00177543145248, 241, 2019
N, 100, 0.978810407187773, 64.2447691237, 23.6391702377, 2.50092403493, -0.228660030809, 0.0871626451591, 241, 2019
E, 100, 0.848761919537404, 58.1772405908, 77.7740624993, 0.719227236744, -0.579803185317, 0.0624959966749, 241, 2019
Z, -100, 0.9984749904681679, 103.830287007, 100.028554221, 1.02756536609, 0.0492881638647, 0.0204610798516, 244, 2019
N, 0, 0.9785867898810308, 45.5170042319, 16.3513941585, 3.16638766401, 0.0612534438784, 0.123045235302, 244, 2019
E, 100, 0.9363613510303876, 40.3656205204, 51.4683722879, 0.798967733289, -0.140955132646, 0.0387661598326, 244, 2019
Z, -100, 0.7866490354553384, 57.6233172569, 62.4209435427, 0.862543594607, 0.682325253239, 0.109602101897, 247, 2019
N, -100, 0.9665143021103566, 17.9366726442, 8.59263163309, 2.34815657943, 0.106953744803, 0.0882101788834, 247, 2019
E, 100, 0.6138716300922233, 62.4908949, 27.6113535127, 2.2531119737, -1.05067414834, 0.220447281786, 247, 2019
Z, -100, 0.922751779979576, 116.590864091, 116.55836366, 1.07567950167, 0.32778948109, 0.0225867785539, 250, 2019
N, -100, 0.9314019875812994, 31.2553850333, 14.6293175736, 1.96347042606, 0.00238997553638, 0.0871559206628, 250, 2019
E, 100, 0.8254503852922829, 85.5612257329, 55.7492833375, 1.55773810262, 2.55731219961, 3.1100180488, 250, 2019
Z, -100, 0.9991216433766986, 131.240236842, 121.805987902, 1.07681480094, 0.0562044456331, 0.0211193402754, 253, 2019
N, -100, 0.7696074459275177, 25.4570125734, 16.7863052925, 1.39589873219, 0.577664295435, 0.131564617505, 253, 2019
E, 100, 0.8474781221579684, 83.4060274514, 59.9883000086, 1.1367848566, -0.622495869963, 0.488950588026, 253, 2019
Z, -100, 0.9995047775023254, 100.784947798, 94.3881367608, 1.07211689069, 0.0413072986722, 0.0165026566998, 256, 2019
N, -100, -0.24360981022603156, 137.456998277, 14.3732115925, 8.19332928234, 1.51809798307, 2.38276545089, 256, 2019
E, -100, 0.6883054178406444, 90.6932511655, 45.3780372439, 1.81635884214, -2.45580970264, 3.07137068443, 256, 2019
Z, -100, 0.9870461008192324, 46.447506432, 39.7064174042, 1.18103650113, 0.154533404597, 0.0208783038451, 259, 2019
N, -100, -0.3810973326666752, 221.423556221, 7.07371356213, 33.3035132569, 4.12919902749, 0.0857896377369, 259, 2019
E, 100, 0.6744813202376074, 32.4891983339, 24.5629564852, 1.43146857604, -0.757044009986, 0.310379316051, 259, 2019
Z, -100, 0.9966908938027992, 63.247677515, 61.6352804523, 1.00558883162, 0.0928921308622, 0.0346051229034, 262, 2019
N, -49, 0.7716487109100539, 22.8800009204, 8.71770000053, 2.0206670357, -3.02869491098, 2.63672760373, 262, 2019
E, -100, -0.5183962003578707, 48.6702784771, 29.394084648, 1.45510470649, 0.125229948954, 3.88930669145, 262, 2019
Z, 100, 0.9986593553086773, 131.578015211, 118.998991331, 1.10434595382, -0.0521626965693, 0.00701587354283, 265, 2019
N, 100, 0.6462610046669317, 30.5166549721, 16.0825045037, 1.69917910113, -0.932430323398, 0.329835287527, 265, 2019
E, 100, 0.869419141116071, 59.4409973527, 56.2576312891, 1.02666009438, -0.47500178004, 0.0822623252044, 265, 2019
Z, 100, 0.9990859796266376, 147.468063801, 133.466838437, 1.09300115745, -0.0461905063424, 0.022347015047, 268, 2019
N, -100, 0.8357123806751825, 48.2840061138, 18.7510219579, 2.19859410615, 0.29868052839, 0.294612162898, 268, 2019
E, 100, 0.9407468949683478, 84.1942559222, 66.2510007742, 1.19158518146, 2.90205883419, 3.08186361511, 268, 2019
Z, 100, 0.9958448560824931, 88.1426501751, 88.2326003475, 1.02133245078, -0.057882346633, 0.053503553701, 271, 2019
N, 100, -0.1268111094619976, 39.7123985978, 16.6478564881, 2.46263002868, 1.66647952711, 0.00419058789161, 271, 2019
E, -100, 0.9459644870960167, 55.3627923333, 42.5848516519, 1.08916168422, -0.0032070845115, 0.240885670533, 271, 2019
Z, -100, 0.971455375735625, 62.9650084632, 66.6000707268, 0.931178935548, 0.184382289479, 0.037752733256, 274, 2019
N, 100, 0.798051606760002, 27.349302924, 7.15034047445, 4.41009885055, 2.69534874271, 2.9581140359, 274, 2019
E, 100, 0.8824106335716554, 38.5581088221, 33.1868160054, 1.22264451217, -0.458339543241, 0.137381024291, 274, 2019
Z, -100, 0.9956679187147365, 123.74814661, 124.325949138, 1.00298325371, 0.0957585345647, 0.0304363058362, 277, 2019
N, 100, 0.8861372593586271, 54.3112889814, 16.1501922046, 2.7527294645, -0.0417489259385, 0.355814708285, 277, 2019
E, 100, 0.6451261575734516, 99.0399977277, 57.8497375385, 1.67228695544, -0.848482934813, 0.039615398461, 277, 2019
Z, 100, 0.9988524648518563, 122.924940954, 116.22730402, 1.05240257636, -0.0479656706717, 0.0172246086586, 280, 2019
N, -100, 0.9907598673461363, 64.9615140989, 15.6094320407, 4.02824652926, 0.0741063942743, 0.0235465951527, 280, 2019
E, 100, 0.7325554171326171, 58.5940150479, 57.9299788046, 0.923110045066, 2.41753565803, 3.14215068075, 280, 2019
Z, 100, 0.9911211701141784, 75.5611032399, 76.4199987994, 0.95619628183, -0.148272309041, 0.0794322081025, 283, 2019
N, -100, -0.14014874198482627, 33.4656633778, 11.7223487963, 2.98505231723, 1.34365945667, 2.76770832669, 283, 2019
E, 100, 0.5478166732002123, 55.6973567285, 38.4079038139, 1.53431078867, 2.23624114056, 2.98033241323, 283, 2019
Z, 100, 0.9382539792807963, 17.3845883723, 25.7235629533, 0.875948184356, 0.11910080934, 0.350734177783, 286, 2019
N, -100, -0.20859215611400453, 58.4410505203, 6.33213282527, 15.3928706134, 2.3168768626, 1.26684057411, 286, 2019
E, 100, 0.4061155452345743, 14.0147255584, 14.4827910838, 0.829027169835, 2.52681886148, 3.48705842639, 286, 2019
Z, -100, 0.9660268115355917, 71.5480923049, 79.3811237103, 0.828659181912, 0.296048407651, 0.157332245771, 289, 2019
N, -100, -0.5547882235716116, 164.141126572, 10.8520508388, 13.5555584909, 1.03758676195, 3.28447579154, 289, 2019
E, 100, 0.9333222762439481, 51.4867168317, 40.005641654, 1.25533497636, -0.254726572419, 0.126351739994, 289, 2019
Z, -100, 0.9925879471834391, 142.298436635, 132.318825929, 1.10326025079, -3.08780053303, 3.11263338696, 292, 2019
N, -100, -0.6339558427471904, 163.857177248, 18.447589061, 5.93970509941, -2.62320546428, 0.538501977215, 292, 2019
E, 100, 0.7409057595903124, 108.147541216, 62.5815368531, 1.73254711933, -0.689062801931, 0.0873624949183, 292, 2019
Z, -100, 0.9989415752704388, 140.668039326, 135.024346601, 1.03611791085, 0.0361265787761, 0.0133398223111, 295, 2019
N, 100, 0.9693289365319929, 93.8731398291, 18.8639459399, 4.64177337618, -0.0237137048839, 0.178894954941, 295, 2019
E, 100, 0.5842569189164883, 113.857336732, 66.0250812977, 1.53232183582, -1.02628902817, 0.1442300864, 295, 2019
Z, -100, 0.9981666046496237, 87.5979813526, 78.4473379275, 1.11073715499, 0.0347979951326, 0.00962438607389, 298, 2019
N, 100, 0.9371318118599818, 78.0723663113, 13.7880276518, 4.74293186856, -0.373343414324, 0.280467360938, 298, 2019
E, 100, 0.8957624481617769, 42.0865111396, 42.3133141644, 1.11542044044, 2.78774962319, 2.94119560675, 298, 2019
Z, 100, 0.9985151376884231, 80.7704750098, 78.7963816425, 1.03364750138, -0.0561240977358, 0.0307385082333, 301, 2019
N, -100, -0.17501866628597357, 77.4766854079, 8.41910590029, 10.9698303349, 1.1559616449, 2.41373725712, 301, 2019
E, 100, 0.9564208291678891, 48.8985812167, 39.2830463823, 1.32682586203, -0.144287645065, 0.0736034372032, 301, 2019
Z, 16, 0.999860291848152, 157.175490992, 149.469217661, 1.04885165829, 0.000265150238798, 0.00773661562963, 304, 2019
N, 100, 0.8898225724129102, 52.8439066077, 18.7638494099, 2.46463598911, -3.00043286833, 2.71377931381, 304, 2019
E, 100, 0.9193613259097911, 88.3447931261, 71.3264689487, 1.20292979279, -0.403159633611, 0.0117077676297, 304, 2019
Z, 100, 0.9976470952218315, 150.728961794, 146.775254077, 1.01880469846, -0.0636441091852, 0.00795104479846, 307, 2019
N, 100, 0.845901303670006, 85.7911086214, 20.5815796462, 3.83798294759, -0.557080673782, 0.0196648789808, 307, 2019
E, 100, 0.8361047875839351, 76.1079358603, 69.4015652436, 1.11177485718, -0.580754901076, 0.0318289109067, 307, 2019
Z, -100, 0.9903528668105321, 82.8524151775, 92.588025407, 0.856313508913, 0.0310495144761, 0.0441092243483, 310, 2019
N, 0, 0.07837583614478501, 31.1242876158, 13.2554834044, 1.6571161424, -0.392267367371, 1.60866597892, 310, 2019
E, 100, 0.5216801927913355, 44.356831753, 47.9240228169, 0.89700007144, 2.12738626062, 3.1105988433, 310, 2019
Z, -100, 0.9629891246372312, 45.2307599387, 31.9679784842, 1.28433325432, -2.75368265476, 2.92558548774, 313, 2019
N, 100, -0.14576716461015898, 28.3731376653, 6.29725988544, 5.11028706402, 1.30953172964, 1.16308113702, 313, 2019
E, 100, 0.7111413892851614, 30.7089729527, 16.3288102063, 1.94181810955, 2.26632355115, 2.13041109922, 313, 2019
Z, 88, 0.9997024520705218, 104.724993648, 96.5977975705, 1.08794921171, -0.0101920423241, 0.00204577426599, 316, 2019
N, 100, -0.8380171652297835, 110.488203254, 12.8053416944, 8.23620454825, -0.42766072763, 3.22857692887, 316, 2019
E, 100, 0.883453725727554, 63.2147824928, 48.0575551224, 1.31455032863, -0.515697586915, 0.037019250163, 316, 2019
Z, 100, 0.9991435377681328, 153.675229201, 156.356298145, 0.968208113509, -0.00108869547813, 0.02878385852, 319, 2019
N, 100, -0.22925661595903282, 176.948959902, 20.9967914114, 6.43479142795, -1.43870166951, 3.51359583226, 319, 2019
E, 100, 0.9213919518858925, 88.886756112, 75.8414160621, 1.14420035562, -0.394234515884, 0.000614330292621, 319, 2019
Z, 100, 0.9994394846003828, 166.357719797, 165.171958593, 1.00160247786, -0.0176935905206, 0.014487573149, 322, 2019
N, 100, 0.8939500836025491, 44.8955055875, 23.587358789, 1.70147329711, -0.118724635268, 0.101878909458, 322, 2019
E, 100, 0.9535206278933275, 98.5824596484, 77.8042633218, 1.23191828243, -0.344815527311, 0.0711756790866, 322, 2019
Z, 100, 0.9988829765537525, 106.748528743, 104.47825482, 1.01793045581, -0.0491988200436, 0.00400003694079, 325, 2019
N, -100, 0.9904710598078943, 48.1025981056, 16.3000775156, 2.78856753871, 0.0722919650472, 0.00605098464344, 325, 2019
E, 100, 0.9797438424881802, 62.6731760239, 54.2882064025, 1.2147409237, -0.0473125510597, 0.140079276661, 325, 2019
Z, 100, 0.9991871446706296, 79.9239761483, 78.3968709831, 1.00873404659, 0.0198997533903, 0.0355661531161, 328, 2019
N, -100, 0.4903479591620736, 56.5546396469, 8.70062060168, 6.60211735323, 0.925832450646, 0.462969992685, 328, 2019
E, 100, 0.5246413170910285, 43.620612598, 37.517199065, 1.26127933451, -1.70045573629, 0.744230565284, 328, 2019
Z, -67, 0.9996339749338194, 167.383648451, 162.543134616, 1.01840713804, 0.0228127330515, 0.0233046831923, 331, 2019
N, -100, 0.9367154053032476, 105.729083539, 19.539145183, 6.01283508457, 0.306141712666, 0.0502514096414, 331, 2019
E, 100, 0.7575056803338092, 90.616596742, 79.2208136017, 1.20455042153, -0.720610197782, 0.0260070392048, 331, 2019
Z, -55, 0.9997213636650812, 182.982002612, 179.94227994, 1.01001797699, 0.0181934151806, 0.00757663729075, 334, 2019
N, 100, 0.945827877915199, 160.016493707, 24.2046647465, 6.0534844155, -0.320912640055, 0.0119648211959, 334, 2019
E, -100, -0.25701660852409886, 170.31785797, 84.4157206842, 1.75953765937, -1.86410689831, 0.0555276428353, 334, 2019
Z, 0, 0.9989448400725233, 138.123168652, 134.160945484, 1.02926704468, 0.0242524681919, 0.0348512135277, 337, 2019
N, 100, 0.3321146324718127, 32.060448776, 19.5842124098, 1.34301366265, -0.579385808944, 1.13389963905, 337, 2019
E, 100, 0.9693900417894689, 60.9632140506, 63.6226569298, 0.987590358252, -0.223485221612, 0.016742851321, 337, 2019
Z, 0, 0.9955487497829982, 79.7856232415, 66.2139253191, 1.26220223309, 0.143217304946, 0.155985679131, 340, 2019
N, -100, 0.21188180301081028, 87.9780873818, 10.10135321, 9.89262162345, -1.71269312634, 2.87089299789, 340, 2019
E, 100, 0.46423796441018295, 46.2289720363, 34.5340455472, 1.39849152688, -0.972929174303, 0.209255338929, 340, 2019
Z, 100, 0.9907123176663011, 97.0517403093, 94.7608289393, 0.972080744289, 0.0745907004337, 0.162664309214, 343, 2019
N, 100, 0.4334709423547194, 31.3554958287, 12.5981814477, 2.27569339829, 0.905664664853, 2.0121042217, 343, 2019
E, 100, 0.6936275453095898, 101.666886467, 45.499612264, 2.15530446049, -0.523545604973, 0.0996584570284, 343, 2019
Z, -100, 0.9992518603894205, 177.171930619, 166.126025012, 1.0542048651, 0.0433383261595, 0.034228956141, 346, 2019
N, 100, 0.9864528924626584, 51.6321915196, 21.6048194575, 2.30238431967, 0.0142189435993, 0.112698959574, 346, 2019
E, 100, 0.5643100666880148, 106.681265088, 81.3606616091, 1.02983766876, -1.25953991539, 0.446048676733, 346, 2019
Z, -100, 0.9976750755913204, 192.471044143, 193.022838775, 0.982102135827, -0.00604340203152, 0.0564972030261, 349, 2019
N, 100, 0.8968702830417865, 78.0688437559, 26.3016588162, 2.79144139182, -0.428499692853, 0.0611403580408, 349, 2019
E, 100, 0.9222971752168664, 96.823181578, 91.2073387257, 1.02758846837, -0.447106250502, 0.10048399946, 349, 2019
Z, -100, 0.9971361624197376, 147.904670958, 141.784639448, 1.06039185033, 0.088613393717, 0.0428192152272, 352, 2019
N, -100, 0.9247039764085804, 20.5349440376, 22.2727032827, 0.74953162763, 0.0618726534934, 0.294192503511, 352, 2019
E, 100, 0.9253016880242434, 62.2243548566, 67.4415680863, 0.947121599735, -0.26894137596, 0.140966439388, 352, 2019
Z, 100, 0.9902424447136121, 73.7150971839, 65.9501889031, 1.12512154739, 0.170067654664, 0.272095907583, 355, 2019
N, -100, 0.5431319642691071, 42.1054100921, 10.6158946932, 4.51156446519, -1.12443871204, 1.95787735459, 355, 2019
E, 100, 0.793565344389859, 52.0159458322, 31.1242963033, 1.84169703023, 0.0688602819619, 0.715317548674, 355, 2019
Z, 100, 0.9974860205207848, 166.011174118, 151.679527461, 1.08862785332, -0.0932362493033, 0.045745750666, 358, 2019
N, 100, 0.8755380261954203, 58.8859753269, 18.2110629141, 3.00555283724, 2.44458791227, 2.59900778608, 358, 2019
E, 100, 0.797478743410851, 100.537195532, 73.7501857525, 1.33020412828, -0.591512278943, 0.0815420686625, 358, 2019
Z, -100, 0.9963815076775548, 208.136595487, 188.714884791, 1.10368266568, 0.107155461831, 0.0441588311482, 361, 2019
N, 100, 0.776249784284446, 112.343424713, 23.8549624665, 4.17492807519, -2.92270785837, 2.53092940831, 361, 2019
E, 100, 0.7003655623862819, 90.4480456805, 91.1995184263, 0.911940090208, -0.949797551914, 0.303919331725, 361, 2019
Z, 100, 0.9986329463169904, 177.498166504, 162.627366354, 1.07534776486, -0.0399177453443, 0.00647890473755, 364, 2019
N, 100, 0.7194451693939435, 264.566649514, 23.0218651829, 10.2445865704, -0.783249513498, 0.0133134135985, 364, 2019
E, 100, 0.9951784069981442, 89.3666500138, 75.6045069173, 1.15373825112, -0.0513455237031, 0.0260540051148, 364, 2019
