Chan, Phase Shift, Correlation, ptp-data, ptp-synthetic, rat, phasem, phasestd, DOY, Year
Z, 100, 0.6115307225108779, 202.525146149, 104.452387027, 2.18241255558, -0.616691387972, 2.65595194909, 1, 2019
N, -100, -0.022537634838752547, 681.893706459, 23.9891748944, 25.9486164178, -1.61022390564, 2.27580452684, 1, 2019
E, -100, 0.48440171650127767, 1818.55479291, 26.4202478537, 69.066797383, 0.84586423377, 0.206218260559, 1, 2019
Z, -100, 0.49523090383132073, 245.895809058, 150.898371406, 1.93808767596, -1.30050079522, 2.5625737297, 4, 2019
N, 100, 0.8366243782432865, 674.961720648, 38.099256379, 17.9649626634, 0.488983468505, 2.90733983734, 4, 2019
E, -100, 0.38736765936192197, 1698.08516213, 26.150019066, 59.7372977292, 0.635154947062, 1.33331295355, 4, 2019
Z, -100, -0.13547237895706815, 856.378907173, 163.010967595, 4.56318440003, -1.60366326921, 1.15075987751, 7, 2019
N, 100, 0.955481912564369, 383.543795945, 44.2456531792, 8.43082124969, -0.602720894495, 0.296820737628, 7, 2019
E, -100, 0.08812457639835426, 1238.31976143, 31.6294367814, 41.0972631574, 0.854760353611, 1.29624118699, 7, 2019
Z, -100, 0.035320348349746664, 834.599420764, 136.982333798, 5.12580604687, 0.674748402646, 2.41565551917, 10, 2019
N, -100, 0.7943738054807434, 300.64006463, 39.8664887303, 6.70362610354, 0.0109237647481, 0.220852144372, 10, 2019
E, 100, -0.3559795539325711, 1525.10815161, 30.8721923897, 50.8389666119, 1.3370409893, 1.30341664431, 10, 2019
Z, -100, 0.16707140048270092, 168.668123806, 87.1840337867, 1.72707898438, 2.09683037376, 0.88946415503, 13, 2019
N, 100, -0.044932845111090684, 96.011820427, 26.4307184853, 4.19939721423, -0.3307677753, 0.687758356834, 13, 2019
E, 100, -0.5223185099903893, 1427.48613507, 17.8148961047, 79.745512374, 1.71890022752, 1.37594348967, 13, 2019
Z, 100, 0.09143041042664074, 657.125507096, 80.8626949123, 7.50134269736, -1.22785630163, 1.99027799614, 16, 2019
N, -100, -0.2806802560505039, 407.117760936, 21.9208799419, 15.550211084, -2.49933511311, 2.46399624608, 16, 2019
E, -100, 0.6935459554984444, 1620.24483865, 22.3492384588, 87.6663485293, 0.832182803813, 0.287242455385, 16, 2019
Z, -100, 0.9156033796048707, 235.246428696, 157.067002404, 1.47123401341, -1.58403955124, 2.49732887752, 19, 2019
N, 100, 0.7842778383126926, 598.948620821, 42.683363437, 13.3136122591, -0.328367963471, 2.80257633187, 19, 2019
E, -100, 0.3320197961781054, 1548.83632857, 37.8339636442, 41.6351911963, 0.473623222797, 1.25677563994, 19, 2019
Z, -100, 0.6579523399590802, 228.513136875, 195.998311087, 1.39025331802, -1.34411896211, 1.02888160943, 22, 2019
N, -100, 0.890391253298591, 596.823210448, 53.000273191, 10.2694241294, -0.614970855517, 1.23082381138, 22, 2019
E, 100, -0.39112356675215565, 1722.06847969, 31.6942726281, 51.1265352017, 1.23046180587, 1.31995340638, 22, 2019
Z, 100, 0.6483320912453818, 234.948577363, 165.324188193, 1.5207365603, -0.0535247010115, 0.937312589545, 25, 2019
N, -100, 0.2330407344785185, 572.424161116, 44.7314031974, 11.1969214039, 0.0908118862944, 1.54446633973, 25, 2019
E, -100, 0.09450571322442804, 1590.23308663, 11.1606618333, 134.174646199, 1.68167016671, 1.70582697581, 25, 2019
Z, 100, 0.908825976822214, 809.448045681, 90.5273507577, 9.14334171806, 2.73033635035, 3.9932237891, 28, 2019
N, 100, -0.6975633298013371, 639.607466239, 22.53615201, 25.1798538536, 1.09403353746, 1.52663543324, 28, 2019
E, -100, 0.5233097952315399, 1721.31979237, 23.6665946716, 70.6703180947, 0.233176875993, 1.26647242817, 28, 2019
Z, 100, 0.09945268625704792, 152.35787972, 97.7370665359, 1.64149050568, -1.08724091693, 2.57026173652, 31, 2019
N, 100, 0.3558992736328183, 521.834108261, 22.6551364556, 24.0286811672, -1.12130955171, 2.59601833345, 31, 2019
E, -100, 0.3454715692861003, 1588.80854053, 24.6410772326, 65.5899106751, 0.853695152952, 1.35786626844, 31, 2019
Z, -100, 0.8400953304167587, 476.829786816, 152.444961187, 3.26726340102, 0.18482469815, 0.462412057954, 34, 2019
N, 100, 0.958642471732702, 452.794785037, 39.4354718546, 10.5603957932, 0.224358454151, 2.38464608303, 34, 2019
E, -100, 0.33080716167810137, 1753.45466127, 29.129853497, 60.2998579338, 0.803521693979, 1.33754921791, 34, 2019
Z, -100, 0.8885307521942194, 221.414745318, 171.332274588, 1.15587078263, -0.513531536211, 1.15345458856, 37, 2019
N, -100, 0.7238931425841623, 434.530953595, 47.3690788579, 7.73518100922, -0.32862306625, 1.69971474999, 37, 2019
E, -100, 0.09152442401537636, 1939.33277708, 37.4852738591, 52.4763571868, 0.904616636177, 1.30844415269, 37, 2019
Z, 100, 0.6387229710948473, 529.505200206, 148.454201681, 3.31263190806, -0.916269514481, 0.478574607306, 40, 2019
N, 100, -0.06941723110862087, 407.758782464, 43.1043111054, 7.47714283932, -1.09705324467, 1.16303397224, 40, 2019
E, 100, -0.22250868310971528, 1803.53286762, 34.3417155977, 51.4180310212, 1.1540864641, 1.32939891757, 40, 2019
Z, 100, 0.8949696520287209, 153.015723118, 92.1193399912, 1.62005504703, -0.147522580325, 0.209571402635, 43, 2019
N, 100, -0.7879231951883671, 352.515133444, 27.1642005389, 10.4889637201, 0.339062667987, 2.22903712777, 43, 2019
E, 100, -0.19163986197614385, 1426.17598638, 17.3762597792, 81.4926786059, 1.58498966606, 1.44045918182, 43, 2019
Z, 100, 0.6813276301442813, 161.068892534, 89.2345742484, 2.29830226562, -0.319708743116, 2.43255084587, 46, 2019
N, 100, 0.6741051468865432, 361.265622038, 24.1584108127, 16.340984233, 0.368868981224, 1.14155461142, 46, 2019
E, -100, 0.5953466680379654, 2007.31889755, 30.4644479931, 77.3635147385, 0.877180297271, 0.205158524108, 46, 2019
Z, -100, 0.8165518654270667, 201.960703651, 181.906216794, 1.31098734009, -1.08910352742, 2.37327371935, 49, 2019
N, 100, -0.01939328849734914, 645.964349319, 48.6613625222, 10.4816288014, 0.838070378873, 1.24075122295, 49, 2019
E, -100, 0.16327780444916437, 1910.94188612, 43.0559000284, 47.6447375585, 0.658928670021, 1.27330592928, 49, 2019
Z, -100, 0.7495088030368425, 387.162556957, 213.947784636, 1.84375060565, 0.685065237703, 0.372071852129, 52, 2019
N, 100, -0.39902043873243204, 681.290694979, 56.6447482818, 11.7692541779, 0.702949257538, 3.15155456011, 52, 2019
E, 100, -0.46946279102254074, 1992.52024699, 30.9587302531, 64.9378657153, 1.56656750605, 1.35279900093, 52, 2019
Z, 100, 0.6062142141658593, 180.131292669, 161.047258064, 1.07271112675, -0.672722680273, 0.434715935219, 55, 2019
N, 100, -0.5541390687126254, 343.279772239, 42.2819135291, 6.05638344024, -0.293480841338, 2.01445875101, 55, 2019
E, -100, 0.2889603281784601, 2184.45160447, 18.7877568624, 120.974347664, 1.21941572256, 1.47766361744, 55, 2019
Z, 100, 0.8176594922638237, 270.309790677, 68.4634999919, 3.51229093394, -0.572359231493, 2.04048351355, 58, 2019
N, -100, -0.407097390851498, 362.690867311, 16.7330119578, 18.1846119207, 2.15415847339, 2.55059682964, 58, 2019
E, -100, 0.38247705794814935, 2175.54017601, 26.5668219465, 81.855756831, 0.768927743022, 1.3440843523, 58, 2019
Z, -100, 0.8226164509332653, 240.125997705, 107.961320603, 2.48172132774, -1.1934624086, 2.81777920837, 61, 2019
N, -100, 0.9011256692523848, 495.599128477, 25.9915823683, 19.7670206819, -0.240200771587, 0.350451775038, 61, 2019
E, -100, 0.4974375422393439, 2326.81703, 24.9745256801, 94.203460892, 0.864498854339, 1.4110295496, 61, 2019
Z, -100, 0.8498029344676507, 256.150283217, 166.56211448, 1.66382147253, 0.682551503948, 1.8056740599, 64, 2019
N, -100, 0.4833270557862557, 505.854312604, 44.1535553286, 10.4373474381, 1.5041175212, 0.222126264653, 64, 2019
E, -100, 0.6586893581953202, 2231.51470136, 35.2602726554, 68.5907374009, 0.449665929836, 1.33454094536, 64, 2019
Z, 100, 0.20319061455607712, 482.434547275, 183.657142446, 2.2588158629, -1.88597913764, 0.779804548921, 67, 2019
N, 100, -0.2690669730743732, 474.777315702, 51.2785872862, 8.639062098, 0.0956217519957, 2.99757747695, 67, 2019
E, -100, 0.32820303533964695, 2403.01092442, 42.0616059757, 55.0658332584, 0.445663536055, 1.27576082429, 67, 2019
Z, 100, 0.624618620917255, 323.707104893, 151.375400572, 2.07572528989, -0.722102898735, 0.420704307718, 70, 2019
N, -100, -0.9473920856844474, 276.363222158, 43.4578625066, 6.75972716541, 1.71308650672, 3.04586577933, 70, 2019
E, 100, -0.24591123901731118, 1856.55079, 33.2849303346, 57.945542717, 1.29931270027, 1.35104591904, 70, 2019
Z, 100, -0.741203635367771, 830.286917142, 80.1867505823, 8.98268179202, 1.11288306599, 2.69400401207, 73, 2019
N, -100, -0.3165106527822452, 433.084298564, 22.8128182069, 15.6525261458, 2.65829040642, 2.54570603798, 73, 2019
E, -100, 0.40635100159924903, 2476.8260565, 16.8290067956, 131.354488681, 1.48199595181, 1.72843935453, 73, 2019
Z, 35, 0.9602594440042386, 231.827181539, 121.896399763, 1.94667331499, -0.658564746521, 2.39708985547, 76, 2019
N, -100, 0.8576179648711086, 496.628316249, 32.3471597202, 18.2843000755, 0.483920495856, 0.24570741027, 76, 2019
E, -100, 0.7016903822791146, 2453.06301117, 39.1580255439, 70.7952703209, 0.626375516861, 0.186136833259, 76, 2019
Z, -100, 0.9028453544765525, 299.828116365, 208.929101814, 1.29768626726, -0.827260218359, 2.07245028522, 79, 2019
N, -100, 0.27311542206589473, 599.749206958, 54.6770391812, 10.1853329674, 1.16259663539, 0.109302138792, 79, 2019
E, -100, 0.3361658306968705, 2710.30026443, 43.7194886538, 60.2221547554, 0.637669567586, 1.31923305241, 79, 2019
Z, -100, 0.8962221199789692, 228.409522625, 212.540389562, 1.15129556567, -0.914659129637, 1.14136583554, 82, 2019
N, 100, -0.5816768563679744, 600.511114076, 55.1755432958, 9.25847907695, 0.409662903428, 2.99341900709, 82, 2019
E, -100, 0.12937505309770522, 2762.33150148, 26.28108297, 98.6228269432, 1.16848022233, 1.40769509724, 82, 2019
Z, 100, 0.8886475409605579, 254.331632804, 135.327645999, 1.85150756821, -0.33526853882, 0.258767588473, 85, 2019
N, 100, -0.9541763027955352, 523.766725658, 34.8993838068, 14.7869006399, 1.1377708114, 2.8223487394, 85, 2019
E, -100, 0.5631119534479591, 2552.12095323, 24.1593881198, 112.823828097, 0.648231040043, 1.39208400347, 85, 2019
Z, 100, 0.5828154215313139, 101.176619803, 48.8304635486, 1.48891919051, -0.532956738551, 2.91978811214, 88, 2019
N, 100, 0.30880240951822074, 556.326159108, 10.5807477662, 40.6112773036, 2.02786245972, 2.84425479709, 88, 2019
E, -100, 0.5914649811867063, 1743.39507986, 24.9910326615, 73.716041678, 0.678081363897, 1.3954005867, 88, 2019
Z, -100, 0.2263514401925784, 260.8020231, 124.526243681, 2.12778281433, -2.07155648113, 2.70734142369, 91, 2019
N, -100, 0.6247363293203612, 521.25113481, 31.3741700383, 17.5714705196, 0.549010443349, 0.272178200456, 91, 2019
E, -100, 0.840810061699944, 2051.9434218, 26.8175164247, 79.4628076798, 0.634567072811, 0.268561957567, 91, 2019
Z, -100, 0.6438042395754036, 216.616631069, 178.755382114, 1.28786550297, 0.323288856716, 1.52176754261, 94, 2019
N, 100, -0.17294681660853584, 641.878127358, 48.4523560662, 12.4226852165, 1.68987039653, 0.050440253586, 94, 2019
E, -100, 0.7069179115048161, 2858.91822177, 39.6536674709, 73.3813283737, 0.282931548853, 1.30676764125, 94, 2019
Z, -100, 0.6079039633600267, 656.302041903, 185.315260803, 3.20504695362, 0.746358488277, 0.44657213094, 97, 2019
N, 100, -0.8045541321803016, 833.034724178, 51.8031855898, 14.0357541917, 0.63465343274, 2.96282302754, 97, 2019
E, -100, 0.3854868350357658, 2965.62273281, 40.6417423225, 70.92338627, 0.704665746549, 1.34271362465, 97, 2019
Z, 100, 0.35852974542398836, 330.527658402, 137.342052545, 2.03193329159, -1.16727498435, 0.435830080379, 100, 2019
N, -100, -0.9462672309423154, 897.916457795, 38.5662495254, 22.0223873108, 1.27413530559, 2.79768407821, 100, 2019
E, -100, 0.24691999089273714, 3111.2755386, 25.3304490603, 118.256388215, 1.01065766141, 1.40522836159, 100, 2019
Z, 100, 0.9342343920592696, 134.821030211, 59.2466749588, 2.19747445979, -0.144505847102, 1.13176714986, 103, 2019
N, 100, 0.41893720615160623, 755.469858059, 16.0804555866, 38.4024682787, 1.79074024938, 2.74200069779, 103, 2019
E, -100, 0.8449330857904522, 2823.95292588, 25.9524252256, 127.952319597, 0.819062396248, 0.532059036977, 103, 2019
Z, 100, 0.7353948144697938, 670.787034927, 156.961754912, 4.63302242291, -0.710728653042, 0.687055870877, 106, 2019
N, -100, 0.5862205635241556, 763.637029063, 40.4559125468, 19.8590387881, 0.70657723171, 0.33825957531, 106, 2019
E, -100, 0.7561176303242653, 2738.86531807, 41.3434429536, 70.0905024178, 0.252470116739, 1.30726502169, 106, 2019
Z, -100, -0.07110936602415678, 713.02535283, 212.441518204, 2.90789760694, -1.09518506139, 2.25629430495, 109, 2019
N, 100, -0.2615368515842216, 643.555217656, 54.4630558556, 12.9030051046, 1.49591795732, 0.233133284485, 109, 2019
E, -100, 0.41158226755563837, 2732.38854004, 36.7679766959, 73.7613523194, 0.461173080926, 1.29404595447, 109, 2019
Z, 100, 0.17945212608077293, 725.613549243, 185.847228113, 3.39422580275, -1.45446730102, 0.533796687576, 112, 2019
N, 100, -0.9649727585405831, 607.129369726, 47.5538133002, 12.4302000387, 0.822949063045, 2.96468126849, 112, 2019
E, -100, 0.4752741931980555, 2333.85444365, 22.3304595405, 100.761539351, 0.879141838277, 1.41750069812, 112, 2019
Z, 100, -0.2313359548673339, 780.246271427, 103.290907264, 6.18500659137, 1.9115002853, 0.356334543505, 115, 2019
N, -100, -0.7172823679019509, 436.499535422, 26.5656641489, 16.464572264, 1.77758356109, 2.68049640305, 115, 2019
E, -100, 0.6455288878575939, 1664.15159786, 23.3668323913, 79.7249851426, 0.809215776816, 1.43802612995, 115, 2019
Z, -100, -0.15265260548125312, 1765.7590428, 64.6334441399, 25.8408572936, -1.46922346702, 2.08224022987, 118, 2019
N, 100, 0.8132582128001226, 873.327692938, 14.8176263018, 54.0312786073, -0.916400775918, 0.685970748185, 118, 2019
E, -100, 0.6683316688104936, 2761.67771256, 18.4964248975, 142.340552161, 0.898970511865, 1.47436888752, 118, 2019
Z, -100, 0.04129451149281375, 778.137479051, 136.091859574, 5.29616845779, -1.98494016077, 2.6688541968, 121, 2019
N, -100, 0.41521157983100737, 858.063828822, 35.6280163234, 25.9405051889, 0.387373454736, 1.28394654278, 121, 2019
E, -100, 0.9076517876633251, 3000.21868575, 29.3947340779, 110.721825341, 0.256083850068, 0.16292978494, 121, 2019
Z, 100, 0.27639817454876053, 610.76739698, 173.726425293, 3.03222973626, -1.61239199123, 0.688164189266, 127, 2019
N, 100, -0.8328918846491852, 582.652294148, 48.217969269, 11.9641406983, 0.432318817046, 3.04813515209, 127, 2019
E, -100, 0.5268046275608348, 1942.68631333, 32.6626542712, 60.6919510418, 0.52427696625, 1.33464466535, 127, 2019
Z, 100, 0.5562305902593465, 789.648582527, 114.637231774, 6.16202165217, -0.934635152938, 0.240967316739, 130, 2019
N, -100, -0.5800670813328505, 565.453544722, 30.8981636677, 18.2054846031, 1.39288330579, 2.73651723068, 130, 2019
E, -100, 0.6892562988575514, 1991.71900412, 13.6674014526, 122.390562186, 0.71654745868, 1.664961204, 130, 2019
Z, -100, -0.23781006800896803, 2222.63890179, 92.7934681736, 22.428553125, -1.62959203172, 2.06650678849, 133, 2019
N, -100, 0.883898356507659, 933.507471384, 22.9039077051, 35.8027442543, -0.42506897004, 0.535805551249, 133, 2019
E, -100, 0.9272879875026541, 2960.73346669, 29.7355666569, 105.773607689, 0.536071633204, 0.136740660897, 133, 2019
Z, -100, 0.12234951028981154, 632.717745845, 168.917685696, 3.46057959915, 1.2768675158, 1.7982428475, 136, 2019
N, -100, 0.3165732575684395, 914.618281716, 42.3414452809, 22.7468737822, 0.370656641612, 1.25584798172, 136, 2019
E, -100, 0.7780240210790497, 2848.84580784, 35.4476294548, 81.3131877443, 0.0817152027669, 1.2822814606, 136, 2019
Z, -100, -0.39800720160803926, 1492.88820841, 191.144452618, 6.7361284754, -1.76931322369, 1.55564649132, 139, 2019
N, 100, -0.5692742476242767, 713.698073913, 48.4364252487, 14.7178492563, 1.27891072353, 2.14652580372, 139, 2019
E, -100, 0.6783344040294997, 2097.3691287, 27.6386437586, 73.8474933993, 0.365795216045, 1.33854722759, 139, 2019
Z, -100, 0.37135482671949605, 688.630553533, 153.594948787, 3.83743559101, 1.18627103905, 0.411902987378, 142, 2019
N, 100, -0.8977639006176615, 681.005859828, 39.3714507595, 15.5737751404, 0.873591233404, 2.9570339419, 142, 2019
E, -100, 0.7245764700003693, 2321.83281185, 22.0553999976, 94.7673244786, 0.624374444077, 1.41544573778, 142, 2019
Z, 100, -0.37878889853166003, 302.298928962, 83.7832856236, 2.98834006089, 1.1286422608, 2.49619109807, 145, 2019
N, -100, -0.6505629461304661, 744.962682128, 22.1209136097, 30.7631575836, 1.33190619175, 2.73215966414, 145, 2019
E, -100, 0.6468583642977288, 2479.97769773, 18.6841873901, 127.425163326, 0.693183545201, 1.42403808704, 145, 2019
Z, 100, -0.7870876943808811, 5099.49146724, 76.3749450901, 51.536765219, -1.43377276706, 2.83468051978, 148, 2019
N, 100, 0.894836629798627, 533.525004347, 19.2080258934, 25.0848880648, -0.339782810692, 0.439007430141, 148, 2019
E, 100, 0.8923652152895284, 1326.06360774, 14.4088652056, 92.4003420197, 0.440311032142, 0.689596793783, 148, 2019
Z, -100, -0.5994717520992542, 6048.24529599, 139.159533915, 45.0162432912, -1.5299400525, 2.67034215307, 151, 2019
N, -100, 0.38309228680085855, 279.525464868, 37.654542004, 7.45869674286, 0.570584832813, 1.39255457515, 151, 2019
E, -100, 0.8626718922232264, 795.44024149, 30.1341457072, 26.4321586768, -0.100410021506, 0.569224746363, 151, 2019
Z, -100, 0.6252454204584418, 2169.27514195, 174.88104531, 11.2042258347, -0.0531896665228, 2.73959617644, 154, 2019
N, 100, -0.5085195367260613, 935.042037606, 48.3069934594, 16.8683259192, 1.52603911183, 1.29408450303, 154, 2019
E, -100, 0.49483086149842986, 2672.05546902, 34.6802065582, 66.9648982199, 0.70201260592, 1.35836715435, 154, 2019
Z, 100, 0.019683838352227763, 978.879537983, 160.410096074, 5.01515902824, -1.8144397201, 0.536104953492, 157, 2019
N, 100, -0.9352919626296554, 1074.20857135, 43.4814814814, 23.4505298532, 0.67323828171, 2.98123741749, 157, 2019
E, -100, 0.25551038897101536, 3168.762871, 22.4559788807, 130.429048667, 0.858909777333, 1.38954479701, 157, 2019
Z, 100, 0.6773563497981463, 984.962280079, 102.489041593, 7.94605489024, -0.582416754486, 0.264608192105, 160, 2019
N, -100, -0.25529202045602656, 1059.66815802, 26.6468431761, 36.4233443771, 1.70270645249, 2.62667303725, 160, 2019
E, -100, 0.8871344489610803, 3088.58468215, 16.078055358, 221.767411388, 0.695526035633, 1.46398330339, 160, 2019
Z, -100, 0.3012943065815202, 1283.84741142, 108.898014279, 10.8662420315, -3.12798174316, 2.44955846243, 163, 2019
N, -100, 0.8191680533903918, 725.939085565, 25.8076792036, 30.4669895878, 0.0151125379772, 0.430876481563, 163, 2019
E, -100, 0.9199902002801486, 1907.4258907, 27.1645409438, 80.5947226566, 0.0337665222702, 0.198259503155, 163, 2019
Z, -100, 0.6746717473494653, 290.678227227, 157.908770736, 1.8863160349, -0.39602275722, 0.627655011692, 166, 2019
N, 100, -0.30283501797436746, 842.389439436, 39.0082907558, 21.9402893509, 1.16564327639, 1.31475621408, 166, 2019
E, -100, 0.6254741452065369, 2438.62924576, 27.501090407, 84.8896520458, 0.532502964645, 1.34966033612, 166, 2019
Z, -100, 0.610209049184938, 3080.92019145, 167.605686724, 15.8657030279, 1.01203130535, 1.1433512282, 169, 2019
N, 100, -0.8577116053151964, 815.837211322, 42.8562934256, 18.5427223315, 1.01014509207, 2.61079456472, 169, 2019
E, -100, 0.4466313016410069, 2339.38128941, 23.9264918929, 100.623050821, 0.896173035009, 1.39599703836, 169, 2019
Z, 100, -0.03378458305330766, 947.130743166, 136.115317132, 5.93392599578, 0.354022753866, 2.99979331312, 172, 2019
N, 100, -0.9351451927332437, 1133.68639048, 35.9457162894, 28.9207237205, 0.79356022958, 2.99963953037, 172, 2019
E, -100, 0.5196537260882066, 2958.19612664, 23.4283729718, 117.759121573, 0.758787321107, 1.39837933132, 172, 2019
Z, 100, 0.6623685044410834, 2746.16618045, 82.4531632821, 27.9174982623, -0.617689882102, 0.332371444438, 175, 2019
N, -100, -0.4655282496207909, 897.843306063, 22.8312700322, 36.01919545, 1.88357149415, 2.66415905386, 175, 2019
E, -100, 0.3414937061760527, 2510.68745119, 16.1693452029, 149.109089487, 0.755820530963, 1.31149417544, 175, 2019
Z, -100, 0.1399620786923585, 949.27952275, 79.6252545532, 11.4388829527, -2.52574129054, 2.51870794392, 178, 2019
N, -100, 0.9175796700014207, 753.269439193, 21.3358606494, 33.2801379417, 0.180623420786, 0.259423190308, 178, 2019
E, -100, 0.8999938856504485, 2244.83203657, 15.5020464624, 165.943593292, 0.328034344022, 2.10745691328, 178, 2019
Z, -95, 0.4769006803162145, 320.127829255, 139.144305577, 2.16929434895, -0.115963437391, 1.21221093163, 181, 2019
N, -100, 0.21287751232996663, 761.893648488, 38.2848132338, 21.1393120908, 0.68699559122, 1.31846324227, 181, 2019
E, -100, 0.9138947048218838, 2289.63023208, 30.6846013077, 76.770187217, 0.208024742153, 0.159663467378, 181, 2019
Z, -100, 0.6077836911671004, 1665.84772552, 174.788818654, 8.57922465467, -0.43844316856, 3.33408777817, 184, 2019
N, 100, -0.5237930529604505, 847.744212267, 47.7917893453, 16.1613822565, 0.706816700263, 2.53382500232, 184, 2019
E, -100, 0.430613881486065, 2160.66735263, 31.4157831634, 62.0559650682, 0.606617212392, 1.34427891168, 184, 2019
Z, 100, 0.5386949940579477, 402.490059279, 160.394358214, 2.17410362093, -1.43176740377, 0.531605149361, 187, 2019
N, 100, -0.9038493148587711, 819.481662625, 42.1724857065, 18.3746544692, 0.733203848165, 3.08308048945, 187, 2019
E, -100, 0.10807796346590783, 2303.31068656, 16.1079183189, 130.562702574, 0.833403041841, 1.64251763977, 187, 2019
Z, 49, 0.7892839289262288, 1057.84323305, 104.704868302, 8.80140001152, -0.220359116936, 0.274855519622, 190, 2019
N, 100, 0.31633232290946955, 596.315274208, 26.2000766283, 20.7755749637, 2.66464737311, 2.60413411371, 190, 2019
E, -100, 0.9645795256738237, 1539.86188449, 17.7185373272, 103.252602169, 0.16111790664, 0.430848904781, 190, 2019
Z, -100, 0.32611922869648136, 549.94343107, 103.162308936, 4.83602252332, -2.91214137793, 2.50587682541, 193, 2019
N, -100, 0.8370268777685648, 547.302111725, 23.7479731603, 24.8007550632, -0.194585470801, 1.31522348116, 193, 2019
E, -100, 0.883731218636658, 1581.63261432, 24.3272063273, 68.2440611314, -0.0322855650123, 1.29612759386, 193, 2019
Z, -100, 0.6848303814237527, 1566.76179468, 148.178441623, 9.87558294406, 0.230272340382, 1.19059995722, 196, 2019
N, -100, 0.026618220240129387, 894.957039175, 36.9945136148, 23.7458135632, 1.07118205461, 1.3365861895, 196, 2019
E, -100, 0.7305935245458159, 2620.06947351, 24.3587776632, 101.858823256, 0.611967893705, 1.41251396334, 196, 2019
Z, -100, 0.7520860439594017, 213.759148892, 161.36220683, 1.3389692224, -0.728106361789, 2.8600273201, 199, 2019
N, 100, -0.5442807866124253, 924.051981906, 42.3932848968, 20.6802292103, 0.470879745087, 2.92913766612, 199, 2019
E, -100, 0.69342400585166, 2573.86352506, 27.5601328268, 88.0475128632, 0.345921859025, 1.34308381374, 199, 2019
Z, -100, -0.04128198846107281, 765.817701389, 136.810574818, 4.72328868699, 1.94537048709, 3.18541331448, 202, 2019
N, 100, -0.9483489498239467, 433.845809614, 37.5068915951, 11.3849351211, 1.1743354343, 2.93643751705, 202, 2019
E, -100, 0.46958334898697845, 1300.45908284, 27.6944316394, 43.1865261842, 0.765360609064, 1.38090566247, 202, 2019
Z, 100, 0.8620499688268981, 667.400444441, 87.3590223062, 7.1986407992, 0.0187633944738, 0.30866838172, 205, 2019
N, 100, 0.12038940887148739, 550.181471798, 25.0288636596, 17.458044667, 0.300076839864, 2.07798967349, 205, 2019
E, -100, 0.11354293174666708, 1942.2939648, 17.1059697224, 87.5242693154, 1.4522370587, 1.49588715754, 205, 2019
Z, -100, -0.06053333058997115, 2491.43244199, 79.1209226825, 28.9667127201, -1.38209618361, 1.40970496285, 208, 2019
N, -100, 0.837460079717186, 886.184406909, 21.8472615007, 38.598975384, -0.729067743542, 0.728735598901, 208, 2019
E, -100, 0.8984719467675988, 2606.16158996, 20.2652545776, 161.100045558, 0.724550577872, 0.569040409959, 208, 2019
Z, -100, 0.805564913456523, 234.044450856, 151.903840751, 1.80839404924, 1.49376003208, 1.14556441652, 211, 2019
N, -100, 0.24416856134434348, 964.176616311, 41.6191940584, 24.5316409531, 0.63739078504, 1.29827764995, 211, 2019
E, -100, 0.7561094544154253, 2882.32959809, 35.4241951155, 80.1920836192, 0.129679801044, 1.28866039968, 211, 2019
Z, -100, -0.2207201724333229, 959.19864346, 192.682416165, 4.20063934151, -1.86363336966, 1.12466500275, 214, 2019
N, 100, -0.7468382348859824, 963.594256274, 51.3507253638, 18.2929690717, 0.463353575916, 2.93275818897, 214, 2019
E, -100, 0.19958207709935039, 2909.54104228, 32.2540934955, 86.2416769736, 0.621521219295, 1.28545272725, 214, 2019
Z, 100, -0.028125549178112552, 893.452172637, 168.212195233, 4.49511718124, 1.63555390788, 0.386111481143, 217, 2019
N, -100, -0.9551302300176536, 835.998528174, 42.8369217312, 18.5789931644, 1.2626170193, 2.81694901448, 217, 2019
E, -100, 0.27191885599656646, 2926.86172542, 12.6687048593, 197.236437191, 0.851523170726, 2.32660030432, 217, 2019
Z, -100, 0.7865959066633673, 2045.79450585, 91.8199256987, 19.0153108989, -0.6978512796, 1.69674918566, 220, 2019
N, 100, 0.12317146907270161, 667.931921932, 22.3628173007, 27.9791496399, 2.18367605448, 2.72341178843, 220, 2019
E, -100, 0.8584658236323366, 2426.7689355, 22.111537579, 118.099142081, 0.210650347095, 0.172684039885, 220, 2019
Z, 100, 0.2831286642114888, 1803.9372051, 103.089287121, 16.4327902696, 0.494563014155, 2.6333959922, 223, 2019
N, -100, 0.7112388309516388, 624.537251036, 24.0629877031, 27.0444587809, 0.165401140405, 1.30506430709, 223, 2019
E, -100, 0.6977341799160708, 2398.49337041, 25.0889053982, 95.2842135613, 0.624320407038, 1.39938553149, 223, 2019
Z, -100, 0.8300462960810768, 564.638610088, 155.58388903, 3.61541978452, 0.250072868073, 0.4934807608, 226, 2019
N, -100, 0.033666888201613454, 821.253655928, 39.9165035951, 19.0723547619, 1.19824444284, 0.219221923891, 226, 2019
E, -100, 0.7960238591840627, 2475.65955286, 27.7825365685, 78.4865824056, 0.340147539597, 1.36926324563, 226, 2019
Z, -100, -0.1809365585079894, 1887.22165943, 170.138238013, 9.31426433611, -1.91918562182, 0.629922247748, 229, 2019
N, 100, -0.8330158323135199, 687.376151322, 46.068279779, 14.9588457075, 0.848003015229, 2.8839842118, 229, 2019
E, -100, 0.6058481120206602, 2197.41578053, 34.8224082309, 64.585329807, 0.278734446045, 1.28805822486, 229, 2019
Z, 100, -0.02331563439348395, 1308.51805928, 142.531867873, 7.75601003638, 1.55521439368, 0.432354341133, 232, 2019
N, -100, -0.9504849922837396, 690.393034097, 40.2478399144, 15.8677249521, 1.35914871374, 2.85045770957, 232, 2019
E, -100, 0.14409265995682727, 2357.85934938, 31.9426559841, 71.8465941231, 1.12715096541, 1.39167725471, 232, 2019
Z, 100, 0.48131091960775446, 351.582893564, 82.7297809153, 3.74183771759, 2.73606513732, 2.97381998032, 235, 2019
N, -100, -0.5338134474159479, 840.531424594, 24.4558089736, 32.2818768063, 1.74671398086, 2.68830189835, 235, 2019
E, -100, 0.2896854995003056, 2561.67238185, 15.9718012584, 144.251126925, 0.954127716228, 1.67034008781, 235, 2019
Z, 100, 0.04886703149278675, 11230.1090116, 94.6694195408, 117.865081953, -1.30981401289, 1.51181165139, 238, 2019
N, -100, 0.798897596862132, 818.516304984, 26.0274748523, 32.6903765957, -0.428627545595, 1.30808020466, 238, 2019
E, -100, 0.9040663368333122, 2661.62020719, 30.2684784074, 98.3809805343, 0.219847508682, 0.203110393605, 238, 2019
Z, 100, 0.3761075414923073, 44544.1082152, 184.714861951, 183.970647565, 0.411344803497, 3.01420723232, 241, 2019
N, -100, 0.16275565428239055, 840.421202739, 49.5480522066, 17.5930260969, 1.02616652773, 0.304501386015, 241, 2019
E, -100, 0.5505808275183158, 2642.19614263, 42.561070709, 58.9422585277, 0.257488729338, 1.2735280985, 241, 2019
Z, 100, 0.16779980042208092, 543.129286101, 213.980735531, 2.17788417063, -1.61502206963, 0.703124776119, 244, 2019
N, 100, -0.6745925640070486, 549.743638689, 55.503269749, 9.50389312572, 0.578667381714, 2.97417307361, 244, 2019
E, -100, 0.03719989762037221, 2293.82083882, 31.5360579526, 71.7393293506, 1.03633470949, 1.35259678953, 244, 2019
Z, 100, 0.7052957510626395, 160.399112423, 156.219127878, 1.01371274983, -0.814354095022, 0.36012690748, 247, 2019
N, -100, -0.9149439764404107, 486.510124417, 39.5543161993, 11.1383917907, 1.21131562739, 2.81886604953, 247, 2019
E, -100, 0.5954498924205327, 2103.52865539, 18.2391332131, 120.245033574, 0.922326557575, 1.54608515791, 247, 2019
Z, -100, 0.6966364187490077, 8716.68102995, 60.7597136525, 112.021789942, -1.97279809114, 2.82261850873, 250, 2019
N, 100, 0.6215069510429138, 322.339818802, 14.8429868073, 23.7492437727, 3.05330726237, 2.71594877613, 250, 2019
E, -100, 0.8477537074806021, 1314.45500397, 27.1525573496, 49.6959054075, 0.365949029331, 1.37913079692, 250, 2019
Z, -100, -0.5210917984870147, 247718.356678, 119.678978165, 2108.56728716, -2.04065885768, 2.64282813369, 253, 2019
N, -100, 0.1466617082209827, 539.407833652, 29.1073366943, 18.2828451833, 0.556159804379, 1.29241293222, 253, 2019
E, -100, 0.6576425970047455, 1787.90837198, 26.5290298196, 63.554831794, 0.673345768899, 1.39705937454, 253, 2019
Z, 100, 0.5261066365108136, 506214.790842, 171.422736726, 2607.14033609, 1.66391718868, 2.37454160307, 256, 2019
N, 100, -0.5210965970866696, 822.852820424, 45.3810940295, 18.4689013698, 1.36828408617, 1.25856272402, 256, 2019
E, -100, 0.4447009714735665, 2822.92281003, 34.7421584217, 80.1247543231, 0.759932746466, 1.34683443216, 256, 2019
Z, -100, -0.1586017729112836, 1896.72429327, 179.042685477, 8.96833231213, -1.92104967277, 0.613085828437, 259, 2019
N, 100, -0.9777647952968973, 754.970383948, 49.7624330322, 16.6424956279, 1.35797152571, 2.87054971554, 259, 2019
E, -100, 0.19136873258728426, 2641.48291603, 40.3999716414, 63.5719433572, 0.732973484997, 1.31149032465, 259, 2019
Z, -100, 0.7065451775241137, 297.946925973, 138.513085224, 1.95986650152, 0.787225321029, 0.59185575429, 262, 2019
N, -100, -0.7545548152724105, 748.275770951, 40.0578660739, 17.8844729161, 1.74282800791, 2.84354328899, 262, 2019
E, 100, -0.24331305817450052, 2967.40994247, 31.3313992007, 87.0816558351, 1.33349148655, 1.36366493236, 262, 2019
Z, 100, -0.6742863441071052, 914.374205665, 64.3692281043, 11.6116215752, 1.65360102769, 2.18235817491, 265, 2019
N, 100, 0.1672859630727771, 687.571654695, 19.977336782, 32.6712646568, 2.22772975621, 2.49479960126, 265, 2019
E, -100, 0.4085981950269594, 2606.96623351, 17.9266725574, 146.275058814, 1.49646088276, 0.784624479678, 265, 2019
Z, 100, 0.09871601040864841, 50475.1141174, 132.600714249, 469.040173803, -0.535650346066, 1.94685600063, 268, 2019
N, -100, 0.6117089700835581, 569.390115978, 35.5392383418, 18.5304297164, 0.0155699350897, 1.29940997866, 268, 2019
E, -100, 0.6129653905504224, 2174.34626417, 40.5536793989, 54.1707109813, 0.460339349605, 0.290205104382, 268, 2019
Z, 100, 0.07606693942528028, 78561.6697965, 215.675734213, 345.851891199, -0.477105698214, 2.72450187625, 271, 2019
N, 100, -0.09744834916703035, 481.353240997, 56.3389473219, 8.24902772783, 1.20991962731, 0.235159635692, 271, 2019
E, -100, 0.03153590214106544, 2975.25058408, 44.914777045, 58.6625091469, 0.830148666057, 1.31780448588, 271, 2019
Z, -100, -0.018234968233502097, 1452.7770774, 210.905204544, 5.87193377971, -1.7774075937, 0.562323617858, 274, 2019
N, 100, -0.8295736720834993, 337.344199207, 53.9566667509, 6.08044122605, 0.400013834791, 3.09135688611, 274, 2019
E, 100, -0.14438525648118317, 2349.36008915, 25.1482098549, 90.1065862011, 1.19911584899, 1.38669022262, 274, 2019
Z, 100, -0.21589653657533012, 1413.70101121, 120.567061607, 9.75571360883, 1.78481844986, 0.357291424527, 277, 2019
N, -100, -0.697265097008859, 346.718030649, 31.9223906119, 10.2342870326, 2.08402532608, 2.85074219426, 277, 2019
E, -100, 0.5618782643434322, 1725.19332014, 24.7853582222, 83.5143742198, 1.14573837632, 0.242206881791, 277, 2019
Z, -100, -0.14857846277684003, 1640.24947008, 63.4522717541, 23.9337330097, -1.47028931746, 2.07817067103, 280, 2019
N, 100, 0.7379707319278306, 613.590719587, 13.4880620762, 40.7280165038, 2.22072258241, 2.75031429287, 280, 2019
E, -100, 0.40433464538474645, 2828.23936644, 27.473428711, 92.5323912267, 0.910873874284, 1.36283001611, 280, 2019
Z, -100, 0.11867060812293748, 739.173308735, 137.858506796, 5.23174744059, 1.44363471209, 1.85402003845, 283, 2019
N, -100, 0.7778764894595551, 704.13526984, 34.8099427226, 22.2082792514, 0.645156880813, 0.24042260647, 283, 2019
E, -100, 0.5996062530571588, 2495.43397025, 28.7361046101, 85.9004485221, 0.820803133123, 0.303399284866, 283, 2019
Z, -100, -0.4430015395840534, 2046.82550494, 181.776888183, 9.88171198826, -1.12704428178, 2.29098798942, 286, 2019
N, -100, 0.5364984821975483, 522.045689996, 49.3551358885, 9.80976939206, 1.2535339212, 0.200877259105, 286, 2019
E, -100, 0.6528891277327628, 2082.60144491, 39.9496405301, 48.8670333811, 0.57674781069, 0.320591129613, 286, 2019
Z, 100, 0.7004899169850496, 269.968632057, 176.628854107, 1.33934375383, -0.224783479865, 0.512683055197, 289, 2019
N, 100, -0.8665519359298923, 282.955045432, 50.0728498746, 5.37637007116, 1.19055361547, 3.17145780478, 289, 2019
E, -100, 0.3582496909042315, 1376.137053, 39.872518162, 30.0349897107, 0.60510555714, 1.34823636048, 289, 2019
Z, -100, 0.4289975970135646, 272.810911042, 119.910340758, 2.12395688938, 1.52051068094, 0.50906286544, 292, 2019
N, -100, -0.5953491755373918, 271.077712531, 35.8995382668, 8.25953486224, 2.12870191138, 2.99632456123, 292, 2019
E, 100, -0.24149025573985133, 2194.99471758, 24.4462429019, 82.7126093226, 1.45899894942, 1.39143744008, 292, 2019
Z, -100, -0.30078598622596064, 608.444346485, 66.4233854865, 7.86090031808, 1.74222737267, 2.21364424845, 295, 2019
N, 100, 0.417304088586286, 434.304670972, 17.5846946616, 21.7493611348, 2.77175760298, 2.78081892673, 295, 2019
E, -100, 0.6969805727406996, 1901.28759787, 27.6068674876, 82.0308255852, 0.984549353641, 0.35280681261, 295, 2019
Z, -100, 0.38884226465246174, 499.637431125, 168.301334308, 3.10695510484, -2.27041119537, 2.72043697004, 298, 2019
N, 100, 0.9952771707705723, 562.501906803, 43.6148484826, 12.6856841574, 0.0950851003366, 0.105983651165, 298, 2019
E, -100, 0.603434323493197, 1950.33210442, 43.9882183004, 39.1837662705, 0.356335073703, 0.355634335699, 298, 2019
Z, -100, 0.23267397071888488, 408.25175253, 218.197858374, 1.75253132467, -0.837469593238, 2.3951988184, 301, 2019
N, -100, 0.9011567691938042, 480.019244316, 55.7796562412, 8.22599909317, 0.154785099357, 0.164065102771, 301, 2019
E, 100, -0.09699155714633577, 1978.72230403, 38.5865796182, 47.3024491442, 0.927054768489, 1.30882114919, 301, 2019
Z, -100, 0.7300708922015611, 324.387012856, 179.590078134, 1.68274120161, 0.671935372323, 0.34301173074, 304, 2019
N, -100, 0.39798195893611393, 502.146806859, 46.6806866696, 8.1503534555, -0.823802235398, 1.56079107686, 304, 2019
E, -100, 0.18759463053064324, 1636.02382575, 20.16484945, 83.71685151, 1.43025497591, 1.44849082727, 304, 2019
Z, 100, 0.4901872295420912, 661.199838113, 85.7527567758, 6.75618980922, -0.9132027833, 0.278587448263, 307, 2019
N, 100, -0.6463093809530315, 440.575583679, 24.6739232282, 14.3884388594, 0.334079747349, 2.65435944186, 307, 2019
E, -100, 0.6843792021657185, 1588.62440745, 24.7589715127, 60.6288502252, 0.550567651623, 0.267837617778, 307, 2019
Z, 100, 0.30782284022211576, 550.121053144, 78.0127544394, 7.27137369105, -0.171350881147, 2.52702640564, 310, 2019
N, 100, 0.19542073128491722, 507.98589885, 17.9588585346, 26.8080463818, -0.516823439853, 1.93122062208, 310, 2019
E, -100, 0.4359377991143276, 1541.62961541, 22.2838856375, 60.5803359505, 1.01621082805, 0.344868449603, 310, 2019
Z, -100, 0.9682278761110402, 264.931446045, 145.161276369, 2.09509209909, -0.14094551136, 0.20443538989, 313, 2019
N, 100, 0.813537952212052, 719.18018843, 38.1111867425, 18.5622409067, -0.622567106319, 2.06088343904, 313, 2019
E, -100, 0.5720054821534758, 1933.6593448, 30.9181535627, 60.9714878234, 0.947445893978, 0.110493382396, 313, 2019
Z, 100, -0.12093217423609763, 478.004583543, 179.600624434, 2.20915732167, -0.855723775418, 2.3918144636, 316, 2019
N, -100, 0.9591668269187571, 608.746616169, 49.8592060528, 11.2712331679, 0.317570176757, 2.34005230495, 316, 2019
E, -100, 0.2837782893755257, 2126.97619601, 39.7129544841, 49.6099699556, 0.954718640529, 0.225256865375, 316, 2019
Z, -100, 0.5741839595445004, 360.048425746, 162.936252898, 2.10020616758, 0.525540165742, 0.384215868099, 319, 2019
N, -100, 0.5592798693799975, 534.887392962, 47.0425774037, 8.98706097816, -0.829378043714, 1.71587335756, 319, 2019
E, 100, -0.16657054322916146, 2120.88843862, 32.8357344194, 63.7935532835, 1.21721969925, 1.31527695968, 319, 2019
Z, 100, -0.48323332967644184, 77.9219436111, 98.9744126099, 0.895306690966, 0.74881496876, 0.742136157194, 322, 2019
N, 100, -0.44006831984941197, 510.814906978, 30.4020608252, 13.240998756, -0.315512533942, 2.37941477466, 322, 2019
E, -100, 0.18103990351081142, 2072.82236974, 14.6659390464, 123.432243124, 1.66828533334, 0.527999246028, 322, 2019
Z, -100, 0.7593625839776563, 177.598793002, 98.3085853302, 1.82409091451, 0.564078257015, 0.52297498203, 325, 2019
N, -100, -0.2996580512954975, 501.490393504, 24.580331843, 20.5920879847, -2.29085033554, 2.09521345236, 325, 2019
E, -100, 0.7077706797219024, 1850.17387642, 31.2738848292, 58.8102045978, 0.613545123795, 0.145156684749, 325, 2019
Z, 100, -0.4336770696159918, 924.364091669, 176.091999646, 4.84235765193, -1.88117624342, 2.65205347837, 328, 2019
N, 100, 0.7201996516619219, 369.687350959, 44.1949275238, 7.49868971042, -1.3555473303, 1.97614550939, 328, 2019
E, -100, 0.29416589529457576, 1735.30434375, 38.7943755176, 42.4693710444, 0.909015089014, 0.252673149493, 328, 2019
Z, -100, 0.7471371663797006, 846.886766458, 194.369781114, 3.88351375386, 0.91214545815, 1.63343141587, 331, 2019
N, -100, 0.8436106399521502, 491.100146513, 49.5310498985, 7.93295042912, -1.28334131414, 1.15418895173, 331, 2019
E, 100, -0.0742541339107, 1970.99785043, 28.6746681001, 68.3034137012, 1.24892931386, 1.3464327797, 331, 2019
Z, -100, 0.3709219903956858, 191.948279054, 147.047994827, 1.20677455473, -0.278992407019, 3.08836774916, 334, 2019
N, -100, 0.548472545633112, 464.659048859, 39.8323951201, 10.5309229128, -0.364093159338, 1.95341551753, 334, 2019
E, -100, 0.14389748565880192, 1904.46517196, 20.7117100352, 91.085902361, 1.07187048289, 1.34512474242, 334, 2019
Z, 100, 0.6083750034433151, 469.471372305, 72.3864283185, 5.51308686458, -0.450516392873, 0.331391556469, 337, 2019
N, 100, -0.2946724878562459, 525.311694349, 21.7282877699, 20.2466479444, 0.327848510793, 1.43813183719, 337, 2019
E, -100, 0.2113238409489641, 1564.81608707, 20.3027829552, 70.3248450698, 0.783092849149, 1.31273887244, 337, 2019
Z, -100, 0.47426793855640903, 234.762037511, 80.7847558094, 2.8471618702, -2.61688274879, 2.38009432214, 340, 2019
N, -100, -0.1112554668313862, 473.600096109, 20.1218244755, 22.513821169, -1.87361759157, 2.69615818435, 340, 2019
E, -100, 0.7184578325307596, 1446.60164714, 16.3961035944, 75.9757611682, 1.00836519285, 0.30215635881, 340, 2019
Z, -100, 0.9444407692713378, 174.853883539, 140.686143875, 1.47794287393, 0.129295957384, 2.61407887212, 343, 2019
N, 100, 0.7599795651250528, 371.596537138, 38.2143320608, 8.59615534121, -1.60114915261, 1.99163949276, 343, 2019
E, -100, 0.6605454932316226, 1579.75199653, 30.9947962365, 54.7231794837, 0.74589486908, 0.121710137095, 343, 2019
Z, -100, 0.8361620557944074, 417.156463591, 171.853423553, 2.60954701592, 0.497520892719, 0.379862177021, 346, 2019
N, -100, 0.939270293725358, 457.797752219, 48.2863849059, 8.78414742612, 0.306910586343, 2.30482181124, 346, 2019
E, -100, 0.2514921235886114, 1817.51964481, 35.6667262715, 49.0785657404, 0.789286631425, 1.29110239713, 346, 2019
Z, 100, 0.36157940915443554, 346.725493999, 153.456288672, 2.03723530526, -1.44087144301, 0.669590162699, 349, 2019
N, -100, 0.5201133994558959, 479.173065793, 44.4045053405, 9.14998755708, -0.424220766639, 1.95559799976, 349, 2019
E, 100, -0.18416874954771698, 1622.12386635, 23.6606548987, 67.869794567, 1.12701759583, 1.33903352178, 349, 2019
Z, 100, -0.4215446888770698, 242.548510894, 96.7706168287, 2.33114990131, 1.72157770089, 0.436582240398, 352, 2019
N, 100, -0.45042680862254797, 396.999505974, 28.1773557026, 12.0065146297, 0.435332661769, 1.43588171399, 352, 2019
E, -100, 0.7040273353603368, 1719.46111106, 15.3126895904, 127.038541153, 1.00405004603, 0.48364287217, 352, 2019
Z, 100, 0.839823400227036, 203.976766282, 107.530993082, 1.69694068979, -1.33135185478, 2.63309414265, 355, 2019
N, -100, -0.17749280837575504, 464.757150026, 25.3128536529, 16.5472147894, -1.62901713063, 2.63490162479, 355, 2019
E, -100, 0.718971890366588, 1880.89692762, 28.9065052187, 63.3068094297, 0.490341146349, 0.167015745781, 355, 2019
Z, -100, 0.5904824806155698, 126.900800311, 161.297438568, 0.913934719374, 1.30258595841, 1.74855290769, 358, 2019
N, 100, 0.8146870576588963, 482.822700387, 39.8122118173, 11.1791834649, -0.679359177477, 2.5086951681, 358, 2019
E, -100, 0.3247465364279412, 1892.9074535, 30.9914548209, 57.5906696303, 0.692324009774, 1.30172124789, 358, 2019
Z, 100, 0.9555798882202827, 266.143825546, 172.320219227, 1.65421244417, -0.256114055783, 1.4365385364, 361, 2019
N, -100, 0.9205955890086983, 512.545223792, 44.7679528605, 9.70815785314, -0.4192116051, 0.322513919041, 361, 2019
E, -100, 0.21618446592422433, 1648.15332046, 24.8368273769, 64.5015049421, 0.978828399077, 1.3631890239, 361, 2019
Z, 100, 0.8166034355044712, 296.024303943, 136.196252455, 2.20664342473, -0.723169805066, 0.488768020124, 364, 2019
N, -100, 0.3133803539101028, 431.376089247, 38.1203440861, 9.47772148608, -0.115451988062, 1.51305363314, 364, 2019
E, -100, 0.22334395908394725, 1659.80429352, 23.582350699, 64.6006302392, 0.731468472471, 1.32049276163, 364, 2019
