Chan, Phase Shift, Correlation, ptp-data, ptp-synthetic, rat, phasem, phasestd, DOY, Year
Z, -100, 0.550428538230154, 1541.79721935, 50.9603529401, 31.4741143521, 0.769815560982, 0.213622616693, 1, 2019
N, -100, -0.1445469074304368, 1041.06274324, 52.9004611258, 21.0288343709, 1.21411649035, 3.34479016718, 1, 2019
E, -100, 0.3703110371030528, 459.572844315, 16.4623193899, 22.5661480103, -1.66754952953, 3.65054499316, 1, 2019
Z, -100, 0.3814052934358178, 1385.9450694, 85.1864760337, 15.3856593999, 1.15617451408, 0.0258273772171, 4, 2019
N, -100, -0.09463531869357776, 1021.44951993, 84.194076825, 11.8593671666, 1.36517175567, 3.28002281877, 4, 2019
E, -100, 0.6223031828478184, 476.750012688, 27.8622769221, 14.4829765935, -2.5299276646, 2.80217210667, 4, 2019
Z, 100, -0.04262834636345626, 1119.86045951, 89.0462382171, 12.2456662418, -1.4575398648, 3.03759257933, 7, 2019
N, 100, 0.21098774547330365, 754.348034831, 91.8859219646, 7.97860306299, 1.78441087641, 3.15183423707, 7, 2019
E, 100, -0.7967755061043137, 1003.64662165, 31.5098574851, 30.3164206441, 0.268971916801, 3.55950549064, 7, 2019
Z, 100, -0.535561202378086, 1239.82400824, 68.1006301761, 19.32881572, -0.920297316429, 3.03789647351, 10, 2019
N, 100, 0.48503173356583384, 1436.99571103, 75.5235359986, 19.2072474267, 2.1678460633, 3.00862754557, 10, 2019
E, -100, 0.4043281528822962, 884.693851474, 25.6623562336, 38.6429986231, 1.13512535275, 0.261509688056, 10, 2019
Z, 100, -0.41329725543243273, 1105.53437697, 33.3963904271, 42.4027540635, -0.583310989748, 2.58242949732, 13, 2019
N, 100, 0.3564168807920391, 1213.34423786, 43.7544127382, 31.0438705539, 2.22151112651, 2.76707618521, 13, 2019
E, -100, 0.5335854544151588, 599.354021658, 10.9299237139, 48.4953701169, 1.00796533758, 0.00711796437339, 13, 2019
Z, -100, 0.8136290005954424, 1173.68305258, 48.3328544348, 25.9620242752, 0.188174380463, 0.391361761086, 16, 2019
N, -100, -0.6433863408002913, 1041.88964508, 54.3837750656, 19.9445045212, 0.604066765976, 3.41204767062, 16, 2019
E, -100, 0.8764489189260793, 751.972895133, 15.4273624321, 47.2523695652, -3.02116382671, 2.77596241463, 16, 2019
Z, -100, 0.35465539695674536, 1168.47588183, 93.5644250864, 10.6726965896, 1.49028443837, 0.332842010808, 19, 2019
N, -100, -0.10734931389681848, 972.729431203, 97.9354521222, 8.98194607326, 1.63533482984, 2.93092146817, 19, 2019
E, -100, 0.8425776057283012, 696.547077411, 31.1008885422, 19.9851763249, -2.59042177962, 3.1262444829, 19, 2019
Z, -100, 0.23324008354688516, 1788.42655479, 82.2734202102, 20.3948814499, 1.51163869742, 0.222307511764, 34, 2019
N, 100, 0.15085557686383522, 1506.73816661, 81.4281083348, 17.7858856444, 1.79691127214, 3.0159761846, 34, 2019
E, -100, 0.20230908887151158, 1527.80297361, 27.4710422791, 52.339410536, -1.84306475984, 3.03103474206, 34, 2019
Z, 100, -0.23624126168115636, 1562.80328008, 69.5024447381, 22.7407917384, -1.30055427603, 3.08729486475, 37, 2019
N, 100, 0.39419080260183126, 1280.88048847, 70.9261692418, 17.6397263046, 1.98007115382, 3.11933187574, 37, 2019
E, 100, -0.05803839308022065, 814.108452219, 26.8983027076, 31.2498234879, -1.49635512951, 3.20368280135, 37, 2019
Z, 100, -0.45515665743199474, 1484.37069017, 37.5999793337, 48.0084777696, -0.549888931665, 2.60653365667, 40, 2019
N, 100, 0.3805793147190808, 1119.93769409, 42.4171077422, 29.0258876838, 2.29772785292, 2.72226365732, 40, 2019
E, 100, -0.28513883318426053, 430.431924601, 17.5606817297, 30.6240469218, -3.54238468688, 0.910214924019, 40, 2019
Z, -100, 0.6199765748219306, 1362.93856211, 29.9924516545, 50.8105496025, -0.0158304753944, 0.441477548415, 43, 2019
N, -100, -0.7160658631238738, 1137.03478166, 34.1772210359, 37.2869909512, 0.405109881674, 3.48667684821, 43, 2019
E, 100, 0.5984755200411708, 926.569206826, 8.6552007606, 119.810915249, 2.09728391619, 3.46691312556, 43, 2019
Z, -100, 0.8325666647360317, 1781.45232803, 70.2114000066, 24.7711759888, 0.388709588209, 0.205953170926, 46, 2019
N, -100, -0.6642178024067639, 1257.71455679, 75.6731281867, 16.1015986182, 0.658321190165, 3.34616035711, 46, 2019
E, 100, 0.8105722435594935, 804.173545502, 23.7463027216, 25.9848264578, -0.637125877865, 0.432397382047, 46, 2019
Z, -100, 0.2874419527288816, 1456.31059867, 94.1466387487, 14.3942095035, 1.36224580831, 0.0991744942569, 49, 2019
N, 100, 0.10093546372781656, 1119.77252372, 94.3439125461, 11.1213704701, 1.73171635057, 3.05949905516, 49, 2019
E, -100, 0.4130124334383713, 768.284088703, 31.566095818, 22.1024373337, -1.86239136551, 3.29116107546, 49, 2019
Z, 100, -0.33430465627788997, 1913.50256684, 69.6039266467, 30.3511023983, -0.931162629244, 2.77924284989, 52, 2019
N, 100, 0.5049182425454202, 1573.06712638, 67.5870067734, 24.332744145, 2.30167916564, 2.86383235295, 52, 2019
E, 100, -0.32076716553732293, 890.546057961, 31.9327560424, 32.6936412549, -1.00096390145, 3.41451795425, 52, 2019
Z, 100, 0.13390460809013904, 1872.83839181, 30.712855005, 100.819772534, -0.83387009085, 0.310615985371, 55, 2019
N, -100, -0.5544924204464061, 1476.90515267, 21.6348341391, 79.6518659058, 2.76624521706, 1.24236281121, 55, 2019
E, -100, -0.045128466916620855, 891.434970341, 12.0864958662, 146.418598376, -2.02795571422, 0.713969570658, 55, 2019
Z, -100, 0.9328805622987335, 2371.93522779, 53.7231859779, 41.715607859, -0.0760572148243, 0.220076141343, 58, 2019
N, -100, -0.8402725679843848, 1760.18614734, 55.4732294934, 31.0309775475, 0.436529486385, 3.29660768601, 58, 2019
E, 100, 0.9440837781981737, 1281.21890519, 19.058779324, 58.4797705026, 0.057885796257, 0.0916821614271, 58, 2019
Z, -100, 0.6877373792361039, 2267.85557785, 65.7424486507, 32.7256170482, 0.875624259718, 0.0899406370594, 61, 2019
N, -100, -0.506969743974427, 1904.02492928, 65.8814209829, 27.7886237131, 1.06317160326, 3.10986794056, 61, 2019
E, -100, 0.857892496738415, 1120.50031665, 23.0861319647, 44.976578539, -2.61338818289, 3.13834940047, 61, 2019
Z, -100, 0.25826051058528116, 2041.70165444, 60.6995827386, 33.3726163321, -1.70634082946, 2.97369165912, 64, 2019
N, -100, -0.11346723230941362, 1749.97545437, 56.4610294579, 30.2182453345, 1.51362717365, 3.06730493891, 64, 2019
E, -100, 0.3920842239769128, 1093.08089706, 20.780065284, 51.2851839149, -1.85125782365, 3.26213906081, 64, 2019
Z, 100, -0.49017522453279977, 1401.79809657, 34.527343697, 47.5082055691, -0.53216495768, 2.63589262642, 67, 2019
N, 100, 0.38948193036301165, 1226.01624482, 31.1296247819, 43.2405113557, 2.34266431793, 2.73667274236, 67, 2019
E, 100, -0.1345416982786511, 780.759864257, 20.8074152126, 53.6577157738, -4.19061552046, 0.510884963025, 67, 2019
Z, 100, 0.21466780766719784, 1969.34000068, 24.825296466, 81.254934408, 1.90833007029, 3.24099657049, 70, 2019
N, 100, -0.8865789462235244, 1565.02601918, 25.1772000435, 71.3844171979, -0.619087383975, 3.70880771607, 70, 2019
E, -100, -0.13223163315587871, 818.028052155, 10.4450289202, 94.3762846637, -1.92649457214, 0.121606832258, 70, 2019
Z, 100, 0.8667368561645953, 2099.42383943, 57.9390088229, 33.2970123757, -0.362964226834, 0.113358688977, 73, 2019
N, -100, -0.9658164151862201, 1632.70318799, 61.9080196664, 25.1868005798, 0.120705993394, 3.25274187431, 73, 2019
E, 100, 0.659841932053095, 1196.3030678, 19.1046943833, 55.7054938744, -0.837648767248, 0.0266397086735, 73, 2019
Z, -100, 0.877318897244839, 1980.2904699, 73.3041801688, 24.9465660375, 0.404418367963, 0.0957876731121, 76, 2019
N, -100, -0.6785735819985991, 1518.07730831, 77.2705824189, 18.6517994972, 0.782393715812, 3.18884011197, 76, 2019
E, 100, 0.9282382370864641, 960.520767544, 26.7981402766, 32.3386910561, 0.0635705834365, 0.0998281703012, 76, 2019
Z, -100, 0.24235197811853404, 2143.37198188, 65.3195622626, 35.7071516563, -1.58722621503, 2.81673017219, 79, 2019
N, -100, -0.035744385559765224, 1935.29353286, 55.4920649726, 35.9545747277, 1.7123171716, 2.89572930614, 79, 2019
E, -100, 0.48278653243175335, 1244.71209726, 22.4693190048, 57.0250327473, -1.77499245767, 3.46736107396, 79, 2019
Z, -100, -0.20835948901930018, 2039.22626842, 25.5655648857, 102.307063478, 1.21479440308, 3.25379550668, 82, 2019
N, 100, -0.4337714167969817, 1852.81125166, 20.2632534305, 115.45572956, 1.74312959364, 0.931755368258, 82, 2019
E, 100, -0.5584413790952466, 1255.13070624, 22.8833327928, 85.4604595329, -3.23956716119, 0.337247222273, 82, 2019
Z, 100, 0.553193681162888, 1887.76648272, 57.0501078941, 28.6497856419, -0.842276981779, 0.0411526565984, 85, 2019
N, 100, -0.9420487979221004, 1604.88614453, 55.314920158, 27.7450600705, -0.362593087403, 3.22293999716, 85, 2019
E, 100, 0.2565932129278526, 944.903310862, 18.3863036685, 45.0599318828, -1.26880124665, 0.0254876231118, 85, 2019
Z, 100, 0.9692471654389638, 2088.98821778, 60.14749974, 32.8517178943, -0.0651303130778, 0.0221192761795, 88, 2019
N, -100, -0.9480645508116688, 1815.03935927, 61.5785904493, 28.3342729692, 0.31685132502, 3.13321768289, 88, 2019
E, 100, 0.8377072299861008, 1123.98985926, 23.3899235499, 44.2706426201, -0.331801502206, 0.154985013162, 88, 2019
Z, -100, 0.8006496237208347, 2279.26698191, 49.0763966377, 46.2238721254, 0.758395892046, 0.174165213954, 91, 2019
N, -100, -0.6731153940753479, 2045.29657229, 45.9889790373, 43.5153682585, 0.925057557738, 3.01363138703, 91, 2019
E, -100, 0.9603414776989916, 1358.55402033, 17.3137482081, 77.0523228305, 0.302212603965, 0.0967104265497, 91, 2019
Z, -100, 0.2169264558414975, 2062.00812475, 30.4782023404, 90.849588687, -1.49831312416, 2.70306084485, 94, 2019
N, -100, -0.3006118512860517, 1919.39964707, 18.2760555667, 129.517567773, 1.54569849552, 2.62241884763, 94, 2019
E, -100, 0.17593540142986971, 1243.04138688, 14.4396992833, 130.620252976, -1.34328921668, 3.69648738164, 94, 2019
Z, -100, -0.23445143764179413, 1892.31846923, 30.4873369063, 59.0058813673, 1.12970788477, 3.42013906175, 97, 2019
N, 100, -0.353778678484597, 1698.56891663, 34.2413831875, 51.7268253021, 1.62170026536, 0.401230198135, 97, 2019
E, 0, -0.6439049393882992, 1014.50477829, 15.8427054224, 68.6125643983, -3.04343352861, 0.138675601887, 97, 2019
Z, 100, 0.5585788865847165, 1460.71969534, 64.9052810673, 20.4811435842, 2.21326647893, 3.0952993638, 100, 2019
N, 100, -0.8218240023592873, 1245.99078285, 67.1367013651, 18.1879084342, -0.669822219678, 3.24719721828, 100, 2019
E, -100, -0.09139245705682109, 759.208788135, 21.0592532087, 32.5095879407, -1.70949726428, 0.0902734016131, 100, 2019
Z, 100, 0.9066208436376376, 1348.49762366, 73.1095368782, 17.3345042218, -0.413905006681, 0.0815518232422, 103, 2019
N, 100, -0.9787700722452755, 1101.1135902, 76.4708911519, 13.8031974338, -0.195953947126, 3.28011128294, 103, 2019
E, 100, 0.46832934195430276, 609.135580085, 26.4238159947, 20.2838787059, -1.07790313754, 0.0498668063728, 103, 2019
Z, -100, 0.8852446978091841, 1258.74926954, 53.061916056, 24.3529001561, 0.574157342892, 0.241277582136, 106, 2019
N, -100, -0.7821602876409982, 1130.68827612, 50.4145551056, 22.1269993634, 0.834880540649, 2.86853903265, 106, 2019
E, 100, 0.8843389241835959, 698.557824013, 21.1485928187, 35.1271570524, 3.04473910515, 2.84924296431, 106, 2019
Z, -100, -0.08631474485377982, 1210.53423896, 26.5761979155, 58.2931486414, 1.23834191503, 3.85034310597, 109, 2019
N, 100, -0.3118563172053788, 1179.93358001, 26.9665752528, 54.7616004304, 1.4486703465, 0.632781794332, 109, 2019
E, 100, -0.27597547691701213, 633.074705485, 15.4401124048, 62.6772715072, -0.70433611102, 3.09899621521, 109, 2019
Z, 100, 0.2587880091005203, 1630.31127924, 66.1456087643, 21.7767646053, 1.95036084389, 2.99572049749, 112, 2019
N, 100, -0.6112770163910541, 1654.73888909, 67.6151342743, 23.0000755852, -0.850859485675, 3.05749844986, 112, 2019
E, -100, -0.3748140488044272, 741.487632301, 22.5787360934, 26.5783820847, -2.0103424367, 0.13134503111, 112, 2019
Z, 100, 0.5964480626029889, 2003.56026202, 76.748645945, 24.2898425947, -0.838803685968, 0.0322529069147, 115, 2019
N, 100, -0.8931881639916416, 1868.55553542, 74.9985011646, 24.0176579991, -0.417697732337, 3.11414880395, 115, 2019
E, 100, 0.28694924942053, 1069.22981722, 25.5402272675, 36.7671426476, -1.16128462777, 0.133748785663, 115, 2019
Z, 100, 0.9620408376134615, 2037.60394112, 54.8756607545, 36.8344452681, -0.120028465567, 0.130387973425, 118, 2019
N, 0, -0.9901400531672684, 1952.84196064, 54.8886145684, 35.8514724217, 0.103247178169, 3.01975220057, 118, 2019
E, 100, 0.7465590335513728, 1132.16716987, 22.2394460891, 48.9821447348, -0.543379041402, 0.167900351269, 118, 2019
Z, -100, 0.7758954568540656, 1762.71322222, 29.1016036501, 78.6755230442, 0.770861060296, 0.78979534687, 121, 2019
N, 100, -0.869167006800501, 1937.23338871, 22.7444030411, 101.427118237, 0.422643671627, 2.45191977803, 121, 2019
E, 100, 0.8461718476275365, 998.030210122, 9.65415227995, 139.378554115, 0.336396873893, 0.60759275671, 121, 2019
Z, -100, -0.19868823313632164, 1705.56660416, 36.6833867268, 51.1142217406, 0.834370512561, 3.7021152749, 124, 2019
N, 100, -0.06411450637801451, 1855.35682534, 43.1388036549, 44.8070372822, 1.35470421815, 0.301339446679, 124, 2019
E, -100, -0.6740903827514725, 959.62775983, 12.9007779446, 68.5452960626, -2.88047318687, 0.239378454483, 124, 2019
Z, 100, 0.264910609153398, 1765.47241242, 74.3099464837, 22.7128667908, 1.8436364922, 3.1234758093, 127, 2019
N, 100, -0.44244059780034, 1887.56427984, 80.4071717039, 23.1322977248, -1.10955399633, 3.12866118382, 127, 2019
E, -100, -0.325638408579618, 834.820498638, 25.5673504513, 28.0462931379, -2.02169396457, 0.0781371152445, 127, 2019
Z, 100, 0.5931427233889405, 2004.39985244, 89.0733764942, 20.8511804004, -0.850768760864, 0.0700241140017, 130, 2019
N, 100, -0.7855068218367841, 2208.57903713, 91.1893586727, 23.2369600839, -0.640266526921, 3.13405158729, 130, 2019
E, 100, 0.3697583036670187, 974.692100006, 29.1235756599, 29.7559293179, -1.17673549079, 0.0174628347229, 130, 2019
Z, 100, 0.885274207484947, 1776.32155488, 62.1768522255, 29.613266692, -0.239710053374, 0.208688012127, 133, 2019
N, 100, -0.958733757916793, 2064.72087888, 62.6614564783, 34.4017010022, 0.00884108088881, 2.91875568273, 133, 2019
E, 100, 0.7965981076318425, 826.971738317, 26.4469683542, 31.639276757, -0.253653588412, 0.300555391012, 133, 2019
Z, 100, 0.18604751512885562, 1891.87746111, 27.1944737656, 81.4838295023, 0.59884527634, 4.42475396776, 136, 2019
N, 100, -0.2032159618618024, 2418.3489967, 28.8914692355, 105.656159228, 0.958880328616, 0.831952179487, 136, 2019
E, 100, 0.38400322125168734, 904.303252841, 8.98084558356, 125.500062904, 0.829796214372, 1.76518700879, 136, 2019
Z, -100, -0.20738916440837332, 1845.40147849, 68.3876720464, 27.0181765771, 1.07948442769, 3.47492827976, 139, 2019
N, 100, -0.009975403552148375, 2223.14932963, 74.9686472862, 29.1472983542, 1.45747325994, 0.138587886439, 139, 2019
E, -100, -0.4280014134466294, 819.039508232, 24.3668320616, 30.7918745319, -2.18698588317, 0.17067926168, 139, 2019
Z, 100, 0.4191608787599782, 1904.58794762, 88.5422233576, 20.5081725169, 2.09200751817, 2.99833210907, 142, 2019
N, 100, -0.5245126709349809, 2322.92961401, 91.0447434211, 24.9953214577, -0.952077327438, 3.05392965201, 142, 2019
E, 100, 0.07081367603117648, 866.629000977, 29.5492418745, 25.9953076442, -1.4882744466, 0.000586856948079, 142, 2019
Z, 100, 0.6419250422550217, 1838.28766979, 75.7409411084, 23.386285869, -0.740062639061, 0.164126543294, 145, 2019
N, 100, -0.7768455120304103, 2354.18495462, 73.6174517595, 32.1201006613, -0.605381304901, 3.060385363, 145, 2019
E, 100, 0.6091102700861827, 885.38107913, 25.5859247396, 32.0959204106, -0.844003414248, 0.0508150421549, 145, 2019
Z, 100, 0.6962342866096192, 1730.46839224, 42.5683534963, 44.992923326, -0.570743770089, 0.240834562174, 148, 2019
N, 100, -0.7775888136791752, 2351.74570245, 40.0829959102, 65.6319112256, -0.380960225619, 2.82297122626, 148, 2019
E, 100, 0.7766356069939621, 893.645093194, 18.292055518, 56.2706778291, -0.257963463558, 0.419004166948, 148, 2019
Z, -100, -0.12138127072959487, 1799.51370512, 34.9831578129, 61.6667242292, 0.8894769714, 3.7576037643, 151, 2019
N, -100, 0.12811028356281107, 2502.58879156, 42.3582527772, 65.0937769127, 1.24451336894, 0.2079462474, 151, 2019
E, -100, -0.2644707754801099, 867.495210245, 11.4083369469, 87.6048101345, -2.40456983887, 0.589739391808, 151, 2019
Z, -100, -0.17154840539980462, 1881.85843649, 75.2220354636, 25.0421467457, 1.27420142614, 3.29348846782, 154, 2019
N, -100, 0.09387211240504885, 2682.1055664, 85.6242050662, 30.7056432508, 1.42858472524, 0.06148428173, 154, 2019
E, -100, -0.39490306698489547, 939.190904676, 26.5837882709, 32.5422972067, -2.13318204482, 0.179365960284, 154, 2019
Z, 100, 0.2557611120725212, 1958.1877485, 99.584161929, 18.4569758706, 1.8812995462, 3.09260771052, 157, 2019
N, 100, -0.3990314897714683, 2686.93883399, 106.341536026, 24.2669578789, -1.11934322391, 3.09564381784, 157, 2019
E, 100, 0.0165833025215683, 1056.85839735, 33.4666149556, 29.1990163475, -1.57187775459, 0.0369457836741, 157, 2019
Z, 100, 0.6362985007138515, 1967.79816753, 82.7062166702, 24.0048787383, -0.777562413722, 0.14519618466, 160, 2019
N, 100, -0.7499150540331657, 2608.27956124, 82.4680861128, 32.7075188531, -0.638692806154, 3.04296312321, 160, 2019
E, 100, 0.40191431487613566, 942.730121011, 28.3924699767, 31.2289745423, -1.06272536514, 0.0957310140662, 160, 2019
Z, 100, 0.24917530368885193, 1572.91121167, 36.6139751668, 53.6540283338, 2.68548448171, 2.24668311755, 163, 2019
N, 100, -0.3450413783404559, 2362.36789117, 32.3692885758, 87.8228878049, -0.475206540919, 2.36634249863, 163, 2019
E, 100, 0.3737637330654068, 882.53300131, 19.8954328547, 62.3276982974, -0.403392082994, 0.810869515406, 163, 2019
Z, -100, -0.3655147800135256, 1551.78614262, 64.5274827649, 26.288274788, 0.93722480997, 3.46004675674, 166, 2019
N, -100, 0.365779964466144, 1977.73169, 70.8146120287, 27.9793720526, 1.04079223977, 0.182554117402, 166, 2019
E, -100, -0.6696724629827755, 790.323560132, 21.5373244629, 35.8371795753, -2.71045690227, 0.417885481575, 166, 2019
Z, -100, -0.4196219840056017, 2662.22622833, 86.9717303396, 31.1400596924, 1.29483449794, 2.68464152913, 169, 2019
N, -100, 0.2524615451803039, 3430.21013752, 96.5102814103, 36.312320648, -1.5956255516, 2.62226747203, 169, 2019
E, -100, -0.41056461718238, 692.977888265, 31.0355677248, 19.6368641677, -1.98699786417, 0.0594454957096, 169, 2019
Z, 100, -0.9083120773900815, 22981.8512074, 86.8195202663, 238.819483739, 2.88946554287, 0.193481581848, 172, 2019
N, 100, 0.9424827398620014, 15803.2885646, 87.4053941228, 162.133134444, -0.129862203874, 0.103277557102, 172, 2019
E, 100, 0.13875137748796873, 1035.43874129, 27.995299422, 32.287804631, -1.34355858391, 0.128418461974, 172, 2019
Z, 100, 0.4027275597287838, 1879.19441838, 61.9143545413, 31.681476718, 2.16695565102, 2.95910301509, 175, 2019
N, 100, -0.6570644367189793, 2157.06601157, 55.9394880128, 40.9905387188, -0.658187996328, 2.92261775613, 175, 2019
E, 100, 0.2517742451760077, 753.145938509, 21.1051921648, 35.0624667797, -1.08731311522, 0.258603829296, 175, 2019
Z, -100, -0.026444949385149477, 1726.49135522, 29.9093049845, 69.0594370453, 1.75139808065, 2.89707083048, 178, 2019
N, -100, 0.07268987779652199, 2082.0781582, 34.1470557484, 72.1221420011, 1.20957896337, 0.271672893699, 178, 2019
E, -100, -0.09816998794013432, 750.194630883, 13.7942376816, 74.0556214928, -0.855508850551, 0.888139309388, 178, 2019
Z, -100, -0.2547044076898364, 1492.73424671, 67.7355035458, 21.7288112252, 0.976772969561, 3.48699020667, 181, 2019
N, -100, 0.4817855278813438, 1971.37389523, 76.7861105123, 25.2458434453, 0.885909879735, 0.210081295814, 181, 2019
E, -100, -0.6668893749318217, 700.500424954, 22.489397385, 31.2253807848, -2.51759654469, 0.21217316277, 181, 2019
Z, -100, -0.05781268213443943, 29062.0917939, 97.4082904059, 262.634177785, 1.67713113397, 2.79824968055, 184, 2019
N, 100, -0.04892277241341425, 1891.00594323, 109.598704184, 15.9902960691, -1.39299061077, 2.94707470681, 184, 2019
E, -100, -0.5179343278892643, 832.153060671, 34.2973680251, 21.1068987781, -2.26501365867, 0.171123652742, 184, 2019
Z, -100, -0.6272848522398138, 39996.8134418, 94.1784335005, 284.496612569, 3.72009271258, 0.469222676245, 187, 2019
N, 100, -0.5509971338316993, 2209.16594996, 98.4921293812, 22.322031798, -0.804763243028, 2.92662295162, 187, 2019
E, 100, 0.02079135708405532, 774.062138498, 30.5042023582, 22.9713962324, -1.4649782582, 0.122541580599, 187, 2019
Z, 100, 0.22053268166001433, 2151.98619575, 56.4838058542, 46.9481220435, 2.20852952402, 2.60969630542, 190, 2019
N, 100, -0.4740630588253073, 2539.22373922, 45.4692742227, 69.0210188401, -0.5714286267, 2.58945678715, 190, 2019
E, 100, 0.17339561757121075, 851.868888119, 21.4968890061, 47.8204906783, -0.943508431137, 0.556650527804, 190, 2019
Z, -100, -0.6151646344271613, 1947.10479833, 55.1818075261, 38.3325387667, 0.687634124596, 3.38237809249, 193, 2019
N, -100, 0.5530529344523762, 2525.1862028, 59.3420007402, 44.5182268334, 0.830866701586, 0.167752903562, 193, 2019
E, -100, -0.7110063503033834, 794.944530727, 16.6418997888, 55.2381951224, 0.0709821481564, 2.49896845918, 193, 2019
Z, -100, -0.4915993006953616, 1954.68843773, 80.1190238715, 24.5682280225, 0.90173330618, 3.31438181756, 196, 2019
N, -100, 0.37641019731043307, 2451.23962614, 89.0967153032, 26.5289719285, 1.15888250867, 0.0339378860833, 196, 2019
E, -100, -0.7919528059574501, 734.70873438, 28.0476030921, 24.5024629519, -2.64475675931, 0.157061648322, 196, 2019
Z, -100, -0.08190242161012472, 1803.70957352, 83.1221990002, 20.8949465366, 1.4999215534, 3.14487524027, 199, 2019
N, 100, -0.11715225173209175, 2209.07016267, 89.8323521663, 23.9053552501, -1.39941087736, 3.07342876471, 199, 2019
E, -100, -0.5235315647781944, 710.345823989, 28.9818045237, 22.1768999631, -2.16416344447, 0.0235045952083, 199, 2019
Z, 100, 0.30843407262455713, 2136.18939344, 67.8613910841, 31.3601131566, 2.07437606545, 2.8847583558, 202, 2019
N, 100, -0.48750262261903116, 2453.9789566, 64.7554919568, 39.4519980295, -0.898411180943, 2.94116994768, 202, 2019
E, -100, -0.19808465228448038, 796.985538706, 21.0620612462, 34.8713024599, -1.66445439005, 0.134246445317, 202, 2019
Z, 100, 0.013032304288493132, 2031.95644276, 43.1164111889, 57.6563973874, 2.04206246455, 2.54259110837, 205, 2019
N, 100, -0.068940692159523, 2552.59107723, 28.6396900802, 109.278691978, -0.957347764144, 2.54320039342, 205, 2019
E, -100, -0.27268278549802016, 818.987224326, 14.4087638493, 69.0743119188, -1.36940750328, 0.599712082738, 205, 2019
Z, -100, -0.7050665270307166, 2090.61462649, 53.0492227517, 42.4442910915, 0.446069148264, 3.47997962995, 208, 2019
N, -100, 0.6812903751716262, 2610.43636072, 59.9344650456, 45.5856410503, 0.57619014698, 0.253446527295, 208, 2019
E, -100, -0.8736421276842721, 749.047786656, 16.0663848772, 53.2062894316, -3.24362929904, 0.51363983431, 208, 2019
Z, -100, -0.5435530594465361, 2093.7628387, 87.1974807762, 23.9370163256, 0.780864848302, 3.3639771842, 211, 2019
N, -100, 0.44006505597549156, 2555.82775057, 97.9074847358, 25.0889917893, 1.0677847507, 0.0575614114492, 211, 2019
E, -100, -0.8468340860643964, 763.571448204, 29.9597339916, 23.992791837, -2.76274271554, 0.165418131148, 211, 2019
Z, -100, -0.07478500010097716, 2097.47038158, 90.0286649631, 22.7757067536, 1.49252713893, 3.16170625713, 214, 2019
N, 100, -0.0518031348045744, 2287.67324405, 101.867658398, 21.9223852847, -1.50896161188, 3.12405994053, 214, 2019
E, -100, -0.6711777778827857, 705.733347032, 31.7355157001, 20.1688970756, -2.39688059675, 0.0828374515849, 214, 2019
Z, 100, 0.031427458165621175, 1748.62778176, 61.7405626853, 32.6786886361, 1.88830951433, 2.75332530612, 217, 2019
N, 100, -0.3678331308896628, 1824.17607155, 56.0271925488, 38.2232866386, -0.822726091871, 2.73176338686, 217, 2019
E, -100, -0.40804470769836027, 579.144418111, 18.1868035614, 32.5585964817, -1.76577040726, 0.370848670301, 217, 2019
Z, -100, -0.6964015155697807, 1949.22494411, 42.0300994822, 49.6150577961, 0.733637577511, 3.14995227111, 220, 2019
N, -100, 0.7324063153927576, 2208.74451488, 44.1769526032, 54.5330405237, 0.417414013365, 0.335181144149, 220, 2019
E, -100, -0.8473963437263397, 703.197538368, 12.8773802827, 63.9571012158, -0.767644743766, 2.00205773403, 220, 2019
Z, -100, -0.6648881371867075, 1862.09993741, 69.4834658634, 27.0630944323, 0.78718147926, 3.21812010727, 223, 2019
N, -100, 0.6110847641061257, 2254.68620548, 75.5416939936, 29.1295517804, 0.878704609911, 0.0426946642019, 223, 2019
E, -100, -0.906432505156832, 766.343674389, 22.861513807, 33.922833682, -2.87544806746, 0.184740808336, 223, 2019
Z, -100, -0.34331267829708223, 2061.67297571, 71.426578275, 28.5561124024, 1.22052635877, 3.14006231163, 226, 2019
N, -100, 0.23316845399919822, 2389.48194978, 81.0839227162, 28.6795851291, 1.38385412331, 0.0602454923936, 226, 2019
E, -100, -0.7865974557169201, 811.713512556, 26.3271639308, 28.5707941412, -2.55360677038, 0.0511551194511, 226, 2019
Z, 100, 0.0543565265670059, 1724.25087229, 59.0867895139, 28.5789755662, 1.75619961564, 2.94710651525, 229, 2019
N, 100, -0.21673001464543917, 2155.14829944, 62.7730458451, 35.1949384041, -1.19090022438, 2.94150771782, 229, 2019
E, -100, -0.6240995577913188, 676.492620677, 19.9960777617, 30.7740747572, -2.29682090284, 0.020827624229, 229, 2019
Z, -100, -0.13763923186674948, 1962.18485522, 41.6112185684, 58.8154951833, 1.75829274827, 2.66072988411, 232, 2019
N, 100, -0.1922842956348176, 2476.93859396, 27.3971616651, 115.289428803, -0.895383742773, 2.5623079939, 232, 2019
E, -100, -0.6429730160880182, 803.083072069, 11.426956761, 79.6676636952, -2.10713800043, 0.413983575942, 232, 2019
Z, -100, -0.899369347435658, 1657.79654088, 36.596715165, 48.5620434335, 0.22473026395, 3.33717528785, 235, 2019
N, -100, 0.89454936322278, 2212.48624718, 42.0314194193, 55.3702881917, 0.0914606698465, 0.308923032126, 235, 2019
E, 100, -0.8699483322801478, 760.218346409, 10.9650737693, 81.151951269, 2.19868918089, 0.668154993212, 235, 2019
Z, -100, -0.8565999970804905, 2371.81755377, 71.6436327313, 29.9758831349, 0.0569348769538, 3.55109346536, 238, 2019
N, -100, 0.8130314162697192, 2363.69160405, 78.7472764878, 28.7398429979, 0.409925747878, 0.213480627929, 238, 2019
E, 100, -0.9642006985596595, 767.806375679, 22.995507857, 33.8272705817, -3.43910800824, 0.31108380268, 238, 2019
Z, -100, -0.4158075043362649, 2115.15549385, 77.7698897329, 27.087062859, 1.12066760128, 3.17138742057, 241, 2019
N, -100, 0.3364848988997183, 2132.41386613, 90.7228848807, 22.7287057981, 1.27130064734, 0.0531228828996, 241, 2019
E, -100, -0.8549032944844189, 786.33993097, 28.5302399049, 25.7061592402, -2.65165753676, 0.0107573504317, 241, 2019
Z, 100, 0.03559700987209185, 2088.50945462, 47.260816181, 46.5158414116, 1.82839382087, 2.7799721347, 244, 2019
N, 100, -0.24731695370868795, 2165.83270968, 58.6277573218, 41.4078263272, -1.03991336257, 2.78052465844, 244, 2019
E, -100, -0.5976673280304176, 686.38406722, 19.3633871234, 34.3306442429, -2.36168974055, 0.213440086161, 244, 2019
Z, -100, -0.8190276366752286, 1925.89531252, 38.5365259859, 72.1431707062, 2.19393251666, 1.15275836082, 247, 2019
N, -100, 0.8817560894777919, 2153.01808117, 33.4026471048, 73.1010789635, -0.352922949757, 0.450447507905, 247, 2019
E, 100, -0.8692123925166231, 814.205042665, 11.8789011466, 95.7621135666, -0.412179434399, 3.03037144063, 247, 2019
Z, -100, -0.9276315919063024, 2031.98859535, 60.8199103975, 33.006161624, 0.304143504176, 3.20731532758, 250, 2019
N, -100, 0.9241625036564385, 2330.43238675, 63.8528598513, 35.0189254155, 0.25260011052, 0.134604223525, 250, 2019
E, 100, -0.9542373225313303, 923.500588086, 18.9399447187, 51.5882116804, -0.414979290689, 2.83490362799, 250, 2019
Z, -100, -0.7202093670535199, 1908.93099465, 60.7745310279, 29.0254036892, 0.78566807027, 3.06041875573, 253, 2019
N, -100, 0.5845322806039415, 2545.97034884, 66.8703525598, 35.7780662506, 1.02026616958, 0.0999740673444, 253, 2019
E, -100, -0.9277130521094961, 897.542098219, 21.4690984972, 39.4614047902, -2.80658082873, 0.0245502198856, 253, 2019
Z, -100, -0.4163755001210818, 2632.01445595, 43.5996834422, 58.9447987587, 1.06161312697, 3.24652618942, 256, 2019
N, -100, 0.19795893636728618, 2438.10905061, 51.3237352208, 47.6128511488, -1.7028266859, 3.06764252984, 256, 2019
E, -100, -0.74266840968012, 735.600588834, 17.2114819012, 38.0534689945, -2.53137860577, 0.00752766948021, 256, 2019
Z, -100, -0.05992469171215727, 2065.4371752, 23.205542054, 115.100690542, 1.77473610688, 2.51732597202, 259, 2019
N, 100, -0.26777650549254844, 2165.43080088, 21.3497274315, 142.940408427, -0.735149916757, 2.480036417, 259, 2019
E, 0, -0.6052556139137691, 711.688530333, 13.6785203372, 78.9829938183, -2.62291056038, 0.671191112149, 259, 2019
Z, 100, -0.8704647866489599, 2230.68201557, 30.9290159983, 81.5686052845, -0.754743410671, 3.6293960797, 262, 2019
N, 100, 0.836928352804244, 2535.71286463, 36.1380593435, 70.3696265828, -0.658262822458, 0.224300286597, 262, 2019
E, 100, -0.6022992722327631, 957.068767368, 11.8041146764, 89.19416685, -0.847525643537, 3.19357707491, 262, 2019
Z, 100, -0.9738520903459716, 2162.19341484, 61.2513662504, 33.9917608577, -0.342501077142, 3.39865150699, 265, 2019
N, 100, 0.9622150842036228, 2413.87441305, 67.3371044143, 34.075833768, -0.163931379998, 0.168209357913, 265, 2019
E, 100, -0.8208278993710735, 942.367022985, 19.7359209351, 48.9483450147, -0.776449724523, 2.91011892606, 265, 2019
Z, 100, 0.8413046528044265, 22613.051634, 32.8760017615, 643.936624891, 0.112047758047, 0.456191195887, 271, 2019
N, 100, -0.18143124963989649, 2026.79114667, 50.330431102, 39.1148782609, -0.640400710819, 2.27998251019, 271, 2019
E, -100, -0.5195578543875862, 976.820487257, 16.3220574525, 52.8136369929, -2.13052934297, 0.773565899987, 271, 2019
Z, 100, -0.585033103148801, 2972.3387167, 62.4852170405, 29.2847356232, 1.4022015175, 1.02874276817, 277, 2019
N, 100, 0.9167853061803712, 2343.33221639, 67.3933474028, 33.4117815416, -0.384753704031, 0.00239104581891, 277, 2019
E, 100, -0.14079921116604524, 875.023250838, 21.5165983868, 39.2908062093, 1.61032506356, 0.107031867302, 277, 2019
Z, 100, -0.20491782946892487, 449031.018815, 60.0682802293, 4985.22233868, 1.66062034544, 0.234612813131, 280, 2019
N, -100, 0.9691136695631261, 2545.73024828, 63.6142845277, 37.9051813256, 0.0908049812561, 0.0147593877119, 280, 2019
E, 100, -0.8311332403522235, 1089.95215724, 19.6028063024, 53.2254897708, -0.639341755597, 3.05280279733, 280, 2019
Z, -100, 0.6992762354970319, 1028401.86353, 35.443362973, 28122.7546254, 0.783238561979, 0.358228578663, 283, 2019
N, -100, 0.7379823648912813, 2416.83771554, 40.9943469551, 60.1071567465, 0.865786585327, 0.1857664575, 283, 2019
E, -100, -0.9374711945454213, 1046.57053982, 13.9222079793, 72.219791481, -2.93706023293, 0.140291250133, 283, 2019
Z, 100, 0.3368223030771562, 1640716.67035, 10.6359820352, 126806.222742, -0.789951914792, 0.92547559838, 286, 2019
N, 100, 0.15148997960979796, 2510.2532828, 13.0971174249, 263.22946221, -1.8782170282, 1.38786321551, 286, 2019
E, 100, -0.3991797256205748, 986.380857889, 13.1662010614, 118.153239164, -3.27735572749, 0.939107164217, 286, 2019
Z, 100, -0.3534347918971957, 2005.58482041, 40.9788473628, 51.944826101, 1.70825561206, 0.260347353447, 289, 2019
N, 100, 0.37104512963860653, 2721.9563125, 46.1000374554, 58.9442565548, 1.81834127557, 3.31207312594, 289, 2019
E, 100, -0.1515858805034363, 1155.0316679, 18.8632257383, 76.6177136765, -1.18496926192, 3.3788997475, 289, 2019
Z, 100, -0.7376932965858212, 2142.17372113, 66.256371508, 31.7897647038, -0.835303053776, 3.2616658676, 292, 2019
N, 100, 0.7635336492343533, 2975.68824194, 74.5129384189, 37.4889442709, -0.716650064404, 0.0620911912365, 292, 2019
E, 100, -0.4953543328145879, 1228.62938112, 23.3819801609, 49.7586624339, -1.07667949084, 3.11257903261, 292, 2019
Z, 100, -0.9779359370113158, 2135.23237344, 69.4896940874, 29.763715789, -0.229672521642, 3.24246379851, 295, 2019
N, 100, 0.9728646199992597, 2733.26635742, 75.693516711, 34.4060961265, -0.118139872147, 0.0293106154607, 295, 2019
E, 100, -0.9281439067270573, 1119.85399451, 22.7657284933, 47.067070282, -0.399101421581, 3.07428577991, 295, 2019
Z, -100, -0.897912647613166, 1747.66721443, 34.284593268, 56.1969697063, 0.513929894394, 2.84511103438, 298, 2019
N, -100, 0.8478863375044104, 2475.40184659, 44.8711487228, 60.8160370048, 0.708018973439, 0.357133152805, 298, 2019
E, -100, -0.9086961480639639, 1159.09726066, 13.0475965814, 93.7086322042, -2.68780064993, 0.27838460595, 298, 2019
Z, 100, -0.09282333790561717, 2043.60376783, 42.6854082607, 49.3767204383, 1.6105615985, 0.0480446124929, 301, 2019
N, 100, 0.13297351669352878, 2580.11458421, 41.7658130889, 70.1915060125, 1.3518538306, 3.58271343895, 301, 2019
E, 100, -0.24670348986356902, 1388.50024603, 18.0823059138, 110.604979696, -3.39229817401, 1.04701092678, 301, 2019
Z, 100, -0.5022295476233514, 1778.9295313, 77.6318436872, 22.8569351762, -1.103497139, 3.21518598521, 304, 2019
N, 100, 0.4872824677679687, 2394.57762338, 81.2182297665, 28.6253856345, 2.02313161811, 3.22478264454, 304, 2019
E, 100, -0.2978937682656854, 1305.41696443, 28.6875878382, 46.5166333638, -1.24866326983, 3.17579115449, 304, 2019
Z, 100, -0.8869849628149769, 1717.95421829, 73.3943771967, 23.5493587353, -0.381702439977, 3.04823539364, 307, 2019
N, 100, 0.8642311409625891, 2596.11135107, 80.3667647573, 30.9389275004, -0.422354959761, 0.100318708165, 307, 2019
E, 100, -0.5607564659181664, 1043.49064638, 25.7352306972, 39.5528172442, -0.965510890067, 3.15592426167, 307, 2019
Z, 100, -0.9685952114498659, 1758.78607281, 46.409793632, 39.6347068861, -0.11157290872, 3.02208972099, 310, 2019
N, 100, 0.9650962633272225, 2640.31769732, 50.5682905752, 53.3375414817, -0.0511966718508, 0.1632524326, 310, 2019
E, 100, -0.8434719390018723, 1004.13564094, 15.0147757946, 69.013259937, -0.517939731179, 3.20434474408, 310, 2019
Z, 100, -0.312596136311397, 1795.26703192, 19.1974735778, 103.151307763, -0.790452684169, 2.62139663448, 313, 2019
N, 100, 0.5492174031980045, 2386.32680425, 18.5258878891, 149.77358919, 0.532324625557, 4.78620046086, 313, 2019
E, 100, -0.2392298340342628, 914.871693783, 7.95799563125, 137.968604698, -3.66743779059, 0.855954543446, 313, 2019
Z, -100, 0.13433407551444385, 1766.99776821, 34.8796884312, 60.6883464264, 1.10018251059, 0.375786368907, 355, 2019
N, 100, 0.36072226464023244, 1286.20780871, 37.1918176455, 41.4790204667, 2.01661344377, 3.12841844314, 355, 2019
E, -100, 0.17274389568077408, 1571.27970144, 10.5803404678, 166.202896898, -1.95017611141, 2.88436140357, 355, 2019
Z, -100, 0.37155975306636363, 1855.63675634, 84.1414282075, 20.8331597673, 1.2442716211, 0.0741627338732, 358, 2019
N, -100, -0.015687551216973915, 1406.76450994, 84.1051036412, 16.860927302, 1.49102553677, 3.21765813994, 358, 2019
E, -100, 0.4479928592698528, 1393.75834274, 27.2120388911, 48.6014972536, -2.05590625743, 3.09100135095, 358, 2019
Z, 100, -0.06612597123782592, 1741.7317871, 103.173033075, 16.7136421666, -1.45300495889, 3.05034428821, 361, 2019
N, 100, 0.3393829546786742, 1350.27907616, 104.65563622, 12.7793656299, 1.91615676177, 3.12283431919, 361, 2019
E, -100, 0.120161254976034, 1193.49448444, 35.6206549465, 31.2931612651, -1.67917762377, 3.14463096749, 361, 2019
Z, 100, -0.4298562671013521, 1316.04000998, 81.5845132039, 16.0747644693, -0.902308879396, 2.91710736925, 364, 2019
N, 100, 0.6166715251213793, 1033.4192931, 89.1826950579, 11.4381317128, 2.42681153904, 2.93503637323, 364, 2019
E, 100, -0.3061871889465598, 543.527303651, 30.4672725191, 15.4792953549, -0.907926727241, 3.43203140953, 364, 2019
