Chan, Phase Shift, Correlation, ptp-data, ptp-synthetic, rat, phasem, phasestd, DOY, Year
Z, -100, -0.6250120484824199, 1967.40612235, 102.318092249, 22.5103706521, 1.01256328526, 2.98566183178, 1, 2019
N, -100, -0.8965711657441291, 1507.95208784, 24.1047785339, 61.6252493577, 2.16849998214, 1.338989961, 1, 2019
E, -100, 0.18808538649771941, 672.545354469, 79.1715240603, 7.78008225368, -1.28177519326, 2.95027440542, 1, 2019
Z, 100, 0.35642073306962163, 2858.41194255, 150.334125101, 17.81983824, -1.13156606787, 1.40703178986, 4, 2019
N, -100, -0.1837725404879268, 1281.01322411, 32.5885262263, 36.7762047534, 1.78756107354, 2.84886461892, 4, 2019
E, 100, -0.845367324135102, 723.873796189, 113.681903679, 5.28630799397, 0.261745802895, 2.92242840304, 4, 2019
Z, 100, 0.8061294529244027, 2083.36781408, 165.023857637, 13.5597822609, -0.590321594522, 1.49453315145, 7, 2019
N, 100, 0.713875485572071, 1130.91714818, 38.201996078, 30.7460291581, 2.71044522798, 2.75383733148, 7, 2019
E, -100, -0.8366589401727664, 695.936111963, 127.101563608, 5.24717908902, -0.283072071862, 2.98682430705, 7, 2019
Z, -100, 0.9205178177235032, 1759.47470523, 141.268232766, 13.1170886451, -0.151077583856, 0.189455196257, 10, 2019
N, -100, 0.9337347773467619, 1422.56868057, 36.6773196106, 33.1114050481, -0.348339939931, 0.299118939961, 10, 2019
E, -100, -0.29098133668508464, 601.135810794, 112.116733668, 3.70609234199, -0.989005968989, 1.66956126509, 10, 2019
Z, -100, 0.2645827211466013, 1689.20402719, 91.4905565199, 20.6807287113, 0.703398531427, 0.226558271971, 13, 2019
N, -100, 0.49188900324661816, 982.774371276, 29.0162510059, 36.7634106636, 0.56496551076, 0.199219483764, 13, 2019
E, 100, 0.28746547912654, 355.349726433, 77.040449417, 5.23502359631, -0.237671839946, 2.75361072535, 13, 2019
Z, -100, -0.6555999230642008, 1571.60865333, 83.7694192387, 20.2481076615, 0.70561721845, 3.08312328904, 16, 2019
N, 100, -0.7412008063449013, 1221.08258465, 22.8278493092, 47.7355296916, 1.29899921426, 1.21187051368, 16, 2019
E, -100, 0.38202457677124746, 672.13512718, 65.5232836537, 8.7899927574, 0.0451138316447, 0.719462807969, 16, 2019
Z, 100, 0.29542490387634646, 2162.60071835, 164.072531253, 13.1014043073, 1.30724853118, 3.00304547808, 19, 2019
N, 88, -0.887361015329782, 619.495363451, 37.601639525, 15.8546864066, 0.662038051649, 3.0992989379, 19, 2019
E, 100, -0.5861568259097526, 571.895307567, 121.966157044, 4.29242487761, -0.263050888549, 2.65183360247, 19, 2019
Z, 100, 0.8376936560343777, 2007.52563666, 205.854048797, 10.4940862338, -0.607140970273, 1.53729929023, 22, 2019
N, -100, -0.5719799380038969, 376.133232063, 49.8277808796, 8.30518357084, 1.95993816224, 2.81881281797, 22, 2019
E, -100, -0.8302279790739497, 608.418151528, 160.424847338, 3.93610076511, 1.21019605762, 2.23299648155, 22, 2019
Z, -100, 0.6811913439620448, 1649.67737065, 174.460200134, 9.18844800745, 0.180965012352, 0.297788174595, 25, 2019
N, 100, 0.29608893557452753, 404.50113585, 46.8934398928, 7.26522757511, -1.33726488932, 1.517418314, 25, 2019
E, 100, 0.04041045125808872, 570.342174499, 143.608818388, 3.45738551091, -1.71408416862, 1.48438167352, 25, 2019
Z, 100, -0.4230006394043129, 1505.5469634, 93.3106635827, 17.8424807642, -0.0943758349732, 3.03446176145, 28, 2019
N, -100, 0.3458438121437442, 602.494725307, 30.1125684283, 16.6088394481, -0.499542700802, 1.62801409597, 28, 2019
E, 100, 0.8120411351549328, 821.832051931, 82.3339673168, 8.98097382069, -0.761036676341, 0.401668075342, 28, 2019
Z, -100, -0.177699963721164, 1514.28592915, 95.2502170219, 17.6621170824, 0.764041665931, 2.85915105807, 31, 2019
N, -100, -0.9121238740575297, 610.685316253, 19.7452352669, 35.6461710794, 2.33357967414, 1.39850751041, 31, 2019
E, 100, -0.3612804562592513, 792.385912892, 70.7589399502, 11.5093539963, -0.72821735351, 3.02903586422, 31, 2019
Z, 100, 0.5711825511343064, 1744.39587969, 152.302842592, 11.823050373, -0.837915230123, 1.41509592807, 34, 2019
N, -100, -0.1172669757297778, 744.305715145, 31.9138381401, 22.6011409429, 1.57567140407, 2.82068676343, 34, 2019
E, 100, -0.9066501869928895, 871.167935879, 114.143461661, 7.77392341512, 0.157170133662, 2.78919194299, 34, 2019
Z, 100, 0.9199015331984897, 1624.97259831, 174.630143885, 9.45753633093, -0.627487156658, 0.445370430502, 37, 2019
N, 100, 0.7314671430213593, 392.271239553, 40.4310660456, 11.0197982038, 2.39883595752, 2.7649065485, 37, 2019
E, -100, -0.5820204579707724, 839.951594456, 134.020575132, 5.5770071861, -1.88189601648, 2.54800430872, 37, 2019
Z, -100, 0.8364831450484052, 1903.95534556, 154.359408288, 13.3967502658, 0.331183139403, 0.124718388153, 40, 2019
N, 100, 0.6144691418157854, 429.404717785, 40.3204197316, 9.82793990546, -0.402970141842, 1.72164106014, 40, 2019
E, -100, -0.03739906927393149, 576.589060971, 122.127739773, 5.41862774191, -1.30738145642, 1.39652604781, 40, 2019
Z, -100, 0.2955336301605471, 1758.07814762, 98.2817645638, 18.5455559095, 0.90099199132, 0.189123948321, 43, 2019
N, -100, 0.6211976955457529, 573.109594841, 31.0599659986, 16.3493085397, -0.0589861509996, 0.804986849737, 43, 2019
E, 100, 0.6135292055597434, 784.719151507, 82.6192865228, 9.29535025417, -1.27155956135, 0.326734095119, 43, 2019
Z, -100, -0.7552568848018621, 1721.47104195, 93.5833366827, 19.3076267562, 0.581759199063, 3.1046816668, 46, 2019
N, 100, -0.8004761735054812, 1614.51577981, 22.8433059047, 56.2637803163, 1.34726929735, 1.304155805, 46, 2019
E, -100, 0.3676196458463315, 1575.85385644, 69.098519906, 19.7530508411, -0.543020784015, 1.89232818744, 46, 2019
Z, 100, 0.4045370443865079, 1858.50730642, 188.65315023, 10.1044985242, -1.60894341695, 1.6048378645, 49, 2019
N, 100, 0.11570904976468945, 2004.04136352, 42.6380728417, 43.9846109502, 1.50517845829, 2.81335787562, 49, 2019
E, 100, -0.8735757897223635, 2333.44270297, 141.295908909, 14.5032805782, 0.974072410255, 1.9041566406, 49, 2019
Z, 100, 0.9187649785065621, 2838.37376291, 222.400778695, 12.8372233826, -0.690768266376, 0.344538264041, 52, 2019
N, 100, 0.8743418110201889, 2748.36182317, 54.3635232532, 52.2810186081, 2.56026127038, 2.7403198133, 52, 2019
E, -100, -0.7546317975867332, 2129.07666852, 174.519844512, 13.8160271999, -2.64956624681, 1.46714485404, 52, 2019
Z, 0, 0.9354634421728091, 6532.94470908, 166.708038541, 32.899597203, -0.0355920682597, 0.299746078141, 55, 2019
N, -100, 0.8082288397789179, 2646.44302592, 45.9594132317, 57.5842824858, 0.227677304742, 0.154909880774, 55, 2019
E, 100, 0.0822783757185342, 1521.14952595, 139.261597292, 11.2112513838, -1.48906970315, 1.43562930305, 55, 2019
Z, -100, 0.2599916706892738, 3485.51942296, 70.1580328052, 47.9640517713, 0.182160964098, 1.42792427062, 58, 2019
N, -100, 0.05396399539219052, 1821.73154059, 23.7602913429, 77.6687746529, 0.694438759257, 1.21441936308, 58, 2019
E, 100, 0.7993140272527381, 1204.85477449, 62.7299925962, 19.4265557284, -1.02178808192, 0.437098240872, 58, 2019
Z, -100, -0.1437538300589407, 1855.79943275, 106.501874046, 21.9259605876, 1.39741995474, 2.93839881795, 61, 2019
N, -100, -0.49566475555269834, 1835.46296545, 20.2139323203, 97.2628222904, 1.21046834043, 2.76181052974, 61, 2019
E, 100, -0.4591540291160089, 2034.71532932, 77.2011813555, 26.0013926582, -0.733837803219, 2.82333583558, 61, 2019
Z, 100, 0.5852794220236673, 3522.39704787, 167.983257951, 20.627119254, -0.832880983655, 1.41908851561, 64, 2019
N, 100, 0.6360469164105236, 4095.6913089, 35.6648053882, 108.05479983, 2.42281606528, 2.75270803416, 64, 2019
E, 100, -0.9669310569492124, 8011.5701287, 125.824041294, 55.3894253298, 0.303653212783, 2.82981719914, 64, 2019
Z, 100, 0.9033492234512207, 4022.17875264, 189.076749279, 22.293238093, -0.348136180327, 1.42912309867, 67, 2019
N, 100, 0.9533096553754269, 4566.51964444, 44.7761871939, 103.77453033, 2.82488589854, 2.77209659345, 67, 2019
E, -100, -0.8944258609071964, 11316.6377948, 145.068892528, 76.8566400031, -2.55914881203, 1.38035483077, 67, 2019
Z, -100, 0.8878935452189597, 3852.83258279, 158.821166156, 24.6282212923, -0.0845595668982, 0.188990213028, 70, 2019
N, -100, 0.8575313395110195, 3853.09438978, 42.3753084103, 89.0055625212, 0.0838052562877, 0.198162039026, 70, 2019
E, -100, -0.4786937863997534, 10538.5199575, 126.741311314, 77.5125823863, -1.4595804944, 2.16429912596, 70, 2019
Z, 100, -0.1437150027014672, 2650.54858221, 87.3220557161, 26.5571336754, 1.493822439, 0.493828762296, 73, 2019
N, 100, -0.08260487656862578, 3230.00046291, 28.3842687277, 92.5840853619, 0.811002688825, 1.27185602105, 73, 2019
E, 100, 0.5738476579657905, 4745.75136528, 74.7455121393, 47.02058769, -1.33946045184, 0.534451577556, 73, 2019
Z, -100, -0.2327174092883634, 3310.10939115, 127.130362746, 30.7879188263, 0.897220652013, 2.94106994746, 76, 2019
N, -100, -0.6294159144258757, 3280.94059094, 27.9554263332, 134.673343973, 2.27825420912, 1.32833586312, 76, 2019
E, 100, -0.01894198976587979, 3707.44254617, 91.6990067659, 47.7461132211, -0.970343828162, 2.7811355489, 76, 2019
Z, 100, 0.6513546367010179, 3321.05394339, 214.992553907, 16.639686606, -0.81463671114, 1.46047023033, 79, 2019
N, 100, 0.37035968629420346, 3051.43865351, 49.5321744229, 62.6025304672, 2.03017502461, 2.78845761531, 79, 2019
E, 100, -0.7860814725918891, 3295.94970504, 163.334060383, 18.2451267614, 0.0259241430131, 2.66529197975, 79, 2019
Z, -100, 0.9596673553092342, 1963.54668949, 218.266968323, 9.28696342412, -0.246394928919, 1.29423482439, 82, 2019
N, -100, 0.8759747392899763, 1723.76538706, 54.3376899721, 30.3549985737, 3.13217080882, 2.74032984185, 82, 2019
E, -100, -0.37972480473355813, 5468.56993432, 172.911292373, 23.5092395743, -1.13570772237, 1.38614285594, 82, 2019
Z, -100, 0.5332489920890746, 1910.97569015, 137.518840447, 13.0139720565, 0.145833288416, 1.21802048383, 85, 2019
N, -100, 0.5092826023400786, 2862.21306385, 39.1353731249, 64.5728993756, -2.03928317437, 2.96079758679, 85, 2019
E, 100, 0.028460251924448985, 9026.86198002, 116.505704562, 64.5526548225, -1.53144495164, 1.43475125068, 85, 2019
Z, 100, -0.6752834790471028, 2023.02416761, 45.4112113608, 32.5395639389, 0.390836522229, 2.88332688911, 88, 2019
N, 100, -0.4694806985622245, 2661.4275269, 16.4066296329, 132.160286345, 1.12772620226, 1.22682113961, 88, 2019
E, -100, 0.6119695145739926, 4169.27257053, 41.2364208404, 63.8809465063, -0.920426833453, 0.808716209126, 88, 2019
Z, 100, 0.21747277786762603, 2078.62834074, 124.750157178, 19.2407584617, 0.763338557225, 2.98990694781, 91, 2019
N, -100, -0.26200788142648873, 2235.83712221, 24.5314704138, 107.050908748, 1.81020299073, 2.93725368842, 91, 2019
E, 100, -0.5376256163155863, 2586.11757208, 91.0653191944, 34.3436481534, 0.453624464808, 2.07830037516, 91, 2019
Z, 100, 0.7378562912834592, 2718.54882534, 182.580135837, 15.5932934785, -0.921248566845, 0.320936188143, 94, 2019
N, 100, 0.6371197745403012, 3590.30602705, 40.3648158524, 85.9792620356, 2.45007141455, 2.78609049719, 94, 2019
E, 100, -0.9621625463959805, 9666.97128982, 137.458533185, 58.1835774915, 0.281192790016, 2.80743659208, 94, 2019
Z, 100, 0.9672029798441648, 3408.13148758, 192.971650162, 17.6427213645, -0.164826425985, 1.44145892174, 97, 2019
N, 100, 0.9506855267203219, 3799.31691232, 47.0858397186, 82.8337211476, 2.80933971291, 2.78446069491, 97, 2019
E, -100, -0.8806280752188743, 7776.7385843, 149.119510741, 58.498505086, -2.62157812411, 1.40340380556, 97, 2019
Z, -100, 0.8316452750955, 2876.76905869, 144.822590316, 21.1385451614, 0.103442701444, 0.16717048266, 100, 2019
N, -100, 0.7779035223523284, 3273.92928342, 39.9008712562, 83.1890467923, 0.0621016700651, 0.194877250212, 100, 2019
E, -100, -0.30930869312594494, 7626.07624249, 117.884152817, 61.7178464618, -1.65655200995, 1.86164234952, 100, 2019
Z, 100, -0.6107704897629315, 2068.69143056, 66.6992686873, 25.7287912108, -0.292448833295, 2.95196167458, 103, 2019
N, 100, -0.591349624655513, 2867.88462731, 22.3425420251, 103.00136444, 1.05142779699, 1.24244443685, 103, 2019
E, -100, 0.6727646533694697, 11020.5741879, 58.0981165793, 130.135637628, -0.687635672482, 0.771480993041, 103, 2019
Z, 100, 0.22909253594269197, 2316.6212713, 161.53837559, 17.1555317787, 1.16484779213, 2.91090899852, 106, 2019
N, -100, -0.2267925570629613, 2872.3032331, 35.930766287, 87.2081864229, 1.85592046845, 2.94381681916, 106, 2019
E, 100, -0.1608494986629483, 12394.1519615, 119.238253752, 111.292535253, -0.850769248735, 2.99693021904, 106, 2019
Z, 100, 0.9066557471083799, 1937.2526791, 216.133582518, 10.711376292, -0.309069954832, 0.153721639242, 109, 2019
N, 100, 0.7516181198590628, 2169.33841279, 51.1396126585, 41.6665812321, -1.00911655135, 0.206685131118, 109, 2019
E, -100, -0.8103080175527398, 6040.0570953, 166.794453621, 28.8469012229, 0.951380791453, 2.8331655026, 109, 2019
Z, -100, 0.6416902432832566, 4770.03608091, 187.648696358, 20.8268068089, -0.236980442674, 1.35359817315, 112, 2019
N, -100, 0.8736524648691166, 2550.24088335, 47.7597321106, 52.3185981002, -0.430174332047, 1.77854622325, 112, 2019
E, -100, -0.546073331418614, 8622.22752086, 150.404901503, 51.1241131313, -1.98409529124, 1.40368568008, 112, 2019
Z, -100, 0.10019153134009377, 6262.58366243, 103.232482632, 56.5102231595, 0.875327008778, 1.30692350563, 115, 2019
N, -100, 0.2667041303690391, 2866.19671474, 30.3554176967, 81.583284376, -2.45218474866, 2.96107005999, 115, 2019
E, 100, 0.22356332922039557, 6137.53955512, 88.5897250323, 52.981234367, -1.32979301661, 1.48485840744, 115, 2019
Z, -100, -0.7013843703148422, 3298.0898488, 62.1330855189, 54.6034392121, 0.64740029278, 2.97796932877, 118, 2019
N, 100, -0.8067228576930494, 3650.10563986, 13.7408287603, 237.36247999, 1.64119203843, 1.24501757618, 118, 2019
E, -100, 0.5564322520627488, 6128.74227842, 48.1495769002, 134.933503865, -0.246464577889, 0.792361385875, 118, 2019
Z, 100, 0.10192962822330656, 4031.64071515, 138.477736904, 32.3750204817, 1.24686602361, 3.08906988145, 121, 2019
N, -100, -0.16570454646786448, 4083.89169751, 29.3658929079, 147.148584483, 2.12029383388, 2.92787958776, 121, 2019
E, 100, -0.5817616969301665, 14851.0122074, 102.013372812, 131.353547084, -0.449994428648, 2.87849629247, 121, 2019
Z, -100, 0.9377957722848186, 3839.81704081, 182.171569486, 20.9806074293, -0.565753576869, 1.25184623355, 127, 2019
N, -100, 0.9229585202368819, 3927.29842348, 45.8173088457, 83.2336893677, 3.05158959527, 2.78576938485, 127, 2019
E, -100, -0.7228272461262238, 10704.3942518, 142.462289416, 66.9432081165, -2.48228143185, 1.43643288719, 127, 2019
Z, -100, 0.39526683557480546, 3383.34780589, 120.959615735, 29.9681374489, 0.505179649576, 1.27946882017, 130, 2019
N, -100, 0.39543656489341406, 4058.94059648, 34.5127930462, 109.829146885, -2.40156062136, 3.0197831118, 130, 2019
E, 100, 0.210621313196623, 15257.3944307, 101.431706318, 120.073100068, -1.14094371459, 1.4483703943, 130, 2019
Z, -100, -0.6787453688284922, 3433.89918893, 94.1911140437, 38.7594445859, 0.186499188845, 3.08074748232, 133, 2019
N, 100, -0.7860369963512546, 3952.13601746, 23.9866618413, 164.532065382, 1.41753929728, 1.20349448814, 133, 2019
E, -100, 0.626064535509679, 19766.8332697, 74.4274348156, 264.305149627, -0.521513522929, 0.76880813701, 133, 2019
Z, 100, 0.22628964524972825, 3256.0823381, 170.743580831, 22.3507446066, 1.2620511661, 2.96457851945, 136, 2019
N, -100, -0.15357788120897478, 3523.29255542, 39.3943916313, 93.8022288557, 1.78626994451, 2.98774429218, 136, 2019
E, 100, -0.5639811691851415, 21618.2399112, 129.473981397, 171.367933145, -0.497033698506, 2.92786917746, 136, 2019
Z, 100, 0.7726572938802974, 3404.6660734, 192.193068859, 18.2666922576, -0.942778086677, 0.461215685019, 139, 2019
N, 100, 0.6327623580970716, 3142.23885279, 46.1581940068, 68.8775950639, 2.55623374902, 2.7547155123, 139, 2019
E, 100, -0.9173690677986598, 19020.9585969, 149.571332795, 127.398334674, 0.100771747351, 2.84320652764, 139, 2019
Z, -100, 0.681493366246497, 1988.41951715, 152.94416817, 13.150016422, -0.235096204106, 1.24354671828, 142, 2019
N, -100, 0.8640487392641685, 1745.41329082, 39.3213794057, 45.7144144431, 2.39988890461, 2.76868430586, 142, 2019
E, -100, -0.7599295782344032, 5032.27851136, 123.353089418, 37.307866242, -0.676510933436, 2.76123031672, 142, 2019
Z, -100, 0.09256380073117763, 2385.9230907, 83.770861837, 30.1959214755, 0.63831765367, 1.22297026724, 145, 2019
N, -100, 0.2340691181130341, 2901.87786191, 25.021092024, 105.029393785, 0.852276337402, 0.321805058124, 145, 2019
E, 100, 0.4021718214056787, 5576.26918484, 71.6188784012, 62.844022581, -1.60506987837, 0.545579022752, 145, 2019
Z, -100, -0.8204901822470595, 2599.80791173, 75.65082686, 39.2966182559, 0.735526757207, 3.05461353681, 148, 2019
N, 100, -0.8744214170589503, 3560.14969867, 18.3385753329, 198.442633046, 1.94158182078, 1.37565572526, 148, 2019
E, -100, 0.5310844499872731, 11667.0511119, 59.3060917069, 184.096427487, -0.0357372189358, 0.942975361048, 148, 2019
Z, -100, -0.05255843078349291, 2697.0843279, 143.993348355, 21.4095960462, 0.954340565466, 3.15984528875, 151, 2019
N, -100, -0.259803827526588, 3304.54609433, 32.5526756665, 107.487271837, 1.85046284251, 2.89693582668, 151, 2019
E, 100, -0.49129943904249596, 10519.2606316, 107.147268179, 105.461581476, -0.308331223923, 2.75857073439, 151, 2019
Z, 100, 0.8265912888685826, 2185.77542956, 182.987525314, 12.2812059291, -0.894354009808, 0.362609628234, 154, 2019
N, 100, 0.7331885501377593, 2719.95515575, 43.7428125809, 62.2152552897, 2.46308818189, 2.79247391891, 154, 2019
E, 100, -0.9423316435184418, 12177.82252, 139.813531816, 80.6805621701, 0.0900497566527, 2.76622060797, 154, 2019
Z, -100, 0.8350194978972142, 2024.08825476, 168.274735741, 12.5521119609, -0.449719251607, 1.20860779003, 157, 2019
N, -100, 0.8772403406971777, 2352.68763441, 43.0802759208, 55.3196279675, 2.80335882324, 2.80713232953, 157, 2019
E, -100, -0.64548790664909, 12269.1915702, 133.574916752, 89.1969508516, -2.34279844507, 1.439938656, 157, 2019
Z, 100, -0.28628559241575435, 1938.75917676, 109.366083152, 16.8140301332, 0.907053509953, 1.24231971134, 160, 2019
N, 100, -0.1090677754122509, 2552.82202147, 31.6280083032, 71.5317778409, 1.03688279033, 0.368448909876, 160, 2019
E, 100, 0.5488933349048338, 8394.27622655, 93.0346159729, 72.376731816, -1.55646607556, 0.454857532125, 160, 2019
Z, -100, -0.7090338452928661, 2361.13243721, 108.287517979, 23.3135189492, 0.790908702039, 2.94896332041, 163, 2019
N, -100, -0.8666555865908837, 3097.69572753, 27.6013743758, 114.235010712, 2.28861829834, 1.30789042074, 163, 2019
E, -100, 0.5224078686628904, 11224.82214, 86.0326159558, 128.102260602, 0.40958407524, 0.467569547051, 163, 2019
Z, 100, 0.27392251249500826, 2175.60452293, 157.130435157, 16.3216210841, 0.0088387734597, 2.8008781842, 166, 2019
N, -100, -0.025641260622335474, 2998.9761185, 36.4225947236, 84.1123779571, 1.94241807574, 2.98624296021, 166, 2019
E, 100, -0.5668434783245911, 14158.983039, 120.524080593, 117.389916916, -0.214835479751, 2.69321667036, 166, 2019
Z, 100, 0.8929639534222193, 2399.59847894, 167.374908107, 15.5056892536, -0.767073293887, 0.392551750122, 169, 2019
N, 100, 0.8609312650870145, 2787.65647895, 39.756497659, 72.6113565214, 2.57862725803, 2.65026743772, 169, 2019
E, -100, -0.9318586084071125, 13848.7584321, 130.381970667, 111.863013588, 0.37158038728, 2.85506065348, 169, 2019
Z, -100, 0.8543773593431189, 2701.16104895, 135.563518182, 20.6779055801, 0.0237630567632, 0.183691139149, 172, 2019
N, -100, 0.8824125543055905, 3004.28371698, 34.8733461737, 85.6813804428, -0.187430186534, 0.297696563977, 172, 2019
E, -100, -0.5125196577176966, 11930.3642318, 109.209914671, 105.969305097, -2.09935138715, 1.42574139714, 172, 2019
Z, 100, -0.11155346885973212, 2399.45930907, 84.0978995019, 29.2540260176, 0.789350481287, 1.19922471431, 175, 2019
N, -100, 0.038389933359898154, 2422.86933838, 25.045736344, 96.9500925906, 0.884400873109, 0.260621070378, 175, 2019
E, 100, 0.5046677768560334, 4042.72007364, 70.4599956958, 57.6036732534, -1.33725550273, 1.36302261701, 175, 2019
Z, -100, -0.7248460862935887, 2303.21862389, 81.2302713427, 31.6992477014, 0.729740261361, 2.99448810521, 178, 2019
N, -100, -0.9129812647067932, 2436.06781637, 21.5782981609, 117.661064198, -0.912039004021, 3.41736741582, 178, 2019
E, -100, 0.5981133515788642, 5666.97259844, 64.3899082949, 87.1159731004, 0.511268755007, 0.34877613532, 178, 2019
Z, 100, 0.33134988149920586, 2254.66347379, 145.580145326, 17.0648489183, 1.04452773788, 2.95842059231, 181, 2019
N, -100, -0.051497072739026734, 2823.42191988, 33.8588999254, 83.8525758352, 1.7556210704, 2.94826983341, 181, 2019
E, 100, -0.5830814682983689, 12001.0447495, 108.677165766, 104.398028105, -0.580589332372, 2.80966413135, 181, 2019
Z, 100, 0.8634272036147991, 2404.39742201, 183.158575669, 14.4312302455, -0.708819277076, 0.31457291102, 184, 2019
N, 100, 0.7799524106065667, 2996.72439363, 44.3470434825, 71.3835440982, 2.60385171554, 2.78998119451, 184, 2019
E, -100, -0.9505579931185738, 15806.987398, 141.500556566, 112.173365861, 0.277968404427, 2.83038019847, 184, 2019
Z, -100, 0.7259928280212328, 2409.56624969, 167.305879687, 15.3811957723, -0.180127653405, 1.21118896914, 187, 2019
N, -100, 0.8170126007375446, 3373.59686796, 43.4011130492, 79.5509993398, -0.127537747405, 0.311892293545, 187, 2019
E, -100, -0.3688816069580777, 18896.9682276, 135.118883146, 135.193094218, -2.0637360125, 1.44832648222, 187, 2019
Z, 100, -0.29649039581252856, 2594.38731346, 111.202059411, 24.6515224282, 1.37715831388, 0.272433747166, 190, 2019
N, 100, -0.14182309145292177, 3222.0998542, 32.3962197843, 99.3187092218, 0.654553014743, 1.16219526661, 190, 2019
E, 100, 0.7080049106964226, 17507.4684154, 94.2163911146, 182.331066417, -1.37818581564, 0.297250951449, 190, 2019
Z, -100, -0.339277648166372, 2216.97960964, 100.294563145, 23.870533625, 0.743572376917, 2.9302329084, 193, 2019
N, -100, -0.7483869089253957, 2585.57454818, 24.9451965391, 101.455963485, 2.23258406236, 1.28062104004, 193, 2019
E, -100, 0.2889539399005892, 16166.9564755, 78.9588317635, 197.685357107, -0.939341102873, 2.58601566966, 193, 2019
Z, 100, 0.6321078219816183, 2233.4726523, 146.589514996, 17.6089849226, -1.24132546855, 0.349595308464, 196, 2019
N, 100, 0.27729783930971347, 2309.92704117, 32.4266409717, 74.9971079485, 2.11536368675, 2.94968640348, 196, 2019
E, 100, -0.8084991376758369, 13869.8114985, 111.684781102, 133.05962032, -0.156347890062, 2.78198396441, 196, 2019
Z, 100, 0.9312602988160008, 2335.87822314, 161.643665346, 15.0192567378, -0.247418574753, 1.42935416493, 199, 2019
N, 100, 0.8714432463814707, 2349.67637841, 37.741848381, 62.7860913895, 2.75119727709, 2.68347386886, 199, 2019
E, -100, -0.915212705026542, 13759.2502215, 125.297154725, 113.379863531, -2.00291351207, 2.44302505362, 199, 2019
Z, -100, 0.740930007272954, 2253.13926937, 138.531017123, 18.352071607, -0.174942499778, 1.21652248543, 202, 2019
N, -100, 0.7973622847795984, 2560.19111967, 35.6464334427, 72.8518505808, -0.105561888967, 0.344330339504, 202, 2019
E, -100, -0.3016526890458161, 14365.8393387, 110.497723067, 123.97231641, -1.92809491089, 1.43841376262, 202, 2019
Z, 100, -0.08312598349428656, 2276.31356494, 91.4590395578, 27.424918327, 1.2099507642, 0.189346046533, 205, 2019
N, -100, 0.09598598233491082, 2737.79555065, 27.6799875598, 97.1364398884, 0.932316662197, 0.23339913246, 205, 2019
E, 100, 0.5799355797895285, 14725.959429, 76.0226146426, 187.596098863, -1.40813109431, 0.178606223463, 205, 2019
Z, -100, -0.3641200425605487, 1898.0691063, 82.6124086325, 26.2314570508, 0.228355510163, 3.23621022071, 208, 2019
N, 100, -0.6568867415872023, 2083.19305249, 22.1698720718, 97.6605685946, 1.2609231938, 1.15075134769, 208, 2019
E, -100, 0.602420036959567, 9697.39913407, 64.3582474209, 152.645770972, 0.464690817048, 2.41943541412, 208, 2019
Z, 100, 0.7910452806977543, 1561.21828371, 158.798778155, 11.4788974545, 0.392094936327, 2.29842268903, 211, 2019
N, 100, 0.3382799271486557, 2030.96792773, 36.4063685201, 57.3507352196, -1.25663268285, 1.42364439539, 211, 2019
E, 100, -0.7340667066324195, 11106.4486884, 118.177483083, 85.8309708854, -0.133590966517, 2.84258906398, 211, 2019
Z, -100, 0.8952837346326072, 2146.52689781, 201.033322658, 10.6604511837, -0.377854359016, 0.399904995729, 214, 2019
N, -100, 0.8937070991774343, 2494.22523204, 48.7807457602, 52.9277255688, 2.97117140797, 2.67039462206, 214, 2019
E, -100, -0.7672309410380096, 10769.8888092, 156.480493104, 68.7714983011, 0.0221265657459, 2.88896547241, 214, 2019
Z, 100, -0.7290379539483656, 4829.62093806, 95.7924885561, 40.9385770812, -0.255447532091, 2.94212952189, 220, 2019
N, 100, -0.44975336490913664, 2725.54526296, 29.9674906287, 86.161642951, 0.964926740707, 1.15894688005, 220, 2019
E, 100, 0.8066548588583379, 12892.2807108, 82.9734872136, 143.000597622, -1.18820132619, 0.403845294796, 220, 2019
Z, 100, 0.6754297993625044, 3018.10201116, 155.071372512, 22.1651884441, -1.11418113416, 0.423989339485, 226, 2019
N, 100, 0.3460246547382845, 3412.77922675, 33.1186313445, 112.515350581, 1.85066012801, 2.82639332689, 226, 2019
E, 100, -0.9025349672507691, 16351.3949719, 117.14023874, 151.733104084, 0.121262745937, 2.76259808042, 226, 2019
Z, 77, 0.9603595279699618, 3349.44089439, 172.596151949, 19.7655125086, -0.401821153685, 0.31580543257, 229, 2019
N, 100, 0.9270615082820381, 3362.70210702, 40.3937384827, 84.4032275438, 2.58861177982, 2.6991540635, 229, 2019
E, -100, -0.8561702744353524, 16542.3553957, 133.155271393, 119.403908693, -2.45887576283, 1.90219583597, 229, 2019
Z, -100, 0.7280702761615973, 3786.11414813, 147.208698746, 27.4170186391, -0.119959708475, 1.22021203873, 232, 2019
N, -100, 0.8511451833912576, 3605.26679753, 38.62058606, 96.321045302, -0.0793284983684, 0.265870395032, 232, 2019
E, -100, -0.2930939442613813, 15883.6108229, 117.134914657, 135.540414798, -1.90288719704, 1.43251225945, 232, 2019
Z, 100, -0.11930554324823536, 3653.03948221, 89.2600724899, 43.6041713415, 0.868439508245, 1.21659508428, 235, 2019
N, -100, 0.13183707087304952, 3649.64840717, 28.518938705, 123.644769457, 0.811225282311, 0.26021360591, 235, 2019
E, 100, 0.602769851138726, 17029.7391392, 75.3097210022, 212.780615669, -1.43941387493, 0.296140214039, 235, 2019
Z, -100, -0.31371672337192724, 3166.90933062, 99.3357426323, 39.320179669, 0.767115193198, 3.05896304952, 238, 2019
N, -100, -0.7094582339232044, 2929.32434765, 23.4043608363, 129.364225655, 1.72972120835, 1.20512993301, 238, 2019
E, -100, 0.23445104031162473, 14357.367374, 72.7985778279, 215.390416129, -0.974457292978, 2.53218671837, 238, 2019
Z, 100, 0.7107521897220216, 3785.60785582, 191.439901562, 20.4865935118, -1.09124167071, 0.278470854564, 241, 2019
N, 100, 0.3968076111745163, 3347.01508284, 43.6427120316, 75.6649174811, 1.96814904531, 2.89226937844, 241, 2019
E, 100, -0.8808286587426024, 15663.8864386, 143.957185053, 105.471711847, -0.0748302410014, 2.72471291477, 241, 2019
Z, -100, 0.9224631441252318, 3841.71745057, 220.894512323, 18.0856430295, -0.674357217212, 1.24759985968, 244, 2019
N, 100, 0.91580523424758, 3129.3728718, 54.3479779171, 59.6428236718, 2.68897951402, 2.70271547481, 244, 2019
E, -100, -0.7881880691527288, 13382.4638221, 173.255644691, 79.5633472403, -2.65279621767, 1.44916053552, 244, 2019
Z, -100, 0.4353972232251262, 2838.80966351, 159.8878032, 19.8409396693, 0.490867506746, 1.27581858882, 247, 2019
N, -100, 0.561817846644877, 2627.73459179, 44.3861642298, 57.8960942959, 0.659180854963, 0.221797951558, 247, 2019
E, -100, -0.053227904323237867, 11586.1160675, 133.866006741, 78.8521602926, -1.57203342705, 1.4356556485, 247, 2019
Z, 100, -0.5512444168679219, 2956.98004475, 61.5787688394, 46.4364233519, -0.199321941551, 2.97802957548, 250, 2019
N, 100, -0.441374155994003, 2696.45549075, 22.889482527, 110.917492144, 1.09218314214, 1.18010230983, 250, 2019
E, 100, 0.7410633919996149, 13529.1294545, 57.1367324789, 213.071013038, -0.947485556823, 0.502259867122, 250, 2019
Z, 100, 0.37631201641000667, 3475.71013154, 118.204420657, 33.8205579944, 1.17604867109, 2.90139428157, 253, 2019
N, -100, -0.13762964485839096, 3002.00907596, 23.1063033543, 133.322585157, 1.58247675771, 2.8505997169, 253, 2019
E, 100, -0.5820805894114115, 14368.9151479, 86.7519319206, 175.997431198, -0.467508219967, 3.01496415718, 253, 2019
Z, 100, 0.8984332407478703, 3646.04550208, 173.312263798, 21.9457432495, -0.759229683405, 0.400654163751, 256, 2019
N, 100, 0.7733951525711796, 2718.87485798, 37.3917547373, 76.2248943871, 2.44958812382, 2.81784626188, 256, 2019
E, 100, -0.9087702481318954, 10206.5814817, 130.789002028, 83.2936890182, 0.148963175566, 2.90700836234, 256, 2019
Z, -100, 0.9472734812211898, 3302.78912204, 184.626420633, 17.5697392814, 0.400768109711, 0.097604530558, 259, 2019
N, -100, 0.9919747647278715, 2912.67947432, 44.1473638991, 61.6380449767, -0.0521664805911, 0.0700433098788, 259, 2019
E, -100, -0.8320489968597393, 10107.4415493, 142.4333574, 59.1663786259, -2.39125829218, 1.37241738613, 259, 2019
Z, -100, 0.7474093849783922, 3374.70595717, 145.977745393, 24.5326047552, -0.123652524179, 1.22725156705, 262, 2019
N, -100, 0.7466709957191751, 3232.65300419, 39.5460180504, 78.9462307356, 0.118609312828, 0.265612735507, 262, 2019
E, -100, -0.3403493160869318, 9236.26894787, 117.068235356, 78.2329954669, -1.41796031428, 2.16165883043, 262, 2019
Z, 100, -0.3817515772873586, 3914.84998907, 72.0175038952, 55.904534789, 1.06272819667, 1.17002948408, 265, 2019
N, 100, -0.37327517752395406, 3566.10245995, 25.6464223085, 125.264288863, 1.05711710464, 1.20972090391, 265, 2019
E, 100, 0.7191918125519325, 11876.9679087, 63.4779082065, 164.628061449, -1.09588705806, 0.403783024339, 265, 2019
Z, 100, 0.2937236050187086, 4747.94184243, 138.084279589, 39.8283006167, 1.37540169893, 2.72786008444, 268, 2019
N, -100, -0.4339552021814018, 2718.42557508, 30.5676127388, 104.375794642, 2.63205955469, 1.3414892733, 268, 2019
E, 100, -0.04890917281211831, 8364.83346739, 100.218516032, 93.3670349198, -0.754091458981, 3.14813030807, 268, 2019
Z, 100, 0.947000500957614, 10000.6850444, 221.359176949, 43.3229431585, -0.411918563359, 0.17701864224, 271, 2019
N, 100, 0.5966389656383023, 3778.91599827, 51.6786374966, 74.0667179362, 1.90263796053, 2.99150241718, 271, 2019
E, 100, -0.8992614921342416, 3565.33211429, 168.870680601, 17.9609499416, 0.12641179863, 2.67629103519, 271, 2019
Z, -100, 0.6984383310059498, 8653.23541058, 215.048093881, 42.4786336123, -0.0765076373966, 1.22078483241, 274, 2019
N, -100, 0.9262608090898146, 3378.67012962, 54.2375809417, 65.9392243319, 2.90249909062, 2.7105532221, 274, 2019
E, -100, -0.7485784717101766, 3613.93024778, 170.636522251, 21.8390494868, -2.10624555403, 1.36640352026, 274, 2019
Z, 100, -0.15186974860151153, 10793.5941467, 124.042799815, 80.0357068556, 0.812043800444, 1.29976338817, 277, 2019
N, -100, 0.32824622395479197, 4612.6035918, 37.2290789902, 108.530684263, 0.69677113506, 0.390572407386, 277, 2019
E, 100, 0.17698083358652097, 8259.35972889, 107.193818415, 60.2525307298, -1.54754649454, 1.51588567258, 277, 2019
Z, -100, -0.16823403552522015, 11159.2308679, 59.8754223121, 204.758209061, 0.78875526952, 2.77822533698, 280, 2019
N, 100, -0.6630317269109369, 4606.94099096, 15.5760696477, 251.242385748, 1.4928513758, 1.12765112791, 280, 2019
E, -100, 0.6056867121777219, 6969.08151797, 45.5952514719, 140.67081051, -0.565950894029, 0.510338238862, 280, 2019
Z, 100, 0.8115764303485878, 7125.21681935, 138.504830452, 55.9306389108, 0.272596614248, 2.31047136941, 283, 2019
N, 100, 0.18573878367566932, 3496.79496201, 27.7804368999, 129.112210261, -0.78687137292, 2.71590210822, 283, 2019
E, 100, -0.3358983378962327, 2209.67798581, 101.724524327, 19.6320160713, -0.629966370079, 2.78402897756, 283, 2019
Z, 100, 0.9871046340351641, 5857.43546128, 186.993224858, 29.5995364351, -0.166139928865, 0.0652638525891, 286, 2019
N, 100, 0.7123518430257033, 3086.73813808, 41.5567917855, 75.7488389657, -0.591229116307, 1.38598336399, 286, 2019
E, 100, -0.8236991094045072, 1012.45042625, 140.788947781, 5.8941726766, -0.0407127771554, 2.25711114346, 286, 2019
Z, -100, 0.8094960341263263, 6593.38040819, 185.344826875, 33.3122075247, 0.164184035213, 0.271339966023, 289, 2019
N, 41, 0.9173475067705128, 3533.22680889, 45.4732916536, 68.3646177842, 2.91916835805, 2.72773463788, 289, 2019
E, -100, -0.6445929506083095, 6489.46939336, 143.151200593, 34.1178536375, -2.11963873511, 1.39416435409, 289, 2019
Z, -100, 0.2229080756462053, 7775.00964196, 129.411819167, 61.5607984901, 0.508158731099, 1.24426430642, 292, 2019
N, -100, 0.6171548619837313, 3939.61706407, 36.8873886059, 102.658114458, 0.569163751232, 0.167355980899, 292, 2019
E, -100, -0.13872867892322696, 6709.67148248, 106.213992027, 61.7963519419, -1.61565553881, 1.4261890909, 292, 2019
Z, -100, -0.559061323989158, 6994.95110829, 67.9095121623, 102.929166307, 0.156793658184, 2.74666571792, 295, 2019
N, 100, -0.587703329912896, 3045.53523, 21.2290709298, 121.784942, 1.08927464845, 1.16036732085, 295, 2019
E, 100, 0.6837361410258336, 2240.65385756, 54.0854113445, 40.9705233176, -1.12657529345, 0.525875251299, 295, 2019
Z, 100, 0.5535835996065612, 6516.76953759, 172.671495634, 45.6797499898, 1.66809669554, 2.75639595146, 298, 2019
N, -100, -0.1971595036521519, 2642.37954497, 38.9791315502, 78.0666477402, 1.80678207778, 2.92737296647, 298, 2019
E, 100, -0.12635218968977047, 1357.81517907, 128.01721113, 12.2441014668, -0.743581295783, 3.04139146191, 298, 2019
Z, 100, 0.955347006678827, 6930.10408865, 221.890182991, 33.5419820168, -0.41569854594, 0.156073597198, 301, 2019
N, 100, 0.7590097035570461, 3369.35529269, 53.1185225596, 62.7626534681, 2.88046477498, 2.83207452309, 301, 2019
E, 100, -0.31363409602052206, 653.227947232, 171.299782011, 3.96668680029, 1.08316692575, 2.02901385075, 301, 2019
Z, -100, 0.7247187284109883, 7699.40257666, 182.290144065, 40.5119263202, 0.00224819802238, 1.25244225295, 304, 2019
N, -100, 0.9363664875225893, 3111.30867429, 47.3780203794, 64.0176458901, 3.07972016997, 2.95622618881, 304, 2019
E, -100, -0.6623805323964854, 1218.71617726, 146.97637027, 6.12581310803, -3.20141414617, 2.44148556561, 304, 2019
Z, -100, 0.06972739752374298, 6475.10709103, 89.3730019475, 78.0712130427, 0.702045166801, 1.22895498943, 307, 2019
N, -100, 0.41073542803046126, 3634.26080149, 29.1598456864, 111.601418599, 0.721092256583, 0.250147473116, 307, 2019
E, -100, -0.23547814936283679, 1565.63167349, 79.3932151237, 16.4443771391, -1.64946142729, 1.33997258086, 307, 2019
Z, -100, -0.19046122999301363, 8045.41553802, 75.9164385113, 113.28173031, 1.10879039765, 2.84824604434, 310, 2019
N, 100, -0.847051254673735, 3926.92495143, 15.8378801666, 204.437456042, 1.63237357109, 1.30683099222, 310, 2019
E, 100, 0.10364432854120237, 674.561518989, 57.427434499, 12.1023561242, -0.939859269814, 3.16369014896, 310, 2019
Z, 100, 0.5434023845494866, 7187.67374069, 148.555080011, 57.8627186816, 0.411918817096, 2.71956328964, 313, 2019
N, -100, -0.305482628239293, 3482.96028407, 31.3586227747, 129.815309362, 1.94213454544, 2.91085581004, 313, 2019
E, 100, 0.7730279246767525, 421.25554221, 109.761578461, 3.58157664656, 1.57323420122, 2.88392033516, 313, 2019
Z, 100, 0.9288435800781262, 7172.5679169, 187.550723499, 37.5845409852, -0.503367889553, 0.181257373834, 316, 2019
N, 100, 0.5295707862539144, 3408.19688147, 43.0923387112, 78.3540054211, 2.4026528259, 2.82388902336, 316, 2019
E, -100, 0.049587356043438814, 397.679498319, 141.688963978, 2.79454852607, 2.56074091789, 3.29047292221, 316, 2019
Z, -100, 0.8514432920328476, 4985.44756476, 173.615877428, 27.9762431267, -0.168314511824, 1.25377471543, 319, 2019
N, 100, 0.9358490903573665, 2521.77731765, 43.7726510954, 54.2144959194, 2.89942884755, 2.84897248938, 319, 2019
E, 34, -0.8127070403533593, 584.757578162, 135.672957765, 3.53521068442, -2.25469509749, 1.8856165031, 319, 2019
Z, 100, -0.026401304591101207, 5589.21253332, 108.643952091, 46.8499861427, 0.688356886984, 1.25823790591, 322, 2019
N, -100, 0.6433859445578627, 2263.68901156, 33.1330671341, 60.4896999129, 0.277800705832, 0.246198614813, 322, 2019
E, 100, -0.016143159421108617, 503.740226224, 92.4406534245, 5.26246321124, -2.25902500091, 2.93871839928, 322, 2019
Z, -100, -0.5173544277674319, 5009.54255578, 99.2437582462, 56.8658579988, 0.710698289621, 2.94406774683, 325, 2019
N, 100, -0.7766738666363586, 2126.62324488, 25.119339908, 79.8125278359, 1.19771897034, 1.28255522825, 325, 2019
E, -100, 0.38695178572149375, 691.514665181, 77.6582286659, 7.1921192621, 0.95349416774, 1.45022801229, 325, 2019
Z, 100, 0.4356612428620713, 5866.34930578, 177.189077519, 36.9308218298, 1.30487986566, 2.89736875995, 328, 2019
N, -100, -0.40087805252293923, 2491.1913102, 41.2443346532, 61.8667659866, 1.54548653759, 3.09108830562, 328, 2019
E, -100, 0.5810090061208294, 1126.04414411, 134.335778151, 8.26759423867, 0.285162299545, 1.50694268391, 328, 2019
Z, 100, 0.948328541333249, 3350.34324846, 195.57484596, 18.6354711795, -0.332715382168, 0.226268248553, 331, 2019
N, -100, -0.27905719052653216, 1428.25454707, 47.3537542381, 29.2614302185, -0.819890039164, 1.61644982919, 331, 2019
E, -100, 0.894133942158848, 2714.95361855, 152.358473602, 15.3396984312, -0.550503097435, 1.1482132859, 331, 2019
Z, 100, 0.6950978325128591, 2211.4548474, 149.652624033, 13.3771127198, -0.236082104768, 0.427771342819, 334, 2019
N, 100, 0.7120185564150732, 1659.94797471, 39.5686111133, 36.9398450434, 1.12032815599, 3.51172032455, 334, 2019
E, -100, 0.7060689222577902, 531.572153868, 121.724504099, 3.79666646412, -0.0328075293229, 1.60539292606, 334, 2019
Z, -100, -0.39780126633595764, 41.9728299107, 75.1668747696, 0.591127875826, -0.947578402002, 2.74162236421, 337, 2019
N, 100, 0.4730190998494304, 93.1887109554, 25.2363002726, 3.61384917875, -1.04038413789, 1.51599164489, 337, 2019
E, 100, 0.7887966570334711, 46.9635620893, 66.9011138828, 0.693681766306, -0.825269234752, 0.333151874432, 337, 2019
Z, 100, 0.6290930777534324, 2087.80130929, 80.8513837065, 21.6791774707, 1.2445019984, 1.24216204705, 340, 2019
N, 100, 0.8409738928895394, 1839.18387592, 18.7941019253, 94.2356768722, -0.362586728849, 1.24457496836, 340, 2019
E, -100, -0.5511156071140028, 1999.07126792, 62.5336856665, 24.3982407554, 1.62886333841, 2.64267593535, 340, 2019
Z, 100, 0.7506354605183954, 4569.48961543, 146.356640827, 29.803915231, 1.89048767761, 2.85341847908, 343, 2019
N, 100, 0.15007983892400303, 2064.92932738, 32.3125527712, 78.7775915301, 0.364283118138, 0.916192119882, 343, 2019
E, 100, 0.32489906889466386, 1617.5812094, 108.395960425, 16.257284064, 1.72242697096, 2.83254864954, 343, 2019
Z, 100, 0.9392893390501944, 3538.47972653, 181.078091185, 22.5058582757, -0.522037528121, 0.22839475589, 346, 2019
N, 100, 0.3757560387544956, 1255.74109401, 42.5743710672, 31.3573908883, 2.11386003858, 2.80385121716, 346, 2019
E, -100, 0.841549879050114, 791.748454789, 137.788760982, 6.56541707115, -0.686216553159, 1.22242687886, 346, 2019
Z, -100, 0.7681681218663768, 4611.62941437, 164.401466929, 27.123779693, -0.0466876556273, 1.25504882346, 349, 2019
N, 100, 0.8990240609933833, 1066.45304728, 42.4085255294, 23.2915417383, 2.38457145531, 2.79558076219, 349, 2019
E, -100, 0.04778627666870489, 640.982828139, 130.454588849, 5.06405704964, -3.04670504404, 2.74435675148, 349, 2019
Z, 100, -0.22175871284498752, 4906.22259023, 104.827035228, 46.6952148229, 0.738342672303, 1.15744065505, 352, 2019
N, -100, 0.3304345953698838, 2251.22338418, 32.8968405178, 56.5463572926, 0.481150322253, 0.290837515701, 352, 2019
E, -100, -0.6999987686460788, 244.193671395, 90.8041606762, 3.14711895268, -2.52735982945, 2.48674766977, 352, 2019
