Chan, Phase Shift, Correlation, ptp-data, ptp-synthetic, rat, phasem, phasestd, DOY, Year
Z, -100, 0.9989435696028658, 60.4285789927, 65.5829354253, 0.909617739537, 0.0604555726207, 0.0447927121787, 1, 2019
N, 100, 0.9927401849249229, 63.9189235165, 56.6693381162, 1.08805714025, -0.0800967738318, 0.021521011978, 1, 2019
E, 100, 0.9534752902812101, 39.8187640618, 35.9904047273, 1.07584707875, -0.31161179154, 0.00469251091311, 1, 2019
Z, 0, 0.9998821039324719, 105.867479356, 110.815367195, 0.953228648558, 0.00265009375425, 0.00556304301101, 4, 2019
N, 0, 0.9994896865384381, 94.6303680678, 86.6143779331, 1.07972810893, -0.00285692772903, 0.000195862992878, 4, 2019
E, 100, 0.9872209256891901, 64.6433235855, 60.80762706, 1.01905650108, -0.115095659211, 0.0504934790945, 4, 2019
Z, -100, 0.9996155316506504, 117.424279405, 119.588710906, 0.979102336681, 0.031932111016, 0.00420380286254, 7, 2019
N, 0, 0.9998388524086822, 96.2952870586, 91.9610480985, 1.04584109461, 0.00326633299421, 0.000122678848347, 7, 2019
E, 100, 0.9953224992700492, 66.8114113338, 70.6681149645, 0.931332705509, -0.0807115522951, 0.0176895865172, 7, 2019
Z, 0, 0.9994383651089157, 99.6230354062, 100.93367958, 0.994918640563, -0.00186925734501, 0.0043164318931, 10, 2019
N, -100, 0.9975614088995304, 78.060183974, 71.7308345584, 1.07107881248, 0.0428742962123, 0.018005063893, 10, 2019
E, 100, 0.9953002275156825, 61.9127788425, 60.0545341609, 1.05971218972, 0.0150193736438, 0.0806075339607, 10, 2019
Z, 100, 0.9933586758636918, 57.8965392168, 62.3387675796, 0.905514385992, 2.99473502038, 3.0833285193, 13, 2019
N, 100, 0.9934466185653028, 57.0312992455, 42.9819896263, 1.29976845736, -0.0211222804489, 0.045814266832, 13, 2019
E, 100, 0.981707339000168, 47.3255487362, 35.9978301396, 1.41264250954, -0.0719607294591, 0.131371141223, 13, 2019
Z, -100, 0.9879279180268079, 58.8869389405, 62.8205790697, 0.941972201855, 0.142392382031, 0.0138723752675, 16, 2019
N, 100, 0.9878708305720924, 65.6895509099, 58.3561798256, 1.0781911984, -0.107886448088, 0.0330968223549, 16, 2019
E, 100, 0.9479143879269755, 35.576290675, 34.613845389, 0.971526128805, -0.303087309019, 0.0166498368195, 16, 2019
Z, -100, 0.9977983327117294, 125.873568796, 124.229952866, 1.01888968535, 0.0581678330892, 0.00521290301609, 19, 2019
N, 0, 0.9984013413955943, 102.548668313, 99.3605429807, 1.01247200896, -0.00427069813424, 0.00204465224543, 19, 2019
E, 100, 0.998079435013403, 71.6893107397, 67.7402680789, 1.03552901693, -0.0300569460104, 0.0328153828266, 19, 2019
Z, 100, 0.9995665855443964, 139.655095266, 139.751086326, 0.99799105146, -0.0340610199275, 0.0105332437416, 22, 2019
N, -100, 0.9967239943427204, 114.910471062, 108.568303065, 1.04792319363, 0.103490502066, 0.0315546987198, 22, 2019
E, 100, 0.9985021880505514, 88.9323033255, 83.1139963318, 1.07226958743, -0.00474704999232, 0.0442852824593, 22, 2019
Z, 0, 0.999812301402231, 94.3433135986, 99.6701071748, 0.942038351592, -0.0132039302305, 0.0125577906784, 25, 2019
N, -100, 0.9988646126720028, 72.5968795672, 61.3612890563, 1.19145936365, 0.0147287627535, 0.000729424757308, 25, 2019
E, 100, 0.9883355852983043, 63.7657355894, 58.8206963622, 1.09853580683, -0.128740852349, 0.043211078382, 25, 2019
Z, -100, 0.9955695294701566, 43.5772485165, 42.8244905816, 1.01876956147, -0.0344755634544, 0.125852820184, 28, 2019
N, 100, 0.9841705667992089, 43.9403020797, 43.1101258681, 0.962667873714, -0.0697843165688, 0.0648155629047, 28, 2019
E, 100, 0.9896887923537714, 26.9660218639, 24.9356956358, 1.06284573326, 0.0714290553588, 0.208677662938, 28, 2019
Z, 100, -0.2686692485848922, 1609.16145524, 107.271676149, 11.7232443529, -0.865035560413, 3.76070903663, 34, 2019
N, -100, -0.22137769995578305, 253.040102822, 84.0713395377, 2.74366001682, -1.66537413981, 0.224048403364, 34, 2019
E, -100, -0.16411341989155198, 120.981121293, 61.3360207822, 1.54112787084, 1.51771395629, 2.3833137054, 34, 2019
Z, 100, 0.7171842011900754, 77.8883065627, 65.6827824406, 1.35653466544, 0.0512823636659, 0.561567001576, 40, 2019
N, -100, -0.9005984082525359, 1412.3177532, 36.5597552136, 35.7457113465, 0.291025587906, 2.79270280859, 40, 2019
E, 100, 0.6419515685879048, 502.779959889, 39.7697668665, 12.961525123, 2.76719539391, 2.60364632774, 40, 2019
Z, -100, 0.1995461228316915, 119.066634434, 36.0341027622, 4.14636062736, -2.47386130291, 2.25396836386, 43, 2019
N, 100, 0.2637077532702379, 101.230024245, 41.271830331, 2.04939129069, -1.40860890026, 0.130357031047, 43, 2019
E, -100, -0.47312907595893733, 129.629913749, 21.2523604273, 7.12939485119, -0.00585689491562, 4.06774631108, 43, 2019
Z, -100, 0.9967165108890254, 66.3038805141, 66.5044640061, 1.00714278234, 0.043408021454, 0.0482011574447, 58, 2019
N, 100, 0.9973887535759135, 69.7205066044, 71.6004797656, 1.01697681506, -3.13639432908, 3.07909982015, 58, 2019
E, 100, 0.9844428647129131, 37.7958036039, 39.1688308211, 0.975431632617, -0.188501417858, 0.00908130149023, 58, 2019
Z, -100, 0.9943014529431886, 84.3882786383, 86.5101634199, 0.991103070991, -3.04118277312, 3.14686334644, 61, 2019
N, 0, 0.9997579449813543, 84.132128831, 74.8135789805, 1.10914706136, -0.0166495451925, 0.016253742244, 61, 2019
E, 100, 0.9812961987618473, 46.0046789756, 48.0394325524, 0.924586217084, -0.169068037954, 0.0239801417377, 61, 2019
Z, 0, 0.9999133520976466, 77.8617124314, 77.2579714631, 1.00175057759, -0.00792170171014, 0.00492602055762, 64, 2019
N, -100, 0.9976449892268864, 58.8934002208, 56.7129625803, 1.03200739921, 0.0847749364285, 0.0339716003244, 64, 2019
E, 0, 0.998540717238027, 46.6920510529, 46.7997682462, 1.01129982894, 0.0322129472171, 0.0478030673424, 64, 2019
Z, 0, 0.9970518279781343, 47.3786943273, 49.2671852438, 0.95589584131, -0.0213525778694, 0.000216831346518, 67, 2019
N, -100, 0.9869600847889662, 30.9841467676, 24.5640584096, 1.28976509543, 0.186559655832, 0.118279083782, 67, 2019
E, 100, 0.9880977019700637, 36.8675891242, 35.7114801506, 1.15960381053, 0.000925979312502, 0.121240621945, 67, 2019
Z, -100, 0.375921747369162, 24.0113029516, 30.314538509, 0.631856572261, 1.3502162319, 0.623474242331, 70, 2019
N, 100, 0.821380746694238, 27.5244461187, 29.5105578604, 0.760943127689, 2.59338288491, 2.52461179854, 70, 2019
E, 100, 0.3826476356906776, 42.3134024096, 16.2144395886, 2.74751444988, 1.76881157737, 2.7001706186, 70, 2019
Z, -100, 0.21915571510691417, 433.611923278, 71.3170948619, 5.88697192071, 1.26319310592, 0.141798646066, 73, 2019
N, -100, 0.5005429208248019, 91.6406753074, 70.8565779386, 1.17329971632, 1.2090820472, 0.263745721676, 73, 2019
E, -100, -0.8012555467658293, 272.789335454, 41.2769368626, 6.02091064603, 0.437114137952, 3.35671885407, 73, 2019
Z, -100, 0.9613081732832591, 459.212501898, 97.7318690526, 4.36641342371, 0.256074832503, 0.0592270610252, 76, 2019
N, -100, 0.9526195216277445, 124.22339938, 87.6141367639, 1.3873859245, -2.79368897632, 3.05981115934, 76, 2019
E, 100, -0.5994962694293132, 193.838143381, 54.8780248054, 3.12728017385, -0.881585008651, 3.07227448323, 76, 2019
Z, -100, 0.9822257004241732, 62.6886610272, 77.1452782009, 0.838947545543, 0.142817374616, 0.098680971193, 79, 2019
N, -100, 0.9979930690882219, 64.4575948896, 58.6530918606, 1.09275991597, 0.0584835196743, 0.0275551182979, 79, 2019
E, 100, 0.9677224604338664, 48.2344485873, 47.6749622414, 0.990728419284, -0.198039901775, 0.0285684388592, 79, 2019
Z, -100, 0.9898316377005829, 31.7065120563, 30.1606839324, 1.07943854725, 0.0473705050827, 0.0521448038587, 82, 2019
N, 100, 0.9633449604618227, 19.6438634352, 21.7888583877, 0.797517020516, -0.0150691314718, 0.135125348191, 82, 2019
E, 100, 0.9817414636213416, 21.037751666, 25.2577699028, 0.825207745097, -0.127375856087, 0.0891568824015, 82, 2019
Z, -100, 0.9991973905009229, 68.886322387, 67.4168752127, 1.03036407485, -0.000261410613605, 0.0273342617845, 85, 2019
N, 23, 0.9991144163413163, 68.0592641269, 65.7584942852, 1.0485805381, 0.00256715196162, 0.0248238253616, 85, 2019
E, 100, 0.9868476796814968, 37.490604641, 38.4291607973, 0.976166884086, -0.181577318361, 0.0268323174028, 85, 2019
Z, -100, 0.9982970566134654, 76.757194053, 75.1112875342, 1.03267653535, 0.0673491618157, 0.00550208007514, 88, 2019
N, 100, 0.9992915354775959, 77.0928996214, 82.6646174033, 0.951815837216, -0.0135230885363, 0.0184317887845, 88, 2019
E, 100, 0.9959315086811102, 39.1384603369, 44.3548617349, 0.86896567783, -0.096241496133, 0.0286665756533, 88, 2019
Z, -28, 0.9997276968848406, 67.7952654715, 64.7017860846, 1.03419682832, 0.014948648874, 7.91854643027e-05, 91, 2019
N, 0, 0.9982472278987812, 51.0026773533, 54.4181662435, 0.955445956695, 0.041474340611, 0.0517577893997, 91, 2019
E, -100, 0.9936795212152415, 33.4656043784, 35.7041341428, 0.953708702761, 0.119199893594, 0.0835662913271, 91, 2019
Z, 0, 0.9987877501818851, 34.7282366049, 35.6633939508, 0.949559715078, -3.11151708006, 3.10869343595, 94, 2019
N, 100, 0.9867538626404606, 17.9792981823, 14.4461817221, 1.28203171382, -0.0118588289289, 0.149043903921, 94, 2019
E, 100, 0.9812900016149486, 22.0832870578, 25.5963076892, 0.951834166614, -0.136887402082, 0.080579350408, 94, 2019
Z, 100, 0.9958231304815254, 43.7417814879, 43.3861281686, 0.994527562233, -0.050532884169, 0.0235998544178, 97, 2019
N, 0, 0.9988542743823524, 38.4108390856, 37.4311391169, 1.03285208046, -0.0175544400305, 0.00469418718619, 97, 2019
E, 100, 0.9759950620356983, 21.6638622206, 19.7841883384, 1.07841634375, -0.262016373181, 0.205531190512, 97, 2019
Z, 100, 0.9994480737937291, 83.3710363277, 81.1400646888, 1.02670960716, -0.0195917334457, 0.00795265513045, 100, 2019
N, -100, 0.9995268946119672, 73.1233124343, 73.6329494118, 0.999402112434, 0.029952777032, 0.0119418692155, 100, 2019
E, 100, 0.9965565801157831, 43.6593630411, 44.0853391731, 0.985891887245, -0.0864969780034, 0.0101215827197, 100, 2019
Z, -100, 0.999796547263587, 91.5148388789, 90.2009238869, 1.0114427624, 0.0194366312119, 0.00765276123989, 103, 2019
N, -78, 0.999492213432508, 90.8718914177, 92.1926458443, 0.998660025764, 0.0262588727038, 0.0283637416377, 103, 2019
E, 100, 0.9959937736104193, 52.149859475, 53.7210662019, 0.982407555778, -0.0999355268188, 0.0110363504953, 103, 2019
Z, -100, 0.9993804315085663, 67.5571721488, 70.2669483018, 0.952317803212, 0.030666021804, 0.0137532559255, 106, 2019
N, 100, 0.9966406532967937, 66.3298602337, 65.3066243718, 1.06686776849, -0.00836676990351, 0.0683532929318, 106, 2019
E, 100, 0.9778014457706862, 38.1532873282, 38.7858078164, 1.00788976794, -0.191549732661, 0.0398386460843, 106, 2019
Z, -100, 0.9963396327182316, 39.8466599217, 36.1134327059, 1.08890338546, 3.0972024733, 3.04701553489, 109, 2019
N, 100, 0.9521802179613327, 21.6176157178, 27.5850226904, 0.691125080643, -0.0087774123881, 0.1856842308, 109, 2019
E, -100, 0.9256902021905136, 14.3286193736, 19.137365065, 0.763800993678, 0.184101167724, 0.182362511206, 109, 2019
Z, 100, 0.9982567094341773, 89.2110239676, 85.7880759775, 1.04242682942, -0.0445633159799, 0.0130860704788, 112, 2019
N, 0, 0.9998572064550683, 71.8715682697, 73.9297454188, 0.968243106105, 0.00806371662604, 0.00354659040911, 112, 2019
E, -100, 0.9961626679945372, 44.1787198802, 45.2105761473, 0.997287636627, 0.0192276735618, 0.0417510178408, 112, 2019
Z, 100, 0.9979638972280162, 96.0959711491, 89.2248964034, 1.09018597846, -0.0764052609873, 0.0295507529507, 115, 2019
N, -100, 0.9964470132008492, 87.1813792949, 90.3626771496, 0.974391575718, 0.10743339162, 0.0310853547814, 115, 2019
E, -100, 0.9959740918593303, 57.1314667215, 52.5958433093, 1.08217727411, 0.108722893446, 0.0257527463806, 115, 2019
Z, 100, 0.9981647729102481, 71.3224130688, 67.4364233904, 1.04914229619, -0.0597317273544, 0.00816857908617, 118, 2019
N, -100, 0.9965711436150126, 73.9312398553, 74.6470984115, 1.00811492209, 0.104866016173, 0.0285382824647, 118, 2019
E, -100, 0.9982752005115572, 46.2375233085, 40.1773290326, 1.14267358361, 0.0454348004456, 0.00969564065562, 118, 2019
Z, 0, 0.9921583393634511, 37.7069122626, 41.2623099944, 0.919389061719, 0.0109414640325, 0.0203518284006, 121, 2019
N, 96, 0.9977736356485505, 30.3458436266, 28.4977874923, 1.09852481415, 0.0345352875433, 0.06231478747, 121, 2019
E, 0, 0.9955824485748851, 22.6778064298, 20.7311670803, 1.06570902667, -0.0428058636617, 0.0453633460584, 121, 2019
Z, 100, 0.9978506897725368, 102.221214787, 99.3719014634, 1.02851013738, -0.0724522188478, 0.0121929322571, 127, 2019
N, -100, 0.999349172679935, 86.9870988824, 86.2569807372, 1.0146385346, 0.0441071314372, 0.0108880695561, 127, 2019
E, -100, 0.9987168662574007, 57.5627445702, 51.996198318, 1.13026053225, 0.00540694621338, 0.0250845688967, 127, 2019
Z, 100, 0.9986036669107506, 108.491043139, 107.734499308, 1.00648721271, -0.0539224230973, 0.017690539056, 130, 2019
N, -27, 0.9995178767455464, 107.868032309, 101.328880591, 1.06543318524, 0.0224664545534, 0.0113400659597, 130, 2019
E, 100, 0.9968470345219175, 68.0540986649, 62.6772649926, 1.0803884993, -0.0985956148441, 0.0425084702417, 130, 2019
Z, -100, 0.9979233178255222, 77.8230939981, 74.976136162, 1.05494157118, 0.0822988991955, 0.0397656898367, 133, 2019
N, 100, 0.9984233934885149, 83.3986784823, 85.8920398888, 0.973105548366, -0.0585717357147, 0.00125975670012, 133, 2019
E, 100, 0.9981970315745927, 36.3708690933, 45.6520381038, 0.800860429678, -0.0316012509866, 0.000518220086375, 133, 2019
Z, 0, 0.9951810038537404, 39.4433882773, 39.3606357622, 1.02920448895, -0.221773606995, 0.259255259157, 136, 2019
N, 100, 0.9967943606743341, 25.5115569579, 28.8396503291, 0.910230888293, 0.109502403479, 0.181360096908, 136, 2019
E, 0, 0.9814496938293099, 15.9554500341, 18.590774595, 0.892484681841, 0.198281366489, 0.206165753877, 136, 2019
Z, 36, 0.9999460573989766, 100.552420959, 94.9307173145, 1.06047695794, -0.0109228454055, 0.00669044812557, 139, 2019
N, 0, 0.9994621735828605, 73.4411090453, 79.1562671179, 0.91590062487, 0.0158099649991, 0.00877193689106, 139, 2019
E, -100, 0.992328122914753, 50.8377207568, 49.890754488, 1.02598759922, 0.141173315495, 0.0260095729977, 139, 2019
Z, -100, 0.18578556006450087, 73.3836949585, 110.61943876, 0.511026398303, -0.175777447143, 1.47891956261, 142, 2019
N, -100, 0.5250298589151854, 582.978824852, 99.7467866617, 5.4706481521, 0.62284249929, 0.410825125709, 142, 2019
E, -100, -0.40299318571247317, 311.141918786, 61.6533973816, 3.5677292643, -2.38807710973, 0.184978670249, 142, 2019
Z, 100, -0.33301640812218103, 125.943002523, 85.8062505672, 1.05378842541, 1.85109230316, 0.435591384748, 145, 2019
N, 100, 0.871399847718314, 3614.7742249, 89.037980722, 37.0873440504, 0.106716997991, 0.32550551438, 145, 2019
E, 100, -0.5549775422932952, 1783.43105736, 51.697263829, 31.1071251157, -0.841552332535, 2.97329479572, 145, 2019
Z, -100, 0.9961131020850706, 56.8234090224, 50.4435046192, 1.15943204562, 0.0302363108894, 0.0173232006128, 148, 2019
N, 0, 0.9995081004008451, 58.5160088555, 56.4900070902, 1.00722860662, -0.0316862616083, 0.0356849520098, 148, 2019
E, -100, 0.9664199299989744, 27.9469438158, 30.2405600559, 0.938846519739, 0.319679713316, 0.193775364228, 148, 2019
Z, 100, 0.9994284258980228, 52.4190953795, 49.7838901337, 1.03956171634, 0.0660467773713, 0.0764142836009, 151, 2019
N, 100, 0.9948190853141333, 41.6748670764, 44.1670317518, 0.92102023176, -0.113271496278, 0.0347972573536, 151, 2019
E, -100, 0.9929275379911631, 24.3894608597, 26.4375730104, 0.936021631316, -0.240977403187, 0.285442250728, 151, 2019
Z, 0, 0.9995317129216954, 122.296338818, 105.461468588, 1.15927113539, 0.0241010727354, 0.0267144795151, 154, 2019
N, -100, 0.8449241192916233, 57.4340049093, 89.5022307539, 0.522352425358, -3.36508501607, 2.63826990788, 154, 2019
E, -100, 0.9941509874543597, 55.1646497317, 55.4880739535, 1.01420095504, 0.0838339045219, 0.00668298891864, 154, 2019
Z, -100, 0.9993373436647084, 152.557581511, 128.281818833, 1.18789040815, 0.0174205989377, 0.0200246800175, 157, 2019
N, -100, 0.7182597644701949, 64.5153872242, 112.531342927, 0.576052829263, 0.649797840371, 0.204660345193, 157, 2019
E, -100, 0.9812423373535715, 55.6284574662, 71.0691624759, 0.73039938356, 0.0747783712217, 0.00205901662686, 157, 2019
Z, -100, 0.9989368841584355, 105.762873543, 92.7926431504, 1.14483998117, 0.0264684336098, 0.0208355873139, 160, 2019
N, 0, 0.9995934921187607, 87.7968601553, 99.0356725978, 0.889101063539, -0.0105573568313, 0.00156262778088, 160, 2019
E, -100, 0.9867527168436634, 44.9797914991, 57.8965415516, 0.787714282618, 0.173979960737, 0.0220587977863, 160, 2019
Z, 100, 0.9576369434636945, 60.2028086937, 41.3238762382, 1.59109083838, 0.00552376478187, 0.246104852974, 163, 2019
N, 100, 0.5940135385733359, 48.6295130232, 54.9295056128, 0.720132187496, -0.664054240684, 0.0397498964674, 163, 2019
E, -100, 0.9634261349234676, 18.8924149652, 25.303440915, 0.771449901654, -0.064097443358, 0.323162803296, 163, 2019
Z, 100, 0.9990537840062272, 102.40867688, 89.207348546, 1.16101740385, -0.0704652584217, 0.0440709514724, 166, 2019
N, -100, 0.9810818697462638, 59.6145589303, 71.9950574488, 0.825581941036, -2.92039938696, 3.18603628191, 166, 2019
E, -100, 0.9264381317058331, 55.040772347, 48.2572306364, 1.1811274588, 0.36158937512, 0.0260624382884, 166, 2019
Z, 15, 0.9998311568694181, 128.643207214, 119.014679656, 1.07793667039, -0.0151183897745, 0.00974381383628, 169, 2019
N, -100, 0.9990291768556524, 93.182094883, 103.220297707, 0.900874799172, 0.0421481897887, 0.000898728129352, 169, 2019
E, -100, 0.9887441017013988, 62.0440147619, 64.8703434034, 0.961624679558, -2.9927405321, 3.15086895731, 169, 2019
Z, 100, 0.9992922524901369, 110.714585184, 103.553065484, 1.07384206509, -0.0313238420483, 0.0216185577621, 172, 2019
N, -100, 0.9991909742422697, 90.6981854632, 96.6163070073, 0.9422563624, 0.0396936661729, 0.00184227856586, 172, 2019
E, -100, 0.9969889692646812, 55.1811169807, 59.9317636372, 0.926511703858, 0.0829113649757, 0.00285507095848, 172, 2019
Z, -100, 0.9993290488847709, 70.7651781185, 64.2494305221, 1.10172313586, 0.00672720180826, 0.0107221856086, 175, 2019
N, -34, 0.9991236297538425, 68.7046847494, 73.7989158715, 0.919400405623, -0.00743058505588, 0.0224968436592, 175, 2019
E, -100, 0.9894952510263505, 32.1287642779, 40.214626419, 0.757749382547, 0.0259873629573, 0.107187600075, 175, 2019
Z, 100, 0.9989056282276864, 48.9805437328, 40.2747141879, 1.23903398108, -0.0599552600249, 0.025653240312, 178, 2019
N, -100, 0.9845032876636011, 31.5826669575, 36.5884813869, 0.874520477659, 0.178045846319, 0.0745209821595, 178, 2019
E, -100, 0.852961417987406, 25.8449113059, 23.1469644488, 1.06913709245, -2.12848569538, 2.65403057758, 178, 2019
Z, 100, 0.9995600320199203, 105.177584134, 94.0087538241, 1.11537705294, -0.0327292834115, 0.00112061242289, 181, 2019
N, -100, 0.9924995762141345, 67.6858868071, 78.0817976375, 0.864565925096, -3.01135326869, 3.14166346774, 181, 2019
E, -100, 0.9663829962885434, 53.6302943088, 50.5711178214, 1.07754581497, 0.249498178131, 0.0193724112772, 181, 2019
Z, 100, 0.9996316280437396, 144.790505925, 134.614103522, 1.07408479408, -0.0315213042869, 0.0137645776945, 184, 2019
N, -100, 0.9976505442955272, 105.514391915, 114.764404663, 0.918570628711, 0.0771304430595, 0.00576309661411, 184, 2019
E, -100, 0.9894204375650099, 72.7178692435, 73.3557561921, 1.00056928796, -3.00364789873, 3.15606691927, 184, 2019
Z, 100, 0.999439302488429, 121.336621314, 112.28998672, 1.07620352871, -0.0267296030162, 0.0170050026056, 187, 2019
N, -100, 0.9994353545935014, 102.011589821, 106.877261951, 0.960675469032, 0.0334040517761, 0.00237313814285, 187, 2019
E, -100, 0.9980236726079006, 60.4837953789, 66.2040573764, 0.917883712148, 0.0591494504998, 0.006589227704, 187, 2019
Z, 100, 0.9985486166623885, 52.1533492642, 44.6468528655, 1.16546907016, -0.0569097396971, 0.0150220909244, 190, 2019
N, -100, 0.9951349305081745, 68.4999630549, 73.6583635817, 0.910303079999, -0.0234834641403, 0.116410973087, 190, 2019
E, -100, 0.9683733634439997, 23.9486677544, 31.6343724938, 0.715031194544, -0.021013211852, 0.238199536699, 190, 2019
Z, 0, 0.9991024999321768, 130.074307514, 111.410897256, 1.1495283179, 0.0281972471995, 0.0390433799604, 196, 2019
N, 100, 0.9778420477851696, 87.5328136895, 92.5379405931, 0.899397922042, -0.182333212096, 0.13401439203, 196, 2019
E, -100, 0.8854206734921648, 60.5667292216, 62.052394705, 0.893850289322, 0.616478359843, 0.204106940141, 196, 2019
Z, 76, 0.9983548873345093, 83.1875172756, 73.5899228012, 1.12726882662, -0.0254922810789, 0.0199142377651, 202, 2019
N, -100, 0.9979337594529605, 68.313743721, 75.5387115589, 0.894842453793, 0.019170059601, 0.029680286111, 202, 2019
E, -100, 0.9696747211461743, 35.3583814895, 43.9170818955, 0.773816445076, 0.18146424779, 0.0877546221175, 202, 2019
Z, 100, 0.9943829118743707, 39.5313769939, 32.8461220597, 1.18841052578, -0.164393615434, 0.0777410414127, 205, 2019
N, -100, 0.9976650832993196, 44.0703435449, 51.2645725616, 0.829417939396, 3.07828508239, 3.02663699625, 205, 2019
E, -100, 0.8581330347833005, 17.4531549391, 21.0503118209, 0.85749935583, -2.21417557717, 2.74090040635, 205, 2019
Z, 100, 0.998493968027299, 77.5981940023, 71.4939757327, 1.07644548794, -0.0525143228281, 0.00769293476507, 208, 2019
N, -100, 0.9886190745972109, 52.4386127525, 57.0813179407, 0.905659112965, 0.200935779787, 0.0546543314816, 208, 2019
E, -100, 0.9701658982067488, 43.9626843436, 39.5227042056, 1.11991617255, 0.271826670475, 0.031614385227, 208, 2019
Z, 100, 0.9990573737993079, 125.59965569, 120.582508093, 1.03576783883, -0.0475956380183, 0.00923118856, 211, 2019
N, -100, 0.995326949798898, 94.8561437912, 97.9799291799, 0.967773154999, 0.106446555674, 0.0104992840319, 211, 2019
E, -100, 0.9955096774921763, 70.0264877141, 67.1338375784, 1.07014446712, 0.0520185118603, 0.0367811410971, 211, 2019
Z, 100, 0.9992132869004238, 125.192946655, 120.572906177, 1.0355457134, -0.0386616372056, 0.00419950531931, 214, 2019
N, 0, 0.9997282022469983, 106.059585272, 107.908336522, 0.977866142359, 0.0125460644647, 0.00511005881695, 214, 2019
E, 0, 0.9996115199314136, 66.068801399, 68.7935269922, 0.947026643877, -0.013949418147, 0.0242100580572, 214, 2019
Z, 100, 0.9976043724509362, 61.4537715691, 51.3449851238, 1.20018581904, -0.0173956663004, 0.017733373513, 217, 2019
N, -100, 0.862124068347645, 122.721917766, 72.6203127115, 1.99460866376, 0.499330972648, 0.568820443142, 217, 2019
E, -100, 0.24064516513545428, 61.9408432095, 34.7952935639, 1.61695255189, -0.817975951747, 2.09782971615, 217, 2019
Z, 100, 0.9899326311037411, 57.7022447285, 55.7761299397, 0.996119541795, -0.0720022577799, 0.0668558585456, 220, 2019
N, 100, 0.5886352230082615, 154.308717378, 41.6818375696, 2.60846476463, 2.99412720684, 2.05488190897, 220, 2019
E, -100, 0.8117401743590332, 92.244533201, 30.8024334184, 2.63762667986, -0.653535393743, 0.741336976196, 220, 2019
Z, 100, 0.9984499849119033, 98.863853869, 95.2826563404, 1.03393228313, -0.0640869526194, 0.00742759787415, 223, 2019
N, -100, 0.9879124174506536, 67.5694319723, 72.8215152322, 0.942894156429, 0.152265242147, 0.00599048121991, 223, 2019
E, -100, 0.9907846923332186, 59.4437889989, 54.0617477362, 1.10019407261, 0.146022611925, 0.0170394090804, 223, 2019
Z, 100, 0.9995897043729406, 104.779014397, 99.825104212, 1.04397075565, -0.0111110325094, 0.0135697066838, 226, 2019
N, -100, 0.9973328756690804, 79.1156887454, 84.6378145677, 0.926080642387, -3.0623633491, 3.14260592415, 226, 2019
E, -100, 0.9953545443475289, 54.3238174133, 56.2414078194, 0.954280686117, 0.067376929384, 0.0391073316878, 226, 2019
Z, 100, 0.9981597548791541, 80.6588756772, 72.3446533249, 1.11088716195, -0.0361701070362, 0.0114296998115, 229, 2019
N, -100, 0.9958397410245374, 64.4513894499, 69.4942551003, 0.904212026101, 0.0543559428454, 0.0366766261782, 229, 2019
E, -100, 0.962163574426953, 35.3524468024, 41.3343024667, 0.841162141246, 0.200689978056, 0.0998694834346, 229, 2019
Z, 100, 0.9648992276162024, 34.5091246813, 24.8781245404, 1.4180292694, -0.267029768873, 0.0122987744219, 232, 2019
N, -100, 0.9852079871107657, 38.6375720268, 45.908600519, 0.790459184604, 0.0493313984824, 0.147461580859, 232, 2019
E, -100, 0.6238750819275289, 15.715194855, 16.3078801349, 1.0521890235, -1.62640006222, 2.5395237039, 232, 2019
Z, 100, 0.9874075204704458, 52.4247529222, 49.9038961903, 1.01933073012, 3.02094382682, 3.19217204044, 235, 2019
N, -100, 0.9336126823111773, 44.6193783337, 39.5626191672, 1.13437608603, 0.322088081932, 0.128405702404, 235, 2019
E, -100, 0.9734378978608763, 44.5297500183, 27.3323143147, 1.6408911575, 0.215217248212, 0.0160741617839, 235, 2019
Z, 100, 0.996543494074344, 103.215161634, 97.6301471412, 1.0446088186, -0.0718096493331, 0.0190270731141, 238, 2019
N, -100, 0.9748349311944711, 74.028066604, 74.5105633302, 1.01780650771, 0.189260773037, 0.0541444810208, 238, 2019
E, -100, 0.9892844671260309, 65.6357113363, 54.5058827882, 1.21436052031, 0.0766115983761, 0.0756744102449, 238, 2019
Z, 100, 0.9991897786427265, 119.426405547, 110.604307441, 1.07529584132, -0.0372671144919, 0.00135266722547, 241, 2019
N, -100, 0.9914005889069589, 84.8431869902, 92.3777497515, 0.919944889626, 0.134624158131, 0.00724278405949, 241, 2019
E, -100, 0.9841949361671335, 63.323149907, 62.9635296136, 1.00521297861, 0.16514851923, 0.0276247700854, 241, 2019
Z, 100, 0.9981262256436061, 66.1231495638, 57.7589723368, 1.14154913397, -0.0320027671959, 0.00801030821072, 244, 2019
N, -100, 0.9960009645622436, 63.4347408953, 67.1594385816, 0.91491299676, 0.068357892755, 0.0365968693297, 244, 2019
E, -100, 0.9584951988297984, 29.5145248951, 34.5961454999, 0.818603152083, 0.216382595326, 0.11080379454, 244, 2019
Z, 100, 0.983771296237499, 43.3746972532, 43.4263683752, 0.927788867727, -0.049652335833, 0.121014383224, 247, 2019
N, -100, 0.9707997498144907, 35.1600392009, 34.0119961867, 1.05351709962, 0.20411820074, 0.151950688016, 247, 2019
E, -100, 0.98201708730081, 33.981237788, 23.5174764513, 1.48329915655, 0.0245047671574, 0.0614532183281, 247, 2019
Z, 100, 0.9951096570798071, 86.9241603585, 84.9067282963, 1.01477124219, -0.0782713602013, 0.032110034116, 250, 2019
N, -100, 0.9643174910099668, 60.1646694392, 58.5720482832, 1.07516523568, 0.205031094909, 0.0993353700755, 250, 2019
E, -100, 0.9884678779866063, 58.7359307571, 46.6862618739, 1.25122037333, 0.130985406485, 0.0325908334543, 250, 2019
Z, 100, 0.9957900931708706, 87.6509630945, 84.624725673, 1.03206535962, -0.0983028755753, 0.00437154286491, 253, 2019
N, -100, 0.9816507197727308, 65.0808844704, 65.1319570568, 1.01939059184, 0.189966748522, 0.00495222565054, 253, 2019
E, -100, 0.9915192237759914, 55.8146265697, 48.4027899987, 1.16731102628, 0.0914328540003, 0.0406650601541, 253, 2019
Z, 100, 0.9930367453131107, 63.1938815666, 60.2687625752, 1.05254568862, -0.1203177706, 0.000710965101153, 256, 2019
N, -100, 0.9893882952927942, 55.4164832134, 56.4418905565, 0.961060815107, 0.136410254285, 0.022377712977, 256, 2019
E, -100, 0.9957691195439449, 37.0994044847, 34.1868209132, 1.09082568957, 0.00737073454888, 0.0746106952592, 256, 2019
Z, 100, 0.9613540221291004, 17.8284592353, 15.1466369863, 1.19467827019, -0.0944711024047, 0.0408679611709, 259, 2019
N, -100, 0.9609384113195057, 34.5174582713, 33.0922083946, 0.938290853813, 0.0418785582144, 0.296654104112, 259, 2019
E, -100, 0.6402397357257837, 10.0990403588, 10.3596198743, 0.539095494122, 0.0273617400517, 1.10963633303, 259, 2019
Z, 100, 0.993990807327254, 42.7261336903, 46.0300261341, 0.887844966204, -0.0096675856846, 0.0779178849803, 262, 2019
N, -100, 0.9683318449119929, 42.2091514205, 37.0492687386, 1.17923878277, 0.0605131526763, 0.118526660326, 262, 2019
E, 100, 0.9860758061473544, 35.9881690012, 23.7823984351, 1.42755530107, -0.0782125699707, 0.0196120113142, 262, 2019
Z, 100, 0.999111910322641, 84.434354525, 86.319340054, 0.9708194639, -0.0109890897802, 0.0315844977887, 265, 2019
N, -100, 0.9913862743266906, 65.1889373548, 63.2074045587, 1.06357596644, 0.080799339526, 0.0656440861355, 265, 2019
E, 0, 0.9973351023967663, 54.7275302111, 46.8379306987, 1.1595634233, -0.0421023486546, 0.0551238894555, 265, 2019
Z, 100, 0.9992767368768491, 98.7237597821, 95.1351287723, 1.03825947931, -0.0209334996948, 0.023496586288, 268, 2019
N, -100, 0.9897833559787933, 67.6133246678, 71.1333074769, 0.946518196014, 0.148323378127, 0.00368572436394, 268, 2019
E, -100, 0.9921054576241032, 55.1249981665, 54.1582345907, 1.01047319702, 0.131072546237, 0.00613758590872, 268, 2019
Z, 0, 0.9974609399856226, 60.7155088831, 54.1266551175, 1.14996451244, 0.017282129534, 0.043289648335, 271, 2019
N, -100, 0.9847972646348163, 53.0621717979, 56.2839682288, 0.906323186453, 0.144407286525, 0.0711472794255, 271, 2019
E, -100, 0.9212658610895518, 30.5534290022, 31.3193792712, 0.919057128942, 0.317021813413, 0.139317616397, 271, 2019
Z, 100, 0.9948671317446607, 45.6319697742, 49.2325189478, 0.890345114681, 0.0225112556534, 0.0655545607929, 274, 2019
N, -100, 0.991263473889846, 40.7103275162, 35.2995125333, 1.14853472772, 0.0121329568702, 0.125337607458, 274, 2019
E, 100, 0.9377874195109205, 33.6443593208, 25.0728891791, 1.25111809635, -0.295779382883, 0.0616600126921, 274, 2019
Z, 100, 0.9988707840709388, 91.2506858009, 93.1521241947, 0.977793280908, -0.00390973993119, 0.0359941247988, 277, 2019
N, -100, 0.9907091260371852, 70.0161852448, 64.485377491, 1.10051608495, 0.101272618843, 0.0328426218261, 277, 2019
E, 100, 0.9962973717395093, 60.6351083229, 50.5183948751, 1.17327592091, -0.00491777083028, 0.02744310915, 277, 2019
Z, 100, 0.9966148888696981, 82.0747638475, 85.9081226086, 0.948865302339, -0.0844432840995, 0.00654619606793, 280, 2019
N, -100, 0.985115915023687, 67.8939300577, 58.3379790547, 1.20578396775, 0.124433803265, 0.062244317703, 280, 2019
E, 100, 0.998709538762296, 59.4784963431, 47.6004082465, 1.24856205564, -0.0576569450772, 0.0285566557848, 280, 2019
Z, 100, 0.9976198216684015, 47.9064999204, 49.9634044039, 0.973749775402, -0.0352104127185, 0.03487520804, 283, 2019
N, -100, 0.9917371351360236, 44.3596373751, 41.1134533386, 1.0569505111, 0.101796632584, 0.0440173253748, 283, 2019
E, -100, 0.9916371003933068, 32.2782159844, 29.4698981439, 1.02657931881, -0.051639956545, 0.122379980428, 283, 2019
Z, -100, 0.7973653879784514, 11.4536414014, 13.8229107492, 0.721367563282, -1.39020235971, 1.72329450658, 286, 2019
N, -100, 0.9061321273896255, 24.8612926643, 27.6737760545, 1.08125136424, -0.124555752817, 0.576340033869, 286, 2019
E, 100, 0.572755451122876, 16.9595906106, 5.5473054191, 4.56069813227, 2.01374921591, 3.59643935897, 286, 2019
Z, 0, 0.9989804460108846, 53.6652845636, 60.7484040906, 0.885139645876, 0.00325643811358, 0.0160624413242, 289, 2019
N, -100, 0.9974787508500533, 58.9714397745, 46.907367617, 1.26324119368, 0.00152786559647, 0.0531768068205, 289, 2019
E, 100, 0.9337479959064745, 45.6483832697, 31.9655823986, 1.32625780286, -0.31222428657, 0.0817047300156, 289, 2019
Z, 100, 0.9987168748866654, 93.1463491005, 96.7728622036, 0.964255074491, -0.00819280848512, 0.034046397695, 292, 2019
N, -100, 0.9934699152117729, 79.906080633, 72.597286754, 1.10206727561, 0.0482897926013, 0.0357664167184, 292, 2019
E, 100, 0.9863001083562476, 65.7498443905, 53.6718087713, 1.18245511487, -0.0946974984722, 0.0404329559217, 292, 2019
Z, 100, 0.9983666830276934, 100.005011816, 100.452218655, 1.00016205863, -0.0411812070913, 0.0241532108702, 295, 2019
N, -100, 0.9877642521295563, 74.3552206732, 70.7689852425, 1.07749208344, 0.111824851588, 0.0612136355402, 295, 2019
E, -4, 0.997311622878255, 66.1210085012, 55.4758742266, 1.15881416403, -0.0147714190455, 0.0566147270453, 295, 2019
Z, 100, 0.9899373345323946, 56.4489595166, 53.0600426131, 1.09050695998, -0.123797857548, 0.0448436794824, 298, 2019
N, -100, 0.9672510676814954, 46.7587075501, 43.1901590917, 1.11103803124, 0.279112402697, 0.0284754249537, 298, 2019
E, -100, 0.9833311787682194, 42.3018404588, 32.9726498713, 1.31931093733, 0.209743244044, 0.067381394906, 298, 2019
Z, -100, 0.9984552087097932, 55.7551709626, 58.4973756447, 0.961387084498, 0.0388764292351, 0.00259915148103, 301, 2019
N, 100, 0.9992851996228919, 46.0569678605, 41.375945103, 1.10164024672, -0.0202805434277, 0.00766589949468, 301, 2019
E, 100, 0.9491790705331679, 31.4919207679, 29.0280243848, 0.986938875382, -0.14958395666, 0.192976540078, 301, 2019
Z, 100, 0.9995243663171953, 105.65229294, 109.533109402, 0.969845976243, -0.0252828480504, 0.00131082891157, 304, 2019
N, -100, 0.9954336006621225, 93.3999463421, 80.7456955325, 1.14345191916, 0.105281433512, 0.00663231729146, 304, 2019
E, 100, 0.9882632116207882, 76.5001560632, 62.6094660883, 1.1810667073, -0.0895802770456, 0.0679427386835, 304, 2019
Z, 100, 0.9996916585216759, 103.080509067, 110.178846337, 0.934076290451, -0.0198168655935, 0.00838521883506, 307, 2019
N, -100, 0.996576315817286, 86.4316162027, 76.0038050577, 1.15683301982, 0.0185412506053, 0.043465880435, 307, 2019
E, 100, 0.9887264470575948, 72.7926592282, 61.0020680836, 1.18091419452, -0.144905751033, 0.00176895605157, 307, 2019
Z, 100, 0.9997252186704442, 61.5739226606, 67.2270649335, 0.921344878977, -0.0236750625908, 0.00768800316734, 310, 2019
N, 0, 0.9872927127484595, 55.6242358961, 46.0306028213, 1.18928805078, -0.103031094464, 0.143569214197, 310, 2019
E, 100, 0.9905863516659721, 43.1225829041, 38.2271614958, 1.09375086552, -0.15466231867, 0.0597285687021, 310, 2019
Z, -100, 0.9777975600938493, 17.1504560423, 21.8189425321, 0.80090046259, 0.396651313716, 0.385674381232, 313, 2019
N, -100, 0.4719902723003987, 58.105343496, 25.1552091209, 2.36654917643, -1.3449627136, 2.34823178626, 313, 2019
E, -100, 0.9398980235723841, 22.1628511329, 12.1869410484, 1.92921487221, -1.90688692817, 4.24035340795, 313, 2019
Z, 0, 0.9997477111678122, 66.6679604117, 72.9493772745, 0.922010509836, 0.00452661657059, 0.00660695558431, 316, 2019
N, -100, 0.9996776581196246, 69.3890989242, 57.1051550325, 1.20764572203, 0.00532478292663, 0.0115051028546, 316, 2019
E, 100, 0.931576573695205, 48.1026602482, 38.0595677668, 1.16188689951, -0.278844529014, 0.110912162319, 316, 2019
Z, -100, 0.9993414045807818, 110.365129582, 115.137226308, 0.956741076378, 0.0473791596765, 0.0165139433849, 319, 2019
N, 100, 0.9986500830144704, 95.757419397, 88.1221600069, 1.09011703741, -0.0370762780624, 0.0284692234609, 319, 2019
E, 100, 0.9734107262675333, 66.8963263357, 64.8180014561, 1.00111759902, -0.208124863587, 0.0265901951298, 319, 2019
Z, 0, 0.999594630822449, 120.394628052, 121.178400378, 1.00171748582, 0.0114388075838, 0.0192776081908, 322, 2019
N, -100, 0.9970458048745614, 94.2352735884, 89.0816649355, 1.04946781827, 0.0498302391736, 0.00811097608937, 322, 2019
E, 100, 0.9951759759278812, 72.3302371388, 69.0189591374, 1.04160928323, -0.013692543933, 0.04909709109, 322, 2019
Z, 100, 0.9949100289731758, 78.9806388688, 78.8926576062, 0.991545295514, -0.11454132628, 0.0094717371624, 325, 2019
N, -100, 0.991767799260917, 66.9665413946, 53.5911800161, 1.27381733254, 0.114081087497, 0.0155760812333, 325, 2019
E, 0, 0.9992437558049274, 59.1304873012, 44.9380992628, 1.34306540522, 0.0220627609493, 0.0401007539978, 325, 2019
Z, 100, 0.9995756094205177, 52.6322587645, 56.0303797989, 0.931879191996, -0.00798754555399, 0.0240665867993, 328, 2019
N, 55, 0.9988897671236474, 49.8768097797, 43.0060591482, 1.14763139494, -0.0314660341886, 0.0139398373254, 328, 2019
E, 100, 0.9606560524922951, 35.440333817, 28.0917804413, 1.22404268688, -0.254432502241, 0.0489545828946, 328, 2019
Z, 100, 0.9992672905405112, 115.214433335, 119.329892903, 0.964075702524, -0.0403535843678, 0.00106796047223, 331, 2019
N, -100, 0.9977278547397618, 98.4144560768, 89.6280896653, 1.0970225186, 0.0646992058518, 0.0110413750232, 331, 2019
E, 100, 0.9892240370018915, 77.1037952571, 65.9129426359, 1.1364635561, -0.114150786399, 0.0426783329713, 331, 2019
Z, 0, 0.9999664201733099, 125.196210336, 131.116887318, 0.953549495733, 0.00498360253989, 0.00322531615953, 334, 2019
N, -100, 0.999172666360016, 107.80623775, 97.498211028, 1.10054583609, 0.0380848915737, 0.00259746417426, 334, 2019
E, 100, 0.9873707973879106, 84.0931724996, 76.7096456754, 1.07661767078, -0.141573582889, 0.0249281611878, 334, 2019
Z, 0, 0.9998629022120398, 96.3931148897, 99.7016405421, 0.968992884962, -0.00626325138822, 0.0031473984994, 337, 2019
N, -100, 0.998876686614952, 76.6214748126, 68.4071078254, 1.11724315225, 0.0419645901251, 0.00315954019422, 337, 2019
E, 100, 0.9972015899820815, 60.0870352952, 55.9604008659, 1.08539712993, -0.0545413175732, 0.0206085461127, 337, 2019
Z, 100, 0.9893882391886878, 43.5839796939, 43.6889875844, 0.988448340247, 2.96879651901, 3.10888292066, 340, 2019
N, -100, 0.9971323736281121, 51.0374544715, 38.9516690068, 1.29128893228, 0.0744494720459, 0.036989571793, 340, 2019
E, 100, 0.9866375063577626, 38.2188239592, 27.5068833242, 1.49059716221, 0.211238188121, 0.268283546388, 340, 2019
Z, -100, 0.9976312817666788, 63.3865729962, 69.2047198243, 0.903471032329, 0.089396125027, 0.0437385840332, 343, 2019
N, 100, 0.996835660521196, 69.3635277966, 58.5489254699, 1.19980922001, -0.127192934074, 0.0648390324142, 343, 2019
E, 100, 0.932171334858029, 41.0162976536, 36.4334246154, 1.08351458774, -0.390847608178, 0.0162119246709, 343, 2019
Z, -100, 0.9997392203315791, 117.73442904, 122.053990115, 0.970819276944, 0.0175510906461, 0.00331032569222, 346, 2019
N, 0, 0.9992981917516588, 103.538711598, 94.9676240847, 1.06998274443, 0.0124903797425, 0.0155188509576, 346, 2019
E, 100, 0.9772934655624517, 71.6722526563, 66.6307390644, 1.02373321312, -0.147684352428, 0.0791478033109, 346, 2019
Z, 100, 0.9997168627785743, 138.702585558, 139.453544824, 0.999304724993, -0.0207783575567, 0.0050044226952, 349, 2019
N, -100, 0.9938697042459615, 114.36800892, 106.87014878, 1.06083171816, 0.115237955556, 0.00936380648992, 349, 2019
E, 100, 0.9963288021591452, 90.42319526, 81.2847358767, 1.10688814622, -0.0196967408568, 0.0489817241855, 349, 2019
Z, 100, 0.9989706122294323, 107.073857748, 108.584194207, 0.989566695983, -0.046917685325, 0.00744960978319, 352, 2019
N, -100, 0.992215229780049, 89.6102841353, 73.6025630322, 1.22321296719, 0.093242561066, 0.040913956497, 352, 2019
E, 100, 0.9989177986186232, 76.884777697, 61.4739452748, 1.24097359456, -0.0442412826161, 0.00864153027814, 352, 2019
Z, 100, 0.9959605483331168, 41.338849184, 44.821930801, 0.925314375195, 0.249154328705, 0.293076147171, 355, 2019
N, 100, 0.9924313519906102, 51.090552601, 41.8394335161, 1.18770987866, -0.126858509781, 0.0383742178505, 355, 2019
E, 100, 0.9746649413799455, 32.467425411, 23.9564730482, 1.35286871388, -1.9886786288, 1.75949397033, 355, 2019
Z, 79, 0.9996774271147448, 107.097137548, 110.267398695, 0.967935189983, -0.0102644864262, 0.00581384411494, 358, 2019
N, -100, 0.9992933454992345, 94.3273671913, 85.9117857678, 1.07982180999, 0.0419490961813, 0.0155910795113, 358, 2019
E, 100, 0.9869710784036091, 66.2889219619, 59.3296579079, 1.0979721951, -0.137806852627, 0.0355035517558, 358, 2019
Z, 100, 0.9996639708602438, 133.285335007, 136.682028095, 0.976362273886, -0.0297082047377, 0.00833935206701, 361, 2019
N, -100, 0.9977812611566428, 117.693778833, 105.25019, 1.11405480647, 0.0788159574554, 0.00900945839903, 361, 2019
E, 100, 0.990558015308706, 91.7811779693, 79.3718158752, 1.13491926013, -0.109103637591, 0.0441528442064, 361, 2019
Z, 100, 0.9988673560621858, 113.921065895, 118.237655988, 0.971641265526, -0.0382836805092, 0.00545917207197, 364, 2019
N, -100, 0.8937502596044643, 140.623486419, 85.47276002, 1.53845745053, 0.586557532397, 0.216238663899, 364, 2019
E, 100, 0.9866333166414478, 79.4651430489, 70.0047010734, 1.12909825361, 2.97606216809, 3.13107183913, 364, 2019
