Chan, Phase Shift, Correlation, ptp-data, ptp-synthetic, rat, phasem, phasestd, DOY, Year
Z, 28, 0.9999242176604338, 121.353332566, 117.054100198, 1.03482006679, -0.0224005302455, 0.021165030334, 1, 2019
N, 100, 0.9976346291321339, 105.659586511, 94.549331731, 1.12808524459, -0.102954516495, 0.0247327022995, 1, 2019
E, -100, 0.9994233563131887, 59.5000523496, 61.2047616772, 0.95228911354, 0.0763755670653, 0.0508419381362, 1, 2019
Z, 0, 0.9999641843879058, 171.66088848, 166.270764314, 1.0397686005, -0.0118476097967, 0.012513661777, 4, 2019
N, 100, 0.9996263254854699, 188.158148998, 167.985864987, 1.12481507035, -0.0285085666707, 0.0157406376018, 4, 2019
E, -100, 0.9995549731535222, 89.6658533335, 90.3443808049, 0.9754011749, -0.0224961250764, 0.0273438080493, 4, 2019
Z, -31, 0.9999839328830982, 183.887327919, 179.79214574, 1.0231942903, 0.00347201925202, 0.00513859789722, 7, 2019
N, 100, 0.9999044257119508, 261.795217553, 240.771713181, 1.08735317259, -0.0425642430439, 0.017860144331, 7, 2019
E, -77, 0.999465847652855, 95.4513605281, 96.5818883388, 0.992561908492, -0.0408881544043, 0.044369934048, 7, 2019
Z, 0, 0.9999587938182415, 155.012495273, 152.832607254, 1.01251703313, -0.00231022282537, 0.00472160474753, 10, 2019
N, 100, 0.9999223263971095, 266.655698414, 247.278764234, 1.07354530245, -0.0317894103783, 0.0107748085975, 10, 2019
E, -100, 0.9995506724821253, 76.9039210692, 78.1508201864, 0.980875914786, 0.00085559897564, 0.0144060097504, 10, 2019
Z, 88, 0.9997986034495479, 101.061303174, 98.0726058657, 1.032898551, -0.0284032507891, 0.00983330013772, 13, 2019
N, 95, 0.9997282141719783, 208.240931138, 191.569401703, 1.08337504393, -0.0481888077128, 0.0212957357768, 13, 2019
E, -100, 0.9967437595270633, 44.4062976283, 42.8260971052, 1.04476024812, 0.0852870841298, 0.0356331155574, 13, 2019
Z, 8, 0.9998387511413185, 95.4625253084, 92.7176080514, 1.04671489307, 0.00786525998267, 0.0269999207015, 16, 2019
N, 100, 0.9982547815122885, 112.380140945, 101.201229472, 1.10821668054, -0.0636958141475, 0.0191354757013, 16, 2019
E, -54, 0.9990465632567253, 48.0037141183, 48.3548296765, 0.980578924358, 0.124138908993, 0.0842433341581, 16, 2019
Z, 5, 0.9999765705237595, 179.714974897, 174.75747455, 1.02477421034, 0.0051534949835, 0.0109614344829, 19, 2019
N, 100, 0.9982339926808795, 161.817721685, 149.354025458, 1.07846599187, -0.0376335787016, 0.0162742842942, 19, 2019
E, -100, 0.9998214816042571, 96.9655876277, 95.296052933, 1.00626297553, 0.00140069338575, 0.012980915626, 19, 2019
Z, -8, 0.9999902653127027, 225.785900755, 218.199577677, 1.03750199467, 0.00410216617697, 0.00517148640762, 22, 2019
N, 100, 0.9993307127596249, 281.273305449, 268.076398739, 1.05122560043, -0.0606662313332, 0.0145423259769, 22, 2019
E, -100, 0.9995889212732862, 115.475157755, 111.964230793, 1.03119585384, -0.0102995612162, 0.0224188818897, 22, 2019
Z, 0, 0.9999525569446884, 191.659366227, 186.683135008, 1.02500311841, -0.0185369308489, 0.00864837107013, 25, 2019
N, 100, 0.9988784509685731, 308.79674301, 295.350824645, 1.04008203018, -0.0697322188275, 0.0125889158678, 25, 2019
E, -100, 0.9990647768117769, 87.8320228488, 83.9404812257, 1.06334504591, 0.00498701862039, 0.0256451406811, 25, 2019
Z, 40, 0.9999416998433214, 100.834072234, 99.1422236729, 1.01913737453, -0.00683127030293, 0.0055200211568, 28, 2019
N, 100, 0.9968073295318386, 227.491106324, 212.117859408, 1.06951752444, -0.0957684318782, 0.042997001475, 28, 2019
E, -100, 0.9812603279168026, 32.3399424932, 32.2941637871, 0.962234914087, 0.0897185176142, 0.0650657196342, 28, 2019
Z, 100, 0.748019664708468, 1616.93679901, 168.035151115, 7.5082134134, 0.634958576578, 0.623936739234, 34, 2019
N, 100, 0.699829980845288, 1329.43782876, 172.43965769, 6.62109153336, -0.171304977327, 0.488065359083, 34, 2019
E, -100, 0.2506306916606736, 130.27433307, 94.697121891, 1.00962529091, -1.00358933749, 1.69435581579, 34, 2019
Z, -100, 0.9671714514017625, 199.862802392, 164.323027543, 1.05338746885, 0.0659246462435, 0.107928099159, 40, 2019
N, 100, -0.34298251159494886, 280.675931276, 269.616583149, 1.09042053076, 0.573446964064, 1.03791455941, 40, 2019
E, -100, 0.6517859079420344, 147.848756129, 86.5836015637, 1.44476828117, -0.389147865349, 0.607973795402, 40, 2019
Z, 0, 0.9850355254677544, 93.660737198, 101.56027376, 0.927549650422, 0.0186738383315, 0.0763042537137, 43, 2019
N, 100, 0.9995652090228041, 222.653735259, 212.042345354, 1.05882931949, -0.0419415722407, 0.0265129442145, 43, 2019
E, 100, 0.8766057285759903, 42.7013527047, 45.4427250472, 0.979791408109, 1.26118231919, 2.99584983304, 43, 2019
Z, 100, 0.9998986789008945, 75.1209779166, 72.5181265643, 1.0401285984, -0.0231782512115, 0.00916843086355, 58, 2019
N, 100, 0.9967649560096595, 212.729486096, 195.927523026, 1.08333455195, -0.098906957277, 0.0443848128635, 58, 2019
E, -100, 0.9661575513866225, 23.0104476506, 22.5417023224, 1.02239087375, 0.120087024247, 0.369340813018, 58, 2019
Z, 0, 0.9999760815443934, 123.456149763, 119.945132193, 1.02431691245, 0.00219907694596, 0.0102772659907, 61, 2019
N, 100, 0.9976594602058487, 81.9497074425, 71.817726693, 1.12697042432, 0.138391976767, 1.32710923181, 61, 2019
E, 92, 0.9990482820648916, 71.9312938901, 71.361118152, 0.98506317382, -0.101804765024, 0.0607831178486, 61, 2019
Z, 17, 0.9999960684511657, 188.98942099, 183.200675278, 1.03456628518, -0.00513169182586, 0.00341149086536, 64, 2019
N, 100, 0.9999157372524069, 222.014914744, 202.09457235, 1.10193888305, -0.0323351702397, 0.0098434218524, 64, 2019
E, -100, 0.999798836502367, 107.490971349, 106.003047759, 1.00915409248, -0.0141015113907, 0.0180787036937, 64, 2019
Z, 23, 0.9999866460631838, 207.884366753, 201.628004593, 1.02874985587, -0.0106255344183, 0.00434425635141, 67, 2019
N, 100, 0.9999740686809891, 304.841365275, 284.499480742, 1.07158864048, 0.265805991022, 1.34267787088, 67, 2019
E, -100, 0.9996299083832278, 115.743753576, 113.233139606, 1.02407593704, 0.0084946585508, 0.0133448121246, 67, 2019
Z, 100, 0.9906174121336211, 169.890032422, 165.780678398, 1.0133526427, -0.0301719602746, 0.101351704698, 70, 2019
N, 63, 0.9993773566570295, 302.470670287, 287.88909228, 1.0472506101, -0.0197152883713, 0.0237712448392, 70, 2019
E, 100, 0.9868926821974285, 90.4075855252, 87.0181607678, 1.06097111007, -0.00843950267062, 0.124460720468, 70, 2019
Z, 100, 0.6024645089615707, 173.873318858, 86.2715128648, 1.70740296287, -0.388024500383, 0.806498239805, 73, 2019
N, -100, 0.9926523168266932, 188.240442473, 208.451504577, 0.921400757275, 0.047731265821, 0.0717687676528, 73, 2019
E, 100, 0.7643940607732157, 127.577394794, 35.2003859276, 3.31791863236, 0.189314806791, 3.00092495501, 73, 2019
Z, 100, 0.5342743090482909, 84.9104349755, 136.713122291, 0.683906382176, 0.390222099697, 0.469907597319, 76, 2019
N, 100, 0.9735673342795104, 77.2984721206, 74.6159251081, 1.0916030551, -0.034463303178, 0.102972158041, 76, 2019
E, 100, 0.9422416494986018, 148.089597251, 81.5403595132, 1.61047568098, -0.669681274024, 0.473953599235, 76, 2019
Z, 55, 0.9997223718706728, 237.38063652, 231.104893382, 1.0096889313, -0.0638708910837, 0.0417116591518, 79, 2019
N, 100, 0.9990819739765108, 256.294343777, 240.707268159, 1.06465727331, -0.0649322804322, 0.0170067402887, 79, 2019
E, -12, 0.9993332001815263, 130.131091879, 127.020883495, 1.02829904602, -0.0701730299654, 0.0473725355505, 79, 2019
Z, 1, 0.9999819853554115, 240.1236105, 233.659721944, 1.02493987279, -0.0121127817456, 0.00540420391685, 82, 2019
N, 100, 0.998953696737671, 357.665392698, 337.092796118, 1.05690142811, -0.0766993009419, 0.0279313313621, 82, 2019
E, -100, 0.9993894579157111, 122.729930272, 118.665376237, 1.04203421328, -0.00897157015858, 0.0241888302995, 82, 2019
Z, 0, 0.9999647662796879, 149.692045776, 145.907986343, 1.02467929802, -0.0141323942181, 0.00760756871271, 85, 2019
N, 100, 0.9985715588825641, 316.963741715, 293.960740499, 1.073767999, -0.061599145639, 0.00907620828141, 85, 2019
E, -100, 0.9954192803732859, 66.6730741245, 64.3640927859, 1.03210332611, 0.0860352042316, 0.025526655927, 85, 2019
Z, 71, 0.9999613515688923, 59.824310859, 57.0227340154, 1.04552119291, -0.0241864883112, 0.0100241657693, 88, 2019
N, 100, 0.9974760291806157, 166.999480573, 153.103384614, 1.08785648584, -0.097061457821, 0.0453246321476, 88, 2019
E, 100, 0.988382989451463, 34.3305374837, 34.1357634221, 1.05541092418, -0.565118722914, 2.26116542498, 88, 2019
Z, 0, 0.9999303427754341, 143.124850063, 137.697500373, 1.04478541657, -0.0265440313401, 0.0209748734248, 91, 2019
N, 100, 0.9991753088992521, 119.883405003, 105.144373558, 1.1433585632, 0.796491718612, 2.16608760021, 91, 2019
E, -100, 0.9998063726401848, 83.9600104458, 82.8892139485, 1.00967872878, -0.00900770444214, 0.0233068640101, 91, 2019
Z, 1, 0.999998260408291, 202.58119222, 196.302753016, 1.0324768614, 0.00391100107625, 0.00308193404582, 94, 2019
N, 100, 0.9999258516485651, 257.051055169, 232.363892798, 1.10824210187, -0.0287224410192, 0.00685910468648, 94, 2019
E, -100, 0.9995095147600433, 115.446330817, 113.592905299, 1.00974382541, -0.00203554801202, 0.0189210900859, 94, 2019
Z, 9, 0.9999817625706872, 209.399816069, 202.5156301, 1.02986466539, -0.0100313726297, 0.00598012673515, 97, 2019
N, 100, 0.9999591539384559, 325.399061575, 299.856852041, 1.08438131242, 0.266384290817, 1.34258935014, 97, 2019
E, -100, 0.9983833388070135, 113.841198103, 111.694912011, 1.0228507859, 0.0273305982844, 0.0194814849099, 97, 2019
Z, 0, 0.999942758219296, 153.493079619, 148.453885278, 1.03166641988, -0.0174850335012, 0.00695135123774, 100, 2019
N, 100, 0.9997656636458524, 296.127010449, 278.420200928, 1.06226992971, -0.0325155417322, 0.00273529049947, 100, 2019
E, -100, 0.9962077044091614, 74.9654479087, 73.1570596884, 1.02430505275, 0.0856119780182, 0.00942728588396, 100, 2019
Z, 21, 0.9999355275486612, 73.1227962938, 70.0713370261, 1.03338474238, -0.0129009683797, 0.0117673949166, 103, 2019
N, 100, 0.9992982526142221, 180.881123351, 171.203647434, 1.05240655809, -0.0515156556556, 0.0233401563268, 103, 2019
E, 100, 0.9954662575717028, 37.8727614205, 37.3316459313, 0.992814989405, 0.158287497563, 0.120514985238, 103, 2019
Z, 0, 0.9999789588117395, 180.095664202, 174.396637676, 1.03542164726, -0.0126050184291, 0.0135730195519, 106, 2019
N, 100, 0.9962935711793542, 140.298348101, 127.455689762, 1.08760094026, 0.230425721059, 1.34044599346, 106, 2019
E, -83, 0.9998972469151061, 102.265076894, 100.227434822, 1.01514888254, -0.00731254278533, 0.0152433104904, 106, 2019
Z, -17, 0.9999967197126837, 240.671974882, 233.71941671, 1.03122343589, 0.00626771383907, 0.00285137313997, 109, 2019
N, 100, 0.9993874666074161, 301.051596666, 277.039617496, 1.08738115408, -0.0562614604747, 0.00729933783329, 109, 2019
E, -100, 0.9994697555690928, 126.908525421, 125.352930213, 1.00797392274, -0.00249082373056, 0.0169926875594, 109, 2019
Z, 8, 0.9999515354325123, 206.981947052, 201.581249768, 1.0216797262, -0.0172644666507, 0.00674944969764, 112, 2019
N, 100, 0.9994199712132898, 345.426223502, 318.407234936, 1.08362406044, 0.240819761888, 1.34434523383, 112, 2019
E, -100, 0.9975750507529745, 101.471933754, 99.3007711213, 1.02672405921, 0.0188503987378, 0.0236217882066, 112, 2019
Z, 16, 0.9997357763844745, 110.105876831, 107.673769637, 1.02251014723, -0.0380756761512, 0.0220390121249, 115, 2019
N, 100, 0.9994052376164965, 264.854667628, 243.951276673, 1.08165058719, -0.0538690010936, 0.00847899512985, 115, 2019
E, -100, 0.9873770285383479, 44.9821669031, 44.9440775141, 1.00883134567, 0.131438552206, 0.034604818417, 115, 2019
Z, 100, 0.9995342871719289, 77.6616638753, 74.1280685539, 1.02766933472, -0.0614583458041, 0.0419042651427, 118, 2019
N, 52, 0.9987095350117242, 114.146440785, 106.692722634, 1.06360796373, -0.0414317650081, 0.020119485147, 118, 2019
E, 100, 0.9970395877101071, 45.7728018404, 42.8853082189, 1.09197474564, 0.590608189925, 2.45681075177, 118, 2019
Z, 8, 0.9998743034638908, 155.083210689, 150.508567606, 1.04041986715, -0.0387679655875, 0.0277733240686, 121, 2019
N, 100, 0.99929192224599, 149.549452017, 132.716986392, 1.12612535774, -0.0981897838737, 0.0424180740245, 121, 2019
E, -100, 0.9998897209016088, 90.1638561693, 88.5087411097, 1.02392414936, 0.00830858362773, 0.0113843008835, 121, 2019
Z, 0, 0.9999812675636983, 194.513008664, 188.958147599, 1.02571657702, -0.00726898428846, 0.00600727247412, 127, 2019
N, 100, 0.9998277370662473, 313.770666302, 290.11412805, 1.08343379745, -0.0430030851328, 0.0164611850767, 127, 2019
E, -100, 0.9982972833363476, 98.9006988526, 98.7273644137, 1.00733684689, 0.0396692261729, 0.018578017774, 127, 2019
Z, 0, 0.9999583603938687, 126.052670593, 121.896512381, 1.0331273552, -0.019985519005, 0.010867144302, 130, 2019
N, 100, 0.9995545072186718, 260.185289457, 244.44879024, 1.06350968615, -0.0393651314121, 0.00311140579919, 130, 2019
E, -100, 0.9917968762626345, 51.6725773178, 51.8718471991, 0.995647493587, 0.115239551423, 0.027349595746, 130, 2019
Z, -23, 0.9999882344514367, 109.706712412, 106.468153634, 1.02566652318, 0.00995855495557, 0.00905900436956, 133, 2019
N, 100, 0.998049655998925, 131.50178435, 123.851883866, 1.05131674483, -0.053189960694, 0.0272821007585, 133, 2019
E, 100, 0.9976063644737266, 58.0628612105, 56.8754157388, 0.988318421245, -0.0471733192475, 0.0931591460399, 133, 2019
Z, 0, 0.9999458878846564, 193.082326959, 186.780746943, 1.03955869238, -0.0256469007402, 0.0213855835895, 136, 2019
N, 100, 0.9963070576037404, 190.580089767, 169.289534683, 1.10969656704, -0.125306962387, 0.0375103907072, 136, 2019
E, -100, 0.9996397083958054, 104.044733435, 101.992197722, 1.01780769059, 0.0154201473188, 0.012739254853, 136, 2019
Z, 14, 0.999999496634996, 215.421834814, 208.969380103, 1.03020535432, -0.00017570936143, 0.00164347344796, 139, 2019
N, 100, 0.9993563231561604, 297.793773491, 268.550570282, 1.11554491345, -0.0587646483712, 0.0105889413531, 139, 2019
E, -100, 0.9992332435495069, 110.712921848, 108.577001392, 1.01914124635, 0.0292788607991, 0.0139174306721, 139, 2019
Z, -100, 0.9726071942014605, 209.063705393, 163.825873099, 1.27574984656, 0.0582627864121, 0.224651381881, 142, 2019
N, 100, 0.6505327615152783, 277.990418133, 273.673326716, 1.15649147487, -1.43743521208, 1.66713585706, 142, 2019
E, -100, 0.04295243660029181, 166.946813849, 78.594140471, 2.56400002115, 1.34862910089, 1.45544018883, 142, 2019
Z, -100, 0.9514671779024877, 180.147696162, 86.9534819515, 1.96948061309, 0.202153828855, 0.139346334153, 145, 2019
N, 100, 0.160509768674661, 2063.53266417, 196.287723515, 7.70933809224, -0.958720916946, 1.27652208795, 145, 2019
E, -100, -0.7463376202554591, 1102.44119593, 33.5789753271, 25.3305859402, 2.06169080444, 1.75666925312, 145, 2019
Z, 35, 0.9998041971268952, 90.8262346575, 87.0725603726, 1.04166174087, 0.0534595540878, 0.0414901770487, 148, 2019
N, -6, 0.9991821314983733, 88.0049798951, 82.844735586, 1.04750728024, 0.0102775689906, 0.013163946033, 148, 2019
E, 100, 0.990618068368396, 49.1178559695, 46.7336345785, 0.993786431889, 0.548345277692, 1.66776580077, 148, 2019
Z, 28, 0.9999692672365192, 159.540521592, 154.209030106, 1.03667135906, -0.0119129648584, 0.00740545047657, 151, 2019
N, 100, 0.999267191183897, 155.105345548, 143.586689028, 1.0691925369, -0.0685422427311, 0.0237491225504, 151, 2019
E, 100, 0.9998378679550242, 90.054701431, 87.1208856912, 1.02843958429, -0.0580285297635, 0.0295631675699, 151, 2019
Z, -14, 0.9993104869694781, 192.153129148, 192.421690069, 0.997380163758, -0.00991664148101, 0.0432144842812, 154, 2019
N, 100, 0.9961133466518403, 233.110320087, 239.141020973, 0.9762373245, -0.0401647866555, 0.0861232413157, 154, 2019
E, -100, 0.9988099380299833, 105.205215336, 103.294075962, 1.01640375078, 0.00990879382683, 0.0277694381258, 154, 2019
Z, 100, 0.9985157108187155, 167.432059513, 173.528969306, 0.951369334603, -0.0231716679132, 0.0568685912987, 157, 2019
N, 100, 0.992117700167507, 259.135028414, 268.990437075, 0.922067554731, 0.466775930918, 1.86079955736, 157, 2019
E, -100, 0.9965625255430964, 80.3693233649, 83.61607859, 0.957490857141, 0.110928412413, 0.070048849276, 157, 2019
Z, 38, 0.9997755582133159, 115.462112195, 110.333008926, 1.04299151486, -0.0387703246336, 0.0191122158891, 160, 2019
N, 100, 0.9996541897217581, 224.686478414, 213.362276577, 1.0496903822, -0.0346085107136, 0.00936741060585, 160, 2019
E, -100, 0.9925322994113563, 40.2300252025, 39.5780914785, 0.991320423474, 0.103058068839, 0.0406437810659, 160, 2019
Z, -100, 0.9987241416422084, 113.829757904, 123.075651776, 0.961220231196, -0.0138335741419, 0.0927173439694, 163, 2019
N, 100, 0.9921944736155095, 107.378648118, 108.162380242, 1.01028428579, -0.0266941701934, 0.0464277462734, 163, 2019
E, 100, 0.9958652847394543, 51.4959724376, 61.892501463, 0.83706360243, -0.0128005248388, 0.109759385549, 163, 2019
Z, 0, 0.9999861459671879, 178.491209648, 174.358768977, 1.02751735216, -0.00245716534444, 0.00362059461711, 166, 2019
N, 100, 0.9995298404730041, 189.304933669, 171.696878168, 1.10227090991, -0.0595409385547, 0.0286968725212, 166, 2019
E, 100, 0.9998157904398839, 91.2368294825, 91.6518437763, 0.987459600799, -0.0170186611702, 0.015035499299, 166, 2019
Z, 44, 0.9999932018622569, 187.527852537, 182.434382877, 1.0241983861, -0.00448158727129, 0.00457358387613, 169, 2019
N, 100, 0.9997042018180387, 263.32070559, 241.000475295, 1.10375483009, -0.0435695799478, 0.0148937755777, 169, 2019
E, -100, 0.9996039681497658, 95.2952530331, 93.5637790408, 1.01043866792, -0.278907653871, 1.33464492926, 169, 2019
Z, 55, 0.9998531763298336, 148.718562691, 145.163119751, 1.01927918933, -0.032244557527, 0.00953971266536, 172, 2019
N, 100, 0.9998830547127426, 261.350319889, 241.504380938, 1.0829517797, -0.0319039368575, 0.00673966691832, 172, 2019
E, -100, 0.9983776973670726, 70.8117166462, 70.0016515704, 1.01224887626, 0.0416530868804, 0.0123100743355, 172, 2019
Z, 85, 0.9998491281390518, 90.8198881023, 87.4409178644, 1.04306892962, -0.0344184652976, 0.0125241206312, 175, 2019
N, 28, 0.9997492845554188, 195.123132555, 178.490379924, 1.08885071301, -0.031578630234, 0.0132171920798, 175, 2019
E, -100, 0.9887668714441903, 33.1864107664, 34.672780542, 0.943734211958, 0.170092533081, 0.0625776686128, 175, 2019
Z, -36, 0.9999616782290951, 94.9402068561, 90.945309978, 1.04603156727, -0.000779274624965, 0.0157337633854, 178, 2019
N, -12, 0.9996952066341653, 97.7117233621, 89.51238096, 1.09101271543, 0.00535323946481, 0.00961077371581, 178, 2019
E, 100, 0.9979132615842118, 43.8242479215, 45.9504656696, 0.934045505713, -0.0460272488851, 0.0392871767304, 178, 2019
Z, -13, 0.9999642905648047, 158.697751301, 154.716860863, 1.02795537208, 0.0181489467585, 0.0100364251896, 181, 2019
N, 100, 0.999151037715978, 152.152501514, 140.867588615, 1.07581291821, -0.0508900686874, 0.0108619619609, 181, 2019
E, 100, 0.9996264310832781, 84.955363767, 84.324740228, 0.99307885849, -0.0406537494211, 0.0195424173942, 181, 2019
Z, 0, 0.9999900646846384, 198.399192438, 192.831285291, 1.02416059371, 0.00623192622712, 0.00762857991093, 184, 2019
N, 100, 0.9992614771429974, 253.437736649, 234.853327281, 1.08650564246, -0.0614028884391, 0.0137097677771, 184, 2019
E, -100, 0.9997456957633059, 101.244243394, 99.3344556743, 1.01402188034, -0.294905840137, 1.3334223786, 184, 2019
Z, 30, 0.9999162640661543, 178.376926433, 173.641226962, 1.02373894125, -0.0235325061923, 0.00690719273889, 187, 2019
N, 100, 0.9996683121121074, 281.289087566, 265.389678003, 1.06422641007, -0.0423762275181, 0.0101806933474, 187, 2019
E, -100, 0.9988235360993135, 80.2468648393, 79.4813894983, 1.01130239995, 0.0430283078226, 0.0108560923818, 187, 2019
Z, 30, 0.9998945764317092, 119.868747364, 114.638325492, 1.05047805742, -0.0283402862536, 0.00986839371807, 190, 2019
N, 100, 0.9990684424636982, 223.646747546, 211.226213552, 1.05376088632, -0.0536938391476, 0.0206564543511, 190, 2019
E, -100, 0.9942936018550563, 38.009945061, 39.7852711035, 0.94113915311, 0.109956939679, 0.029197407563, 190, 2019
Z, 63, 0.9983941098687719, 146.884001008, 163.369278428, 0.933054534946, -0.00212910109857, 0.0616771479397, 196, 2019
N, 100, 0.9969724711043538, 155.937258474, 162.047310808, 1.01019937589, -0.084390246643, 0.101631923259, 196, 2019
E, 100, 0.9987268111854393, 77.7992586108, 86.9639653388, 0.927174260359, -0.0268149808744, 0.0309684934733, 196, 2019
Z, 88, 0.9998222457044695, 150.758200881, 146.825815981, 1.02268573646, -0.0370849969489, 0.0123210696922, 202, 2019
N, 100, 0.9998333098869591, 262.938135733, 242.842150358, 1.08158357879, -0.0315498159535, 0.00719901285714, 202, 2019
E, -100, 0.9981076765533748, 75.998945922, 74.0475200594, 1.02987908394, 0.0382037460457, 0.0144773758673, 202, 2019
Z, 75, 0.999858396234838, 97.987899132, 93.5919165484, 1.04835840883, -0.0317325537043, 0.011597445046, 205, 2019
N, 17, 0.9998031972342417, 208.343875618, 188.346946663, 1.10244107112, -0.0304642518041, 0.0136502373338, 205, 2019
E, -100, 0.9841414050306649, 39.3763439073, 39.977787737, 0.965829519024, 0.194096762754, 0.0655285438864, 205, 2019
Z, -7, 0.999957811014862, 95.1844141293, 90.8616664923, 1.05474477114, -0.00152415199938, 0.00963979366568, 208, 2019
N, 2, 0.9991373570663233, 106.02702472, 98.2197663869, 1.08185643871, 0.00492685578018, 0.0174020485567, 208, 2019
E, 100, 0.9987541835860063, 46.4971997264, 47.2300119846, 0.963335563097, 0.0158690869115, 0.0564340842552, 208, 2019
Z, -7, 0.9999562556552161, 175.177400434, 169.046381956, 1.03409811776, 0.0245353792018, 0.0177663243826, 211, 2019
N, 100, 0.9973734984749164, 160.823762837, 146.606725623, 1.09121770324, -0.0819030503074, 0.0226764055655, 211, 2019
E, -67, 0.9996214721752018, 95.1369329323, 92.1495113848, 1.01547026239, -0.0241974599421, 0.0226941086588, 211, 2019
Z, 28, 0.9999766872055241, 219.575868785, 211.94871172, 1.02996306547, -0.0152243917899, 0.00992280420086, 214, 2019
N, 100, 0.9991434332251975, 281.209908419, 262.196592095, 1.08147375643, -0.0848947549479, 0.033875647574, 214, 2019
E, -100, 0.9993869164318572, 111.42223167, 108.462745993, 1.03526403994, 0.0289779273047, 0.0145827232561, 214, 2019
Z, 45, 0.9998693208993228, 188.552950745, 181.666370875, 1.035222693, -0.0288646491293, 0.0111017438759, 217, 2019
N, 100, 0.9899817284138542, 298.667103345, 292.42514306, 1.03683221259, -0.0683268173611, 0.0387978954479, 217, 2019
E, -100, 0.9982305531142125, 90.1588793698, 82.2644081594, 1.07126714092, 0.0513862252789, 0.0171741996573, 217, 2019
Z, 76, 0.9998010495729592, 106.715790282, 101.030160388, 1.05944178296, -0.0425241610078, 0.0126148501074, 220, 2019
N, 100, 0.9905215551559428, 241.284107487, 211.487408585, 1.13049051151, -0.202163547153, 0.0915818294601, 220, 2019
E, 0, 0.9844575980072207, 30.2956400905, 32.5578896136, 0.907380281136, 0.0657283468957, 0.0875325509451, 220, 2019
Z, 0, 0.9999636299133211, 119.077713169, 115.170961297, 1.03397090717, 0.00979787972554, 0.0163700818646, 223, 2019
N, 100, 0.9993484627520063, 91.0829758905, 77.7312536928, 1.15020044202, 0.248901980981, 1.3388194583, 223, 2019
E, 100, 0.9972963401831414, 63.6454334579, 63.8372912083, 0.981994597169, 1.05768180692, 2.41525499678, 223, 2019
Z, -10, 0.9999956471406521, 176.683234393, 171.056739674, 1.03275067984, 0.0044563022526, 0.00314547886722, 226, 2019
N, 100, 0.9998224225727667, 201.192879969, 180.088014761, 1.11726258411, -0.0425303759376, 0.0136300919094, 226, 2019
E, -100, 0.9998998498623047, 95.7243985154, 95.1364196524, 1.00333581392, 0.00828432949682, 0.00765242132282, 226, 2019
Z, 64, 0.9999286216879748, 189.897703654, 185.055701562, 1.01695788785, -0.0220866341923, 0.0135777839467, 229, 2019
N, 100, 0.9999186274479478, 282.15888908, 258.499866403, 1.09390583163, -0.0333893750449, 0.0135884071119, 229, 2019
E, -100, 0.9997269320234363, 103.384694847, 101.257779335, 1.02328044448, -0.0208693988274, 0.0246399099543, 229, 2019
Z, 100, 0.9997385047443738, 159.215784337, 153.800623046, 1.02987833551, -0.0451799397, 0.0162945174239, 232, 2019
N, 100, 0.9997891489167838, 284.735452096, 263.97096576, 1.07682261189, -0.0344282456765, 0.00687972789896, 232, 2019
E, -100, 0.9975794651284888, 84.242654487, 80.1466922724, 1.0541798208, 0.0197094317243, 0.0203966030367, 232, 2019
Z, 47, 0.9998602322098956, 94.4767283771, 89.8008211476, 1.05506551551, -0.0316871896063, 0.0105102337594, 235, 2019
N, 63, 0.9997519042337939, 217.271403735, 197.860624638, 1.09388432875, -0.035482448073, 0.0154210547811, 235, 2019
E, -100, 0.9780552810855794, 38.2558362493, 38.4587191305, 0.981717142049, 0.217926806868, 0.0765976693744, 235, 2019
Z, -55, 0.9999013448347148, 111.969687297, 107.679059837, 1.05186688907, 0.0159898824785, 0.0170811849955, 238, 2019
N, 100, 0.99681788813427, 89.6248208889, 85.279095494, 1.04620065885, -0.0185237586408, 0.0178702557291, 238, 2019
E, 100, 0.9996554410990681, 63.9353743024, 62.8575758805, 1.00849367697, 0.303077519009, 1.32633236154, 238, 2019
Z, -20, 0.9999840652077885, 211.563542827, 204.758315847, 1.03077463682, 0.0177856059982, 0.00887170659964, 241, 2019
N, 100, 0.9984041861286653, 209.337563185, 192.499343985, 1.09166154847, -0.101937878373, 0.053324193724, 241, 2019
E, -65, 0.9999121664189184, 115.621998081, 112.865043126, 1.019527782, -0.00548611730619, 0.00991909773295, 241, 2019
Z, 23, 0.9999776879161569, 240.684645795, 233.535968257, 1.02462539944, -0.00941615002516, 0.0070144237406, 244, 2019
N, 100, 0.9995402301231123, 335.591152564, 315.103408062, 1.0702173745, -0.0627524475127, 0.0234247262731, 244, 2019
E, -100, 0.9995559190128824, 121.537322925, 119.24669234, 1.02045896412, 0.00528715784461, 0.0115984476026, 244, 2019
Z, 52, 0.9997650307577515, 175.667743183, 169.98533789, 1.03126247473, -0.0413106335019, 0.0201770124486, 247, 2019
N, 100, 0.9989989951535738, 329.532753916, 308.355773274, 1.0671263392, -0.0501106950838, 0.00946109487234, 247, 2019
E, -100, 0.9949366481013023, 77.0322767764, 74.8596768923, 1.03700323978, 0.059477743492, 0.0201110321494, 247, 2019
Z, 80, 0.9998643402769114, 72.74723679, 68.2090585654, 1.0651387527, -0.0359823522679, 0.0143732056387, 250, 2019
N, 100, 0.9977113597432299, 197.823801187, 178.970451129, 1.10232799643, -0.0885706237814, 0.0406775148793, 250, 2019
E, 100, 0.9563413182915748, 29.1968584053, 29.9478375999, 0.992857308131, 0.299637751286, 0.226486961235, 250, 2019
Z, 0, 0.9999591932007992, 137.574913988, 132.508937877, 1.03739666885, 0.029905182564, 0.0226022170561, 253, 2019
N, 100, 0.9992770429565625, 105.369003707, 91.6012010315, 1.15864062656, 1.09714661494, 2.44169821196, 253, 2019
E, 100, 0.9990264116899125, 79.0200281336, 78.2141753865, 0.99119978946, -0.104664356359, 0.064691434757, 253, 2019
Z, 34, 0.9999924623114776, 193.640468888, 187.929218097, 1.02800174822, 0.000123006483373, 0.00635054459487, 256, 2019
N, 100, 0.9997540373356893, 241.918656058, 219.193429338, 1.11481505824, -0.0463849941461, 0.015038542983, 256, 2019
E, -100, 0.9996014863713846, 110.440961051, 107.759822232, 1.01821896894, -0.00761491336244, 0.0202323409709, 256, 2019
Z, 26, 0.9999888390075162, 201.432243516, 194.759385387, 1.03112799394, -0.00842386329521, 0.00385080248621, 259, 2019
N, 100, 0.9999695662083565, 314.258236954, 288.608908758, 1.09224135485, -0.0261864166709, 0.0114039346036, 259, 2019
E, -100, 0.9983963530012339, 109.621075992, 108.666872305, 1.00648713236, 0.0562885453142, 0.0265048339293, 259, 2019
Z, 60, 0.9997835297268389, 155.3012944, 150.771900245, 1.0263435818, -0.0386962408603, 0.0137731842005, 262, 2019
N, 100, 0.9999099057657107, 296.5879863, 275.313607154, 1.07331648788, -0.0272138972724, 0.00718985197191, 262, 2019
E, -100, 0.9972413845576769, 76.7980598926, 77.9248119951, 0.997823129374, 0.033749612809, 0.0235181883937, 262, 2019
Z, 77, 0.9997231440858898, 76.368389525, 72.4390644435, 1.05538480885, -0.0471566701034, 0.0153423727262, 265, 2019
N, 48, 0.9995544896089892, 199.394024547, 183.635980285, 1.08015738526, -0.0408747445283, 0.01778770127, 265, 2019
E, -100, 0.9726922399698729, 28.8021045004, 26.8349746787, 1.1145832908, 0.304980555996, 0.433570523528, 265, 2019
Z, -11, 0.9999844983942368, 153.730057212, 148.273071857, 1.04041020178, 0.00550770143619, 0.00372543326833, 268, 2019
N, 100, 0.9915326593211568, 96.2480392964, 86.1896531539, 1.07072170368, -0.00302771127034, 0.0776998549699, 268, 2019
E, 16, 0.9999627841161319, 91.2274332065, 88.7787751711, 1.02835711517, -0.0404258858555, 0.030432012739, 268, 2019
Z, -2, 0.9999969197783106, 245.270426785, 237.502735485, 1.03213429222, 0.00761772117841, 0.00413044486018, 271, 2019
N, 100, 0.9991181106829236, 279.270727667, 259.329924433, 1.08330643848, -0.0729959993273, 0.0186476896125, 271, 2019
E, -91, 0.9998773526619634, 132.639492914, 129.638324734, 1.02025372022, -0.00167048832547, 0.00967239249177, 271, 2019
Z, 25, 0.9999812497812587, 235.961747936, 229.638413778, 1.02485116541, -0.00972760555942, 0.00406286497915, 274, 2019
N, 100, 0.999424807942705, 366.938195121, 342.184212707, 1.07470807984, -0.0588508517776, 0.0198974640281, 274, 2019
E, -100, 0.9990261831656208, 116.195463383, 114.417567277, 1.01825816486, 0.00932990126573, 0.0138102882651, 274, 2019
Z, 83, 0.999605462734167, 139.218280301, 134.844003421, 1.03015345171, -0.0481714164117, 0.023724555877, 277, 2019
N, 100, 0.9988914335009902, 304.512328088, 280.615545694, 1.08188822613, -0.0634384207725, 0.00794977450865, 277, 2019
E, -100, 0.9896843559900346, 59.7244388496, 55.6561737666, 1.08787830445, 0.0669313878122, 0.0308803512812, 277, 2019
Z, 82, 0.9998902450218142, 77.3899915024, 73.0481052199, 1.07562171676, -0.0219311355459, 0.0391659410792, 280, 2019
N, 100, 0.99717140949287, 138.165176146, 126.04462406, 1.09454407746, -0.0930644741854, 0.0472023312527, 280, 2019
E, 100, 0.9932556265716124, 45.3952432299, 44.6870801376, 1.03099059879, 1.13037254997, 1.0716276999, 280, 2019
Z, 17, 0.9999638697674172, 157.231679484, 151.925209478, 1.04024488039, -0.00721000605078, 0.00611743009087, 283, 2019
N, 100, 0.9991726157287887, 149.35813402, 131.566436112, 1.14852202237, -0.114487166884, 0.0613202389804, 283, 2019
E, -14, 0.9999528841610202, 93.038733824, 90.5171582314, 1.02028559361, 0.00397795208823, 0.00717664609023, 283, 2019
Z, 31, 0.999995800572191, 205.380287996, 198.873428193, 1.03077762071, -0.00798559944093, 0.00379104615075, 286, 2019
N, 100, 0.9999115386032276, 274.412265856, 249.793819485, 1.10476963988, -0.0330245587325, 0.0097750606064, 286, 2019
E, -99, 0.9997285246271735, 116.59075278, 114.445567487, 1.01782190485, -0.0204630945302, 0.0207304343682, 286, 2019
Z, 9, 0.9999866725692625, 198.043923715, 192.89425394, 1.0223618173, -0.00940148455201, 0.00554210505857, 289, 2019
N, 100, 0.9999781951021571, 323.424472294, 298.729235128, 1.08216145414, -0.0285476166816, 0.0114816400289, 289, 2019
E, -100, 0.9995251129011321, 106.800378509, 105.982094392, 1.00767967237, -0.00782826433468, 0.0209975802143, 289, 2019
Z, 49, 0.9998237516924452, 136.605103641, 133.843979353, 1.01823390119, -0.0279918086605, 0.00937509511793, 292, 2019
N, 100, 0.9998583694627806, 278.685737362, 260.570530317, 1.06578811733, -0.0310680781876, 0.00553264209243, 292, 2019
E, -100, 0.9978593815471771, 65.9514470752, 64.4051419865, 1.03054401795, -0.0113817210029, 0.0257324406199, 292, 2019
Z, 98, 0.9998012480309859, 82.6388371386, 78.6361700252, 1.05743667299, -0.0390205238038, 0.0240961385674, 295, 2019
N, 97, 0.9991784945818438, 153.795090147, 144.641005926, 1.05911819709, -0.0519798925744, 0.0244610224474, 295, 2019
E, 100, 0.9968181836241624, 46.0095485302, 45.0774867302, 1.03843881866, 0.290707228327, 0.218393877082, 295, 2019
Z, -23, 0.999984666070648, 194.097266893, 186.393067312, 1.04037047962, 0.00940292616772, 0.0048070065627, 298, 2019
N, 100, 0.9981522174816427, 162.039184314, 147.345425274, 1.09526565657, -0.0729587548176, 0.015804246594, 298, 2019
E, -21, 0.9996646250760852, 108.306278633, 107.322511725, 1.00383044643, -0.0679499638374, 0.0529948140622, 298, 2019
Z, -42, 0.9999801920000101, 247.229717163, 239.085520454, 1.03764590096, 0.0121395551681, 0.00687844825055, 301, 2019
N, 100, 0.9995122258394185, 317.721417827, 292.880517006, 1.08914397591, -0.0545747750809, 0.00875361529274, 301, 2019
E, -100, 0.9995079129977559, 126.417121083, 127.198794417, 0.991129673437, 0.00954969332195, 0.0143415600101, 301, 2019
Z, 11, 0.9999747431152496, 203.274462574, 197.875521755, 1.02445913577, -0.00727590374718, 0.00329323660039, 304, 2019
N, 100, 0.999630866884762, 346.232958955, 319.190648026, 1.08290151337, -0.0511488062035, 0.0174493961406, 304, 2019
E, -100, 0.9976437645215446, 96.0496332189, 94.8767871901, 1.01149417879, 0.00280261735074, 0.0240645926248, 304, 2019
Z, 100, 0.9991960863650213, 102.842504654, 99.5549682857, 1.03418355926, -0.0600078392571, 0.0306266740167, 307, 2019
N, 100, 0.9988639939710364, 244.741849654, 227.286654723, 1.07210502093, -0.0689153209877, 0.00893348503322, 307, 2019
E, -100, 0.9934656247869055, 41.594799455, 37.1610528828, 1.13821902201, 0.0701146081018, 0.0355150326699, 307, 2019
Z, 100, 0.9997535295091994, 92.8043083849, 88.5596214518, 1.05096649591, -0.0648900287832, 0.0405578874468, 310, 2019
N, 100, 0.9943895008625484, 87.561648642, 81.5950928083, 1.08516529178, -0.118601481042, 0.0558346814853, 310, 2019
E, 100, 0.9999176412754809, 52.5433289088, 52.2918030384, 0.997128975639, 0.058310547939, 0.047096323302, 310, 2019
Z, 20, 0.9999629296071868, 165.420580839, 159.937407422, 1.03925532266, -0.0176806161129, 0.0115965936288, 313, 2019
N, -100, 0.998337358981133, 187.126304607, 153.771671692, 1.20801286449, -0.0584337746924, 0.074212888243, 313, 2019
E, 100, 0.9992471008677462, 87.8549081626, 93.7377534561, 0.952832367456, -0.0132334597492, 0.0269138079151, 313, 2019
Z, 6, 0.9999906051284893, 203.669641088, 197.04927666, 1.03624479244, 0.010799210249, 0.00807121732573, 316, 2019
N, 100, 0.9999671523860212, 275.870134976, 254.610740651, 1.08447623976, -0.00992905647248, 0.00441380616328, 316, 2019
E, -29, 0.9996578261879551, 111.286702096, 111.109481091, 0.986933890131, -0.0329671324226, 0.0224624744417, 316, 2019
Z, 0, 0.9999834708752718, 184.52591132, 180.00474264, 1.02191205768, -0.0112763520423, 0.00662814738996, 319, 2019
N, 100, 0.9999811594030196, 303.577312831, 284.48218274, 1.06209288917, -0.0320949983682, 0.0152874747565, 319, 2019
E, -100, 0.9990445645960442, 93.3655817501, 94.1082534208, 0.996711040383, -0.049760870806, 0.046192990034, 319, 2019
Z, 0, 0.9999420384735422, 116.57194338, 114.193902939, 1.0217180199, -0.00753789234042, 0.00331579216187, 322, 2019
N, 100, 0.999842054056072, 238.737073322, 227.611113191, 1.04735064802, -0.031868274929, 0.00389275958905, 322, 2019
E, -100, 0.9971324466345217, 46.7377920771, 47.2305305504, 0.987685375291, 0.0229434591354, 0.0223151056418, 322, 2019
Z, -5, 0.9999846657134716, 117.834100956, 112.515262826, 1.04754424093, -0.00650342832114, 0.0130082844686, 325, 2019
N, 100, 0.9987045769899918, 110.620213515, 105.409074415, 1.04719375688, -0.0603427882589, 0.0278201797074, 325, 2019
E, 100, 0.9991886109647838, 61.2289484883, 61.5108694171, 0.977785691965, 0.0426141714582, 0.0969075775927, 325, 2019
Z, 0, 0.9999875910387779, 200.61401567, 194.130317168, 1.03748310839, -0.00246556100639, 0.00775557732395, 328, 2019
N, 100, 0.9994113030693654, 196.153801582, 179.68656676, 1.0899803636, -0.0421690362723, 0.0118650904346, 328, 2019
E, 54, 0.9998391877251087, 106.561426404, 106.163128821, 0.988707684616, -0.0227575818765, 0.0178583485617, 328, 2019
Z, -6, 0.9999865669515201, 219.285562933, 213.199582458, 1.03326567319, 0.00263688137003, 0.00540512197391, 331, 2019
N, 100, 0.9998403687318761, 297.904824485, 276.392973405, 1.07936064447, -0.0357081364664, 0.00495184141593, 331, 2019
E, -2, 0.9996716871721055, 109.771574978, 110.135258434, 0.993933264042, -0.0323176847067, 0.0208602107203, 331, 2019
Z, 51, 0.9998979937984422, 169.301866229, 164.943232774, 1.02282330339, -0.0224122136843, 0.00521449562722, 334, 2019
N, 100, 0.9996586598464773, 291.618299554, 273.63452065, 1.0622083669, -0.049160748341, 0.0168130983303, 334, 2019
E, -90, 0.9987729192117022, 78.0604846773, 76.6166059227, 1.02933634234, -0.0626380539253, 0.0413819941134, 334, 2019
Z, 67, 0.9997355749030371, 86.7817258887, 84.7394148865, 1.02524751159, -0.0150395107011, 0.00779720689979, 337, 2019
N, 100, 0.9992802452909383, 199.591387625, 186.250629724, 1.06857709088, -0.0538385935379, 0.0119034252704, 337, 2019
E, -100, 0.9934100260780507, 29.7679535596, 30.1156077703, 0.97322925927, 0.107501361746, 0.0412252533279, 337, 2019
Z, 43, 0.9999150721776738, 94.7432468342, 91.752493458, 1.03270629382, -0.0416170812231, 0.0255752296529, 340, 2019
N, 100, 0.9993931992297428, 76.2809460928, 70.594810448, 1.07690270348, -0.0576746889687, 0.0153389202361, 340, 2019
E, 100, 0.9975609902438815, 50.667861185, 50.5124266845, 0.994678736997, 0.279814917829, 1.32709844061, 340, 2019
Z, 0, 0.99999017537863, 161.480730901, 155.543599794, 1.03933521709, -0.00934166076279, 0.00727921033816, 343, 2019
N, 100, 0.999894135207164, 166.31759237, 150.301296617, 1.10208763744, -0.00571072205366, 0.00872531830619, 343, 2019
E, -42, 0.9993227894727638, 88.1121298699, 88.5123887998, 0.979129727487, -0.0702562123245, 0.0531508900533, 343, 2019
Z, -57, 0.9999929511392147, 196.508533462, 189.72679008, 1.03712360849, 0.0106855373287, 0.00524866559952, 346, 2019
N, 100, 0.9999068801820181, 259.499056529, 239.900595871, 1.08203411299, -0.0125791669522, 0.00600084200609, 346, 2019
E, -100, 0.9996139415504287, 100.819364154, 102.997457888, 0.970988337842, -0.0299778103673, 0.0268566083278, 346, 2019
Z, 0, 0.9999681561998283, 176.802333615, 172.130035906, 1.02731136329, 0.0108100072784, 0.00443531388091, 349, 2019
N, 100, 0.9997016562680523, 281.862323721, 265.127853317, 1.06305578124, 0.256730126959, 1.34284916419, 349, 2019
E, -100, 0.999375551943794, 84.1558413721, 84.0528318803, 0.996427605078, -0.00716226454104, 0.0164628787408, 349, 2019
Z, 39, 0.9998591487738037, 116.058248038, 111.614346169, 1.04193644084, -0.0235474148018, 0.0104569428531, 352, 2019
N, 100, 0.9994757297112558, 218.574356803, 208.533559337, 1.04868385528, -0.0461631368191, 0.0112136800437, 352, 2019
E, -100, 0.9973522093860532, 41.7594039548, 41.0550788697, 1.01572359277, 0.0890808659359, 0.0399665291342, 352, 2019
Z, 21, 0.9999874982358907, 126.304361468, 121.313067143, 1.04507210253, -0.00535198224126, 0.00309328484639, 355, 2019
N, 100, 0.9979897561694935, 113.313793965, 106.725180322, 1.07718654248, -0.0874638187583, 0.0237608016168, 355, 2019
E, -32, 0.9991201022745297, 60.3445746869, 61.5635649965, 0.960269795253, 0.127029328568, 0.0920370901292, 355, 2019
Z, 16, 0.999903589216859, 184.569263281, 177.803471974, 1.04678688051, -0.0283097378677, 0.023098018014, 358, 2019
N, 100, 0.9997628559162853, 188.892878342, 169.787697251, 1.11141549813, -0.039148368075, 0.0214559269975, 358, 2019
E, -82, 0.9999126390640108, 92.4083664603, 94.2159419471, 0.973538318152, 0.00122927535937, 0.00885418937867, 358, 2019
Z, 0, 0.9999838569330444, 196.13518604, 190.08890585, 1.03543363756, 0.00635767951378, 0.0058317527467, 361, 2019
N, 100, 0.9998302456090319, 265.872683283, 246.898355577, 1.08156785851, -0.0228294101054, 0.00712874959459, 361, 2019
E, -83, 0.9995939557598951, 96.5594179081, 97.9331656162, 0.983182611048, -0.0329092817389, 0.0300500596826, 361, 2019
Z, 51, 0.9998866872847072, 156.455934096, 153.154610354, 1.0187440168, -0.0212305526175, 0.00729685998408, 364, 2019
N, 100, 0.9946470704707185, 247.377629343, 249.549353415, 0.997533360032, -0.0675955609514, 0.0412271501183, 364, 2019
E, -100, 0.9959941672707114, 74.5550113508, 73.3036553178, 1.01260445166, 0.0161914000737, 0.0278084087332, 364, 2019
