Chan, Phase Shift, Correlation, ptp-data, ptp-synthetic, rat, phasem, phasestd, DOY, Year
Z, -100, 0.9644808977893002, 102.703580878, 98.6795682874, 1.14380713735, 0.0981102091644, 0.144276457979, 1, 2019
N, 100, 0.2762857987202331, 150.031112923, 7.84322657875, 18.4476000385, -1.42512644699, 0.108698337016, 1, 2019
E, 100, -0.1716295059519643, 40.194260619, 42.755614781, 0.639872671778, 1.76010049129, 0.43096571803, 1, 2019
Z, -100, 0.996803502547006, 170.469619677, 156.751058482, 1.11144644614, -0.016936128416, 0.0711825437162, 4, 2019
N, -100, -0.40118759606028076, 113.503042668, 5.25512922965, 25.1888536378, 0.588424455033, 2.54969584195, 4, 2019
E, -100, 0.4267104114979539, 93.5381627393, 68.2720528354, 1.57124021491, -2.11015824104, 3.24348653597, 4, 2019
Z, -100, 0.9996215236639273, 177.713178307, 164.525102899, 1.06690472128, -0.00725480200257, 0.021510850068, 7, 2019
N, -100, -0.4805059713826819, 115.530458793, 5.53480432387, 19.4481548829, 0.268222898387, 2.57340598893, 7, 2019
E, -100, 0.8076021707540023, 109.408845946, 74.7254095266, 1.37914768751, 0.665541803275, 0.0702460412959, 7, 2019
Z, -100, 0.9910005925492849, 121.606694131, 131.931779067, 0.908400218627, 0.148594456326, 0.0896407783428, 10, 2019
N, -100, -0.27121589970005916, 99.2367120101, 4.18820325697, 23.0708274194, 1.25698414815, 2.54410185713, 10, 2019
E, 100, 0.6337329317382854, 73.6962796418, 60.489677952, 0.820280096084, -1.11942467632, 0.473518786583, 10, 2019
Z, -100, 0.9596895059448958, 79.098324569, 75.6329381336, 1.136779856, 0.440431300575, 0.21007006902, 13, 2019
N, -100, -0.438287260182695, 150.345586744, 3.51332705099, 42.5297422839, 1.1957362344, 3.51083986399, 13, 2019
E, 100, -0.6164926664072363, 78.903260212, 34.3132878757, 2.37894007345, -0.180773919552, 2.47040280468, 13, 2019
Z, 100, 0.9875606048194511, 88.953222426, 93.5983244203, 0.937522398195, -0.163994277593, 0.053454979091, 16, 2019
N, 100, -0.6250816068092339, 111.03898848, 6.02207650014, 15.5608491846, -0.903105143313, 2.77209050178, 16, 2019
E, -100, 0.8666061795750714, 102.111736938, 41.4339043006, 2.77799013601, 3.10662666592, 2.77062047698, 16, 2019
Z, 100, 0.9982141803012956, 197.336705484, 177.549274767, 1.09095777878, -0.0496792213565, 0.00337766974428, 19, 2019
N, -100, -0.7371897785012834, 96.795194181, 7.25838885408, 11.5411027439, 0.634133680468, 3.06098304926, 19, 2019
E, -100, 0.7997562495255942, 93.0792238559, 77.8883071038, 1.23679410715, -2.51968409208, 3.12712466615, 19, 2019
Z, -100, 0.995759721411799, 164.216727142, 190.638992544, 0.843916163861, 0.0731529342063, 0.0226617199765, 22, 2019
N, 100, 0.7318524066062914, 112.658847545, 7.1993599363, 18.7651009468, -0.550363813135, 0.360947463095, 22, 2019
E, 100, 0.7879484138828616, 114.222016125, 86.2336889094, 1.29518932838, -0.717362681759, 0.156669465884, 22, 2019
Z, -100, 0.8078162051558434, 91.7217751983, 110.803470382, 0.818060713782, 0.800240200995, 0.239829704861, 25, 2019
N, 100, 0.16999187504092342, 308.846222565, 5.24212985612, 68.4329317533, -1.39261759633, 0.0847971516838, 25, 2019
E, -100, -0.6421301552575286, 162.330347653, 50.498856468, 3.20976649417, -2.28023852252, 0.589638702062, 25, 2019
Z, -100, 0.9614112163944012, 116.273167769, 67.2838038021, 1.81174588059, -0.231954874699, 0.390725095869, 28, 2019
N, -100, -0.3105861672841271, 322.540560662, 6.31047303128, 53.8482879213, 1.43745782633, 3.32530786073, 28, 2019
E, 100, -0.1357145826034369, 200.197005189, 30.6825005517, 5.82325664166, 1.35400325942, 0.332474345933, 28, 2019
Z, 100, 0.9713270763989479, 211.19399045, 129.848149817, 1.60190636152, -0.237479030723, 0.141554195555, 31, 2019
N, -100, -0.37279585460696196, 236.61323492, 6.10705253426, 44.1922298616, 1.11606365741, 3.2970070681, 31, 2019
E, -100, 0.6098161565782577, 179.44860737, 57.4567103022, 3.21639825389, 0.858765334724, 0.00193993586308, 31, 2019
Z, -100, 0.9840706163975406, 135.971556494, 150.135104851, 0.858454194099, 0.127354873996, 0.129728909763, 34, 2019
N, 100, 0.5740286733852454, 78.800255234, 5.15593901301, 14.6086333573, -0.538238922577, 0.0904453746007, 34, 2019
E, -100, 0.7578580614130026, 115.734407283, 66.3383252368, 1.19723166163, -0.46237604017, 0.735530592826, 34, 2019
Z, -100, 0.9888036307650694, 127.195699802, 126.144497034, 0.99031257952, 0.012283339328, 0.11632772003, 37, 2019
N, 100, 0.08191301814361412, 98.8978523493, 4.77445493609, 21.9187673412, 0.609456799338, 1.88485856665, 37, 2019
E, -100, 0.4591225276450395, 51.9551334679, 57.1468425764, 0.833579423591, 0.728773265959, 0.0448487846198, 37, 2019
Z, -100, 0.867868499910692, 75.7943035686, 70.718150123, 1.12310423289, 0.717419455221, 0.306300132694, 40, 2019
N, -100, -0.46582080012870347, 176.936381338, 5.21026341664, 54.8060673055, 3.85818545605, 0.526174283642, 40, 2019
E, 100, -0.6604854132235382, 80.6139752053, 32.8409869448, 2.46386075916, 0.144392139834, 2.46446696744, 40, 2019
Z, 100, 0.9180451802209454, 51.1054507417, 55.3953770595, 0.98700274173, -0.758782970051, 0.40083320297, 43, 2019
N, 100, -0.7386534410930041, 101.961638679, 4.82526194638, 24.006319598, -0.717615029709, 3.17609824255, 43, 2019
E, -100, 0.9139344632720251, 84.3891669468, 25.735179856, 3.75914823328, 0.027833263564, 0.221900984135, 43, 2019
Z, 100, 0.9946321952281555, 142.085271927, 136.454695615, 1.01823120165, -0.0088537378192, 0.0757195519742, 46, 2019
N, 100, -0.8382871698474474, 67.0529267182, 6.2745329629, 9.67058590533, -1.92261509326, 1.29402744141, 46, 2019
E, -100, 0.8951489095038708, 76.8426180234, 60.3781989682, 1.1749540203, 0.0256843323712, 0.351730107071, 46, 2019
Z, 100, 0.9849761430614088, 178.025745497, 171.54896826, 1.02758388581, -0.213589509587, 0.0843088634136, 49, 2019
N, 100, -0.7520998066901172, 155.466933324, 6.84144858862, 23.1774691357, -0.683696477208, 2.80667103076, 49, 2019
E, -100, 0.8886315682596019, 179.854789006, 75.7544333273, 2.31998090426, -2.70309293341, 3.14952860276, 49, 2019
Z, -100, 0.9965712907502875, 104.947068144, 110.08482531, 0.921489557924, -0.0235204316231, 0.0771266877159, 52, 2019
N, 100, 0.8135863102904197, 50.2141331067, 6.10302861669, 11.2934481882, -0.517343916298, 0.281454512924, 52, 2019
E, 100, 0.9444010758611917, 52.9248804278, 50.6539579563, 1.10233848624, -0.0878627902193, 0.0286340225747, 52, 2019
Z, 100, 0.8847271701038649, 51.495440362, 38.0763649265, 1.53317312309, 2.27728024748, 2.57220318403, 55, 2019
N, 100, -0.7200773373777881, 100.705040252, 6.93735635478, 22.6414972611, 3.10436893704, 0.556105367573, 55, 2019
E, -100, 0.4246391661191906, 79.2244279145, 18.8761769146, 5.01221790707, 0.774264437694, 0.297154929918, 55, 2019
Z, 100, 0.9973016830991003, 121.370306519, 102.609309148, 1.17462089789, -0.0602640577159, 0.0138302038017, 58, 2019
N, -100, -0.8903942316872485, 81.6211982801, 5.83574340435, 16.2641701147, 0.67068188812, 3.73754502021, 58, 2019
E, -100, 0.7876972158520603, 91.3449577337, 47.1050497447, 1.90150031237, 0.681769578304, 0.0224195685374, 58, 2019
Z, 82, 0.998888705276232, 141.498375835, 123.763341641, 1.12818013208, -0.0355604767304, 0.0269785500657, 61, 2019
N, -100, -0.6887452554111905, 324.324919713, 4.37059980151, 71.3695772239, 0.99430789899, 3.68026507282, 61, 2019
E, -100, 0.5859056483391971, 80.8529020221, 54.4159410727, 1.39636181881, 0.949481391573, 0.00949071563347, 61, 2019
Z, -100, 0.9988901064564365, 128.162372233, 103.817147737, 1.25841633948, 0.0488589718805, 0.0330831948567, 64, 2019
N, 100, -0.5919997199221049, 616.979687147, 3.13530046661, 203.188240335, -0.694044459663, 2.74623472589, 64, 2019
E, 100, -0.7057317252526247, 167.168651347, 45.8631512955, 3.5777736781, -0.268198495251, 2.58763556706, 64, 2019
Z, 100, 0.9994669069933102, 83.2716490526, 51.3636585284, 1.63085245396, -0.0311821497304, 0.0182747417699, 67, 2019
N, -100, 0.40677010189935553, 232.606435859, 7.38046374316, 48.5982950156, 1.26389881244, 0.23024818582, 67, 2019
E, 100, -0.0888500066749078, 306.909804673, 23.7224289274, 13.3443837469, -1.50557352142, 3.17584695921, 67, 2019
Z, 100, 0.8680381312358992, 59.4472448047, 40.9402983759, 1.54614750733, 2.53498854368, 2.96979710409, 70, 2019
N, 100, -0.6497122583467344, 245.915860278, 8.38103464277, 39.5501677231, 2.93257298483, 0.609043984002, 70, 2019
E, -100, 0.7359193570179154, 113.839473306, 20.0675356171, 6.41018675399, 0.520264664217, 0.224274857167, 70, 2019
Z, 100, 0.9918765592914951, 140.656130497, 108.806598405, 1.24282688498, -0.070688973417, 0.0558085232483, 73, 2019
N, 100, -0.9083567015527055, 246.045625911, 6.35957365862, 36.0128995832, 0.0765585629469, 3.40681080324, 73, 2019
E, -100, 0.7090611739026589, 184.604960481, 49.9245848145, 3.4127591989, 0.8131819516, 0.0416102538103, 73, 2019
Z, 100, 0.9973858557897244, 196.113747917, 141.663887294, 1.40641249809, -0.039002596736, 0.0390804913175, 76, 2019
N, -100, -0.8591196216122096, 451.170185589, 6.01365738365, 77.2334785422, 0.652837082486, 3.39598349321, 76, 2019
E, -100, 0.24841632319585596, 250.746498673, 62.713807286, 3.97784028054, 1.40819190894, 0.127060649154, 76, 2019
Z, -100, 0.9791471409879567, 171.870242272, 96.0737856443, 1.72865416278, 0.131884124997, 0.00566898212275, 79, 2019
N, -100, -0.7236634926278981, 663.874029796, 4.06016742317, 172.803619579, 0.285622964353, 2.80829466519, 79, 2019
E, 100, -0.4649394171734358, 251.853402382, 42.1307913014, 5.77414234356, -0.971755311667, 3.09223990518, 79, 2019
Z, 100, 0.2840449302056012, 77.9610474051, 42.9149297459, 1.87189609141, 1.26884178308, 2.48896248437, 82, 2019
N, 100, -0.25950511783937896, 588.633950019, 10.5510626233, 88.493629213, 2.21649158781, 0.48400204877, 82, 2019
E, -100, 0.798387807926953, 308.117645655, 18.8407942139, 18.5128524722, -0.357203750814, 0.630020377224, 82, 2019
Z, 100, 0.9586182234359196, 121.880194514, 104.63269544, 1.12682207022, -0.276943098197, 0.0149640007486, 85, 2019
N, 100, -0.7060253083515613, 268.719536811, 8.93014253434, 37.3633195479, 2.678295606, 0.245269375062, 85, 2019
E, -100, 0.8404568358300986, 233.585807793, 48.0780044468, 4.6264398864, 0.487111951251, 0.105878080742, 85, 2019
Z, 100, 0.9956532753624319, 126.333345094, 115.455274697, 1.09939739584, -0.0900750795889, 0.010186606452, 88, 2019
N, -100, -0.8410600135457088, 164.390795327, 4.92138911947, 33.6496417739, 0.657720873079, 3.20478451047, 88, 2019
E, -100, 0.5107437203688777, 202.208583407, 52.3568552515, 3.69904932794, 1.04329841843, 0.00605155405204, 88, 2019
Z, 100, 0.9935120946212143, 104.232981035, 87.6789386954, 1.19680105837, -0.0869475365132, 0.0347742295668, 91, 2019
N, -100, -0.39892618692287896, 176.463775307, 2.71316060455, 70.9008887555, 1.14991677889, 3.1054688949, 91, 2019
E, -100, 0.04635612985594966, 172.071125708, 37.6803142537, 4.44879656854, 1.53125496874, 0.00883897236485, 91, 2019
Z, 100, 0.9606619822444393, 48.7030234038, 33.0723476954, 1.50508189356, -0.0491256736567, 0.036246270666, 94, 2019
N, 100, -0.45456536621241606, 166.914229218, 4.91476130623, 50.491116321, 2.76938148904, 0.567403787298, 94, 2019
E, 100, -0.5373679609668385, 160.805554827, 12.9373409723, 14.6004402276, -0.590265934845, 2.77998905605, 94, 2019
Z, 100, 0.4188665003976894, 78.7885717756, 61.5560292744, 1.21815023909, -1.16794926525, 0.0327920823184, 97, 2019
N, 100, -0.3695210778081005, 409.937198908, 10.9356963141, 51.9947722065, 2.43336526275, 0.664857385595, 97, 2019
E, 100, 0.9774455056827038, 288.488012723, 27.3763998658, 10.5819038119, -0.270730938045, 0.157134675952, 97, 2019
Z, 100, 0.9072889897946931, 105.636131281, 121.47366103, 0.815803875986, 2.72182963417, 3.10992425728, 100, 2019
N, 100, -0.39730454400507587, 261.394260621, 11.1144293161, 23.022607405, 1.89154458078, 0.247199717259, 100, 2019
E, -100, 0.9301897881912612, 234.267083649, 55.3275194434, 3.79846695039, 0.0872507308714, 0.264962078336, 100, 2019
Z, 100, 0.9822256208330171, 162.563115256, 139.684892861, 1.19476345941, 0.0835552636509, 0.153421049199, 103, 2019
N, -100, -0.7703520472581054, 218.695198907, 6.86786476115, 32.7915315271, 3.91474944102, 0.148405536266, 103, 2019
E, -100, 0.6007267518494898, 249.039652841, 63.2426866516, 3.81676659264, 0.952727071448, 0.0384609634392, 103, 2019
Z, 100, 0.9343275790818609, 536.746147335, 91.9632057725, 5.76571702501, -0.0779303486198, 0.236463605292, 106, 2019
N, -100, -0.14980740128846862, 203.160391599, 4.13615994677, 53.324588126, 1.53278640628, 3.25669816629, 106, 2019
E, -100, 0.07209280620607371, 165.899790014, 39.5946297319, 4.55965762943, 1.73968447656, 0.296651720228, 106, 2019
Z, 100, 0.15210632092815768, 89.0460319478, 56.6107664607, 1.56576455034, 0.723672227767, 2.16958578572, 109, 2019
N, 100, -0.39536146920739346, 276.837492373, 5.81908584575, 71.5905887441, 2.38170226411, 0.572712629247, 109, 2019
E, 100, 0.6528352843775714, 275.342308327, 23.7574542852, 12.541258453, 2.04723840122, 3.62540805479, 109, 2019
Z, 100, 0.9405951740588318, 123.376354018, 129.6752964, 0.953951458205, -0.32420390232, 0.0353963169575, 112, 2019
N, 100, -0.603622321930794, 132.521720972, 13.6801622705, 12.0005663515, 0.341968020518, 2.28058470542, 112, 2019
E, 100, 0.9926100462775045, 221.528482138, 58.4904356155, 3.6055736915, 0.0191586915155, 0.0545389357119, 112, 2019
Z, 100, 0.9786320837245785, 155.157354694, 141.249536897, 1.09034096658, -0.135074229947, 0.0698071218501, 115, 2019
N, 100, -0.9556029728968783, 195.154336543, 9.23123990084, 24.2149318223, 3.22447196859, 0.196102299929, 115, 2019
E, -100, 0.9256438320635774, 248.71300149, 63.6663770016, 3.63414972364, 0.341424996994, 0.0663064438974, 115, 2019
Z, 100, 0.9822241441984307, 162.066983419, 103.77774215, 1.57289603935, -0.179790321971, 0.0263973893312, 118, 2019
N, -100, -0.6996701899472182, 183.009597584, 3.9385979401, 55.3598989266, 1.04253269634, 2.75796512343, 118, 2019
E, -100, 0.6307217875554216, 260.399256934, 45.7502067621, 5.73687191703, 0.988430112959, 0.156991735678, 118, 2019
Z, 100, 0.9070612758185713, 74.2114883955, 44.0478893282, 1.80706372297, -0.294745481137, 0.17984693501, 121, 2019
N, 100, -0.6260582205099643, 232.415184494, 1.33128108547, 204.130780396, 2.06911555408, 0.360292993781, 121, 2019
E, -100, 0.7552389981471155, 210.173415737, 16.8489878013, 14.1167114547, 0.939690296349, 0.384823753052, 121, 2019
Z, 100, 0.6427930586818668, 105.259003762, 76.7748691137, 1.35016128376, -0.926090440004, 0.0717805991445, 124, 2019
N, 100, -0.26690147175262185, 137.907088307, 7.68496166031, 21.6923749728, 2.21965127409, 0.443797243032, 124, 2019
E, 100, 0.9214062010824435, 271.072568693, 33.7711066268, 7.64826757461, 2.82293700238, 3.03283029039, 124, 2019
Z, 100, 0.8788062476327017, 138.293516584, 146.909148419, 0.883329536484, -0.479463862479, 0.00610249477202, 127, 2019
N, 100, -0.641835063869882, 266.606522433, 13.9116135728, 21.3789863945, -0.0828856011116, 2.49972321338, 127, 2019
E, 100, 0.9613882576874765, 322.038859332, 66.3464587495, 4.5904284036, -0.304136865536, 0.114781385824, 127, 2019
Z, 100, 0.9813044621406717, 180.758474591, 167.523188738, 1.07546475427, -0.166232621669, 0.0470124447046, 130, 2019
N, 100, -0.9287553924538108, 365.089887594, 11.7749310503, 35.0300835744, 3.24612794571, 0.290059065622, 130, 2019
E, -100, 0.9581807869420016, 330.768802455, 75.2397038992, 4.26118132392, 0.321279640215, 0.0382399307661, 130, 2019
Z, 100, 0.9518193833915476, 146.370980292, 114.988130941, 1.35850057273, -0.153772134421, 0.176031406502, 133, 2019
N, -100, -0.8871740909578641, 346.772131927, 5.67490741867, 72.3450710937, 0.397151127902, 3.31257102869, 133, 2019
E, -100, 0.8687136801114016, 311.98402524, 51.7381853578, 6.52282538538, 0.673184916521, 0.248494472794, 133, 2019
Z, 100, 0.4550172002025254, 100.457495946, 57.4333871223, 1.7345759128, -1.1708014459, 0.0280659473977, 136, 2019
N, 100, -0.21925561192680107, 246.107382308, 1.61287036544, 199.698397628, 1.46611541074, 0.54638335066, 136, 2019
E, 100, 0.8301141291478223, 337.180297277, 23.9861660869, 15.018340568, 2.38483155199, 3.3130881932, 136, 2019
Z, 100, 0.6728224112394886, 164.338873041, 141.453811829, 1.03414884427, 2.10967918438, 2.85921924257, 139, 2019
N, -100, 0.12732565338102608, 306.857123293, 10.1533080174, 31.4362343127, 1.51509734952, 0.000274233724237, 139, 2019
E, 100, 0.7797218239573586, 468.96620381, 64.0292627599, 6.6501854134, 2.34536015058, 3.35648998924, 139, 2019
Z, 100, 0.9536611148578452, 186.850119081, 170.157957182, 1.12187576364, -0.208293433931, 0.114194487287, 142, 2019
N, 100, -0.7444998966918868, 272.912422055, 14.0858054197, 22.1517073776, 2.73745947145, 0.239757622815, 142, 2019
E, 100, 0.9806760964210748, 318.968382641, 76.4118159703, 3.98305514544, 0.01777495813, 0.0960354559489, 142, 2019
Z, 100, 0.9407902410896671, 204.317297116, 138.258100307, 1.4186077416, -0.330753988807, 0.0147812045582, 145, 2019
N, -100, -0.9227499049550951, 280.840950989, 8.02171650966, 41.1977590116, 0.36717053178, 2.8285866992, 145, 2019
E, -100, 0.9482840447535424, 386.329888749, 61.5503595492, 5.99586889727, 0.315368845406, 0.0201990919024, 145, 2019
Z, 100, 0.951862443191235, 125.834098164, 74.6477852844, 1.8358636678, -0.124699594657, 0.197403165806, 148, 2019
N, -100, -0.6915735518620839, 373.8250849, 2.691983258, 222.731095613, -1.19087755189, 4.53060398518, 148, 2019
E, -100, 0.8152275421476367, 322.260456348, 32.8537447414, 10.9700921591, 0.831965933898, 0.400289637629, 148, 2019
Z, 100, 0.9016158582066509, 76.5527551761, 73.860355273, 0.963699284445, -0.295063407424, 0.156007152118, 151, 2019
N, 100, -0.09175754639032487, 416.471931021, 3.97997776646, 98.2870934119, 1.53378561024, 0.167356094804, 151, 2019
E, 100, 0.7557682695013658, 243.036814935, 32.2663261049, 7.9306586362, 2.26337111042, 3.31781064247, 151, 2019
Z, 100, 0.9480090108247744, 154.75539106, 154.192525631, 1.00351112315, -0.346350053221, 0.0294274508348, 154, 2019
N, 100, -0.49270972982962724, 367.082641453, 10.088219463, 36.2626443575, 2.21024038751, 0.109417010174, 154, 2019
E, 100, 0.8279626129591611, 311.667107982, 69.8644170668, 4.23396238229, 2.4833190001, 3.24376670581, 154, 2019
Z, 100, 0.9814438194014669, 213.796193221, 193.911075079, 1.09487627557, -0.158769036994, 0.0433625684462, 157, 2019
N, 100, -0.8466315518933195, 264.076972287, 15.5140715738, 19.6119755855, -0.0340438446802, 2.75811407328, 157, 2019
E, 100, 0.9827743096062713, 291.074194069, 87.7690643148, 3.13464147042, -0.0603464320541, 0.00683370387385, 157, 2019
Z, 100, 0.9890896643945768, 198.482374647, 152.399713832, 1.33605497912, -0.0199103131687, 0.108690617457, 160, 2019
N, -100, -0.9674132924202982, 226.223708803, 10.2613444524, 24.5232635578, 3.43780290375, 0.13633093314, 160, 2019
E, -100, 0.9081488017302229, 277.937898097, 67.7625224815, 4.25586913515, 0.555839166438, 0.182646203779, 160, 2019
Z, 100, 0.8498928886685341, 113.000875129, 53.1913972866, 2.2386808936, 0.265013817461, 0.829948114763, 163, 2019
N, -100, -0.5100270377783362, 207.028079492, 4.43879327282, 83.9783753673, -1.05616380766, 4.85026900205, 163, 2019
E, 100, 0.8889278898638524, 265.710806491, 23.0159025422, 13.4237903946, -2.32328388854, 2.10721632469, 163, 2019
Z, 100, 0.9093476824570979, 133.756475772, 133.943041757, 0.971021386298, -0.4507851919, 0.0486054768831, 166, 2019
N, 100, -0.26738041860428824, 358.123102252, 4.56741537272, 69.4735991056, 1.80856590986, 0.0569721389719, 166, 2019
E, 100, 0.6938878502458586, 311.871734736, 59.7793730858, 5.10413133951, 2.2517966913, 3.2644135565, 166, 2019
Z, 100, 0.9722753011913526, 202.339824432, 176.856450618, 1.12589589924, -0.214677261778, 0.0299054382303, 169, 2019
N, 100, -0.6522251389737183, 304.789532964, 12.2276415364, 27.5374080378, -0.190719953801, 2.5358584222, 169, 2019
E, 100, 0.8877961919895138, 306.804929321, 81.7148249418, 3.60768571889, 2.77810612129, 3.00522433943, 169, 2019
Z, 100, 0.9804459813086921, 187.31060774, 162.427556081, 1.14054952619, -0.170496806911, 0.0387530626839, 172, 2019
N, 100, -0.7771240136463555, 471.890221274, 12.7823372348, 45.4341713192, 2.89475754387, 0.389144419432, 172, 2019
E, 100, 0.9695672267176243, 331.875646001, 73.3872828512, 4.46314734583, -0.233781191095, 0.00651492924911, 172, 2019
Z, 100, 0.9805083345100742, 145.443140768, 106.491589726, 1.43123661082, -0.051742112934, 0.13845316562, 175, 2019
N, 100, -0.8959453540806409, 413.287993888, 6.14237962219, 87.8223130301, 3.16923166919, 0.394952485237, 175, 2019
E, 0, 0.9783548341526075, 306.406389332, 47.2946712061, 6.88609136612, 0.240904958795, 0.256500710353, 175, 2019
Z, 100, 0.8076829750098372, 90.4760204441, 57.6238756558, 1.58854116817, 1.72466436348, 2.32677527962, 178, 2019
N, -100, 0.03607271481180938, 484.340719531, 3.10839291476, 177.829593203, 1.21603009159, 0.443703618973, 178, 2019
E, 100, 0.6549444487929418, 267.950768383, 25.0811929607, 13.1515629838, 1.94894424232, 3.53689285276, 178, 2019
Z, 100, 0.9559044572323997, 140.208355776, 139.319737203, 0.993816008298, -0.26497052508, 0.0445095733674, 181, 2019
N, -100, 0.21712664115496108, 534.213979934, 6.40146540197, 74.9315412087, 1.25070385416, 0.165259541095, 181, 2019
E, 100, 0.45817293360969186, 265.630449333, 61.6619409668, 4.22296460994, 2.0538662345, 3.11776696003, 181, 2019
Z, 100, 0.9746197221401308, 220.014366429, 198.366706215, 1.07770036543, -0.202768385584, 0.0237349837902, 184, 2019
N, 100, -0.35800970814340716, 470.804272364, 12.1629638269, 39.2835263571, 2.12393863155, 0.223004972262, 184, 2019
E, 100, 0.7227361296409482, 331.699700143, 91.3047687872, 3.43459834747, 2.35953313996, 3.18994667205, 184, 2019
Z, 100, 0.9973582730900626, 215.132128638, 180.802316938, 1.19164045996, -0.0577798419427, 0.0231944274095, 187, 2019
N, 100, -0.6958824498375498, 422.790734462, 15.7264076924, 32.3055853632, 2.78903527992, 0.424815015756, 187, 2019
E, 100, 0.9603207671585744, 303.458179609, 81.0303386635, 3.77624709905, -0.226504208894, 0.0651616434913, 187, 2019
Z, 100, 0.9803328248158487, 104.973956911, 82.8600571975, 1.40692965562, 0.128758912699, 0.264946709905, 190, 2019
N, 100, -0.8588252991038873, 376.450235922, 7.21036957254, 69.8442591871, 3.02449586747, 0.372882163398, 190, 2019
E, -100, 0.8583115838365681, 238.152890905, 37.8120019266, 7.15265936218, 1.13714949508, 1.00136268859, 190, 2019
Z, 100, 0.8885279308736612, 119.488726972, 110.743934857, 1.03331496085, -0.492358552464, 0.0304801129342, 193, 2019
N, -100, 0.1743666256213207, 411.370633284, 4.00139483128, 111.481619683, -1.94607929899, 3.23337805176, 193, 2019
E, 100, 0.2795684897078434, 303.960152567, 47.9070321713, 6.68745859573, 1.61704848544, 3.44512868389, 193, 2019
Z, 100, 0.9758341145808788, 183.447602064, 165.392676986, 1.09745816703, -0.233059882087, 0.0167900445069, 196, 2019
N, 100, -0.05461237471849538, 515.718149666, 6.80525686398, 67.5349948885, 1.7051314404, 0.0900155277706, 196, 2019
E, 100, 0.5725467955085397, 256.790082798, 75.73825243, 3.21981420866, 2.23572832462, 3.05768967177, 196, 2019
Z, 100, 0.9475217810846102, 238.321316387, 165.967700321, 1.49921565971, -0.149521494361, 0.175284108087, 199, 2019
N, 100, -0.4407508996386783, 522.244945, 12.4922529034, 50.1938871879, 2.37464539516, 0.392876100578, 199, 2019
E, 100, 0.7912456561724346, 218.379668464, 76.2383248784, 2.71845904914, -0.67747871268, 0.0496844802257, 199, 2019
Z, 100, 0.8270560286474834, 212.504284384, 123.985586789, 1.36725925954, 2.39861337471, 2.86369643207, 202, 2019
N, 100, -0.6456104853303969, 467.457668512, 10.984141703, 55.628219517, 2.72041577531, 0.421171096458, 202, 2019
E, 100, 0.957060187222178, 182.05670163, 54.5969156472, 3.39862668285, 0.134810234354, 0.317002630758, 202, 2019
Z, -100, 0.9883644112288753, 64.6594051839, 55.9134572516, 1.11847137694, -0.147939547786, 0.260545912526, 205, 2019
N, 100, -0.4955854444760378, 421.971511673, 4.03151422363, 175.865862906, 3.44376566419, 1.204612913, 205, 2019
E, 100, 0.815631132305017, 159.250720837, 24.9231741162, 7.69379191514, 0.0397957781816, 0.644340310733, 205, 2019
Z, 100, 0.9448206146420368, 131.899209457, 104.620440713, 1.27430067734, -0.397400923047, 0.0903496546947, 208, 2019
N, -100, 0.6018239054377446, 418.136860138, 4.86790279669, 82.7507585934, 0.654080071011, 0.209502173143, 208, 2019
E, 100, 0.09408511905167675, 214.290931146, 45.9824060287, 4.89607933625, 1.51147438114, 3.3024786408, 208, 2019
Z, 100, 0.9878333835991415, 174.97466339, 177.979277875, 0.991475085573, -0.142919134649, 0.0144368033998, 211, 2019
N, -100, 0.20040993126271892, 447.75344148, 7.85473100861, 48.2438277168, 1.35977382238, 0.0294578254876, 211, 2019
E, 100, 0.44492217161798975, 158.03609946, 80.1026626511, 1.97372093949, 2.04397961528, 3.12430147854, 211, 2019
Z, 100, 0.988877227443115, 188.816846452, 183.639297889, 0.957789558754, -0.171451495376, 0.11304792398, 214, 2019
N, 100, -0.45993905476103375, 576.051039156, 14.1372798249, 48.1309470259, 2.32388863221, 0.367833122021, 214, 2019
E, 100, 0.5602227173318325, 215.106152638, 85.5751986766, 2.13310652452, -1.08388901569, 0.288090184087, 214, 2019
Z, -100, 0.9116292253161522, 84.9418121808, 107.166740803, 0.869318349629, -2.63827877902, 3.01017887685, 217, 2019
N, 100, -0.5648641433193341, 508.33750602, 14.1522280271, 48.2325457863, 2.70436154171, 0.484846767661, 217, 2019
E, -100, 0.6389570219415576, 91.1895537499, 47.1642080088, 2.42710154689, 0.676221141521, 0.677871478325, 217, 2019
Z, -100, 0.9358166543896581, 91.6940057165, 79.9942086286, 1.10041413014, 0.409196915439, 0.0755662323255, 220, 2019
N, 100, -0.06893578264081612, 688.047813555, 4.35521206985, 316.725710585, 3.84950022049, 1.76020988543, 220, 2019
E, 100, -0.1528915929588604, 100.043996591, 35.6519602267, 3.70041082721, 1.85394277116, 0.363181368317, 220, 2019
Z, -100, 0.9926472993518713, 162.808458685, 140.045612574, 1.18131299908, 0.0550793182051, 0.0203109835177, 223, 2019
N, -100, 0.6769322604036351, 618.4864514, 5.12137621709, 100.428282014, 0.536971779706, 0.155618962226, 223, 2019
E, -100, 0.28240304919526166, 94.117111365, 62.028737503, 1.08005508253, 0.921913238249, 0.702796216911, 223, 2019
Z, 100, 0.9678430140004526, 156.286812167, 148.086044411, 1.01258251638, -0.190283146251, 0.0502675989398, 226, 2019
N, -100, 0.1808984709752054, 558.134352474, 7.70439100168, 68.6586634114, 1.44389329895, 0.0473692723723, 226, 2019
E, 100, 0.43256733249949925, 155.369457648, 69.1147779939, 1.75371864542, 3.51363828621, 1.93939729412, 226, 2019
Z, -100, 0.9344894476669269, 263.066217282, 118.275501956, 2.27691044392, 0.450347148021, 0.324309926501, 229, 2019
N, 100, -0.45925495894407364, 548.107228427, 11.7834483518, 62.4943585554, 2.6051836174, 0.631153794835, 229, 2019
E, 100, 0.9207056822784354, 484.570281718, 53.9681749398, 8.72928537749, 0.324040019336, 0.404404054861, 229, 2019
Z, 100, 0.9397316211344815, 290.123362004, 60.424025473, 5.74368466238, -2.9664562051, 2.78107797241, 232, 2019
N, 100, -0.44683812435760756, 731.793429174, 8.92202310178, 133.070102039, 2.69671937723, 0.718768977557, 232, 2019
E, 100, 0.854261952431405, 680.657311795, 26.6099275797, 33.7928212875, 0.19640396171, 0.549424723384, 232, 2019
Z, 100, 0.26830441499437546, 213.466610682, 69.6779693239, 2.99703670671, -1.29608868306, 0.0101048006283, 235, 2019
N, -100, 0.6744598716459682, 820.54106345, 3.16808410639, 316.305688672, 3.08634399756, 2.63739898845, 235, 2019
E, -100, -0.3775091634841236, 708.807887241, 32.2029397098, 21.9571759168, 1.07799799625, 3.25157124865, 235, 2019
Z, 100, 0.5081043500933926, 253.208512783, 142.538645568, 1.56602266026, -1.19297977172, 0.260054471889, 238, 2019
N, 100, 0.8473977280578255, 922.420228636, 6.09645307503, 127.957452954, -0.274866953049, 0.302027579933, 238, 2019
E, -100, -0.3726964814805358, 759.193074201, 62.80248605, 10.9346777995, 0.933262404609, 3.48834442895, 238, 2019
Z, 100, 0.9809209245501525, 168.220772533, 162.439685043, 1.00627657027, -0.0991232622409, 0.0320145246205, 241, 2019
N, -100, 0.2068490882421768, 444.195507012, 8.07687335737, 48.1260567251, 1.58582130187, 0.238892163697, 241, 2019
E, -100, 0.1628131665007781, 113.458455779, 75.9405432639, 1.24467917041, 1.23552471863, 1.13266614678, 241, 2019
Z, -100, 0.8581202790123704, 275.672475041, 107.744189643, 2.9287497397, 0.516365838935, 0.424077185912, 244, 2019
N, 100, -0.11925455325090789, 1086.84064437, 15.2573141706, 100.410099876, 2.0840390273, 0.680436187163, 244, 2019
E, 100, 0.783782756694004, 716.362144211, 49.8059577004, 16.3667315226, 0.220759653515, 0.584573336993, 244, 2019
Z, -100, -0.3776904139676097, 228.126679906, 58.9748441289, 4.43509430055, 0.380164021143, 3.93044483535, 247, 2019
N, 100, -0.024450984163329425, 1299.66409631, 10.0689276057, 226.99725428, 2.1154660772, 0.797154458751, 247, 2019
E, -100, -0.7032756464908485, 936.137564044, 28.8668430235, 37.9428438713, -0.153437178462, 3.75337118829, 247, 2019
Z, 100, 0.34053912602778247, 192.310601483, 117.466513253, 1.45056304653, -1.01235176749, 0.256007672732, 250, 2019
N, 100, 0.630305385054728, 1124.89935885, 3.8256334677, 273.623930074, -0.532184398547, 0.0191877816859, 250, 2019
E, -100, -0.6292694349483797, 651.417959502, 51.7121963791, 11.4932436536, 0.585945341647, 3.43551992273, 250, 2019
Z, 100, 0.4341317921487526, 230.859751092, 124.45122537, 1.61736193417, -1.32103647215, 0.352763222446, 253, 2019
N, 100, 0.8292242278160671, 1193.77748915, 5.07071945315, 190.668792479, -0.608941756536, 0.356334960981, 253, 2019
E, -100, -0.3283353836820375, 776.584982587, 56.5472100833, 13.4444436675, 1.1780199786, 3.23062434797, 253, 2019
Z, 100, 0.8844035566668895, 371.185792219, 94.4345064807, 3.57182882296, 0.333317283373, 0.469097293035, 256, 2019
N, 100, -0.07760359412658026, 1475.126646, 7.68391334181, 230.405401102, -0.819988993702, 2.33652775079, 256, 2019
E, 100, 0.6807354553816617, 697.844447728, 46.0359372073, 13.419309942, 2.94775980435, 2.60827059754, 256, 2019
Z, -100, 0.8450323791659403, 371.006722928, 49.4833074678, 9.60238268439, -2.74773423864, 2.78249857929, 259, 2019
N, 100, -0.2685913178142847, 1895.52192511, 10.2210649225, 310.490730482, 2.24205419864, 0.642695534143, 259, 2019
E, 100, 0.827542746504947, 834.462105293, 22.0534681293, 52.5592463731, -0.07780853126, 0.463760689494, 259, 2019
Z, -100, -0.5912415044392804, 194.555804807, 60.8708553704, 3.17343140906, 0.58334384029, 3.46914019919, 262, 2019
N, -100, 0.00588480579911294, 1324.91156338, 6.49463534565, 392.551734686, 2.66934063128, 1.31362329759, 262, 2019
E, -100, -0.8736284141075095, 882.393583253, 29.1462663456, 28.8699422417, 0.364495392881, 3.11728499674, 262, 2019
Z, 100, 0.279696243828044, 114.650750711, 118.764874233, 0.869627027655, 1.83404935114, 3.20819592548, 265, 2019
N, 100, 0.7582229391503201, 1007.91836025, 4.61413198464, 208.283063137, -0.490358522876, 0.420328331722, 265, 2019
E, -100, -0.787079025442242, 988.816042832, 53.4099897571, 16.1244425724, 0.09691129507, 3.65606642498, 265, 2019
Z, 100, 0.7941838755763396, 355.425577921, 137.620565498, 2.51540263847, -0.552000500637, 0.146356050971, 268, 2019
N, -100, 0.8568245284474176, 1514.07234409, 6.30258303684, 213.98676066, 0.509570162521, 0.152449004859, 268, 2019
E, 100, 0.6550200827551906, 806.390291879, 61.2723615179, 11.7223899433, -0.621089736255, 0.281098620409, 268, 2019
Z, 100, 0.8427258287056276, 314.209818409, 85.8243052521, 3.88420212465, -0.433784006263, 0.130360442529, 271, 2019
N, -100, 0.4957816607544706, 1708.98760253, 8.42904694894, 232.405833778, 1.23650581238, 0.257997205766, 271, 2019
E, 100, 0.6942320602524802, 881.439576192, 45.7813290422, 22.4453637197, 2.65614710826, 2.80171832097, 271, 2019
Z, 100, -0.22911654369016335, 142.768231264, 68.4300053819, 2.00046075768, 1.97913761418, 0.970481244082, 274, 2019
N, -100, 0.10917939369680314, 805.578324383, 13.6111726378, 90.6431433769, 0.965320042054, 0.637262438348, 274, 2019
E, -100, -0.6045562035749825, 658.583411782, 30.8898302068, 18.9749056903, -1.18265645479, 4.60013538573, 274, 2019
Z, -100, -0.30801337646725147, 173.33679738, 120.747728491, 1.28671802424, 1.44659002102, 2.86087713264, 277, 2019
N, 100, 0.8740222392612016, 439.280070952, 4.81342561843, 135.198839217, 0.335436009894, 0.436794803186, 277, 2019
E, -100, -0.845928279235866, 1469.62777664, 55.2421852187, 25.7150166058, 0.46146885446, 3.30733438783, 277, 2019
Z, 100, 0.15439645131241964, 267.653383009, 119.31965797, 2.15170174811, 1.76330745684, 3.09705267546, 280, 2019
N, -100, 0.9214134020696091, 1109.09085086, 4.53736637231, 219.368799421, 0.142296721717, 0.216168761367, 280, 2019
E, -100, -0.44633093840479676, 1048.18033058, 51.5614044806, 19.1002130077, 1.1018463545, 3.15356735768, 280, 2019
Z, 100, 0.5009054878449001, 223.267515796, 77.8579082987, 2.98522072005, -0.891714609065, 0.170907479539, 283, 2019
N, -100, 0.941000173613605, 1025.98347426, 4.11399038631, 270.629355868, 0.373296334489, 0.196764208719, 283, 2019
E, 100, 0.07541744519145581, 774.098679692, 37.0874200277, 20.4565478425, 1.87003154376, 2.86996688267, 283, 2019
Z, 100, 0.21415810361856896, 198.424645543, 28.0240486968, 10.7772876475, -0.790849684788, 5.02156782407, 286, 2019
N, -100, 0.33856934697116287, 465.186405579, 6.31964747776, 95.1858152218, 1.2781042114, 0.0589295123327, 286, 2019
E, 100, 0.0791542283107176, 835.524735613, 17.2843000015, 85.9622150952, 2.51635717815, 1.91377794098, 286, 2019
Z, 100, -0.03898192958653003, 118.600334118, 83.1303462605, 1.24517871268, 1.498366274, 0.592662199875, 289, 2019
N, 100, -0.3224391069145501, 304.637688755, 7.92676421454, 58.5693377174, 2.42088838333, 0.305331379557, 289, 2019
E, 100, -0.39751962515418376, 816.078374249, 36.5545042147, 17.9711787893, -1.49966360807, 3.98770634888, 289, 2019
Z, -100, 0.9151453572388467, 60.2203588689, 130.104995854, 0.461666712845, 0.0685871187976, 0.259108139123, 292, 2019
N, 100, -0.536267034850326, 379.483720672, 4.81516163241, 69.5706947896, 0.705647324105, 4.27819799481, 292, 2019
E, -100, -0.9437811262211269, 424.382624099, 59.729815627, 6.84438665182, 0.282855643509, 2.98248262254, 292, 2019
Z, -100, -0.1581675816945074, 54.7273925458, 137.235800244, 0.301357404003, 1.81635544274, 2.32666393869, 295, 2019
N, -100, -0.7786213471073908, 1226.84529384, 5.57018789487, 193.226889086, -2.47938291422, 0.127177162731, 295, 2019
E, -100, -0.8504404658144529, 797.378248154, 59.7095475578, 11.7090479483, 0.347731348116, 3.37820938931, 295, 2019
Z, -100, -0.2613057777782338, 130.13929319, 83.0402352861, 1.79480313865, -1.66422379802, 0.314705054651, 298, 2019
N, -100, -0.8378775458943979, 800.927887565, 6.32094285836, 132.571133104, -2.53864177329, 0.0617572464984, 298, 2019
E, -100, -0.05459322979272119, 678.961079186, 38.9955313226, 18.5590038058, 1.70726907845, 2.87371635317, 298, 2019
Z, -100, 0.21391225097876806, 111.998802193, 84.7641032587, 1.56835254756, 1.12665666169, 0.446291398436, 301, 2019
N, 100, 0.06961374547409677, 380.535517314, 7.98041913289, 88.5114268361, -0.933527059308, 0.947290327724, 301, 2019
E, 100, -0.7806791603029639, 664.657348867, 35.2336905138, 22.0996965538, 2.31242293721, 0.561880741462, 301, 2019
Z, -100, 0.8167691974280705, 74.9942292211, 148.685770936, 0.557443159052, 0.585108518344, 0.0154625712518, 304, 2019
N, -100, 0.19122873292335515, 292.403178463, 9.22796010619, 72.7544686098, -0.499763979483, 1.39456198466, 304, 2019
E, 100, -0.965302375824473, 635.931546701, 67.1838665359, 8.74559019966, -0.231594435054, 3.35103097265, 304, 2019
Z, 100, 0.8944621490222416, 78.2385918995, 144.395466318, 0.526705016727, -0.281318362572, 0.0624561272841, 307, 2019
N, 100, -0.09557900702202728, 256.602232413, 4.52470714865, 53.165223891, 1.60053673064, 0.565359702943, 307, 2019
E, -100, -0.5193120043912103, 478.91432936, 64.3679611501, 6.37042530813, -1.85172486006, 0.431445898269, 307, 2019
Z, 100, -0.5994477129104047, 40.4342227723, 97.0283292623, 0.417688876416, 2.46736260128, 0.15725579214, 310, 2019
N, -100, -0.1577852997624528, 513.026426959, 4.95314059254, 115.21690065, -1.54277783714, 0.54204127996, 310, 2019
E, -100, -0.6346763503040935, 646.481318434, 40.9732775342, 14.2084928069, 0.794389592586, 3.24419906519, 310, 2019
Z, 100, 0.5275320686498833, 45.4361299342, 36.1477062809, 1.16208028546, -0.485007692222, 0.0366405383736, 313, 2019
N, 100, -0.8521331236290749, 568.408867494, 3.11918023471, 248.478526855, -2.36632329966, 0.952978957306, 313, 2019
E, -100, -0.32964260106921844, 344.978518703, 18.6902855721, 23.1947576785, 1.96091192602, 1.50270389671, 313, 2019
Z, -100, 0.40153775688140225, 75.5543411317, 102.319847572, 0.560589220258, -1.53623904868, 2.41333437649, 316, 2019
N, 100, -0.4344583572208959, 1004.2488707, 4.73828536446, 249.998041245, -0.941441376108, 2.58533370466, 316, 2019
E, 100, -0.25098992309321094, 338.022873956, 43.4181590707, 7.2013127554, 0.703033104584, 1.32875161445, 316, 2019
Z, -100, 0.6707881013554408, 211.733122469, 157.922310338, 1.38161766974, 0.871813178363, 0.0527421120369, 319, 2019
N, 100, -0.3702388709645267, 1010.08194282, 6.44506970975, 205.187565418, -0.893827674072, 2.63961245507, 319, 2019
E, 100, -0.8640356574786532, 557.770153866, 71.0436328859, 6.66051143754, -0.637830364495, 3.50984897733, 319, 2019
Z, -100, 0.6921015811721182, 219.464770383, 162.839187021, 1.28678486889, 0.664250470336, 0.168061388277, 322, 2019
N, 100, -0.6553967198693345, 862.431418765, 5.80737709719, 141.551243022, -0.725412294695, 2.57176796781, 322, 2019
E, -100, -0.9303325527761263, 625.562850943, 73.6595188339, 7.62119940933, 0.118528582795, 3.39124391036, 322, 2019
Z, 100, 0.8426062142169533, 116.718666969, 108.628939183, 1.09676620664, -0.149378495335, 0.0562246778414, 325, 2019
N, 100, -0.9248170729999606, 834.300962093, 6.50315845591, 117.917764177, -3.33085755699, 0.0870544230989, 325, 2019
E, -100, 0.014452256407230865, 284.593794665, 45.484231506, 6.91187219649, 1.52739677093, 0.0834751930106, 325, 2019
Z, -100, 0.5185305878405598, 139.293559118, 83.7075567299, 2.03513687467, 0.649084680874, 0.395376696706, 328, 2019
N, -100, -0.7913837202254929, 831.586909927, 5.76211110916, 222.914656737, -2.55452265582, 0.641576341612, 328, 2019
E, 100, -0.4764516939122637, 400.133624374, 34.6861066054, 13.0139244355, 2.10532409952, 0.759771034708, 328, 2019
Z, -100, 0.922221074808116, 178.249842556, 166.490446196, 0.995914873389, 0.486479198643, 0.157806143758, 331, 2019
N, 100, -0.4626152215264497, 646.378879342, 6.10102868174, 130.274208765, -0.904313605397, 2.58956154907, 331, 2019
E, 100, -0.45157449400138777, 176.023439344, 73.3199857453, 1.93965605653, -0.445407730814, 2.43745500427, 331, 2019
Z, -100, 0.8360927165626008, 211.059318696, 175.877767022, 1.18565889275, 0.525878220745, 0.0742883322848, 334, 2019
N, 100, -0.31963054394823576, 929.503313392, 6.04022042964, 183.330170491, -0.966872736608, 2.50603319282, 334, 2019
E, 100, -0.9267516930693622, 265.135705149, 80.6500384745, 3.09460035044, -0.240107333297, 3.09267010522, 334, 2019
Z, -100, 0.7081646320308448, 98.7779489748, 131.970584707, 0.67101020932, 0.575029423693, 0.269432307442, 337, 2019
N, 100, -0.794561454462529, 566.081585341, 4.53342115581, 99.36660408, -0.450183415417, 2.77437316168, 337, 2019
E, -100, -0.8864743036024276, 328.835424656, 58.5182685191, 4.99759096658, 0.459008672948, 3.09345446695, 337, 2019
Z, 100, -0.15201053828411262, 57.6557676001, 69.6701417537, 0.892381743073, 2.38923275364, 0.697348491514, 340, 2019
N, 100, 0.7084996282807869, 131.201894623, 5.37342023811, 17.6409580333, 0.162902933534, 0.0291528509338, 340, 2019
E, -100, -0.830066518004491, 315.715986031, 29.6713236525, 11.2744125706, -2.26829143886, 0.350009469315, 340, 2019
Z, -100, 0.7499252711759429, 169.978106767, 99.4328059755, 1.83484068351, 0.641009131229, 0.0815187326013, 343, 2019
N, 100, -0.7857052658410847, 312.148812139, 4.58980018526, 61.0902208615, 0.0531685242736, 3.59305855868, 343, 2019
E, 100, -0.8421007437426664, 445.931965712, 42.492986746, 12.1612025637, 2.49983312824, 0.244867146779, 343, 2019
Z, -100, 0.95237457165371, 204.920783344, 170.776397142, 1.20716096878, 0.151697880775, 0.150787053063, 346, 2019
N, 100, -0.6416738877026218, 490.420899495, 6.65906874831, 84.4914990033, -0.770163357919, 2.60277697049, 346, 2019
E, 100, -0.5457746068517765, 351.397339872, 75.4018866048, 4.23338430636, -1.21906332669, 3.57157525327, 346, 2019
Z, 100, 0.9943259312358154, 143.567913414, 189.165771675, 0.770796586301, -0.102884906923, 0.096581921852, 349, 2019
N, 100, -0.11203592387309332, 392.003335038, 6.84311803161, 66.2258809052, -1.43386809755, 2.59674608907, 349, 2019
E, -100, 0.42220379502574734, 106.200437531, 86.9697181607, 1.153511326, 0.92678101279, 0.1079107258, 349, 2019
Z, -100, 0.8613978283328975, 101.772757784, 138.912877982, 0.727514974504, 0.584074949006, 0.0715901439431, 352, 2019
N, 100, -0.8364865502391262, 363.298295457, 5.71850076536, 50.7511558553, 0.159959538418, 3.63567379439, 352, 2019
E, -100, -0.5804879563510319, 129.754210595, 61.4902290391, 2.29262181023, 0.913831358377, 2.81645895843, 352, 2019
Z, -100, 0.8957733275524011, 98.5919088141, 69.0513732296, 1.63992672515, 0.0629824620399, 0.364452167451, 355, 2019
N, 100, -0.8032070744583087, 287.503294923, 8.1656941349, 30.701459319, -3.71741935144, 0.0865826524604, 355, 2019
E, 100, -0.5752546945363525, 135.391107345, 29.8536795432, 4.68841355425, -1.45188638073, 3.6691354959, 355, 2019
Z, -100, 0.9800188539170991, 220.149174326, 158.426636889, 1.37629921052, 0.193214339215, 0.0091865960056, 358, 2019
N, -100, -0.009150397186670925, 98.6455812066, 5.12924922522, 20.3626017027, 1.36931414487, 2.97909047583, 358, 2019
E, 100, -0.779269796521481, 145.373509468, 68.5648944875, 2.05365377313, -0.459231047363, 2.89529646225, 358, 2019
Z, -100, 0.9440062742004458, 182.725690639, 189.403875389, 0.915637885778, 0.205715746927, 0.138153766266, 361, 2019
N, -100, -0.7256977029886975, 292.848862358, 6.30687122328, 46.706248993, 0.11153144251, 2.90860828658, 361, 2019
E, 100, -0.9570719235915671, 185.065233327, 85.230517487, 1.97230413187, -0.233100025876, 3.14343650328, 361, 2019
Z, -100, 0.9366845642872613, 165.962979986, 156.541078075, 1.12579295948, 0.314455373195, 0.064837360857, 364, 2019
N, 100, -0.6766486084155245, 349.280910073, 4.94784129591, 80.6208634132, -0.279549614683, 2.70502420599, 364, 2019
E, 100, -0.6270056144275584, 152.500920051, 71.4849155527, 2.15785206623, -0.848674979362, 3.22608986856, 364, 2019
