Chan, Phase Shift, Correlation, ptp-data, ptp-synthetic, rat, phasem, phasestd, DOY, Year
Z, 100, 0.9900208136094197, 72.3461961506, 94.6634801376, 0.761182211044, -0.186725066801, 0.0663013217455, 1, 2019
N, 100, 0.24851142987977068, 78.6268681323, 35.3952293969, 2.11317574879, -1.96265726245, 0.865967045621, 1, 2019
E, -100, 0.5240916316028486, 64.4078839327, 30.6864176149, 1.41666870003, 2.24323926328, 2.01850172244, 1, 2019
Z, 100, 0.9991522074144868, 122.348523597, 154.503535994, 0.786774491933, -0.00552073896198, 0.0332020246346, 4, 2019
N, -100, 0.9392544014181636, 74.6029957833, 66.0469329316, 1.18119709077, 0.366239580114, 0.0911791580399, 4, 2019
E, 100, -0.03973234708746651, 61.4590191451, 45.811295684, 0.75527771105, -2.15339587519, 2.06792289121, 4, 2019
Z, 100, 0.998203856544002, 137.224352271, 166.918500422, 0.823672220704, -0.06561319358, 0.0012493452957, 7, 2019
N, 100, 0.8842585971146985, 113.90157516, 75.9513778249, 1.4986123735, -0.527794510143, 0.140541963664, 7, 2019
E, -100, 0.4060046517853919, 68.4327648569, 51.8480293434, 0.969204969414, 0.456875896315, 0.730260765793, 7, 2019
Z, 100, 0.9920408351360889, 102.787377841, 131.563585165, 0.783143671236, -0.137531292751, 0.0131870792211, 10, 2019
N, 100, 0.9787598516567586, 55.0089339445, 63.3010350149, 0.849244513096, 0.0458624695128, 0.137150482218, 10, 2019
E, -100, 0.9275880852706927, 79.0205562825, 44.0619175356, 1.70649109246, 0.396560007772, 0.0307865467036, 10, 2019
Z, 100, 0.9833545704237259, 54.6253685969, 69.0030422816, 0.781835935657, -0.130435389439, 0.0446778498332, 13, 2019
N, -100, 0.9270893278667295, 29.1841899799, 36.8733792262, 0.768980525832, 0.615585093033, 0.402144573698, 13, 2019
E, -100, 0.8578833127959139, 87.415450945, 29.6647086471, 2.78726051893, 0.54063110515, 0.0862525393574, 13, 2019
Z, 100, 0.9921225909178027, 67.1838355612, 90.3498660439, 0.730948624665, -0.0933277178025, 0.0403636843206, 16, 2019
N, 100, 0.9645234590031827, 25.6670979563, 33.3409915834, 0.838609110932, -0.488416090538, 0.329127051215, 16, 2019
E, -100, 0.9366808209829264, 46.5259915867, 29.4216672698, 1.61592087512, 0.448308367059, 0.29053700683, 16, 2019
Z, 100, 0.9958015797854194, 140.692691748, 175.954721963, 0.795797717643, -0.0777967622266, 0.0221852551506, 19, 2019
N, 100, 0.9892611883382815, 56.6018777626, 73.7258051512, 0.73585702467, -0.0339647567563, 0.00101218346432, 19, 2019
E, -100, 0.9941022482306674, 88.3878484596, 51.6859330202, 1.63997954578, -0.0240056264512, 0.0498480285469, 19, 2019
Z, 100, 0.9974000397530507, 159.630157576, 194.453028145, 0.822785399774, -0.0776617444941, 0.00283182411787, 22, 2019
N, -100, 0.9920511661393259, 78.3183794432, 87.8805673641, 0.910437877009, 0.110479181111, 0.0191334839135, 22, 2019
E, -100, 0.9795261333534138, 92.1252921352, 58.4595474012, 1.64959427822, 0.0134815410092, 0.12826330534, 22, 2019
Z, 100, 0.9855855555028898, 97.1973042386, 109.857635769, 0.875336266949, -0.199009611296, 0.0387052854788, 25, 2019
N, 100, 0.9892213298245286, 53.1011547269, 56.5439989282, 0.909571057267, -0.0815218455683, 0.0625545024944, 25, 2019
E, 100, 0.9655518970801465, 63.0375722906, 38.8671362121, 1.68285408651, -0.282285107017, 0.040006464968, 25, 2019
Z, 100, 0.9823659824599362, 47.346690754, 64.5829287494, 0.721026383829, -0.173959973015, 0.01144645769, 28, 2019
N, -100, 0.8737958279778539, 24.8826664685, 22.0835238654, 1.2792529385, -0.109426597129, 0.443584596371, 28, 2019
E, 100, 0.9224545524313732, 34.6016652149, 23.9021135486, 1.24820319418, 0.543764750448, 0.753672506683, 28, 2019
Z, 100, 0.9972780008783247, 92.5698590894, 127.995536303, 0.697842439648, 0.00547635049321, 0.0582819771832, 31, 2019
N, 0, 0.99606716764057, 43.9217945488, 52.9416630369, 0.805406616275, 0.0360383144778, 0.0469634500857, 31, 2019
E, 100, 0.934490750536269, 48.4169081596, 37.031290012, 1.26711491399, -0.47865407782, 0.151950498919, 31, 2019
Z, 100, 0.9994325630680595, 114.063337306, 150.472885746, 0.746368386544, -0.0208233825873, 0.0019649487072, 34, 2019
N, 100, 0.999099052848641, 64.8634668224, 67.8226008239, 0.931972216891, -0.00934180790287, 0.0128887426112, 34, 2019
E, -100, -0.5994472834795618, 113.404425083, 45.7547747691, 2.1622731191, 0.598072080888, 3.45821798171, 34, 2019
Z, 100, 0.9957153081146279, 111.538502046, 127.816243793, 0.888980290012, 0.0322301082802, 0.085041971098, 37, 2019
N, -100, 0.9921633423306947, 57.843507703, 60.9975546126, 0.94269901002, 0.125551034477, 0.039551656383, 37, 2019
E, 100, -0.07753480303213078, 193.800081128, 41.1635544437, 2.74442467711, -1.40265119807, 2.42710217272, 37, 2019
Z, 100, 0.9534435980251874, 69.3862407549, 68.2327461783, 1.01802612797, -0.320947492396, 0.00755076233444, 40, 2019
N, -100, 0.8308111868917404, 52.75847534, 37.3506328918, 1.41790461509, 0.8242503074, 0.442689732541, 40, 2019
E, 100, 0.11577381849299849, 44.2902889111, 25.7220778595, 0.618093805389, 1.13726664795, 2.12919547329, 40, 2019
Z, 100, 0.922705884605168, 28.4097648048, 54.6012837408, 0.441140715924, 0.448087341541, 0.601354847004, 43, 2019
N, 100, 0.40855756789394887, 91.2189235862, 18.0706844647, 6.28794677936, 1.17975837489, 2.13772591524, 43, 2019
E, 100, 0.7058050664572182, 68.9354678922, 18.0367447537, 3.62068738896, -0.183582091931, 0.416964097748, 43, 2019
Z, 100, 0.9982348802969652, 103.676017251, 134.414984791, 0.767454469118, -0.0228968018509, 0.0304797922796, 46, 2019
N, 100, 0.7530278508599666, 27.2620039194, 54.0209816848, 0.42065579511, -2.90371012514, 2.33862906005, 46, 2019
E, 100, 0.6157655380665056, 81.5399780246, 38.6886020949, 1.72689695772, 1.44806236901, 2.07948900355, 46, 2019
Z, 100, 0.9963650325510721, 135.649816669, 173.42928693, 0.783962870361, -0.0854608919275, 0.00931722522749, 49, 2019
N, 100, 0.967263890719445, 54.8515235317, 76.837219762, 0.708412908771, -0.207042739911, 0.0346304472899, 49, 2019
E, 100, 0.9810712666734099, 147.697580547, 50.9177917935, 2.79189646538, -0.133424293118, 0.0788868207541, 49, 2019
Z, 100, 0.9865973934456925, 90.3391834586, 117.061400779, 0.778620227235, -0.167009813495, 0.000108573978483, 52, 2019
N, 100, 0.9624690321327173, 60.4588305246, 56.675439381, 1.15386732933, -0.174194673749, 0.129695732154, 52, 2019
E, 100, 0.9760614145784804, 55.7956487217, 36.2691857471, 1.56356201573, -0.161117600947, 0.0182867641973, 52, 2019
Z, 100, 0.9108004949555751, 21.5747554797, 38.9324410349, 0.542039180028, 0.0424707225294, 0.387931819132, 55, 2019
N, 100, 0.6798196210082305, 26.6063317795, 13.6364637352, 1.40562294826, -0.733505482024, 0.0953973933988, 55, 2019
E, 100, 0.25877712789522334, 50.9877936425, 14.7155532788, 4.1964935895, -1.17094980946, 0.190532746091, 55, 2019
Z, 100, 0.9986484367073807, 70.3891988949, 102.961671931, 0.67517584966, -0.0127514505626, 0.0370104100013, 58, 2019
N, 100, 0.9745321970007996, 38.3886722307, 40.9182439158, 0.893758732477, -0.0585880861121, 0.0127521451059, 58, 2019
E, -100, -0.5962296470678194, 49.4489323782, 27.9033653894, 1.23592121272, -0.183674952406, 2.34621288696, 58, 2019
Z, 100, 0.9968902088484265, 92.2144953541, 123.78454793, 0.753294222455, -0.0498831578962, 0.0396456019708, 61, 2019
N, -100, 0.9819154045243496, 59.6392958163, 55.0078075627, 1.04044579974, 0.193729471834, 0.00302449645181, 61, 2019
E, 100, 0.9392082151170935, 52.1281931797, 36.3215946689, 1.38581681683, -0.254154686313, 0.058349057623, 61, 2019
Z, 100, 0.9916604102639275, 89.0729485824, 104.873778049, 0.848330831762, -0.139318139251, 0.00798296693794, 64, 2019
N, -100, 0.9647672257907817, 46.6297972756, 51.0132491512, 0.910473174162, 0.304268332789, 0.0718021253401, 64, 2019
E, 100, 0.9791717889107556, 58.8929696253, 33.2399493485, 1.76902532708, -0.24275108022, 0.0711654870156, 64, 2019
Z, 100, 0.9828383695657879, 48.8333204627, 54.6897707117, 0.96062989405, -0.0178002851283, 0.157652053189, 67, 2019
N, -100, 0.9504528074669492, 30.749915146, 30.3007488962, 0.887269570608, 0.161488692227, 0.155204883845, 67, 2019
E, 100, 0.5955536735174793, 27.0064478907, 18.2993003155, 1.65509857468, -0.852522249987, 0.102630201717, 67, 2019
Z, 100, 0.9414012837563803, 28.1841293509, 44.5521592019, 0.615292350932, -0.0901224625164, 0.0538299660406, 70, 2019
N, 100, 0.3654350087320863, 11.6431540797, 14.9993629957, 0.891249466924, 1.31916679849, 2.24512921172, 70, 2019
E, -100, 0.4662718515274168, 65.6992108445, 11.2063922922, 5.98061447926, 1.114502165, 0.187436541665, 70, 2019
Z, 100, 0.9908173209937505, 78.4469649347, 110.150079173, 0.685546950054, -0.0825886533706, 0.0595635626555, 73, 2019
N, 100, 0.9329004828193039, 29.2851838721, 43.5806045311, 0.614560596228, -0.275826411025, 0.110144378663, 73, 2019
E, 100, 0.7716101629232818, 58.8187824866, 30.8457002216, 1.75674638799, 2.41368225732, 3.3496251752, 73, 2019
Z, 100, 0.9883355331068023, 112.700787941, 143.005506572, 0.789251185799, -0.137830151515, 0.0322492829583, 76, 2019
N, 100, 0.9259501403095082, 30.8046108169, 62.0248842518, 0.458352319706, -0.098504798288, 0.0587259585348, 76, 2019
E, 100, 0.7457610605689737, 72.6389052569, 41.4295737535, 1.58681719971, -0.960863384439, 0.506798829011, 76, 2019
Z, 100, 0.9599091999288359, 81.1204541296, 100.962127571, 0.837424807687, -0.25781225846, 0.054612177917, 79, 2019
N, -100, 0.8917462096814386, 89.3581254157, 49.7462644105, 1.94634235967, 0.394319664783, 0.0942490510643, 79, 2019
E, -100, 0.9392333704748953, 95.2947941417, 31.331155323, 3.30870536938, 0.358414104253, 0.092171026477, 79, 2019
Z, -100, 0.9073807605945845, 34.5740213674, 42.7109014319, 0.949453431746, 0.410570646992, 0.306937306416, 82, 2019
N, 100, 0.2724167816695667, 39.4536849199, 15.3333934977, 2.66411284137, -1.67184902207, 1.74155845417, 82, 2019
E, -100, -0.0966920083452073, 58.3949083167, 11.5217987626, 5.5397969008, 1.68284723615, 2.76762176289, 82, 2019
Z, -100, 0.9948246302241678, 69.7866249288, 105.903481557, 0.67337998428, 0.0270810912986, 0.0697741313289, 85, 2019
N, -100, 0.43908306622168747, 34.3929307981, 43.0312228563, 0.738559878472, 1.21681425308, 0.394711634184, 85, 2019
E, 100, -0.22066919371722074, 81.2105824138, 29.7010050619, 1.58562599678, 1.64857352809, 0.517024571069, 85, 2019
Z, -100, 0.9956506270905816, 84.7295100626, 117.725173519, 0.720555518807, 0.0767374263064, 0.0600293529161, 88, 2019
N, 100, 0.911418605695553, 58.7228763967, 51.1697328678, 1.12408691909, 2.87046228723, 3.18356593264, 88, 2019
E, -100, 0.28367737507857327, 88.9854963513, 34.6160254442, 2.29539477916, 1.29201249256, 0.669184071101, 88, 2019
Z, 100, 0.9831620457269117, 66.6180021409, 88.3205576835, 0.76274225483, -0.163020720254, 0.043878711135, 91, 2019
N, 100, 0.584130446092042, 35.3986885561, 43.4343702254, 0.651834601043, -3.08982494818, 2.37473867811, 91, 2019
E, -100, 0.8966399641458754, 140.003691108, 28.446076775, 4.34549262555, -2.77428712784, 3.04523976184, 91, 2019
Z, 100, 0.8373179857382699, 30.2653845279, 34.6702632206, 1.11572678225, -0.36803698737, 0.354367896247, 94, 2019
N, -100, -0.4448806794227122, 11.9703012122, 22.8762079668, 0.433388837597, -2.29287905313, 0.1478550422, 94, 2019
E, -100, 0.8225071016287856, 58.7348748102, 13.7951873547, 4.80268399662, -2.77555139656, 3.33678448837, 94, 2019
Z, -100, 0.9214909606388905, 47.2004760955, 62.7472224531, 0.833694753563, 0.300259138556, 0.141382505403, 97, 2019
N, 100, 0.6510281241215569, 43.177568562, 23.0092950548, 1.8213618466, -0.860181095554, 0.0135343202452, 97, 2019
E, 100, -0.6887496856728799, 37.8576741705, 16.5682216201, 2.22347261772, 2.47244555482, 0.218103537391, 97, 2019
Z, -100, 0.9854771213147786, 93.4917171831, 123.479147588, 0.763144634266, 0.189456199235, 0.0409083935535, 100, 2019
N, 100, 0.8738279258732281, 74.0629020853, 50.5180013726, 1.28815230295, -0.451015271834, 0.0481390874831, 100, 2019
E, -100, 0.7835834757450809, 29.7290399313, 36.40449278, 0.576185419804, -0.131632783704, 0.582422908343, 100, 2019
Z, -100, 0.9993269281101285, 102.245707229, 142.417858182, 0.717877384354, 0.0168242370053, 0.0154505163325, 103, 2019
N, 100, 0.5663438391076776, 107.745735771, 60.9490612232, 1.80403689636, 2.26260869021, 3.26601522758, 103, 2019
E, -100, 0.1288948896015529, 64.8510734443, 43.152912009, 1.38688418922, 1.55238599076, 0.291214103299, 103, 2019
Z, 100, 0.9668090926619088, 68.1668934592, 95.5260549428, 0.762481892647, -0.148628595343, 0.137225508463, 106, 2019
N, 100, 0.4926886714369937, 79.3989746923, 46.2057099789, 1.29673271749, -1.31693784011, 0.540381042697, 106, 2019
E, -100, 0.5821705169492727, 83.3931640969, 31.0600832729, 1.7615476113, 0.0861117169034, 0.295652764406, 106, 2019
Z, -100, 0.8003926100037874, 47.395655872, 52.774272207, 1.15559458905, -2.63759350384, 2.73568614304, 109, 2019
N, 100, 0.2503968515758712, 45.7745832194, 18.6877049217, 2.47729798859, 0.345424278797, 1.67356824074, 109, 2019
E, -100, -0.7667650560900061, 50.5760531171, 14.6298497748, 2.87341157786, -0.058354887453, 3.74555769764, 109, 2019
Z, -100, 0.9940684175431524, 99.175674972, 129.023459314, 0.76805454312, 0.0922131349914, 0.026650836696, 112, 2019
N, 100, 0.9153834535230322, 46.1231784659, 53.5607166817, 0.882143004784, -0.446150698656, 0.0769796947637, 112, 2019
E, -100, -0.30210380786011015, 29.3632852732, 37.1804240217, 0.571755284252, 2.21890328934, 2.08217062946, 112, 2019
Z, -100, 0.9973053075952689, 108.139276066, 141.818230696, 0.779041211386, 0.0701956469027, 0.0447407068155, 115, 2019
N, -100, -0.08633355347942555, 83.1182847528, 61.4476223224, 1.4096883525, 1.53944459632, 3.33535091609, 115, 2019
E, 100, 0.37367595405797316, 39.9484151403, 44.6511743821, 0.630088701788, 1.78684571196, 3.3947162192, 115, 2019
Z, 100, 0.9955928907073437, 77.2421800195, 106.01967146, 0.700029592286, -0.106171590341, 0.0402211398411, 118, 2019
N, -100, -0.5950676434587656, 88.1921846028, 48.4554230592, 1.37852632714, 0.509983792263, 2.63661384265, 118, 2019
E, -100, -0.4737680607361555, 123.34583219, 35.3848605201, 3.14768352422, 1.14354478283, 2.77206120617, 118, 2019
Z, 100, 0.9333740540467677, 18.4907829122, 42.0372291487, 0.402205518114, -0.336354907661, 0.358056052163, 121, 2019
N, -100, 0.6243447117004095, 69.7149900306, 25.3709620658, 2.64161071911, -1.73760918357, 2.35457991047, 121, 2019
E, -100, -0.8021268750662823, 111.041677275, 18.9246449849, 4.09844588043, 2.8267132965, 0.837278183477, 121, 2019
Z, -100, 0.9870621878874293, 110.938443219, 147.486547237, 0.758438393886, 0.152870187609, 0.0177680273689, 127, 2019
N, -100, 0.7471661155010588, 59.3421044582, 60.8181097465, 0.929436223693, 0.605404298694, 0.15773484861, 127, 2019
E, -100, 0.8754913193851503, 44.6075177293, 44.0682916564, 1.02445779347, 0.35081439638, 0.131362339233, 127, 2019
Z, -100, 0.9954156741661809, 118.581992199, 167.668645827, 0.708495499138, 0.0819875167257, 0.020645190216, 130, 2019
N, 88, 0.9501655881581699, 82.3262436834, 72.2674095579, 1.09494761582, 0.178965958865, 0.273792589373, 130, 2019
E, -100, 0.25460114876145257, 49.3998383629, 53.5964209693, 0.669168659734, 1.87745022867, 0.954920014078, 130, 2019
Z, -100, 0.9993431100991074, 78.0377655907, 120.937217558, 0.645917597006, 0.0356847562797, 0.00417544792483, 133, 2019
N, 100, 0.9518238744365126, 82.7589589741, 54.120806131, 1.29782513384, 2.85017343208, 2.96934863697, 133, 2019
E, -100, 0.7285215639432673, 77.2596977924, 40.5919506429, 1.88402658865, 0.461761947608, 0.0439300319497, 133, 2019
Z, -100, 0.9027630270640028, 41.6484857701, 51.6664056606, 0.812732565162, 0.39033914027, 0.0991090099963, 136, 2019
N, 100, 0.2509295876204996, 23.4743908993, 17.9476260485, 0.968233468585, -2.801374246, 1.51696815907, 136, 2019
E, 100, 0.06052844259719939, 17.4746830051, 19.4654516753, 0.868754705643, 1.05179903132, 3.60932592788, 136, 2019
Z, -100, 0.9900201491104585, 110.17928713, 140.75852084, 0.798904558813, 0.126897975959, 0.0234053144643, 139, 2019
N, 100, 0.921261680731619, 63.8247582333, 57.5509134329, 1.11171034895, -0.0469186603729, 0.124657936589, 139, 2019
E, -100, 0.4219600115689224, 101.103861896, 40.4353051476, 2.2893119603, 1.2653529522, 0.329110611186, 139, 2019
Z, -100, 0.9987019606625688, 124.771575891, 168.194134373, 0.736669732886, 0.0317730885386, 0.0254522319149, 142, 2019
N, 100, 0.933379755498719, 88.1843580434, 73.5548011011, 1.10847424684, -0.422566992693, 0.187675242516, 142, 2019
E, -100, 0.8892189298478099, 126.396685858, 53.4815946185, 1.97416596728, -0.00536102569555, 0.326249344972, 142, 2019
Z, -100, 0.9929578860148441, 98.6307158235, 137.447549721, 0.70822167954, 0.0994378640781, 0.0254797756812, 145, 2019
N, 100, 0.9905800752140089, 35.7045081459, 62.2224224795, 0.593590563244, 0.00710524161485, 0.10413022207, 145, 2019
E, -100, 0.8021446207332363, 29.3293134478, 47.6645097329, 0.584814549271, 0.751745031876, 0.169412035805, 145, 2019
Z, -100, 0.9891244654437548, 48.1122259375, 76.9699214538, 0.62565982711, 0.15040072339, 0.00785732612861, 148, 2019
N, 100, 0.7385158481196386, 41.0468421703, 36.4735927762, 1.26323358675, -0.314783119871, 0.460067743907, 148, 2019
E, -100, 0.5816637934703459, 37.4496995344, 29.888095382, 1.44841249314, 1.14174955694, 0.366066085866, 148, 2019
Z, -100, 0.9760842547774103, 59.1134485635, 70.7655311874, 0.829287646921, 0.251302116406, 0.0378218330924, 151, 2019
N, 100, 0.2207114799945151, 43.5045461379, 25.1450632669, 1.25272370771, -0.310310857229, 1.23204626122, 151, 2019
E, 100, 0.823545942175644, 54.4318375897, 23.6946138088, 2.39367319815, -0.797672007604, 0.274566119012, 151, 2019
Z, -100, 0.9945183986596664, 122.576683789, 155.018996445, 0.788115692873, 0.103747944295, 0.00751939515227, 154, 2019
N, -100, 0.9595908693083677, 44.0773457854, 62.858662756, 0.637332278413, 0.150387228962, 0.120295366459, 154, 2019
E, 100, 0.8878531722969027, 22.8756418126, 45.8210876118, 0.372370812914, 0.493573143621, 0.625536701227, 154, 2019
Z, -100, 0.9954154140555502, 156.051152174, 193.462407254, 0.809672613695, 0.107082221603, 0.0159961015631, 157, 2019
N, -100, 0.9844806682500284, 71.9507812325, 83.6751593698, 0.880878261847, 0.181480723006, 0.0413637793321, 157, 2019
E, -100, -0.33604064802158395, 59.5210370546, 61.0426522469, 0.811308969787, 1.30987046893, 2.91381825599, 157, 2019
Z, 0, 0.9980993596617969, 123.290311138, 153.478696282, 0.818101218713, 0.0117421069668, 0.0330181690961, 160, 2019
N, -100, 0.36033598453166443, 10329.0486207, 67.5808879615, 123.950513999, 1.34874592652, 0.962927117911, 160, 2019
E, -100, 0.08407914135006694, 1298.89036135, 53.6498520065, 19.7562155497, -1.0430587637, 2.13641169519, 160, 2019
Z, -100, 0.8629571657786046, 46.5871977207, 130.348329054, 0.333022997733, -2.53892627788, 3.39505597191, 166, 2019
N, -100, 0.7209446866984642, 1096.08483887, 52.1612291789, 17.116021867, -0.277873993304, 0.627740005876, 166, 2019
E, -100, 0.646090999454037, 66.6293763456, 38.5000740978, 1.64100750173, 0.491191785305, 0.365258844183, 166, 2019
Z, -100, 0.987398918360953, 121.218633585, 161.358121149, 0.757225195943, 0.156958419016, 0.0248919915415, 172, 2019
N, -100, 0.9099285888067842, 13.5749151059, 72.3767192401, 0.178098124431, 0.209571449816, 0.180718800635, 172, 2019
E, 100, 0.8078409709022337, 76.0235042537, 54.8269232256, 1.52479395966, -0.549120275568, 0.097554986578, 172, 2019
Z, -100, 0.9985206105563738, 76.9142519379, 107.810992686, 0.700013253381, -0.0157824665813, 0.0535933088954, 175, 2019
N, 100, 0.42603004078906753, 75.5742245004, 48.5819768856, 0.857084067804, 2.26580169388, 2.44323378557, 175, 2019
E, 100, 0.30652962921855187, 53.2784818316, 40.7523177492, 0.917685730475, -1.7041668078, 0.646344692012, 175, 2019
Z, -100, 0.9566400821026203, 44.4829654651, 54.3155109864, 0.83949188767, 0.38404266348, 0.101245720225, 178, 2019
N, 100, -0.03313518617384181, 118.89208899, 20.4187094492, 5.41766270401, -0.100580603829, 4.3418553891, 178, 2019
E, 100, 0.5094679720034716, 18.3339016934, 22.7602842691, 0.620027410999, -1.35556135893, 1.25201262803, 178, 2019
Z, -100, 0.9932084827987668, 99.5370840775, 135.905981687, 0.735480526256, 0.127158844796, 0.00747303859512, 181, 2019
N, 100, -0.26089352605416477, 288.637601813, 53.930039414, 3.40765934276, -0.8760083607, 2.71524513522, 181, 2019
E, -100, 0.6850863293037929, 22.6565529879, 41.1318186244, 0.436334464089, -1.7853998802, 2.18623863051, 181, 2019
Z, -100, 0.9986230228309962, 161.975347596, 200.324422856, 0.808100707096, 0.0561954093752, 0.00192479028831, 184, 2019
N, -100, -0.08943730257427387, 2239.13103689, 85.0463026864, 15.999683889, 1.23555164897, 2.53770299942, 184, 2019
E, 100, 0.7902543728305681, 125.466572339, 60.3955187778, 1.3610899451, -0.672085106707, 0.541091299459, 184, 2019
Z, -100, 0.9993071249333035, 139.793272779, 177.647121691, 0.786424437539, 0.0406866568194, 0.00143893234448, 187, 2019
N, 100, -0.8915984810560149, 2006.78324663, 79.3403759338, 22.0746545769, 0.0289833463919, 3.39440579525, 187, 2019
E, 100, -0.5307646188326206, 88.6256752644, 61.4716024332, 1.18793479748, 0.202896106486, 2.44662311694, 187, 2019
Z, -100, 0.9972856008461111, 67.5405603579, 91.1412560864, 0.719912550111, -0.043083103023, 0.0844624128265, 190, 2019
N, 100, 0.33748326448079236, 5430.74533578, 37.732378087, 87.5463975533, 1.86508444841, 3.04755894872, 190, 2019
E, -100, 0.6801065734100347, 320.995226808, 36.291486404, 4.80081457339, -0.39457960494, 0.349232308316, 190, 2019
Z, -100, 0.9893310505851821, 85.2108505706, 103.925216549, 0.830692103592, 0.137001772525, 0.0202539272776, 193, 2019
N, 100, -0.6637965443873348, 11879.3838076, 40.6413471158, 331.985688712, -0.305264300319, 2.85303486953, 193, 2019
E, -100, -0.5564051112796639, 615.454274057, 32.0348096258, 21.406249575, 0.575197866217, 3.40657111312, 193, 2019
Z, -100, 0.9912575587772952, 133.641127423, 165.095036287, 0.819081251508, 0.115251532444, 0.0167108008906, 196, 2019
N, -100, 0.6448013463722287, 656.491792055, 69.9678325068, 6.7961030805, -2.89891722153, 2.80734870355, 196, 2019
E, -100, 0.6922595387624204, 50.309192111, 49.1187559119, 1.02670503518, 0.628560926077, 0.115855930867, 196, 2019
Z, -100, 0.9921284487513042, 132.089637853, 165.058286758, 0.804291922571, 0.131378303347, 0.0354457136628, 199, 2019
N, -100, -0.23028323274401638, 380.242452847, 73.7522380755, 2.98170967396, 0.72814179341, 2.32883901017, 199, 2019
E, -100, 0.9532195052852529, 38.3298760119, 53.8827576766, 0.663569105507, 0.410803199301, 0.277586184969, 199, 2019
Z, 0, 0.999497433243113, 95.5577728429, 120.164952918, 0.780055749154, -0.0226773202973, 0.0335412130286, 202, 2019
N, 100, -0.08890741778293572, 60.7850902806, 55.5924625736, 0.659088672456, -2.11439593101, 1.77110123975, 202, 2019
E, -100, 0.9856578187005595, 46.2470644133, 45.601565761, 1.0182851673, 0.0527764644214, 0.0115908394474, 202, 2019
Z, -100, 0.9979471785273014, 45.5272363185, 60.2681835495, 0.747180070372, 0.0948946832641, 0.0582686651933, 205, 2019
N, 100, 0.9611324483484333, 209.6341232, 25.2592702761, 7.49105141373, 0.0353334350515, 0.190183797086, 205, 2019
E, 100, 0.9702773776301972, 30.4217836307, 26.0573143469, 0.99190673367, -0.156234111799, 0.0624900668747, 205, 2019
Z, -100, 0.9877599400210673, 82.7051425635, 99.0993939476, 0.802407036269, 0.210727247545, 0.0941475310538, 208, 2019
N, -100, -0.46310650916776186, 66.1432212796, 38.609900754, 1.15193927289, 3.36763729924, 0.652965141342, 208, 2019
E, -100, 0.8277792067623377, 22.4364007856, 30.7304100361, 0.657698356992, -2.42545494253, 2.86004695392, 208, 2019
Z, -100, 0.9991459141389756, 145.110620945, 176.362525639, 0.81793306189, 0.0351700515755, 0.0112469821257, 211, 2019
N, 100, 0.08439061972916939, 1388.12206809, 74.320500229, 11.6748217818, 0.798519520954, 2.17079014682, 211, 2019
E, 100, 0.8598985461137053, 82.0117538617, 52.424189638, 1.2109702204, -0.308457626191, 0.00969963616624, 211, 2019
Z, -100, 0.9984058012344639, 145.813099877, 184.347547775, 0.780677777744, 0.0447289296136, 0.0153951333634, 214, 2019
N, 100, 0.12515776735177883, 3993.17481873, 81.2419865483, 38.0376077593, 1.52749109445, 2.71285857188, 214, 2019
E, 100, 0.7286723566552248, 232.106887303, 58.8784139608, 2.99713779915, -0.830514962522, 0.400917018123, 214, 2019
Z, 100, -0.2914916037299346, 871.609604307, 103.20819109, 7.65985622228, 0.638609526505, 4.38482264139, 217, 2019
N, 100, -0.4879026822196545, 191.732110129, 46.054152197, 3.17583778495, -1.09376318158, 2.81951327898, 217, 2019
E, -100, 0.45020328228836937, 2255.31185578, 44.6119578388, 46.8527601087, 1.21935058477, 1.12452602813, 217, 2019
Z, -100, 0.5973126288493344, 1777.82391525, 75.3885256132, 25.0599954355, -0.141948690892, 0.775453752725, 220, 2019
N, -100, 0.26334557136306097, 13426.8103122, 28.4158579716, 533.612170896, 1.25046326955, 0.17046369376, 220, 2019
E, 100, 0.037684768418016844, 4426.77143374, 22.508732364, 202.25364616, -2.18358192006, 0.707974649135, 220, 2019
Z, -100, 0.99567160338737, 114.353811611, 135.922662588, 0.833944109512, 0.0962672323678, 0.00394973863788, 223, 2019
N, -100, 0.7057197365317295, 17055.706535, 58.0262377638, 190.415412745, -0.261792747418, 0.615725184341, 223, 2019
E, -100, 0.577952855482722, 910.087821563, 39.8970702391, 15.0226204551, 0.362420917531, 0.608863320831, 223, 2019
Z, -100, 0.9978255394337943, 119.80264205, 150.000096047, 0.796640231293, 0.0721432089154, 0.00356005004568, 226, 2019
N, 100, -0.011123720313604615, 189.333524979, 66.8240192076, 2.1167767831, -1.62579123953, 2.83364382985, 226, 2019
E, -100, 0.7920616271718495, 29.75480166, 46.4050123199, 0.674575788951, 0.70325383683, 0.193653490718, 226, 2019
Z, -100, 0.9978682701649467, 91.9880355344, 115.816922883, 0.77911263894, 0.0339234976888, 0.0325124862015, 229, 2019
N, 100, -0.652679363119527, 173.387815262, 53.8927355489, 2.65926478122, -0.200332685583, 3.70726511403, 229, 2019
E, -100, 0.9386687997316864, 30.4221619002, 41.6006932812, 0.651744652199, 0.158966785779, 0.178609644113, 229, 2019
Z, -100, 0.9897439948700891, 45.229079446, 57.7839154312, 0.767353982242, 0.119684771963, 0.0386133501662, 232, 2019
N, 100, -0.345063897329827, 280.224456689, 26.1621759427, 10.2336769066, 0.0103196116419, 4.17136107419, 232, 2019
E, -100, 0.48391984967687124, 20.3775925892, 27.6196363528, 0.542379058762, 0.267867785505, 0.913984756049, 232, 2019
Z, 49, 0.9994444181863665, 54.392718285, 68.300461443, 0.793202297818, 0.00229564944241, 0.0096859843592, 235, 2019
N, 100, 0.5919371558263969, 205.077905229, 25.4466119354, 8.86047251075, -0.921355825391, 0.583079524061, 235, 2019
E, -100, 0.9133466449820977, 27.4887012567, 19.4189898507, 1.59125457015, -0.186767066215, 0.438646186781, 235, 2019
Z, -100, 0.9989772982628452, 116.396165453, 138.281245738, 0.836722044963, 0.0520347945215, 0.00326796528112, 238, 2019
N, -100, -0.11293745807922494, 116.234478955, 58.5106968639, 1.82304389189, 1.41669518769, 3.21348060182, 238, 2019
E, -100, 0.9526145806107571, 34.6421215403, 40.7274002084, 0.895722034532, 0.296279818853, 0.00590276805102, 238, 2019
Z, 0, 0.9998273865476025, 129.529127905, 165.257835282, 0.780345377523, -0.00078422349684, 0.00754823228149, 241, 2019
N, 100, 0.1599387274047744, 153.531240343, 72.9054838511, 1.24041257705, -1.64012330977, 1.06540205602, 241, 2019
E, 0, 0.9799271479308947, 50.738909948, 49.9924074672, 1.03065075401, -0.0157929742532, 0.0129545642666, 241, 2019
Z, 0, 0.998230335004998, 78.9622205761, 102.232485634, 0.757942184792, 0.0276283548805, 0.0308487507853, 244, 2019
N, -100, -0.8470593682245258, 190.465780704, 47.3539047405, 2.69630840261, 0.0670661503736, 2.7470575325, 244, 2019
E, 100, 0.9412254752420625, 26.0262983129, 40.6189639424, 0.565174751578, -0.329900175742, 0.0694273693422, 244, 2019
Z, -100, 0.9970269682447893, 56.245077093, 60.3328054706, 0.947690077969, -0.0270282749202, 0.0742291005379, 247, 2019
N, 100, 0.6116171210283287, 45.3602079319, 22.5065747826, 2.18002749814, 0.0572679099528, 0.607902468446, 247, 2019
E, -100, 0.2269274793625564, 37.5719556526, 17.9432349749, 2.89331712308, -0.0832507443781, 1.31472865502, 247, 2019
Z, -100, 0.9981519475431202, 102.962882423, 112.865633728, 0.907892046683, 0.0615820056478, 0.00610298210825, 250, 2019
N, 100, 0.33748220517510347, 43.0304419697, 49.1802585536, 0.440789091409, -0.869781779656, 0.986955446889, 250, 2019
E, 100, 0.17101596527958676, 59.818253064, 31.673180676, 1.72274376826, -1.51857475971, 0.223094192478, 250, 2019
Z, -100, 0.99801213458376, 101.904641326, 124.626731991, 0.811793362914, 0.0572310578038, 0.0130942380673, 253, 2019
N, -100, 0.553688702541982, 50.5172634575, 56.5482296776, 0.515826910339, -0.366542510229, 1.05961634348, 253, 2019
E, -100, 0.6158160556805883, 39.0366880445, 38.3065252733, 0.858250496835, -0.0900089723008, 0.929244649263, 253, 2019
Z, -100, 0.9965635938386931, 78.0275604693, 97.2250337296, 0.785592748957, 0.0631788038423, 0.033427478033, 256, 2019
N, 100, -0.17989083763654606, 146.26814894, 45.3273425743, 1.93205354212, -1.68338759463, 2.5629093859, 256, 2019
E, 100, -0.27247577196336964, 147.954616905, 32.4337894003, 4.19158287497, -1.21515419906, 3.04199299738, 256, 2019
Z, -100, 0.17825006859408857, 1264.92408319, 42.5137177581, 34.077357199, 1.23414330009, 1.04847539764, 259, 2019
N, 100, -0.5073564707759078, 358.553753117, 21.2365762063, 16.5062394894, -0.0113695068683, 3.97751766023, 259, 2019
E, -100, -0.13931609640841738, 2882.85030568, 22.0055769543, 148.876879509, 1.92870776082, 2.06097662648, 259, 2019
Z, -100, -0.4616592343401367, 1542.29736727, 63.5622717228, 20.2625531407, -0.120139801169, 4.05291714447, 262, 2019
N, 100, 0.6849651226199199, 499.841533901, 24.5401420266, 13.3347274443, -0.323821184257, 0.219954349604, 262, 2019
E, 100, -0.01835814536285762, 3551.21791958, 15.6485615321, 218.289018536, 0.656874127575, 1.22103358703, 262, 2019
Z, -100, 0.9976178590570851, 96.4127435445, 116.373375607, 0.816597565934, 0.0522920604939, 0.00556626715754, 265, 2019
N, 100, -0.30242079239432157, 2178.52803958, 50.221174157, 24.7958014975, 2.35393378323, 0.660709966259, 265, 2019
E, -100, 0.7385066669339565, 130.977863247, 33.1596152559, 3.19668534657, -2.61465568042, 2.47114510972, 265, 2019
Z, -100, 0.9919172135364202, 118.255738693, 136.25680277, 0.861923070662, 0.138713798919, 0.0111259222771, 268, 2019
N, -100, -0.46759765018875793, 2260.87389429, 61.6549574855, 19.4955789886, 3.55450031886, 0.769481895673, 268, 2019
E, 100, 0.28735319566703527, 130.613320123, 42.1421302045, 1.57145374713, -1.77706039927, 1.35490009294, 268, 2019
Z, -100, 0.985801071601492, 76.0056307381, 92.466262885, 0.794043655115, -2.99873886222, 3.08591550456, 271, 2019
N, 100, 0.2329069738288733, 3304.11088917, 41.7519427614, 47.9746562912, 1.5876169263, 2.59676401701, 271, 2019
E, 100, 0.7557438795790167, 157.10312325, 32.0144820751, 2.92956031607, -0.820628330665, 0.43980875184, 271, 2019
Z, 100, 0.9888178899299919, 64.0710211928, 69.2135752864, 0.925025550039, -0.151647717352, 0.0343839494835, 274, 2019
N, -100, 0.34709049459970776, 2600.32897016, 27.1823064883, 88.2607016713, -2.07545371534, 3.36482397641, 274, 2019
E, 100, -0.2953541447960166, 95.1827106089, 16.7813822064, 5.90790527131, 1.63950417523, 0.864573948563, 274, 2019
Z, -35, 0.9996220366215546, 110.723077098, 120.492577785, 0.919876299863, 0.00841645035076, 0.00783884204035, 277, 2019
N, 100, -0.6693668518046334, 1671.6381518, 53.3026268001, 20.1412558655, 2.63422667044, 0.717184992659, 277, 2019
E, 100, 0.0544596619891973, 98.6653430016, 32.0490332713, 1.85041306605, 0.43356137369, 1.74948448161, 277, 2019
Z, -100, 0.9977002856803887, 99.1666227917, 114.558117589, 0.86257208342, -0.0361053573454, 0.0661481473369, 280, 2019
N, -100, 0.8648929119635613, 3560.76121551, 54.5914842976, 48.5800029372, -0.141426039943, 0.404763034913, 280, 2019
E, -100, 0.8067246489198819, 219.203476668, 36.753707233, 4.74815097482, 0.268740795865, 0.3588136538, 280, 2019
Z, 0, 0.8276770154910635, 19.1869853093, 33.0881361854, 0.529090889218, -0.24156592425, 0.639337905588, 286, 2019
N, 100, -0.47910185357117197, 333.033569943, 13.5252373025, 24.508746515, -1.05881945431, 3.15257847821, 286, 2019
E, 100, -0.16555516755878333, 24.4641282534, 14.1979763537, 1.74453804486, 1.80390819992, 0.378455503544, 286, 2019
Z, 94, 0.9995446350990703, 112.15842666, 131.63068977, 0.848751743734, -0.00152075762512, 0.0119596384767, 292, 2019
N, 100, -0.07124371428880327, 776.032348447, 57.3384858606, 11.806214869, 1.64741523239, 0.198400484965, 292, 2019
E, -100, 0.8118673242316151, 82.208976214, 37.3997639525, 1.99460046663, 0.572397267123, 0.407149051568, 292, 2019
Z, -90, 0.9998454667682607, 115.695838319, 132.357212561, 0.8747320494, 0.00693972238706, 0.000983147951294, 295, 2019
N, -100, 0.22883186632299288, 443.817583552, 62.0076694727, 4.25112562561, 0.0797417918628, 1.29194948376, 295, 2019
E, 100, 0.8841388599968029, 102.675358097, 42.3821480915, 1.99175517563, -0.462821939199, 0.33949090097, 295, 2019
Z, -100, 0.9975197496156943, 74.0532444036, 84.2442675717, 0.894563767796, 0.0659297359341, 0.0279134325201, 298, 2019
N, -100, 0.3928498802441911, 930.35843917, 40.520389064, 26.8475716351, 1.25789022076, 0.370079297113, 298, 2019
E, -100, 0.6342701072076218, 72.6658698563, 33.5591027227, 2.5256355641, -2.09812459205, 2.83653469121, 298, 2019
Z, 100, 0.9947193241015838, 67.9361172572, 79.9613417008, 0.841554972248, -0.0746245361862, 0.0366030405653, 301, 2019
N, -100, -0.39262932674635354, 620.283220976, 31.1246546021, 17.4247862689, -3.2468734287, 1.01914036499, 301, 2019
E, 100, 0.8297291482910835, 52.6580929584, 21.8677120333, 2.06248759752, 0.926234755711, 1.34659584373, 301, 2019
Z, 100, 0.9979180629890979, 128.500175134, 149.940303161, 0.854958999259, -0.0644315575726, 0.00207447869775, 304, 2019
N, 100, -0.35781812479907804, 1110.79016285, 65.4742997217, 8.8691278064, 1.84116975172, 1.09391437122, 304, 2019
E, -100, 0.767156541717307, 53.687692514, 41.0984710455, 1.14709080997, 0.273983261881, 0.35173203068, 304, 2019
Z, 100, 0.9989765761340142, 125.274106532, 140.571560003, 0.888136017891, -0.0565181228963, 0.0141924334367, 307, 2019
N, -100, -0.19432678471716042, 420.206742399, 66.6733512272, 4.42219638647, 1.21239510496, 3.37356934885, 307, 2019
E, 100, 0.9742856342126814, 59.2003806898, 43.8477820628, 1.36067380459, -0.18177725686, 0.182072581141, 307, 2019
Z, -59, 0.9982627639698006, 81.8033073934, 90.905424908, 0.903933495867, 0.0223766053735, 0.0132135468955, 310, 2019
N, -100, -0.47406084429066475, 161.318462337, 46.5922726237, 3.27610887086, 1.09141874866, 3.06267001755, 310, 2019
E, -100, 0.9263004499900078, 37.0629108768, 35.9651887308, 0.984839637721, 0.236067665269, 0.0611120624748, 310, 2019
Z, 100, 0.9657929199244004, 50.5680392338, 40.7294113262, 1.33905170497, 0.352636595847, 0.511717039312, 313, 2019
N, 100, 0.6615601433127097, 260.004694911, 16.9932604812, 11.0926467015, -0.56498853644, 0.053680260767, 313, 2019
E, -100, 0.8917601063190962, 58.2238848978, 20.5699705762, 3.16902695976, -2.53282506126, 2.92069267263, 313, 2019
Z, 100, 0.9925564746047217, 82.5583670309, 99.3819126504, 0.835042300851, -0.142262179033, 0.0219530812463, 316, 2019
N, 100, 0.02602696676123823, 212.439238646, 39.3267237336, 2.90334373655, 0.468283038847, 1.78778685492, 316, 2019
E, 100, 0.8982350579911944, 53.4550297353, 29.4180276157, 1.94762173486, -0.507382600169, 0.233833759954, 316, 2019
Z, 100, 0.9992806136956984, 129.764996787, 159.413727928, 0.813360250321, -0.0282575330143, 0.0154431131947, 319, 2019
N, 100, -0.6914413745425421, 238.13146318, 68.898506957, 2.97556619888, -0.740868527081, 3.09676135113, 319, 2019
E, 100, 0.8764915151921834, 35.5381986262, 46.5455319938, 0.672301304888, -0.398604469566, 0.0247760555546, 319, 2019
Z, 100, 0.9994827657056868, 135.574348016, 160.836216274, 0.837258010855, -0.00211525991795, 0.0146370050489, 322, 2019
N, 100, 0.03695391504972005, 452.751087725, 74.0786076467, 3.00979494312, -1.22378476956, 0.912858357183, 322, 2019
E, -100, 0.9238714227538116, 69.1530436053, 50.1863530237, 1.29084004745, 0.109818928467, 0.161064407809, 322, 2019
Z, 100, 0.9978179345886644, 87.7624875266, 99.4753438029, 0.885572090673, -0.0764757093895, 0.0112859621217, 325, 2019
N, -100, 0.7038436324420377, 975.778386593, 51.1646750395, 11.7432920854, -0.0676136892025, 0.506148067552, 325, 2019
E, -100, 0.8418981865549987, 103.028969001, 40.4993250632, 2.25205425189, 0.25814146796, 0.23437551035, 325, 2019
Z, 100, 0.9985771604904911, 62.9017804066, 77.3689805977, 0.802587110263, -0.0179846654843, 0.0347484609124, 328, 2019
N, -100, 0.062497160224199655, 240.275835304, 28.4162388863, 5.65144095166, 1.71235888997, 1.37497130998, 328, 2019
E, -100, 0.843988028956379, 61.7901962915, 25.6342156326, 2.58534002742, -0.0110044962041, 0.0221547429372, 328, 2019
Z, 100, 0.999105648566062, 135.661726573, 165.285572427, 0.821352318895, -0.046941212658, 0.000876742722849, 331, 2019
N, -100, 0.18519013427821235, 279.661407002, 70.8554946108, 3.68298960222, 1.25059631972, 0.350218401763, 331, 2019
E, -100, 0.7225288073698872, 60.9348174533, 47.3181637558, 1.27273487915, 0.755298938329, 0.368019111012, 331, 2019
Z, 100, 0.9985663128111133, 145.724090151, 177.587123645, 0.816594682844, -0.0357048012886, 0.0142181622436, 334, 2019
N, 100, 0.9570508370185452, 165.218532585, 81.1163325432, 2.09304435577, -0.234787535783, 0.073767709018, 334, 2019
E, -100, 0.925070266747943, 84.490776845, 53.7059045206, 1.48023442712, -0.336292811275, 0.475670914551, 334, 2019
Z, -32, 0.9998907408322789, 116.839570082, 126.376288652, 0.92227683804, 0.0175392445911, 0.0126851253093, 337, 2019
N, 100, 0.661240555241454, 173.271155678, 62.4251736972, 2.31369395791, -0.395352751307, 0.439381161535, 337, 2019
E, -100, 0.6614825782428513, 148.439355161, 45.1570971758, 3.14581888395, 0.83552732973, 0.0397471618244, 337, 2019
Z, 100, 0.9925391080839817, 60.078363888, 62.1092620596, 0.971820399905, -0.131136952644, 0.0163750907731, 340, 2019
N, 100, -0.7570031022433784, 248.346028753, 31.8571606488, 6.42176048777, 2.90852431395, 0.0559917412963, 340, 2019
E, -100, 0.9773913452767005, 44.8342083589, 30.6669236379, 1.45745657149, 0.252517274965, 0.253578451192, 340, 2019
Z, 100, 0.9950164757907703, 78.1132247199, 95.6161911753, 0.818410777315, -0.0864158025507, 0.0216706083071, 343, 2019
N, 100, 0.10282736388620071, 211.506906877, 36.2292279918, 3.18272497882, -2.29650665923, 1.15938233809, 343, 2019
E, 100, 0.9798254583981415, 42.7223886508, 30.4653542035, 1.49330865402, -0.38785961758, 0.318840805504, 343, 2019
Z, 100, 0.9992524567918257, 135.683805391, 170.26685495, 0.79513917063, -0.0312545738027, 0.0104516401731, 346, 2019
N, -100, -0.6696492896564544, 107.518377902, 72.3854159036, 1.13061800933, 1.01914292858, 2.47888971126, 346, 2019
E, 100, 0.9926122112291271, 51.8246694312, 50.8598402098, 1.00905285709, -0.114751161316, 0.0877434889328, 346, 2019
Z, 100, 0.9960899936945984, 162.104517747, 192.989833332, 0.82297199268, 0.0297798984194, 0.0697474325514, 349, 2019
N, 100, -0.8455701601070363, 197.221900443, 86.7325639008, 1.89676675056, -0.31846165893, 3.55480548358, 349, 2019
E, -100, 0.9861964324362285, 67.3090933357, 58.7597868375, 1.12073509803, 0.210304226874, 0.103924420428, 349, 2019
Z, 100, 0.9984931130946307, 110.231199717, 132.764267739, 0.82797563987, -0.064184021239, 0.00758359637404, 352, 2019
N, 100, -0.7576305135583394, 229.686867275, 65.3867851102, 2.38566038095, 2.41507909742, 0.222988710437, 352, 2019
E, -100, 0.9842520653192286, 43.9313839904, 47.5492884736, 0.904316941909, 0.21290061182, 0.117467263004, 352, 2019
Z, 100, 0.9935424918740604, 51.6559809464, 64.4448648965, 0.806395022521, -0.219557287078, 0.100784753852, 355, 2019
N, 100, -0.4901093399853772, 333.386030484, 25.115980812, 11.3652831021, 2.49022756771, 0.458044446824, 355, 2019
E, -100, 0.9609038195100319, 28.9104978396, 31.504696821, 0.927973756828, 0.414731014635, 0.397913794939, 355, 2019
Z, 100, 0.9976597833551537, 121.991391067, 154.720178858, 0.780619367079, -0.037495714498, 0.036424024893, 358, 2019
N, 100, -0.11701104866437385, 290.918225032, 63.9611443825, 3.45088253929, 1.29635575547, 0.668614360455, 358, 2019
E, 100, 0.9620716948842012, 40.447410236, 45.169115609, 0.822439874213, 0.279592232018, 0.320475597693, 358, 2019
Z, 0, 0.999175821038868, 151.649415953, 191.71929716, 0.787723055813, 0.0144888337538, 0.0120021107604, 361, 2019
N, -100, 0.04224099574460674, 268.343130973, 85.7246100982, 2.17508567752, 1.330764066, 0.450538696958, 361, 2019
E, -100, 0.9721817965906429, 48.5927061116, 57.1679028787, 0.852863763828, 0.252335182374, 0.0334005848626, 361, 2019
Z, 0, 0.9991773634101123, 134.772377827, 156.568789306, 0.851140927687, -0.0337692299569, 0.0413384258846, 364, 2019
N, 100, -0.010531391714324028, 247.529362406, 74.6826654347, 2.30806613611, 1.49576078644, 0.277968102501, 364, 2019
E, -100, 0.9464912762683171, 61.8436115353, 50.8784859825, 1.20267515915, 0.298876463409, 0.0437051563025, 364, 2019
