Chan, Phase Shift, Correlation, ptp-data, ptp-synthetic, rat, phasem, phasestd, DOY, Year
Z, -100, 0.9581774547439446, 81.1804006857, 62.17763931, 1.49527485384, 0.0610179349035, 0.847691816385, 1, 2019
N, 100, 0.5211022661759822, 95.6006080405, 40.844454621, 3.1434645411, 1.43420734168, 2.65539097468, 1, 2019
E, -100, 0.4532961553995436, 80.0150151129, 53.330734627, 1.40390645405, -2.55529064774, 2.38822468597, 1, 2019
Z, -100, 0.9990540808254168, 82.0909760536, 88.8614936282, 0.898593152949, -0.0162729761567, 0.0476672066395, 4, 2019
N, 100, 0.9868338999348237, 122.435045405, 58.9616794559, 2.21547250592, -0.0472198564687, 0.148227604928, 4, 2019
E, 100, 0.8527814920590733, 84.8371734128, 77.509815096, 1.15918696324, -0.828154667708, 0.209215652259, 4, 2019
Z, -100, 0.9992056913037429, 86.301827755, 95.9967641471, 0.915384075315, -0.0107203300143, 0.0388936380142, 7, 2019
N, -100, 0.9647142700603827, 140.542465772, 64.3122059768, 2.05428866044, -0.483140148919, 1.27025452763, 7, 2019
E, 100, 0.9206958177662545, 94.7333626594, 84.8937832004, 1.02818876951, 0.915950916205, 2.82260840434, 7, 2019
Z, -70, 0.9850758167232017, 66.8684010931, 81.5273947184, 0.767253004633, 0.489355189022, 1.2582461179, 10, 2019
N, -100, 0.8604872505830664, 122.085343766, 54.8561917794, 2.29634206244, 0.193439612021, 0.234052929892, 10, 2019
E, 100, 0.8279389521448213, 90.6005145008, 72.5093706583, 1.28644274222, -0.903986997477, 0.394128738434, 10, 2019
Z, 100, 0.9979591989731037, 62.6655199282, 54.104045354, 1.1717835113, -0.0347941344867, 0.0343092167081, 13, 2019
N, -100, -0.8241063110516351, 33.8237727236, 35.8193439706, 0.96620871844, 1.52186707162, 2.4261154798, 13, 2019
E, -100, 0.8232993316766121, 60.2026408245, 46.5330305298, 1.30462614714, 0.47872204227, 0.200471283175, 13, 2019
Z, -100, 0.9858490454609141, 58.8810266855, 52.0352851769, 1.13376944534, -0.00369421798768, 0.102551216836, 16, 2019
N, 100, 0.31362549990793726, 91.2839832382, 33.1656712786, 2.62401006197, 2.00490201291, 2.68643954766, 16, 2019
E, -100, 0.290825832318742, 28.4052593442, 44.408065796, 0.679574354965, -2.79457183884, 2.67299235362, 16, 2019
Z, -100, 0.9994497814993929, 93.0533934161, 98.9661778688, 0.924505106249, -0.844317051756, 2.19670200161, 19, 2019
N, -100, 0.983234310563683, 110.054174966, 63.8810376213, 1.89691575624, -0.143254150628, 0.226358927875, 19, 2019
E, 100, 0.960514728416513, 90.359944086, 85.0987704892, 1.0436349447, -0.510972762544, 0.173568210709, 19, 2019
Z, 0, 0.9960003260020679, 110.227227952, 122.595820541, 0.895928496887, 0.176598328497, 0.132370508412, 22, 2019
N, -100, 0.8811701051996833, 120.085891839, 80.19653839, 1.60760051101, -0.441360102876, 1.24250073726, 22, 2019
E, 100, 0.9693868911195074, 134.338060101, 107.348176105, 1.10179447278, 0.256711335046, 2.40954869053, 22, 2019
Z, 100, 0.9896290723462688, 98.2292774542, 103.005579512, 0.94364296799, 0.114415283631, 1.34052039214, 25, 2019
N, -100, 0.5515358492053621, 95.9351872968, 68.0083955925, 1.38198763254, 0.853930346585, 0.260782232236, 25, 2019
E, -100, 0.9859560994518414, 123.274105461, 90.7914813213, 1.34243575525, -0.00923032120245, 0.0580285353556, 25, 2019
Z, 100, 0.9913573465299328, 70.139722772, 57.102029843, 1.25842960095, 0.127425817278, 0.0841273117996, 28, 2019
N, -100, -0.8091128892796081, 78.8697654372, 37.0148867285, 1.69271934907, -1.58861063808, 1.39450542207, 28, 2019
E, -100, 0.685832048748885, 61.2407570217, 47.3053754845, 1.15598587575, 1.10005598208, 0.8994833128, 28, 2019
Z, 100, 0.9835559849958003, 72.8682957126, 57.6875859661, 1.24583862774, -0.154564099135, 0.0816399661083, 31, 2019
N, -100, -0.8320458017074921, 60.6161111128, 38.0796364193, 1.89767615663, 1.30472274679, 2.99293096839, 31, 2019
E, -100, 0.6380598781291159, 67.2169015982, 49.1633024287, 1.37468803695, -2.89157747252, 2.63028349142, 31, 2019
Z, -55, 0.9989734012473952, 92.688447904, 89.8809293137, 1.0413566754, 0.0189621529828, 0.0373583676082, 34, 2019
N, -100, 0.775134601879748, 54.3556672414, 59.7068571512, 0.759433388291, -0.661750411716, 2.35943320977, 34, 2019
E, -100, 0.9573136276288231, 76.6325422268, 78.6633198628, 0.920059229301, 0.551528095866, 0.419389479962, 34, 2019
Z, 33, 0.9994712406412534, 96.2774074307, 101.950782979, 0.956097408555, -0.0902336848473, 0.0672579252499, 37, 2019
N, -100, 0.8931154614002338, 86.9512194913, 68.0310170332, 1.25260126743, 0.225249450503, 1.36304427713, 37, 2019
E, 100, 0.9942659623227689, 99.9859717466, 90.058125125, 1.14124781042, 0.496524425839, 1.85188647006, 37, 2019
Z, 100, 0.9970791075940179, 87.8993415589, 89.9073710745, 1.0111787403, -0.0236687608942, 0.0367606529061, 40, 2019
N, -100, 0.453098354205367, 45.9607616996, 59.892807049, 0.655842724952, 0.465635239623, 1.29099624524, 40, 2019
E, -100, 0.9923522047955783, 93.5936962754, 79.4517955438, 1.15567630065, 0.155411986917, 0.0851848211814, 40, 2019
Z, 100, 0.9869038779645365, 58.9906963992, 58.4123145871, 1.01289404902, -0.253959690065, 0.0967391482064, 43, 2019
N, 100, -0.6019872560118438, 40.3465221703, 38.2547852, 1.20139815725, 0.475060233161, 3.07179740626, 43, 2019
E, -100, 0.9292028656455603, 67.8058930356, 50.2863414344, 1.37285803834, 0.0670227690633, 0.11006852095, 43, 2019
Z, -100, 0.9956398500038227, 59.809874707, 58.4322888588, 1.08092474176, 0.0950784562713, 0.0986836395665, 46, 2019
N, 100, 0.7007232585183784, 71.6319174098, 37.1422262421, 2.04414967736, 2.04884722136, 2.63889407054, 46, 2019
E, 100, 0.9332378464114247, 46.3678495733, 48.8499192767, 0.79561435781, -2.64403748887, 2.63290344921, 46, 2019
Z, -100, 0.999823354090056, 114.347699406, 113.305607657, 1.01061884646, -0.0300660944047, 0.0368708533397, 49, 2019
N, -100, 0.9914489095339849, 79.6364521509, 73.4213276611, 1.0668199177, 0.0867121743889, 0.141751994927, 49, 2019
E, 100, 0.99931841326241, 92.7920901513, 98.4587693604, 0.946641003448, 0.0223229157383, 0.0588427208962, 49, 2019
Z, 0, 0.9997584502590053, 131.524458737, 131.808776325, 0.996444788258, -0.0339124203155, 0.0396345939954, 52, 2019
N, -100, 0.9933730370035762, 91.4758680151, 86.7809140432, 1.02107438077, 0.103474921201, 0.0904512486568, 52, 2019
E, 100, 0.9992961534065891, 118.881384462, 115.807642755, 1.05032367613, 0.28477318882, 1.33507409704, 52, 2019
Z, 100, 0.9972234857661666, 94.7973727322, 98.1120512874, 0.979070495304, -0.337682464772, 1.3067753144, 55, 2019
N, -100, 0.936470251604288, 54.1212120996, 65.0329460174, 0.798616730423, 0.198301063502, 0.0678163459774, 55, 2019
E, -100, 0.9980855379624303, 98.6033763597, 86.6648073069, 1.10423982087, 0.0560466500034, 0.0513555411571, 55, 2019
Z, 100, 0.9717418516475087, 38.9568338859, 41.5850935981, 0.924193644075, -0.247881164639, 0.104966870091, 58, 2019
N, -100, 0.23643715188578926, 24.5007896937, 27.3623158186, 0.856891068105, -0.257872607338, 2.40751983655, 58, 2019
E, -100, 0.9493118964267733, 41.6700197827, 34.6074948957, 1.11327319607, 0.000888426086538, 0.117975326703, 58, 2019
Z, -100, 0.9938813866004337, 64.8485375285, 64.0585159468, 1.01102791086, 0.142725022052, 0.0390990211865, 61, 2019
N, 100, 0.8308765506263474, 144.847675289, 42.3420948407, 3.29354054845, 1.86481709922, 2.96765393468, 61, 2019
E, 100, 0.8025461258474571, 28.4608137347, 54.8562479987, 0.614077907191, 0.988522536965, 0.631326793713, 61, 2019
Z, -100, 0.9990757141334751, 92.7605048082, 99.0855781662, 0.936643377029, 0.0531629999504, 0.0325668439981, 64, 2019
N, 3, 0.8867707313196233, 217.724320519, 65.6459236174, 3.24083383362, -0.680394902109, 0.462772393595, 64, 2019
E, 100, 0.6641554964444584, 103.553213847, 86.896218117, 1.01775899774, -0.255683050185, 2.43231584698, 64, 2019
Z, -100, 0.999322018201421, 106.074989451, 110.898677254, 0.942995812982, -0.00724379676362, 0.0267650254687, 67, 2019
N, -100, 0.9783456555592369, 95.658025363, 73.4448407312, 1.39890616052, 0.119207425514, 0.143607520616, 67, 2019
E, 100, 0.9830522985638177, 207.371542452, 97.7082942008, 1.99909236613, 0.137581446078, 1.33688086433, 67, 2019
Z, 100, 0.954545177016815, 56.7889677342, 52.164320834, 1.06608404553, -0.00382072869011, 1.16353715731, 73, 2019
N, 100, -0.5414704506317722, 78.9890332883, 33.7291834006, 2.2761929372, 0.0680328561117, 2.91992585861, 73, 2019
E, -100, 0.8130928247747554, 77.491114655, 44.7896994869, 1.61676206607, 0.0128666806808, 0.18514957694, 73, 2019
Z, -100, 0.9787587765511789, 69.3226903264, 78.0298985265, 0.922898436932, 0.41856150633, 0.180485139088, 76, 2019
N, 100, 0.941687008300832, 168.623080583, 50.1271813989, 3.64134987455, 2.43470563148, 2.74832866791, 76, 2019
E, 100, 0.6971307286006612, 77.132469479, 65.79524039, 1.06651539342, -1.59956874048, 2.18408419049, 76, 2019
Z, -32, 0.9970960998357709, 114.068315388, 128.471666291, 0.868473738365, 0.0964464730798, 0.0998289993691, 79, 2019
N, -100, 0.8263463260579752, 181.866983885, 83.8892990652, 2.34137250327, -0.0127037049788, 0.305472558237, 79, 2019
E, 100, 0.9751535715747849, 162.560792671, 112.04529518, 1.40936754835, -0.570351844024, 0.252762882817, 79, 2019
Z, 100, 0.9985645731348102, 127.880282191, 128.551599653, 0.958745284844, -0.0747008272302, 0.0380796838811, 82, 2019
N, -100, 0.13498739749264116, 91.5232580629, 85.0101930056, 1.08365927969, 0.567968433612, 1.25690609358, 82, 2019
E, -100, 0.9832243332752575, 169.121381106, 113.015013093, 1.53360872119, -0.2763734861, 1.34073628135, 82, 2019
Z, 100, 0.9988643205324279, 82.7514678496, 80.5727842821, 1.03591461154, 0.201241683087, 1.34184849119, 85, 2019
N, -100, -0.7590409237094012, 47.8182723043, 53.3840164542, 1.05928916351, 1.91152482318, 1.58895823637, 85, 2019
E, -100, 0.8726697989251454, 105.000501927, 71.5213752559, 1.50204299018, 0.447414898701, 0.101510501542, 85, 2019
Z, -100, 0.9889120160476447, 32.9970366514, 28.3095965781, 1.09805933676, 0.172649605397, 0.0742362958103, 88, 2019
N, 100, 0.5847000017211978, 81.0270942944, 18.6593684354, 4.09947636436, -1.21681209925, 0.971668310854, 88, 2019
E, -100, -0.04230776180666838, 33.1859203237, 24.2884008859, 1.38562565513, 1.52459380789, 0.804163954505, 88, 2019
Z, -100, 0.9973419588837912, 72.6867070781, 74.5855370598, 0.992229934775, 0.0821193682855, 0.046656870496, 91, 2019
N, -100, 0.8679427435112637, 90.784726286, 49.2160197417, 2.13348834942, -1.66655168115, 2.95348055787, 91, 2019
E, 100, 0.9102915877889877, 86.3972988244, 64.2707426052, 1.41802994593, -0.911682068887, 0.315819515177, 91, 2019
Z, 100, 0.9993819992661546, 105.607380183, 107.973763916, 0.955865603326, -0.0583357991929, 0.0234133436108, 94, 2019
N, -100, 0.6225518567912127, 81.1692986801, 71.2071553717, 1.23796444814, 0.910385247825, 0.270911283386, 94, 2019
E, 100, 0.9942979070732209, 129.145523895, 94.5556416058, 1.46806023235, -0.231167326811, 0.141066198301, 94, 2019
Z, 100, 0.9980274879214696, 123.765241024, 113.951389355, 1.07941071392, -0.0864776946295, 0.0619654361722, 97, 2019
N, 100, -0.6387978798482224, 108.068235587, 74.7785063111, 1.09461339743, 0.864116754291, 1.29605081399, 97, 2019
E, -100, 0.9893814145775421, 142.576482155, 99.8382736301, 1.4099695094, -0.757511444226, 2.22531245442, 97, 2019
Z, -97, 0.9945322824073809, 95.9465066896, 85.9416922945, 1.11169434999, -0.0391026566012, 0.0977803489635, 100, 2019
N, -100, -0.8355579131851981, 79.909475188, 55.7809076648, 1.47941090571, 1.94130749146, 1.60269730033, 100, 2019
E, -100, 0.9287351122969247, 103.300774669, 75.6200775941, 1.38381163349, 0.205802978312, 0.0872344293552, 100, 2019
Z, -100, 0.8877066417209124, 59.9249273685, 39.0027282332, 1.34556526593, -0.532665247443, 1.35862898051, 103, 2019
N, 100, 0.5952372689319271, 79.7466842569, 25.1872847952, 2.3985712839, -0.73019172173, 1.318128237, 103, 2019
E, 100, 0.5300093792612143, 36.4956070981, 33.5959327469, 0.768353618956, 0.539816809163, 0.960696365246, 103, 2019
Z, -100, 0.23639118431375364, 238.368058559, 97.7386765722, 2.10374931591, 0.747830380151, 0.597095812037, 106, 2019
N, -100, 0.825410586082848, 123.639923209, 63.4712853124, 1.96988252693, -0.0346152323439, 1.38486787507, 106, 2019
E, 100, 0.9592873597921336, 125.107421911, 83.5557367689, 1.40923727358, -0.475032411274, 0.270686420165, 106, 2019
Z, -14, 0.9988063826740152, 117.62491017, 128.554457402, 0.912550366727, -0.109933770189, 0.0720285236596, 109, 2019
N, -100, 0.7101675296573627, 91.7522582725, 84.5756972346, 1.0998924417, 0.524097108937, 0.280713435523, 109, 2019
E, 100, 0.9766202472283093, 135.506633699, 112.129631744, 1.28793619431, -0.423507822907, 0.169798324616, 109, 2019
Z, 100, 0.9972547950479049, 104.276269398, 110.544765567, 0.949377085738, -0.0817329540463, 0.0381463064394, 112, 2019
N, -100, 0.38995352519208487, 47.2394059438, 72.7925753006, 0.69633075767, 0.576980784164, 1.3010229612, 112, 2019
E, 53, 0.9955852685476798, 125.430919375, 96.9860781105, 1.30021310955, -0.129995414905, 0.0660283583285, 112, 2019
Z, 100, 0.9904827780303405, 62.7433785452, 60.7442451364, 1.01326799428, 3.21398544874, 2.95794835427, 115, 2019
N, -100, -0.6185223296084871, 41.2581799064, 39.9437139996, 0.944831204422, 2.27851337318, 2.13965701357, 115, 2019
E, -100, 0.944349143946076, 77.4035969988, 53.7874249003, 1.4449353046, 0.0189104183775, 0.0925559774565, 115, 2019
Z, -100, 0.9884312404830556, 35.4101678345, 38.3690997244, 0.986648841184, -0.0196735749191, 0.115284005823, 118, 2019
N, 100, 0.9251193354372083, 82.2095937954, 25.2425774228, 3.09338527507, -0.416004431601, 1.43857462988, 118, 2019
E, 100, 0.6261066751066897, 34.8891187933, 33.2120097859, 1.04956016445, -0.13697271032, 1.76901134356, 118, 2019
Z, 100, 0.9964974387318608, 82.8223715601, 82.9572203615, 0.957889459902, -0.354318990139, 1.31969812731, 121, 2019
N, -100, 0.8142109716126043, 103.098988811, 54.4664039572, 2.08976649381, 0.207440653206, 0.39126350803, 121, 2019
E, 100, 0.9256930007733322, 86.4399805207, 71.2988921455, 1.22153771351, -0.928909236872, 0.332249389904, 121, 2019
Z, 100, 0.997235832663062, 116.012679423, 111.354951566, 1.025277301, -0.0435164770631, 0.0508429890071, 124, 2019
N, -100, 0.8254029536712914, 72.9505477706, 72.8176607246, 1.00903146542, 0.611983298786, 0.115547279048, 124, 2019
E, 49, 0.994975902868115, 119.637781298, 96.8886917029, 1.20584627279, -0.17613816919, 0.124106260138, 124, 2019
Z, 100, 0.9968671860102764, 125.164900527, 108.753524947, 1.14380744211, -0.165103184732, 0.0846203281647, 127, 2019
N, -100, 0.02149365466408186, 73.2890428628, 70.3910518817, 1.0672638413, 0.734490667309, 1.24538932468, 127, 2019
E, -100, 0.9879281018468583, 123.248919616, 94.59296146, 1.3613404189, 0.0460353060547, 0.0652021027564, 127, 2019
Z, 100, 0.9991375325233612, 80.0553565103, 72.7017028037, 1.11384531951, -0.369022746783, 1.31305229539, 130, 2019
N, -100, -0.6097579498248762, 80.9853511754, 46.5255875576, 1.58349224227, -0.783410548395, 2.9880843847, 130, 2019
E, -100, 0.8786423045737892, 87.7461591413, 63.7986757911, 1.37041662112, 0.33384881112, 0.0945318314354, 130, 2019
Z, -100, 0.9834578135646213, 47.7404036698, 58.5656325633, 0.950876557459, 0.368162553408, 0.381336058079, 133, 2019
N, 100, 0.7706735757485629, 130.619348489, 37.6179757981, 3.74469832414, -1.0463302114, 0.665740846353, 133, 2019
E, 100, 0.3813140248466651, 42.9554621594, 50.4418175413, 0.992337471, 1.68987495289, 1.64321971602, 133, 2019
Z, 100, 0.9900904284844044, 84.8596001082, 102.370837867, 0.807430395533, 0.934600354575, 2.52898064347, 136, 2019
N, -100, 0.9405032383223321, 131.964230433, 67.1091818799, 2.27033495497, -0.00612752420022, 0.243854934782, 136, 2019
E, 100, 0.9140587400972278, 118.870775882, 88.3239099225, 1.2895449902, -0.59413738785, 0.192769847615, 136, 2019
Z, 100, 0.9828263744102476, 117.782569449, 114.240296732, 0.929057084939, -0.235596117924, 0.107222512906, 139, 2019
N, -100, 0.605955043998599, 125.968184871, 75.1881161704, 1.7136753291, 0.453052737219, 0.239148903829, 139, 2019
E, 100, 0.974559064591502, 139.974604505, 99.2123095065, 1.44523697369, -0.018635045564, 1.96551355121, 139, 2019
Z, 100, 0.9977345431532162, 87.4260636776, 90.5862955043, 0.998357518094, -0.0832954639881, 0.0374310950944, 142, 2019
N, 100, -0.5063513569116064, 59.0651797916, 59.2248647294, 1.08311842093, 1.35854081487, 1.22115688451, 142, 2019
E, -100, 0.9875303249152396, 105.642304584, 79.0430883813, 1.39875092931, 0.101259680288, 0.104738553369, 142, 2019
Z, -100, 0.9651470655553609, 63.0243743091, 48.8462046532, 1.27061868658, -0.219399019804, 1.33741329205, 145, 2019
N, -100, -0.15754096654865804, 93.1067606505, 32.2663608361, 2.50744939428, 0.150642665706, 2.91707724029, 145, 2019
E, -100, 0.5190353375653776, 43.1298745265, 43.245283953, 0.965504766776, 0.464719543039, 0.226165419494, 145, 2019
Z, 100, 0.9672459375666183, 43.7460134232, 46.2611973282, 0.95515619261, 0.197976794476, 0.22373846305, 148, 2019
N, 1, 0.9445850643228674, 125.015954068, 30.2301794531, 4.60897834036, -0.408546664217, 0.518068678569, 148, 2019
E, 100, 0.5836859555951268, 48.7852592583, 40.1545439396, 1.12687418629, -0.184970676023, 2.87334311382, 148, 2019
Z, 100, 0.9952450131980183, 84.6453792353, 86.488767409, 0.98757395222, 0.420892050503, 1.86497030847, 151, 2019
N, -100, 0.7712753745027501, 137.24763014, 56.3234516528, 2.77387661469, -3.08949013004, 3.06195830807, 151, 2019
E, 100, 0.936699545078761, 89.8232500727, 74.3382116677, 1.14555375887, -0.655165549738, 0.209250605518, 151, 2019
Z, 100, 0.9951402488674458, 104.949385842, 109.64632151, 0.988307237014, -0.112820090084, 0.036931094249, 154, 2019
N, -100, 0.16266198638927706, 107.494751525, 70.9601141228, 1.52389263661, 1.14925739673, 0.342176672565, 154, 2019
E, 100, 0.9855896995254381, 123.461381108, 95.115844662, 1.35981130172, -0.303449658507, 0.135343791397, 154, 2019
Z, 100, 0.9982624525618433, 111.731822945, 101.374462214, 1.12139249718, -0.136413068754, 0.0532419024182, 157, 2019
N, -100, -0.5141068853784486, 35.9565865965, 64.9333243135, 0.628659646974, -2.44035946014, 2.64801278076, 157, 2019
E, -100, 0.9785029931609819, 112.898778634, 87.7480382632, 1.36429202717, 0.158762743032, 0.11558201186, 157, 2019
Z, -100, 0.988081793088126, 81.0853391045, 65.3477250301, 1.24250051475, -0.270784572044, 1.34245917435, 160, 2019
N, 100, 0.4448580109782588, 68.1460811849, 42.1605110684, 1.49344392542, 0.151550719022, 2.88765558569, 160, 2019
E, -100, 0.8641323157282106, 57.9914964118, 57.1008899249, 0.990411156249, 0.51965586559, 0.18665688373, 160, 2019
Z, -100, 0.9969001683811208, 60.1673979671, 66.0418137583, 0.925082474809, 0.167821571114, 0.130795230746, 163, 2019
N, 100, 0.9287939513846131, 102.403130152, 43.1209346883, 2.55901275001, -0.264798381976, 0.405902127724, 163, 2019
E, 100, 0.9355924942695928, 49.7096350982, 56.9639747948, 0.783542589968, -1.91349087209, 2.64615021771, 163, 2019
Z, 100, 0.9967828470236747, 94.634884854, 93.6232891896, 0.973191256325, -0.0409588598451, 0.0639657588739, 166, 2019
N, -100, 0.8380036719684347, 135.936216525, 61.8184785435, 2.06448701765, -2.59126711752, 2.93592542627, 166, 2019
E, 100, 0.9630535123806846, 83.3847682166, 81.2344773366, 0.981174357658, -0.301467567268, 0.11482393605, 166, 2019
Z, -100, 0.9994159660319321, 109.464612599, 99.6441067937, 1.07564117122, -0.0211282999576, 0.0281030240029, 169, 2019
N, -100, 0.3459261303852273, 108.126128024, 65.4025959463, 1.70352851011, 0.266144495441, 1.21976639255, 169, 2019
E, 100, 0.9877675488059899, 88.6273457263, 86.3297919382, 1.0211320293, 0.444016414328, 2.2957574676, 169, 2019
Z, -100, 0.998736495132916, 88.6439224653, 80.4082225183, 1.11399511993, -0.0510992170883, 0.0443583480294, 172, 2019
N, 100, -0.7617199003997588, 73.9566883395, 52.4931813413, 1.59296503053, 1.78768383709, 1.25111979713, 172, 2019
E, -100, 0.985164918968476, 87.7037894686, 70.248332342, 1.30655915617, 0.177790195464, 0.0811091586316, 172, 2019
Z, -100, 0.9680661780779191, 56.1893345148, 48.5072052012, 1.14869071635, -0.190305575699, 1.33693194518, 175, 2019
N, -100, -0.5158748790539694, 95.2317981685, 32.3261716879, 3.18572589458, -1.3459870537, 2.46014541788, 175, 2019
E, -100, 0.745579524195588, 54.2612786477, 42.7908783523, 1.25355786865, 0.543176997501, 0.20444819454, 175, 2019
Z, 100, 0.9724383802522061, 43.2074230267, 49.7196787016, 0.816633831203, 0.171755689879, 0.319786266047, 178, 2019
N, 100, 0.8473147031216159, 137.688472758, 32.1162312475, 4.56136111414, -0.709080293615, 1.51953631555, 178, 2019
E, 100, 0.8232831851168741, 35.335070379, 43.1526011112, 0.840964187125, -2.9726890865, 2.46884378551, 178, 2019
Z, 100, 0.9942182548448322, 93.1028382836, 87.8640310699, 1.05022271512, 0.0953924084656, 1.3535403506, 181, 2019
N, -100, 0.9052778481587829, 162.835870184, 56.7745974224, 3.22268111806, -2.03844848873, 3.05790915769, 181, 2019
E, 100, 0.9524094715630167, 71.4191883138, 75.4218508031, 0.966479485789, -0.65479652029, 0.251846076637, 181, 2019
Z, 100, 0.9962227011093933, 130.904160656, 110.714317112, 1.14802620896, -0.116745625444, 0.0371818316255, 184, 2019
N, -100, 0.4999544785029292, 132.416988301, 71.1898844431, 1.94247337626, 0.59970572744, 0.286646336707, 184, 2019
E, 100, 0.996517188267885, 119.899309984, 95.7616268752, 1.25277154502, -0.212682270581, 0.151927306826, 184, 2019
Z, -66, 0.9983822675545809, 111.80790743, 101.073539696, 1.13210854173, -0.0661524980815, 0.0440891763487, 187, 2019
N, 100, -0.45557163801764905, 68.6508198753, 64.7777978488, 1.15209590069, 1.27424289557, 1.26168400225, 187, 2019
E, -30, 0.9987701414178697, 97.6093523509, 87.7294640692, 1.16743652564, 0.00362450903588, 0.0394516158941, 187, 2019
Z, -100, 0.9721092292838173, 69.2358671295, 65.2723465179, 1.03449198476, 0.146267859409, 0.0792334403754, 190, 2019
N, -100, -0.7567746056222037, 86.2578867714, 43.0096082039, 2.20471536839, 1.54233255095, 3.05330176127, 190, 2019
E, 100, 0.3851405634365756, 70.0497213517, 56.6407151743, 1.20633802542, 0.023766821541, 0.459848029225, 190, 2019
Z, 100, 0.9087876342118908, 75.1582574294, 60.7464810849, 1.08450241447, -0.484538200221, 0.167687299938, 193, 2019
N, 100, 0.7769938587977013, 145.227763596, 40.0936915683, 3.51735281328, 2.09392034337, 2.41947555736, 193, 2019
E, 100, 0.6970063748619119, 104.565077009, 52.2581406466, 2.22654696975, -0.848893827541, 1.63152742827, 193, 2019
Z, 100, 0.9914025907571928, 105.118435167, 87.254347106, 1.23412412237, 0.114598605843, 1.35414298375, 196, 2019
N, -100, 0.6832191050243805, 150.054280801, 57.6592543445, 2.77212489407, 0.651514184201, 0.231388903857, 196, 2019
E, 100, 0.9914036541566708, 93.2850284759, 75.8998879411, 1.26624437096, -0.29720479891, 0.0939315198185, 196, 2019
Z, -100, 0.9048936596014747, 198.311556937, 96.1102193977, 1.7934672137, 0.00734047204741, 0.246718426932, 199, 2019
N, -100, 0.05447847167853168, 113.802880676, 63.0490662238, 1.90694912596, 0.95087244981, 1.27910451336, 199, 2019
E, -100, 0.9660952594407927, 111.560471089, 83.6021902153, 1.36846855267, 0.283389136715, 1.33780512847, 199, 2019
Z, -100, 0.7194691950091379, 200.520223139, 81.7169770844, 2.38855566595, 0.611009906352, 0.239855857868, 202, 2019
N, 100, -0.7933362643675915, 80.1201536095, 53.6656473113, 1.61862854594, 1.80100817094, 1.24890210649, 202, 2019
E, -100, 0.7310518391091908, 87.1855742561, 71.7368978315, 1.17818950474, 0.15894237559, 1.34971720422, 202, 2019
Z, -100, 0.42777206260970174, 52.2726353625, 53.0877612305, 0.991266832245, -3.31250829999, 2.70956557345, 205, 2019
N, -100, -0.5615288950604744, 87.9517765759, 35.1462482653, 2.49605082445, -1.55945847159, 2.18123452569, 205, 2019
E, -100, -0.16810648633131173, 52.5940025369, 46.3195643647, 1.1062982487, 1.22449527038, 0.719153318848, 205, 2019
Z, 100, 0.6271066627785421, 77.6402531046, 51.218107487, 1.36934028815, -0.750418737515, 2.68303676516, 208, 2019
N, 100, 0.792276365870483, 132.310064481, 32.6893513907, 4.0428341378, 2.55342622314, 2.73653008954, 208, 2019
E, 100, 0.7744067509311271, 111.829727292, 43.8020780353, 2.59791313132, -1.27901914839, 0.600867520493, 208, 2019
Z, 100, 0.9825007231212721, 115.667031951, 96.0272483925, 1.29174779944, -0.345302346224, 0.21193976108, 211, 2019
N, -100, 0.756567701396722, 159.741919029, 61.8928506358, 2.89000298897, 0.279977900297, 0.332127094393, 211, 2019
E, -100, 0.9660564371065146, 107.318649827, 82.6389646398, 1.39192915837, 0.055167574412, 0.310291395378, 211, 2019
Z, -100, 0.9989497505429963, 132.621200035, 121.395338575, 1.07831857059, 0.0410258655387, 0.0446714582993, 214, 2019
N, -100, 0.1774059545412942, 121.953110835, 78.246952581, 1.59232327129, 0.859546780697, 1.27999327321, 214, 2019
E, -100, 0.9786479148020756, 112.854034683, 105.030101771, 0.98979461469, 0.119832652831, 0.0842278313602, 214, 2019
Z, -100, 0.9818957961455589, 113.527359975, 103.955512632, 1.09995553358, 0.0981063886757, 0.0783883348096, 217, 2019
N, 100, -0.8388726714245883, 83.5582246171, 67.4538235483, 1.30307810401, 1.67589766682, 1.24284511247, 217, 2019
E, -100, 0.8721187417104029, 88.707942005, 90.9535054152, 0.966315827118, 0.50986801323, 0.239605981674, 217, 2019
Z, 100, 0.8056830235471664, 25.9052410168, 55.4585897688, 0.507932682846, 0.0930586875854, 1.17497922772, 220, 2019
N, -100, -0.694263289608136, 91.3444234825, 37.2923709738, 2.40558554968, 1.37210122552, 2.91226967188, 220, 2019
E, -100, -0.23892867374669072, 79.1060244963, 47.5601883171, 1.31436795938, 1.29161331417, 2.62348402708, 220, 2019
Z, 100, 0.9745657812013089, 79.2780005597, 60.6458580431, 1.2246642599, -0.429209645905, 0.255640961164, 223, 2019
N, 100, 0.9216921472734865, 167.008391716, 40.1266914441, 4.39585948848, 2.89372953024, 2.75388647088, 223, 2019
E, 100, 0.9051686985041614, 116.263514002, 51.8771353404, 2.03785179808, -0.535371121463, 0.479004329016, 223, 2019
Z, 100, 0.9947828993505381, 101.760335952, 92.1537834755, 1.13498383417, -0.146843242078, 0.042890154652, 226, 2019
N, -100, 0.5953674639722201, 197.569634004, 60.8343920912, 3.41092027563, 0.796944812338, 0.373019812546, 226, 2019
E, -100, 0.9086175038314012, 64.0781903389, 80.4016553108, 0.997547107299, 0.182599557444, 0.694409353536, 226, 2019
Z, 100, 0.992431273945019, 122.967900603, 102.24525811, 1.12385583722, 0.000209433720807, 0.145109803402, 229, 2019
N, -100, 0.4391959871676035, 218.186016957, 67.1525700382, 2.77273036599, 0.358531162086, 1.29911791932, 229, 2019
E, 100, 0.9581915299217173, 186.333526286, 89.3131784095, 1.98310300835, 0.677148552253, 2.22314770489, 229, 2019
Z, 100, 0.9653979159292063, 110.158265534, 86.6713045631, 1.2140793935, 0.00703531579964, 1.31826512342, 232, 2019
N, 100, -0.29128972430019434, 238.224474859, 56.8556070823, 4.19803046313, 0.841685166412, 1.21292809552, 232, 2019
E, -100, 0.8651938735332381, 234.302800214, 76.1825687006, 2.79773585564, -0.227358393694, 0.239276407995, 232, 2019
Z, -100, 0.5800448045460538, 58.3586079751, 52.2540991748, 1.14527497409, -2.85988418661, 2.70068779898, 235, 2019
N, -100, -0.6280161347137205, 157.976334301, 34.3729386443, 4.72021001042, 1.36678205494, 2.9485156447, 235, 2019
E, 100, -0.6132684659181056, 124.764431496, 45.0912046676, 2.44408727498, 0.899684824074, 2.04898462226, 235, 2019
Z, 100, 0.7320669694302802, 88.5736644542, 61.8019877882, 1.53608084337, -1.52978859154, 2.46296105081, 238, 2019
N, -100, 0.8121227321271974, 238.43483931, 39.4547553936, 6.57297364283, 2.67068711969, 2.69704917923, 238, 2019
E, 100, 0.7049461177005405, 157.876992333, 51.9606890956, 3.19053323437, -0.789222033522, 2.74380148387, 238, 2019
Z, 100, 0.9920065625132651, 129.10015883, 115.37822711, 1.19956307404, 0.165769712049, 1.32440639831, 241, 2019
N, -100, 0.5747145762070532, 204.102365724, 74.5592017709, 3.07475562341, 0.770813978594, 0.425825060104, 241, 2019
E, -100, 0.9244375476515335, 138.324929133, 100.074597924, 1.54664024365, -0.229704703241, 0.400649898951, 241, 2019
Z, -100, 0.9928640703823651, 150.491982348, 132.48113633, 1.0897237796, 0.058233834032, 0.103222078274, 244, 2019
N, 100, -0.4036210690011844, 82.6658649015, 86.0079184152, 1.00115331471, 1.02804185116, 1.21442264006, 244, 2019
E, -100, 0.9005656026838209, 101.138533641, 114.759655682, 0.937733279337, 0.0105773349756, 1.40127300228, 244, 2019
Z, -100, 0.9760433142533961, 133.102522286, 94.3249410377, 1.47275519058, 0.214815918823, 0.0524799914047, 247, 2019
N, 100, -0.8835217885181827, 188.760637836, 62.2750102716, 2.53138575967, 1.67971247325, 1.64345757634, 247, 2019
E, -100, 0.7067744260756973, 195.88578324, 83.2353172119, 2.17076274587, 0.161063731741, 1.22982070569, 247, 2019
Z, -100, 0.4476483864788953, 76.6271302041, 35.7495075204, 1.97366033656, 0.647147983386, 1.64070474862, 250, 2019
N, -100, -0.3095754861572693, 245.764319256, 24.481695009, 9.00745528256, 1.0925758159, 2.81733327622, 250, 2019
E, 100, -0.19308360664022645, 153.886353569, 29.6638802138, 5.00023915862, 0.96101341189, 1.14917528983, 250, 2019
Z, 100, 0.5419156510246584, 25.9808894359, 71.0355494696, 0.484456800032, -0.100288061744, 2.3679039468, 253, 2019
N, 100, 0.777887778069004, 356.303961957, 46.9719092124, 9.2087735097, -0.705382916743, 0.39553144501, 253, 2019
E, -100, -0.8115164872751971, 263.564180936, 61.171112078, 4.92843475133, -0.994735603522, 2.82355242689, 253, 2019
Z, 100, 0.646798635662698, 188.952325234, 102.993431444, 1.45365982261, -1.02988060445, 1.42480034425, 256, 2019
N, -100, 0.5599902406741712, 737.05787465, 67.8400327759, 8.94070978444, -0.1193347203, 0.618697884494, 256, 2019
E, 100, 0.7002440454068118, 550.959097135, 89.8462831625, 5.54485784501, -0.658332060017, 2.49526312169, 256, 2019
Z, 100, 0.9228191534122385, 201.39473026, 109.164996126, 1.902553434, -0.443457767923, 0.174556961478, 259, 2019
N, 100, -0.09958959732409317, 665.396270792, 71.5983969382, 9.50336785207, 1.06106173163, 1.29932759299, 259, 2019
E, 100, 0.9613919656261624, 591.012870653, 95.4815100991, 6.25584188112, 0.338840592101, 1.85464161151, 259, 2019
Z, 100, 0.9749421361159235, 134.91454004, 85.6380877906, 1.56102924431, 0.28175647564, 1.89102523131, 262, 2019
N, 100, -0.2961482384369795, 267.541119245, 56.16864157, 4.94618586677, 1.115605489, 1.24816921617, 262, 2019
E, 100, 0.8361409458074078, 282.30273415, 75.4115258477, 3.61770681197, -0.613189365434, 0.368376827957, 262, 2019
Z, -100, 0.5979644028600756, 36.1026141825, 42.7542305913, 0.758058806333, -2.50481829706, 2.78677258756, 265, 2019
N, 100, 0.24757542989559075, 293.056601367, 27.9591871821, 10.0027880906, -1.64018270598, 1.31365370607, 265, 2019
E, 100, -0.7615378358002042, 245.313122423, 36.0146525194, 6.34073045706, 0.528943266038, 2.26959432784, 265, 2019
Z, 100, 0.8511157896263492, 94.9887548893, 84.7176697627, 1.08832853124, -0.185758051434, 1.2661973244, 268, 2019
N, -100, 0.8220717323557936, 583.680738163, 54.4849919843, 10.606820794, -0.755449892101, 1.65412584971, 268, 2019
E, -100, -0.35177438117188004, 476.281552967, 71.7216884434, 6.34403455445, -0.960781737927, 2.35754824246, 268, 2019
Z, 100, 0.9792369584442056, 164.908688384, 132.819005691, 1.29314967994, -0.273633316325, 0.0919744630474, 271, 2019
N, -100, 0.3884047761716259, 459.75327284, 86.428238314, 5.45572396286, 0.667902960663, 1.00902622143, 271, 2019
E, 100, 0.6466584884116009, 409.503441851, 115.331283033, 3.85959636233, 0.471256206375, 3.01687776787, 271, 2019
Z, 100, 0.9888442542507647, 185.297403481, 126.982047924, 1.40161577663, -0.0644060614158, 0.12598689608, 274, 2019
N, -100, 0.580351687273905, 119.213790451, 83.6379121105, 1.6243720975, 0.646178705163, 1.49094487403, 274, 2019
E, -100, 0.7763091403333636, 373.228325593, 111.028301074, 3.38688409729, -0.729352252997, 2.62034658392, 274, 2019
Z, -100, 0.9434579021201136, 184.779119219, 71.5553132455, 2.41213459331, 0.285887325289, 1.20378543975, 277, 2019
N, 100, -0.6212553453559923, 332.94823677, 48.3784462294, 5.59369492875, 1.11409990306, 1.37416422065, 277, 2019
E, -100, 0.3678290862477804, 497.943036727, 63.7286096045, 6.40370007385, -0.226498988838, 1.94402919401, 277, 2019
Z, -100, 0.016219167831990833, 70.4882732411, 37.4510810216, 1.90618998035, 0.813571218567, 1.50192908508, 280, 2019
N, 100, 0.4327052140929085, 310.734775337, 24.6721313231, 13.3600542249, 1.83114071422, 2.76192474093, 280, 2019
E, -100, -0.46942331578359814, 277.504532656, 32.0226962511, 9.60565126926, 1.42187166219, 2.00643338837, 280, 2019
Z, 100, 0.8518360240996247, 83.9232123971, 83.0629700243, 1.04544998202, -0.00892621250769, 1.83109447629, 283, 2019
N, -100, 0.9357710944891946, 273.401292574, 54.7256188091, 5.59952077124, -2.43843186568, 2.95301959746, 283, 2019
E, 100, 0.6062468062900166, 221.878061652, 71.5527260566, 3.09246543323, -1.33527024968, 0.293127702659, 283, 2019
Z, 100, 0.9429612272967481, 120.430017043, 110.835463153, 1.0763249242, -0.415782585439, 0.205058571441, 286, 2019
N, -100, 0.875347209434754, 247.48233933, 72.7763555404, 3.61746516844, 0.357449396199, 0.262112141775, 286, 2019
E, 100, 0.8792558178395665, 247.810755011, 96.4918254636, 2.51114890732, -0.00733268482322, 2.38061468263, 286, 2019
Z, 100, 0.9684737117405477, 160.337572696, 109.028568146, 1.42437797006, -0.338697969951, 0.144366236985, 289, 2019
N, -100, 0.6433402633689428, 141.918849327, 71.5255016309, 1.9253693423, 0.24628724809, 1.37228316198, 289, 2019
E, -100, 0.9399580397333152, 357.219075016, 95.5233075095, 3.88933758082, 0.785142480831, 1.74567060924, 289, 2019
Z, 100, 0.9577696862800004, 91.8870196412, 75.1735266508, 1.29988082088, 0.242466833229, 1.76221999911, 292, 2019
N, -100, 0.8682514743856394, 229.002833453, 49.659073859, 4.58249589131, 0.519540038516, 0.177592649593, 292, 2019
E, 100, 0.6416718605341376, 149.075363866, 66.8075776226, 2.54532316085, -0.38659267993, 0.420871769241, 292, 2019
Z, -100, 0.1466760986430873, 105.093845223, 43.1695713552, 2.18100178273, 0.623866235711, 1.48729634067, 295, 2019
N, -100, 0.3970067541358823, 231.747036871, 27.263314254, 6.96652715242, -0.736505854823, 2.93722286053, 295, 2019
E, -100, -0.5462800335547925, 356.301367032, 37.5407638232, 7.88219983088, 0.359584649816, 2.30499219917, 295, 2019
Z, 100, 0.6424172200087158, 66.2636049517, 104.593994135, 0.563694792768, 1.27009609143, 1.14592254682, 298, 2019
N, -100, -0.7146571369250351, 256.012740656, 67.9188792587, 4.27438123089, -0.0842516380433, 3.10216659916, 298, 2019
E, 100, 0.40526868592847143, 356.14530777, 89.4765388883, 3.83013217347, -1.25606350675, 1.8298850326, 298, 2019
Z, 100, 0.945819235200763, 134.390456476, 131.858191453, 0.950172398313, -0.38726898418, 0.124558355492, 301, 2019
N, 100, 0.6373408830049547, 94.1217481798, 86.7401398949, 1.11102179369, -1.31175962574, 1.57701949603, 301, 2019
E, 100, 0.9080006384738556, 243.458091333, 114.551272397, 2.37956136722, 0.337050900968, 2.63371658074, 301, 2019
Z, 100, 0.9553577575536517, 124.523155511, 105.218634062, 1.12616689293, -0.343335291725, 0.0836372520973, 304, 2019
N, 100, 0.5329372771615078, 84.7745789851, 70.8052228252, 1.22531545879, -0.899620612298, 0.100016830187, 304, 2019
E, 100, 0.9903805538006302, 241.964185706, 93.4748933484, 2.566153613, -0.158723821811, 0.0803364388998, 304, 2019
Z, 100, 0.9562567391109051, 75.950240361, 50.8966652098, 1.53431534516, 0.0916925479655, 1.20262418756, 307, 2019
N, 100, 0.25703336733702375, 107.288068719, 34.9194368699, 2.98815209387, 0.471859353173, 2.95122351996, 307, 2019
E, -100, 0.6932722460401948, 172.60348123, 45.2636626497, 4.14002468839, 0.114029375749, 0.227952447708, 307, 2019
Z, 100, 0.6765084251954436, 47.6098567776, 46.8723374998, 1.06353098972, 0.683468702961, 0.488744880263, 310, 2019
N, -100, 0.16163588456229463, 358.414174733, 30.7548857512, 9.98200277903, -0.127043554237, 1.25890283145, 310, 2019
E, -100, -0.13988613687708512, 141.953734466, 40.2203301485, 4.24977410978, -1.33690081018, 3.04754741939, 310, 2019
Z, 100, 0.9605000892784802, 74.4718593298, 88.9290728204, 0.922970322837, 0.293996297293, 1.53035238502, 313, 2019
N, -100, -0.19011370828273916, 276.515485344, 58.2531676213, 4.60953402143, -1.7540953286, 1.50761784368, 313, 2019
E, 100, 0.5869073430879802, 147.355887549, 76.7309826041, 1.644445614, 0.682538592316, 0.584750078896, 313, 2019
Z, 100, 0.909545617793789, 158.496952439, 111.10312845, 1.26062812477, -0.414489333398, 0.145440475387, 316, 2019
N, -100, -0.578701327812375, 377.134925606, 72.6479930874, 4.16868591066, -0.887476181812, 2.88576298793, 316, 2019
E, -100, 0.9134222169527699, 263.843315084, 96.8868624216, 2.8774438321, -0.144819464202, 0.414795303579, 316, 2019
Z, 100, 0.904493175427391, 116.039609137, 101.501229804, 1.10636823673, -0.397888491717, 1.25078407063, 319, 2019
N, -100, 0.8728375633402179, 731.722759353, 66.8652486434, 9.34051618204, -0.376183665019, 0.453660945173, 319, 2019
E, 100, 0.8983842498218483, 320.100007861, 89.4677911617, 3.82631038988, 0.46966259155, 1.80920484591, 319, 2019
Z, 100, 0.854217245696321, 81.8598056924, 63.5871202317, 1.02697696523, 0.939216451497, 1.55888505067, 322, 2019
N, -100, 0.6863320168103333, 878.979380213, 41.8912775165, 21.079404961, 0.58625098305, 0.122701017174, 322, 2019
E, 100, 0.7795628645918048, 308.217863281, 56.2390938267, 5.37006295821, -0.991929025067, 0.390809659542, 322, 2019
Z, -100, 0.9625911713509613, 104.682374218, 61.651683366, 1.68680805136, 0.57786183901, 0.276372670623, 325, 2019
N, -100, -0.8351442344981681, 444.0872043, 39.6660680155, 10.4309533939, 0.244296873093, 3.0118410646, 325, 2019
E, 100, -0.057945423064514855, 257.392653728, 53.1581489407, 4.52781059317, 0.243329170492, 2.5146739687, 325, 2019
Z, 100, 0.9511722727825076, 93.5197799201, 106.279584981, 1.07271564731, 1.3535404361, 2.49124693777, 328, 2019
N, -100, -0.6548355198179238, 333.52834353, 69.7039231344, 5.5128151418, -2.22668356854, 1.88138097209, 328, 2019
E, -100, 0.27828175946215683, 195.651865425, 91.6198537028, 2.09862767873, -2.65236083405, 2.61489141824, 328, 2019
Z, 100, 0.9690230382480918, 117.726482341, 114.621207164, 1.07734868548, -0.24000401818, 0.202296995353, 331, 2019
N, 100, 0.11482225613749909, 384.915184188, 76.5100942052, 4.65831163476, -0.775762413817, 2.73346375943, 331, 2019
E, -100, 0.875674426390399, 102.261394237, 100.41834644, 1.20919562887, 0.620531829981, 0.69618234365, 331, 2019
Z, 100, 0.8988480868498796, 123.728286842, 85.2134083925, 1.38874541935, 0.0844969010363, 1.78614475301, 334, 2019
N, 100, 0.834951145906814, 520.129472511, 58.1469439218, 8.65400716159, -0.86885482566, 0.209615218109, 334, 2019
E, -100, 0.9139528881613653, 154.235372566, 76.6382049024, 1.86167826631, -0.541916395224, 1.06490460766, 334, 2019
Z, 100, 0.9399382462041347, 89.4329340684, 43.915323583, 2.144148932, -0.434200870674, 0.184362517005, 337, 2019
N, -100, 0.05593607932399297, 236.696396471, 29.7407365474, 8.1919467413, 0.947676760333, 0.370685687052, 337, 2019
E, -100, 0.5214195567219732, 185.226412701, 37.8994450755, 4.90168584759, 0.467502384988, 0.272046232969, 337, 2019
Z, -100, 0.6875845831374593, 52.183484576, 49.6204433082, 1.18855544821, 0.576544233291, 0.601557146585, 340, 2019
N, 100, 0.4532950691974116, 285.685135293, 32.2713755749, 8.31611043464, 1.67171686834, 2.58777825062, 340, 2019
E, -100, -0.7028624983122566, 130.865525168, 42.9138050497, 3.32856966931, -1.27534720434, 2.90169344974, 340, 2019
Z, -100, 0.8784750623235172, 45.8735243269, 87.8278271502, 0.674271284025, 0.758780285558, 0.760270877108, 343, 2019
N, 100, 0.560541587275735, 261.114339818, 57.0752306558, 4.92978599064, -0.891906170218, 0.439918241672, 343, 2019
E, 100, 0.3837017717065894, 183.062829753, 75.6408970225, 2.36506710769, -0.813535525904, 2.65291452347, 343, 2019
Z, 100, 0.7315716322669115, 89.7941045382, 107.439647999, 0.758352859954, -0.358682369382, 1.15464580739, 346, 2019
N, 100, 0.6407878977295388, 211.909457563, 70.1129750093, 2.48116499396, -0.195544046085, 1.33484772596, 346, 2019
E, 100, 0.8971610976208981, 306.608024182, 93.8667491289, 3.25968391319, 0.154937967162, 2.33453703016, 346, 2019
Z, 100, 0.9239811083624214, 113.982188237, 96.2274367103, 1.14775015053, 0.113879766156, 2.23503490825, 349, 2019
N, 100, 0.9205355094918167, 128.382544511, 63.4668442369, 1.91602986198, -0.227448928161, 0.340571484125, 349, 2019
E, 89, 0.9595172901808698, 230.851138057, 85.0341227413, 2.76695842419, 0.160815941289, 1.27728948073, 349, 2019
Z, 100, 0.9849333238382997, 76.9189176624, 63.5952152625, 1.20824544273, -0.242573420615, 0.169175243, 352, 2019
N, -100, 0.1736069479261099, 189.41204714, 41.1598976396, 3.61969854225, 0.960272242125, 0.51764146877, 352, 2019
E, -100, 0.7280503348955865, 104.350110238, 54.3563553149, 1.96105322023, 0.308318614267, 0.293771100761, 352, 2019
Z, -100, 0.9221164299273802, 78.6422962953, 64.7151105227, 1.30980595312, 0.217712514722, 0.533433631365, 355, 2019
N, 100, -0.31896188077705323, 202.969934341, 42.2316185571, 5.57602420735, 0.823490312999, 3.20711469442, 355, 2019
E, -100, 0.3815163484133636, 106.408716548, 55.6724219272, 2.02879197883, -2.22732421478, 2.48818417196, 355, 2019
Z, 100, 0.4429130206780483, 62.557627694, 94.9471174879, 0.566563427874, 0.441650504281, 2.06944621792, 358, 2019
N, -100, 0.17945186865698512, 427.233815602, 62.8499950182, 5.58732108637, -2.65972440927, 2.74447053228, 358, 2019
E, 100, 0.9488391537529719, 319.417245857, 82.3637033444, 3.36212763139, -0.449696706038, 0.309275864929, 358, 2019
Z, 100, 0.8735902299091316, 85.2644621867, 100.580271193, 0.811164022326, -0.0513524935619, 1.17748939941, 361, 2019
N, 100, 0.9262408989566141, 144.148589247, 67.6197741276, 2.00963666235, -0.620390531391, 0.296974854994, 361, 2019
E, 100, 0.9574621145614668, 196.438540391, 88.86982674, 2.10688417026, 0.637572852156, 2.6068569495, 361, 2019
Z, 100, 0.9571178743187047, 80.3856460276, 80.03813479, 1.00278900638, 0.3474065416, 2.2615038163, 364, 2019
N, 100, 0.9662974981825037, 204.950197634, 54.1967461249, 3.40559012065, -0.32521838942, 0.159798477551, 364, 2019
E, 100, 0.8714091479387797, 141.161018774, 71.581575816, 1.99763691314, -0.0904114022671, 0.249030101123, 364, 2019
