Chan, Phase Shift, Correlation, ptp-data, ptp-synthetic, rat, phasem, phasestd, DOY, Year
Z, 100, 0.6930000412027726, 158.437243926, 87.1183296632, 1.78212223524, -0.513384278471, 0.272312142428, 1, 2019
N, 100, 0.9978676770398628, 86.797679136, 124.893926873, 0.693030890573, 0.180641857814, 0.186636698692, 1, 2019
E, -100, 0.8689453901909866, 48.2879791436, 49.9828427682, 0.954544029022, 0.659886328882, 0.246083720576, 1, 2019
Z, 100, 0.5013617687862457, 216.487279737, 146.638403539, 1.19482427604, -1.39803710631, 0.504121888956, 4, 2019
N, -100, 0.9959191228064402, 243.748509412, 261.739931106, 0.912918672147, 0.136385549494, 0.0912812814809, 4, 2019
E, 100, 0.9551204468003339, 51.5398067515, 56.2450622997, 0.888672183386, -0.29155324776, 0.291678948791, 4, 2019
Z, 100, 0.796370409707855, 239.696640146, 160.756927294, 1.41073995519, -0.680393867955, 0.0566343134798, 7, 2019
N, -100, 0.9974812082702327, 315.007336374, 339.11700361, 0.932687618079, -0.0276771943861, 0.0596599475924, 7, 2019
E, -100, 0.5957764493557808, 28.7478510482, 56.0027239674, 0.516886602328, 0.836266914309, 0.282325954087, 7, 2019
Z, 100, 0.9972665968460502, 105.031119661, 129.338617641, 0.790423733001, -0.0768504880017, 0.0259423475299, 10, 2019
N, -100, 0.9980739301439518, 279.562558534, 307.034160957, 0.913308877908, 0.0606645915805, 0.00870854424167, 10, 2019
E, 100, 0.9467562536874026, 37.2137336239, 49.6432411403, 0.643085212319, 2.82599943557, 2.74452193762, 10, 2019
Z, -100, 0.07533604945900828, 310.956382389, 69.8341836001, 3.80125266813, -0.301715978599, 1.80351226791, 13, 2019
N, 1, 0.9991719529368676, 174.133654728, 208.678558737, 0.826937692804, 0.0151598952034, 0.0244226524802, 13, 2019
E, -100, 0.8257511374927257, 68.2791572247, 32.2955927563, 1.59553872546, 3.08382818337, 2.55755713244, 13, 2019
Z, -100, 0.7821549875367959, 624.320229868, 81.8937575511, 7.41462353431, 2.82746887763, 2.60113787982, 16, 2019
N, -100, 0.9854858216616066, 78.1008567786, 110.439129122, 0.625594236354, 0.898798507558, 0.770402277883, 16, 2019
E, 0, 0.8975265221195289, 50.0732837938, 50.1994778137, 1.02988152653, -0.339587520558, 0.426786763677, 16, 2019
Z, -100, 0.97222052921118, 154.024441473, 165.14269577, 0.991750981101, 0.0442641712125, 0.102514462597, 19, 2019
N, -100, 0.9968843770061834, 256.259678831, 289.156275346, 0.884151715342, 0.0766029433782, 0.00323520294603, 19, 2019
E, -100, 0.40001701548374896, 45.3541089498, 67.9872941783, 0.556823481639, 0.841795667837, 0.0315167380471, 19, 2019
Z, 0, 0.99937793661912, 165.677602545, 186.826254925, 0.878349167877, 0.0123839203949, 0.00505764042535, 22, 2019
N, -100, 0.9976417022300252, 380.685765799, 424.427191972, 0.898829643901, 0.0675828991317, 0.00810784761306, 22, 2019
E, 100, 0.463728008731558, 48.2231193286, 55.0670794432, 0.809637082698, 2.02815371454, 3.10447308407, 22, 2019
Z, 0, 0.9996397327612992, 98.2062528323, 110.321713692, 0.889248428875, -0.0147856007338, 0.0104556099723, 25, 2019
N, -100, 0.998579934171204, 287.729164675, 325.95763993, 0.883662505599, 0.0616172991525, 0.00611051996504, 25, 2019
E, -100, 0.6977650425757631, 37.3454914462, 33.5715244318, 0.761858844683, 2.49840286365, 1.90159746939, 25, 2019
Z, 100, 0.996404328140028, 50.8518759636, 58.7769994666, 0.846885019306, 0.0586217672532, 0.103155964291, 28, 2019
N, 100, 0.9926276992327827, 100.4400818, 107.301308031, 0.919974456566, -0.162917393666, 0.0763539387121, 28, 2019
E, -100, 0.5889099089704254, 46.324934573, 42.2596076641, 1.24266545738, 0.906691263968, 0.0850972525003, 28, 2019
Z, 100, 0.9977141155662483, 100.403167638, 120.410088196, 0.812133957306, -0.0191449164191, 0.0297663418748, 31, 2019
N, -100, 0.9912759252228824, 176.096573653, 198.92836079, 0.886511519969, 0.136266981757, 0.00346930244569, 31, 2019
E, 100, 0.9539519071210286, 59.6472370562, 47.8395583724, 1.18721895964, -0.321008158466, 0.14329108626, 31, 2019
Z, 0, 0.9999073763653006, 117.872779399, 144.327196608, 0.814293318833, -0.00304570968851, 0.000441825259291, 34, 2019
N, -100, 0.9929284303792283, 260.31693945, 298.855244273, 0.864549103001, 0.136281421538, 0.0195717142376, 34, 2019
E, -100, 0.9167132823755842, 45.8043260726, 47.5404467105, 0.898533307461, 0.413919340779, 0.0333959591589, 34, 2019
Z, 73, 0.9989976489679355, 101.397864361, 125.117859021, 0.81174968804, -0.00280889586899, 0.0204313973897, 37, 2019
N, -100, 0.9929860422607526, 285.744707209, 297.205316618, 0.963686171319, 0.110418534416, 0.0160137671743, 37, 2019
E, 100, -0.5102234665587331, 33.6803143338, 41.2986794085, 0.691698740985, -0.192773227567, 3.91870656475, 37, 2019
Z, 100, 0.9938523181027953, 62.8863136345, 71.1304298221, 0.864063091025, -0.132383427877, 0.0496867809228, 40, 2019
N, -100, 0.9947436353787544, 201.340247734, 204.221316412, 1.01095459056, 0.0862577176012, 0.00420456497315, 40, 2019
E, -100, 0.03473909977888586, 79.5567215347, 30.0130786891, 2.93707783413, -1.24569086743, 3.57652087419, 40, 2019
Z, -100, 0.9904358798108314, 41.4455505009, 48.0802783389, 0.884115509323, 0.0273320179154, 0.0195839068588, 43, 2019
N, -100, 0.9135021901854524, 48.1367518211, 71.2496646724, 0.613032368604, -0.429996178273, 0.560919448512, 43, 2019
E, -100, 0.4400016737985834, 55.9375573312, 35.8347855296, 1.50900127313, -2.15235849351, 2.99336606172, 43, 2019
Z, 100, 0.9988404503802292, 106.70174564, 124.527969006, 0.837565668114, 0.0183522562077, 0.0431054655851, 46, 2019
N, -100, 0.9842638881863923, 208.71298744, 188.34597084, 1.14502538388, 0.0827866463982, 0.0704900597591, 46, 2019
E, -100, 0.45480926157592655, 80.8115724995, 56.6180758455, 1.48139087601, -2.06353956301, 3.1021487442, 46, 2019
Z, 100, 0.9997123815443968, 139.256507441, 165.319380171, 0.839668731426, -0.0168395159647, 0.00356055822303, 49, 2019
N, -100, 0.998993189192377, 316.537571942, 351.186481983, 0.899931336238, 0.0331269593849, 0.0192123073511, 49, 2019
E, -100, 0.6719962129933332, 61.6968491959, 50.7505170575, 1.09935494642, 0.633077881623, 0.269428435931, 49, 2019
Z, 0, 0.9993053932920803, 97.7092158712, 114.699981535, 0.84942377473, 0.00531257334642, 0.00194154813815, 52, 2019
N, -100, 0.9976645262367712, 289.268116629, 328.465241705, 0.885046937725, 0.0502976912354, 0.00608391032237, 52, 2019
E, -100, 0.09982228232420838, 69.2499742345, 23.1257578806, 3.30743421853, -1.13524078654, 3.70337384213, 52, 2019
Z, 100, 0.9678772566638252, 32.3073132248, 36.1153780087, 0.922066809229, -0.0644015691741, 0.21655012712, 55, 2019
N, 100, 0.7830196519858142, 110.942832232, 96.8525587163, 1.33858502517, -0.455245435906, 0.257675842001, 55, 2019
E, -100, 0.7646795769164096, 111.697261658, 33.2583681726, 3.49932729691, -2.48555681363, 3.09222169082, 55, 2019
Z, 100, 0.924388151782563, 104.705323742, 95.7922281401, 1.12369549614, 2.755631857, 3.10649714905, 58, 2019
N, -100, 0.858240101148724, 159.906421114, 138.663343961, 1.26714466086, 0.428451186872, 0.0818737828393, 58, 2019
E, -100, 0.6961469142708913, 139.692313942, 39.0961450604, 3.37812326966, -2.27080561117, 3.21038827745, 58, 2019
Z, 100, 0.8634206355515385, 83.8452745447, 117.805228597, 0.631015283561, -0.178385405761, 0.201595426455, 61, 2019
N, -100, 0.9827560891121766, 229.985536115, 237.416559351, 0.95169562756, 0.156202250408, 0.0463935480231, 61, 2019
E, -100, 0.6757136441707191, 117.820931469, 37.6520583761, 2.97881248484, -2.44009364524, 2.95969277592, 61, 2019
Z, 100, 0.9964804614325211, 97.4315814227, 102.945738748, 0.93241783126, -0.0976823710044, 0.0310642148615, 64, 2019
N, -100, 0.9798946917592466, 227.398558302, 248.555150724, 0.908024530132, 0.214186659472, 0.0120642687757, 64, 2019
E, -100, 0.367542876427652, 90.7832458933, 30.3129695973, 3.06796862725, -1.91600066477, 3.16996061793, 64, 2019
Z, -100, 0.9568683191417574, 46.6002839565, 57.058952018, 0.853695232105, 0.24104997931, 0.0527107931804, 67, 2019
N, -100, 0.964318086019504, 157.037637228, 171.263295028, 0.928959077387, 0.28272045571, 0.0186923787238, 67, 2019
E, -100, 0.6716690992268358, 82.7513203021, 19.2314200939, 4.63883129781, 1.20582325074, 0.425304173341, 67, 2019
Z, 100, 0.9007818606810505, 31.1230961083, 39.8281581701, 0.835409551738, -0.462845378703, 0.249852266143, 70, 2019
N, 100, 0.5977700357993678, 23.598680228, 25.002310935, 0.782647443423, 1.23161316171, 1.93949602842, 70, 2019
E, -100, 0.9655746805282, 68.1473110781, 27.9277744586, 2.62473364926, -3.14711397708, 2.92860517828, 70, 2019
Z, 39, 0.9966087272646735, 75.7600514048, 101.357547926, 0.730747742197, 0.00682671886268, 0.0149148662203, 73, 2019
N, 100, 0.9868172358618869, 153.723528505, 147.9576908, 0.975835091569, -0.0869830425251, 0.0637827876173, 73, 2019
E, -100, 0.9227669532606962, 108.73092027, 46.3913032684, 2.31725872091, -2.82915251681, 3.02050508096, 73, 2019
Z, 89, 0.9977812282028123, 109.523001811, 134.541651222, 0.82236027058, 0.000811683234413, 0.0209076873738, 76, 2019
N, -100, 0.9959502011967668, 282.590840722, 277.203848282, 1.02843343551, 0.0755689807311, 0.0177327128912, 76, 2019
E, -100, 0.6483995164421069, 87.6996127862, 43.5097063011, 2.04286593796, -2.36770806112, 2.98761742961, 76, 2019
Z, 100, 0.9937561579718734, 77.392297567, 98.9114372397, 0.783293895392, -0.100275869413, 0.0105736362259, 79, 2019
N, 100, 0.9919238970721401, 282.304257936, 283.750805673, 0.991192948127, -0.147200435143, 0.035493689573, 79, 2019
E, -100, 0.1265924355031253, 163.727978573, 17.0511340753, 12.3510871294, -1.472255055, 3.58186507119, 79, 2019
Z, 100, 0.9687313792284448, 31.3774747376, 39.6030454952, 0.758929912663, -0.195630202745, 0.150448140888, 82, 2019
N, -100, 0.9762216405225427, 106.411868592, 96.454042942, 1.12235544009, 0.222004925596, 0.0102140923603, 82, 2019
E, -100, 0.672304915570454, 199.343611428, 32.7781743226, 4.9032615001, 0.182786032923, 0.567226400619, 82, 2019
Z, 100, 0.9904671399834449, 79.7873479195, 99.0838740398, 0.824347083074, -0.125748419488, 0.0966708704814, 85, 2019
N, -100, 0.9952395701748299, 157.779379577, 151.633300555, 1.02684410642, 0.0677475553603, 0.0569433900179, 85, 2019
E, -100, 0.46218360683836807, 332.565690976, 38.7140801358, 7.07220847845, 0.57400157406, 0.496601219431, 85, 2019
Z, -51, 0.9989460100539627, 92.9323254858, 110.185098501, 0.858457591785, -0.0128496922583, 0.0215021555103, 88, 2019
N, -100, 0.9938687060108867, 262.376322292, 234.643560185, 1.10566850913, 0.0887122050531, 0.0395542049606, 88, 2019
E, -100, 0.3422945658996006, 321.655300658, 34.1654151696, 7.54558448593, -2.29560315556, 2.6622384594, 88, 2019
Z, 30, 0.9995281455179403, 74.2869287403, 86.0809517428, 0.87319665056, -0.00416634312209, 0.00297187696299, 91, 2019
N, -100, 0.9876353755708758, 216.89389985, 214.415860078, 1.01371124958, 0.149754701005, 0.0031424453571, 91, 2019
E, -100, 0.13793201441825598, 266.237218894, 26.8760386386, 7.11489996892, -1.98613326926, 2.66704270371, 91, 2019
Z, -100, 0.893526194404659, 53.611992157, 38.1232645267, 1.49742602755, 0.356755308176, 0.0385947338843, 94, 2019
N, 100, 0.7870260594374001, 278.896701061, 133.427502804, 1.55224559264, -0.779886227231, 0.379447656826, 94, 2019
E, 100, -0.6460166705869607, 100.930659003, 16.1162304748, 7.19213298678, 3.26805857823, 0.479026420046, 94, 2019
Z, 100, 0.9054203454194645, 41.205635107, 56.4375798332, 0.714177329794, -0.248197318516, 0.0450994751664, 97, 2019
N, -100, 0.157953734481634, 209.278165574, 55.1051016906, 2.98307262747, -2.07147253171, 2.10446793808, 97, 2019
E, -100, -0.34990054143741584, 508.007004766, 32.7622080625, 10.0635516313, 2.60716983536, 0.924535542726, 97, 2019
Z, -100, 0.9924700241556134, 94.1939340146, 114.570281591, 0.826348272979, 0.0951125064015, 0.0227998187307, 100, 2019
N, -100, 0.9842190875019244, 161.00768179, 192.962427362, 0.806020963354, 0.214928615993, 0.127380284255, 100, 2019
E, -100, -0.2075982070821555, 380.235448114, 47.6555696758, 4.61224268503, 3.69974112513, 0.940415949288, 100, 2019
Z, 20, 0.9930324460114253, 103.788948193, 132.425463104, 0.76763274512, 0.0631731151371, 0.100335495674, 103, 2019
N, 100, 0.9973977591856547, 253.625039243, 292.66625317, 0.860332118546, -0.0450578855713, 0.0334982587363, 103, 2019
E, 100, 0.07877801684352205, 175.602705166, 42.9223145011, 2.30611779829, 1.21036631128, 2.28923954362, 103, 2019
Z, 100, 0.9927622534571601, 74.8498654879, 91.8539029652, 0.80433223078, -0.0302043872862, 0.0445402834345, 106, 2019
N, -100, 0.9828796446916972, 260.339264987, 268.944443752, 1.01292571387, 0.038130959921, 0.0128023659244, 106, 2019
E, -100, -0.150998632794592, 279.960447236, 20.0606203538, 9.6205332214, 4.13903568554, 0.260108412864, 106, 2019
Z, -100, 0.9950394999658826, 37.7087875001, 47.9925463194, 0.759647255968, 0.0470357092013, 0.0376044038675, 109, 2019
N, -100, 0.7275847124949955, 75.8030947895, 101.404001641, 0.856611910045, 0.385872662645, 0.298045137589, 109, 2019
E, -100, -0.3595144461399339, 229.642057485, 38.9260756063, 3.30559341139, 2.88122069532, 0.931249723086, 109, 2019
Z, -100, 0.999094800723557, 97.6567842203, 121.427300212, 0.807536162894, 0.0320282609111, 0.00959115798961, 112, 2019
N, -100, 0.9920937383946434, 164.35173534, 193.550843116, 0.9034422017, 0.021093303997, 0.0854750948573, 112, 2019
E, 100, 0.7331592317183445, 57.5029553868, 49.2569351476, 0.756757954623, -0.708180392931, 0.0836954890638, 112, 2019
Z, 0, 0.9998180724067193, 103.207577531, 132.728418743, 0.783845291185, 0.0111471290602, 0.0121041957947, 115, 2019
N, -100, 0.9947227262232313, 284.298426067, 300.394168374, 0.963242498759, 0.120997205151, 0.0400623194224, 115, 2019
E, -100, 0.8599128552193701, 32.4950604686, 41.0342726559, 0.796053584295, 0.119675630208, 0.377700060088, 115, 2019
Z, 100, 0.9993732618695618, 76.6529822193, 99.2321806991, 0.765026305192, -0.0430882139711, 0.0180505939004, 118, 2019
N, -100, 0.9994471409575374, 262.185131645, 265.680650056, 0.986083071188, 0.0356781994211, 0.00433150522488, 118, 2019
E, -100, 0.6967080927876999, 90.9582625846, 32.2669009295, 2.83774389247, 0.590693113328, 0.224770394479, 118, 2019
Z, 100, 0.997946236287806, 31.7232298688, 43.85438996, 0.705510465326, -0.0530528717032, 0.0372475187654, 121, 2019
N, 0, 0.6269093802274261, 158.753100174, 149.21277256, 0.853822916958, -0.299459611756, 0.144605977154, 121, 2019
E, -100, 0.7583985420352478, 148.930612529, 24.9930199077, 4.56465666124, 0.269201699617, 0.346273602291, 121, 2019
Z, -100, 0.9959166174597103, 53.8265076447, 67.7970826454, 0.787384576518, 0.110744190069, 0.0273452903086, 124, 2019
N, -100, 0.32505801939207746, 275.496197602, 72.1027101372, 4.58850831326, 0.338318276368, 0.888908094857, 124, 2019
E, -100, 0.7705801962215036, 211.966527795, 40.4414903004, 4.35273431724, -0.326839555815, 0.561356905692, 124, 2019
Z, -100, 0.9997881089890365, 115.537306692, 137.477892514, 0.838088192796, 0.0251998090946, 0.00366294477315, 127, 2019
N, -100, 0.9033242579409483, 259.169453091, 235.549201883, 1.12049684138, 0.320272380533, 0.0621101409733, 127, 2019
E, -100, 0.00944800111735576, 145.851668442, 56.8907465859, 1.24270344347, -0.320492867695, 1.49072814159, 127, 2019
Z, -100, 0.9993872232123585, 130.133177137, 156.613990816, 0.826377768888, 0.0263186908486, 0.013641064567, 130, 2019
N, -100, 0.9950597428125747, 309.136513775, 354.326538158, 0.834839346082, 0.0853851612227, 0.0020888744594, 130, 2019
E, -100, 0.46361938294853, 144.573303149, 51.0314157955, 2.52647171904, 1.3077713883, 0.665586772584, 130, 2019
Z, 100, 0.5447411308467748, 68.726238427, 46.5222705838, 1.67499187251, -1.11846339371, 0.254674389973, 136, 2019
N, 100, 0.9293765855350137, 209.437392078, 142.960926723, 1.37009871394, -0.429508361311, 0.207141975486, 136, 2019
E, -100, 0.3043916990679664, 81.3104617133, 42.2255928207, 1.35790988345, 1.33129467209, 0.680343472421, 136, 2019
Z, -100, 0.9962097005229672, 131.807518341, 159.908857933, 0.825861261292, 0.0787290890634, 0.00853668628436, 142, 2019
N, 100, 0.9412235586845137, 461.321876779, 333.993572575, 1.3538508801, 0.0915582793006, 0.329051205074, 142, 2019
E, 100, 0.35622403627861493, 306.491493413, 52.5737659785, 5.15778678669, 1.84428463259, 3.36851062131, 142, 2019
Z, -100, 0.9974562776156175, 109.226416364, 129.935022149, 0.848306190639, 0.0804402687407, 0.0163543868967, 145, 2019
N, 100, 0.8930200836246269, 678.578940721, 345.509786692, 1.72909906278, 2.6152290097, 3.00261250154, 145, 2019
E, -100, 0.6539680009457526, 384.124325575, 40.4885089958, 7.16283906061, 0.194196295149, 0.382280729073, 145, 2019
Z, -100, 0.9957833287702034, 69.5375534298, 72.8026332644, 0.969087783113, 0.129719219047, 0.0585400842047, 148, 2019
N, -100, 0.9498083104679265, 280.732510045, 231.018459606, 1.07026048838, 0.132640632674, 0.15833024234, 148, 2019
E, -100, -0.508022296736818, 144.892907299, 30.8220715386, 3.91930437551, 0.74281365125, 3.39260949616, 148, 2019
Z, 100, 0.9969082143658243, 51.6761906623, 62.9345487082, 0.828594632598, -0.101050917103, 0.0472671158524, 151, 2019
N, 100, 0.2330924401411621, 55.5205779454, 71.1541536458, 0.674053326167, -0.544520306372, 1.17884505466, 151, 2019
E, 100, 0.5707076984052727, 107.920063631, 42.4332847472, 2.1303883966, 0.450223752752, 0.63917452431, 151, 2019
Z, -100, 0.9989570153677242, 119.575239472, 143.569990369, 0.817211565339, 0.0416265632858, 0.0253473677695, 154, 2019
N, -100, 0.9196712304459319, 209.541847407, 234.941731549, 0.861636951558, 0.239831492755, 0.120002493451, 154, 2019
E, 100, 0.755844240733274, 209.054125291, 63.8686312648, 2.30586921489, -0.812984097447, 0.550011459686, 154, 2019
Z, 72, 0.9988464611740067, 152.136583741, 183.101449249, 0.830671835286, -0.0291120891641, 0.0158170722531, 157, 2019
N, -100, 0.9887743361794179, 337.843135725, 386.436150957, 0.859577606477, 0.184066533916, 0.0616437498642, 157, 2019
E, 100, 0.9585965264344982, 44.1148751785, 61.8549549007, 0.676530579478, -0.187414239073, 0.095418292148, 157, 2019
Z, 100, 0.9956112636628756, 119.287457207, 141.215245149, 0.820310416739, -0.108304735214, 0.071474811007, 160, 2019
N, -100, 0.994332693970075, 358.379239613, 408.728779658, 0.903832510781, 0.118102982718, 0.0382578560505, 160, 2019
E, 100, 0.3250147673184654, 23.805236128, 36.0772969674, 0.526148777691, 1.42636884379, 3.64742845721, 160, 2019
Z, -100, 0.9444915974204151, 40.2520939782, 55.0108325549, 0.721225257299, -0.902605733598, 1.17284781916, 163, 2019
N, 100, 0.9790713861527036, 230.710544229, 236.328971616, 1.01722287909, -0.14689205643, 0.0761108103671, 163, 2019
E, -100, 0.8826314028020232, 50.4236326487, 41.2800838464, 1.19046908232, 0.574456015855, 0.195414046789, 163, 2019
Z, -100, 0.9990404761636368, 106.176407609, 121.573182159, 0.868662493458, 0.0124835736432, 0.0134041638588, 166, 2019
N, -100, 0.961158396341155, 117.283410829, 174.701032828, 0.638427693329, 0.274413207553, 0.0830643684371, 166, 2019
E, 100, 0.9876875644674041, 74.7014425607, 59.7604438385, 1.26216612912, -0.0990867595879, 0.0944985128399, 166, 2019
Z, -100, 0.9996430167203129, 143.00105994, 168.860642534, 0.847967124692, 0.0197809847051, 0.000626614984173, 169, 2019
N, -100, 0.9417341696929374, 338.077566842, 328.558327244, 1.00952941992, 0.364144255142, 0.100537722805, 169, 2019
E, 100, 0.6166740570003726, 44.1485301966, 60.1273565921, 0.525344797539, -1.07022843255, 0.51797167432, 169, 2019
Z, 100, 0.9977099891370275, 126.282870054, 153.211324753, 0.815896836782, -0.0480356563056, 0.0261827328997, 172, 2019
N, -100, 0.9944678599720527, 351.705522043, 374.019666864, 0.943801495554, 0.111454003445, 0.00393994829635, 172, 2019
E, 100, 0.8798252849077005, 32.196887109, 47.6837220722, 0.669503023137, -0.561047605094, 0.226929399711, 172, 2019
Z, 100, 0.994586216821049, 95.4843132961, 100.259351581, 0.921545485905, -0.104426341103, 0.0916134836549, 175, 2019
N, -100, 0.9976957737715276, 292.894338586, 311.385227799, 0.965620312254, -3.06948324814, 3.090859809, 175, 2019
E, -100, 0.4265569058616431, 34.1237031463, 33.9685641807, 0.934032365842, 1.16576074443, 0.51636680292, 175, 2019
Z, 100, 0.9040087287300802, 61.4375752705, 48.2981846111, 1.11805831397, 1.73111282107, 2.07101217297, 178, 2019
N, 100, 0.9731161413122218, 148.667702165, 154.150256952, 0.950703406647, -0.244493401263, 0.0147285812205, 178, 2019
E, 100, 0.9360867678219825, 42.8190625693, 37.7475854919, 1.00854479304, -0.664755973266, 0.463199147113, 178, 2019
Z, 100, 0.9718713140228386, 98.5738524593, 124.965121574, 0.718666337267, 3.27489385312, 2.94128367459, 181, 2019
N, -100, 0.9894899525970728, 142.787047874, 185.539667961, 0.746685121498, 0.128796897843, 0.0788558425382, 181, 2019
E, 90, 0.9829834658880496, 56.55812703, 62.3866047121, 0.933374400814, -0.169442977485, 0.189194040662, 181, 2019
Z, 0, 0.9998204722027836, 162.213066916, 188.38355691, 0.859973393126, 0.0071698431377, 0.00538141641408, 184, 2019
N, -100, 0.9972093471661552, 319.642917102, 368.892215507, 0.857110606553, 0.0892601573624, 0.02558159122, 184, 2019
E, 100, 0.9839262125106125, 44.4740484509, 68.6915965608, 0.656273585809, -0.169975756783, 0.0209985723729, 184, 2019
Z, 0, 0.9996810549809906, 141.378868012, 168.07928334, 0.831545118082, 0.0104689699837, 0.0049629742448, 187, 2019
N, -100, 0.9973668586554134, 387.762671138, 438.125712886, 0.889483275517, 0.0864864434153, 0.0277898398212, 187, 2019
E, 100, 0.780776179333124, 28.5257329853, 44.7361626087, 0.576426660297, -0.789745354934, 0.142511451518, 187, 2019
Z, -100, 0.996911728425197, 65.200541594, 78.9356384424, 0.844593569215, 0.0993987232625, 0.028639049613, 190, 2019
N, 100, 0.9976156230725405, 303.674462081, 328.221956049, 0.953716219399, 0.00204550113026, 0.039565751436, 190, 2019
E, -100, 0.7406320382209994, 31.1781005504, 36.1895917001, 0.926568803071, 0.665781488177, 0.00342588876672, 190, 2019
Z, -56, 0.9972293306488104, 83.5775382516, 97.0483717159, 0.833593965682, 0.0684336920546, 0.0747012808394, 193, 2019
N, 100, 0.9334677276942165, 84.1797937266, 124.436472884, 0.694831674783, 0.3233292758, 0.548311748873, 193, 2019
E, -100, 0.9590536899297605, 51.131174938, 54.3731628808, 0.961935902766, 0.268442112299, 0.0117139760121, 193, 2019
Z, 100, 0.9941620770353998, 131.855896373, 155.433972579, 0.823419808705, -0.0213912609109, 0.0371640139025, 196, 2019
N, -100, 0.9948001781122733, 240.829844462, 287.663635869, 0.827912268097, 0.117794860034, 0.0355924696234, 196, 2019
E, 100, 0.9866370563087894, 49.2198399936, 59.0699619328, 0.812268580984, -0.192292917659, 0.112243256291, 196, 2019
Z, -100, 0.9977536021044305, 134.749119524, 157.145056822, 0.871739713963, 0.033301790174, 0.00324342146735, 199, 2019
N, -100, 0.9930849746455493, 321.178100413, 354.598743718, 0.901385333865, 0.135371370456, 0.0240214227315, 199, 2019
E, 100, 0.878319681771516, 34.9797705876, 50.3958111038, 0.687501391879, -0.498687827707, 0.00260602738423, 199, 2019
Z, -100, 0.9918212800981293, 89.2104717742, 114.623899888, 0.773605351071, 0.0971494442321, 0.0275726242791, 202, 2019
N, -100, 0.9992106751410743, 296.550472216, 335.363867494, 0.892659119367, 0.0324440715861, 0.00349329840961, 202, 2019
E, 100, 0.31936891848850213, 14.8939349574, 34.4497884669, 0.367634020745, -1.21875546284, 0.11101662453, 202, 2019
Z, -100, 0.9251011943020281, 34.454904302, 53.0152122624, 0.680710370115, 0.582398585448, 0.223531970349, 205, 2019
N, 100, 0.9860040191587665, 225.184306393, 224.225061873, 1.07540140282, -0.0684921239903, 0.0783513648015, 205, 2019
E, 100, -0.7637197334826243, 24.3656066934, 29.2372081913, 0.655690260518, -0.937801445479, 3.46440227896, 205, 2019
Z, -100, 0.998001745828576, 85.0032623453, 91.6039198384, 0.947413657809, 0.0134716348162, 0.0445785244202, 208, 2019
N, -100, 0.9298944243598206, 74.1276049794, 114.038365437, 0.655068254238, 0.337335104818, 0.386833693428, 208, 2019
E, -100, 0.719851345101066, 46.4839020423, 52.6643302037, 0.888749599371, 0.829012957315, 0.20622704362, 208, 2019
Z, -100, 0.9988984628070016, 147.097053136, 164.87257666, 0.880891419757, 0.0533073410823, 0.0107829070761, 211, 2019
N, -100, 0.9976956858067382, 251.00787429, 305.18583266, 0.810591124218, 0.0802286748664, 0.0327022637937, 211, 2019
E, -100, 0.9729720706543663, 77.969975495, 66.3664367642, 1.13479507614, 0.0737723226268, 0.0886916571902, 211, 2019
Z, 0, 0.9999405943455246, 146.14709255, 174.794083284, 0.840791608127, 0.0107383264749, 0.00797280610051, 214, 2019
N, -100, 0.9977244087814796, 361.394488468, 414.75892341, 0.872368286174, 0.0732548906678, 0.00590637918258, 214, 2019
E, 100, 0.8416083315148399, 26.7863692842, 50.337336521, 0.513626499945, -0.608529744126, 0.0451242078186, 214, 2019
Z, 100, 0.9988157836656363, 80.2805069743, 93.3565903978, 0.85473630739, -0.0528322391467, 0.0155884427212, 217, 2019
N, -100, 0.991447821930131, 300.465690391, 354.375346771, 0.866340773421, 0.0453286302035, 0.0493145498446, 217, 2019
E, 100, 0.4740700878683652, 90.030671688, 27.1975820399, 3.21695699749, -0.622885866723, 0.333271575344, 217, 2019
Z, 100, 0.994159649137994, 53.1768483664, 71.244402133, 0.723545849196, 0.0660089854947, 0.13436783507, 220, 2019
N, 100, 0.6706113274198037, 107.483243804, 159.312457566, 0.576176789663, -0.562832955852, 0.228535714976, 220, 2019
E, -100, -0.36797714248862484, 109.162287886, 46.1090189745, 1.81503278041, -2.29332302174, 0.463718943879, 220, 2019
Z, -100, 0.9989126186442656, 106.962461165, 128.613596743, 0.816912741292, 0.0463952396297, 0.041103380501, 223, 2019
N, -100, 0.9909629821907917, 178.541531116, 223.84085037, 0.787950088758, 0.158045800711, 0.0567549002734, 223, 2019
E, -15, 0.9663700285732763, 42.8592282858, 51.0837617688, 0.730579804803, -0.0426464411729, 0.0645360269712, 223, 2019
Z, 0, 0.9983704243488142, 120.129611441, 142.740860656, 0.827503006781, -0.0101468820635, 0.00120927457245, 226, 2019
N, -100, 0.9958573952255632, 272.64828123, 309.66264443, 0.883267626837, 0.0889001319014, 0.00562797348346, 226, 2019
E, 100, 0.7780307977662442, 48.6768715784, 46.2014005433, 0.751968763999, -0.790086503961, 0.467017635009, 226, 2019
Z, -100, 0.9983701896177014, 93.9672172956, 111.371261526, 0.826759959022, 0.0316766198039, 0.0296207677686, 229, 2019
N, -100, 0.9974742058229789, 254.403391625, 298.616759296, 0.859955919216, 0.0568290821745, 0.0172075410058, 229, 2019
E, 100, -0.5457189342012787, 18.6741685832, 31.4273866599, 0.607116329754, 2.19229354996, 0.11259645977, 229, 2019
Z, -100, 0.8990024866006181, 38.0917553236, 51.885295215, 0.788226855886, 0.537549201602, 0.236381005121, 232, 2019
N, 100, 0.9898882594905106, 196.719540191, 236.14817975, 0.857648843344, -0.118233568325, 0.0324244987699, 232, 2019
E, -100, 0.19025148903296416, 32.5795052039, 19.8886998868, 1.68107717029, 1.19516060857, 0.249899856236, 232, 2019
Z, 100, 0.08278849344798514, 96.7903874147, 63.0864359264, 1.7107110573, 1.37636755862, 3.55980164706, 235, 2019
N, 39, 0.9448047536100119, 132.912066786, 103.860748476, 1.28336117558, -0.039964276601, 0.340996961536, 235, 2019
E, 100, 0.9105840974014365, 41.9638850868, 41.1991653746, 1.09903189623, -0.200937518092, 0.0910959190366, 235, 2019
Z, 100, 0.8233129543847028, 87.2296900009, 130.345247641, 0.574186899098, -0.0647592776966, 0.479871179251, 238, 2019
N, -100, 0.9976351158444153, 190.523011518, 214.667163975, 0.880210655796, 0.0728093227822, 0.00710250277779, 238, 2019
E, 100, 0.8220774908699933, 30.9508613082, 57.6778334788, 0.52341616712, -0.602799228545, 0.0184885166351, 238, 2019
Z, 100, 0.9771003927165367, 94.1995254252, 156.487185309, 0.598651855339, 2.98251066052, 3.10788853866, 241, 2019
N, -100, 0.9995943907840866, 298.15251384, 352.347540047, 0.844669268572, 0.0297500004569, 0.00393655429573, 241, 2019
E, 100, 0.834096990398311, 32.1554167346, 48.0692074307, 0.677257009541, -0.587460700233, 0.00196903146947, 241, 2019
Z, 0, 0.9993306642257002, 78.9416938975, 96.3903029677, 0.826498373815, 0.03647633047, 0.0133042397484, 244, 2019
N, -97, 0.997267564533365, 268.203594491, 315.151467088, 0.874043347917, 0.0372926848442, 0.0418676682421, 244, 2019
E, -100, 0.3757187000031936, 18.7730882658, 17.2286772242, 1.17323303444, 0.00480243207755, 1.10440831478, 244, 2019
Z, -100, 0.9946968649543402, 48.5182276455, 57.5670941565, 0.857208796574, -0.00293139871286, 0.0579853839723, 247, 2019
N, 100, 0.9736415226757719, 156.27374261, 187.620041307, 0.903286955084, -0.197875982214, 0.187887504092, 247, 2019
E, 100, 0.9912313381911172, 39.1753479551, 40.0411408605, 0.992427269655, -0.10917301902, 0.0451758093871, 247, 2019
Z, -100, 0.9993220056749962, 97.5088464976, 108.712764871, 0.905797697928, 0.0254594077567, 0.0118414192934, 250, 2019
N, -100, 0.9873680230957294, 140.677731278, 167.49046647, 0.822200220881, 0.179698991233, 0.0476987597628, 250, 2019
E, -100, 0.9917479811132639, 39.7180650308, 45.2351929139, 0.878096374944, 0.049875535294, 0.0607376501563, 250, 2019
Z, -100, 0.9990978587488174, 102.068997451, 118.903914854, 0.864841587959, 0.0130346271244, 0.0315318002483, 253, 2019
N, -100, 0.9963804676147197, 227.339870327, 253.370644621, 0.901517937557, 0.0850302671379, 0.0710638675327, 253, 2019
E, 100, 0.9422883950710031, 28.268889523, 38.4614603864, 0.642648377912, -0.3239369015, 0.225320569375, 253, 2019
Z, -100, 0.9916861476724915, 81.8911436568, 93.3118868306, 0.880747478969, -3.0407856457, 3.11775214713, 256, 2019
N, 100, 0.9938380353598127, 248.376250328, 241.048039026, 1.003506889, -0.122000957009, 0.0349103524136, 256, 2019
E, -100, 0.6417098323114353, 8.69127381911, 26.006793655, 0.278779633381, -1.70885436568, 2.03291672859, 256, 2019
Z, -100, 0.9570439127852309, 29.5337477643, 39.6320943067, 0.741808015389, 0.302800207242, 0.00457157777307, 259, 2019
N, -10, 0.9956356338977101, 146.508938116, 180.339211, 0.853130166983, 0.0302119377013, 0.0564295648888, 259, 2019
E, -100, 0.938270075222607, 15.1448323397, 14.4988588324, 1.12533000462, 0.137031689692, 0.0418708621929, 259, 2019
Z, -100, 0.9952840611939822, 50.227072757, 58.9430053596, 0.867162709395, 0.0443764971288, 0.0443620169711, 262, 2019
N, 100, 0.9323463791713263, 78.026785154, 111.33299877, 1.06063250627, -0.92510632635, 0.81315718628, 262, 2019
E, 100, 0.9768285607559037, 25.6051844351, 36.6155128772, 0.717585495636, -0.129057230751, 0.0547425329855, 262, 2019
Z, -100, 0.9984766129121404, 99.5224942712, 111.241811433, 0.902238794951, 0.0493690152976, 0.0134352548011, 265, 2019
N, 100, 0.993459547643084, 181.08420043, 173.741095031, 1.09007967637, -0.10241792222, 0.0847924892771, 265, 2019
E, 0, 0.9407419426228296, 23.8844197902, 51.5215694884, 0.379963319684, -0.210437969068, 0.296626235234, 265, 2019
Z, -100, 0.9985491252762116, 113.481018299, 129.845124972, 0.873629442637, 0.0491744926404, 0.0114300104708, 268, 2019
N, 100, 0.9991717050075888, 265.260264398, 284.863007937, 0.920292702122, -0.023714613739, 0.00780234447567, 268, 2019
E, 100, 0.37267473501747367, 14.9047977529, 42.914551202, 0.185339268992, -0.628465216198, 0.288192283361, 268, 2019
Z, 100, 0.8437138498323179, 66.6496231078, 86.1520809612, 0.705758647959, -0.322912950445, 0.437934030011, 271, 2019
N, 16, 0.9979070606231504, 247.064673663, 264.615202496, 0.957941096195, -0.00757828576227, 0.0407843424631, 271, 2019
E, -100, 0.26079785239413383, 20.2859046366, 16.307451434, 0.923004282508, 0.991863695713, 1.46508309741, 271, 2019
Z, 100, 0.5263978511130663, 283.252686348, 65.4178126427, 4.24268960751, -1.15530799854, 0.350510719962, 274, 2019
N, 0, 0.9813382333585162, 137.437610558, 131.841368718, 1.24415962547, -0.0891462711551, 0.221827915951, 274, 2019
E, 100, -0.14015910028868786, 133.322463255, 41.0677609312, 2.94008151753, 1.70716878983, 0.0351745421091, 274, 2019
Z, -34, 0.8952061845399903, 204.121927373, 117.035296572, 1.43353016309, -0.310104856579, 0.426192657186, 277, 2019
N, -100, 0.9770166872408486, 183.991828564, 185.454866293, 1.04564504142, 0.0428558403304, 0.154418001081, 277, 2019
E, 100, 0.9339316461202033, 36.2308339734, 49.9907516258, 0.741991116072, -0.320211533791, 0.0452883985609, 277, 2019
Z, -100, 0.7906461651750569, 162.548761793, 111.464348795, 1.06423175653, -0.31568592103, 0.789439603056, 280, 2019
N, -100, 0.9727483291436813, 205.469697006, 233.196897655, 0.870015395686, 0.249154950389, 0.0210505760674, 280, 2019
E, 100, 0.6485745884813728, 23.5539990603, 40.2386975984, 0.492945938697, -0.981421493432, 0.25391051973, 280, 2019
Z, -100, 0.2669362679564807, 244.868784707, 77.262027493, 3.39436538209, 1.40262444321, 0.199247990719, 283, 2019
N, -100, 0.9397959167640269, 218.42073895, 209.185429947, 1.05594424242, -2.75986664845, 3.20592512523, 283, 2019
E, -100, 0.006130701936170926, 19.4067814818, 24.8745932028, 0.664141728361, -0.185422510766, 1.93292886816, 283, 2019
Z, 100, 0.40895868447286055, 267.238299401, 27.5617900268, 14.3262265678, 2.92938171093, 2.04463175252, 286, 2019
N, -100, 0.8333974163485698, 163.069947906, 115.519966368, 1.3146795271, 0.584866929662, 0.00780351735744, 286, 2019
E, -100, 0.7282903524221305, 53.8785380102, 19.6390072714, 3.20176166105, -0.19717744962, 0.594134276413, 286, 2019
Z, -100, 0.9839577306353607, 68.4093769544, 76.8886045384, 0.918160968317, 0.0970103502305, 0.0520969786612, 289, 2019
N, -100, 0.8701149410201434, 78.0944472713, 98.2080668733, 0.703602682889, 0.106987384356, 0.464784422301, 289, 2019
E, 100, 0.8948494287442331, 18.9926515107, 42.0440715043, 0.420035631385, -0.0544704232461, 0.294203084038, 289, 2019
Z, -100, 0.9977621229636487, 98.1337940647, 125.885734275, 0.777599669415, 0.0475129237594, 0.0244154103882, 292, 2019
N, 100, 0.9894222735437287, 202.756450875, 214.610939884, 0.969381570013, -0.116738631261, 0.123519137947, 292, 2019
E, 100, 0.5778905632908821, 41.0728464498, 56.4927475556, 0.724103331983, -0.846389851578, 0.195895022034, 292, 2019
Z, -100, 0.9944298234674617, 100.489992364, 128.508765848, 0.775910967645, 0.0858361209216, 0.0647895880443, 295, 2019
N, -100, 0.9793859703595307, 189.13668446, 280.944441011, 0.685910944792, 0.078089188922, 0.130398962331, 295, 2019
E, 100, 0.5325097680675587, 47.94301775, 47.3340695524, 1.09606692628, -0.781454560524, 0.320325734773, 295, 2019
Z, -19, 0.995741146026211, 60.9439704735, 78.7960100374, 0.799036306188, 0.0529932448659, 0.0724871370854, 298, 2019
N, 100, 0.8299136733966685, 249.222393571, 254.479302828, 0.947469452576, 2.54814021199, 3.13765479149, 298, 2019
E, 100, 0.053770755910124896, 58.756382457, 20.8349194938, 2.95611806026, -1.01770876922, 0.711011406673, 298, 2019
Z, -100, 0.9937390507054203, 57.4111916358, 75.006715628, 0.748133551655, -3.06415351599, 3.05957321675, 301, 2019
N, 0, 0.9628779416744238, 75.3717372012, 96.2119195717, 0.840446923381, 0.0271425107454, 0.0235983019094, 301, 2019
E, 100, 0.9492720613861491, 57.1908326892, 47.1164156061, 1.26460785567, -0.383190337329, 0.251350379758, 301, 2019
Z, 0, 0.9988689884561069, 120.295837709, 144.144854779, 0.836382871205, 0.00100433162943, 0.00834960691567, 304, 2019
N, 96, 0.9977909595785778, 304.397406026, 245.366810312, 1.23681508336, -0.0474472548873, 0.0587529386702, 304, 2019
E, 100, 0.8699616717953004, 36.4178123189, 57.7508707949, 0.509292770372, -0.430970720514, 0.401792966028, 304, 2019
Z, 100, 0.9972715914283812, 99.4057405034, 137.780518728, 0.717637997553, -0.0681919047331, 0.000472361913657, 307, 2019
N, -100, 0.972230925322214, 329.931308007, 288.08288449, 1.13882231738, 0.282702378944, 0.104148672466, 307, 2019
E, -100, 0.7751101743041988, 22.3184615863, 52.759919786, 0.458526227154, 0.014813025345, 0.213962514128, 307, 2019
Z, -100, 0.9786735995690783, 64.4869359814, 89.1648699472, 0.728026824081, 0.245920219058, 0.0733146292654, 310, 2019
N, -100, 0.97667329372732, 390.787728124, 236.858728657, 1.5920242207, 0.217986775864, 0.0114724786557, 310, 2019
E, -100, 0.15793843804411936, 19.0312480671, 36.528341738, 0.476922923669, -0.826822226207, 1.73819378457, 310, 2019
Z, -100, 0.9907344477669682, 29.0830357965, 34.1456600294, 0.875239137749, 0.139279772881, 0.106283228589, 313, 2019
N, -100, 0.9864490623284591, 113.226988372, 141.680076463, 0.882223594136, 0.141700795018, 0.157118610409, 313, 2019
E, -100, 0.9387151106012877, 32.0490411077, 27.0596079432, 1.20601008485, -0.0873177848925, 0.375525811185, 313, 2019
Z, 100, 0.9991593322897814, 74.6532146774, 91.4438654024, 0.811138738628, -0.0336107703408, 0.00792472589695, 316, 2019
N, -100, 0.9804152979727414, 121.619914263, 121.849638174, 1.00445816535, 0.10709321084, 0.0330267855004, 316, 2019
E, -100, 0.9622209812248605, 50.2955291042, 48.4285893089, 1.05959869386, -0.0553017294022, 0.0943006687499, 316, 2019
Z, -100, 0.999258517724048, 132.167728842, 151.33325778, 0.871965764436, 0.0350508539256, 0.0106458637644, 319, 2019
N, 100, 0.9964941431330372, 281.362920981, 270.261392645, 1.0373654727, -0.0726429751369, 0.0333486734384, 319, 2019
E, 100, 0.9468575365202806, 18.2955928963, 64.8340888585, 0.277150088078, 2.80067093209, 3.0806434352, 319, 2019
Z, 100, 0.9981821644483667, 120.952205988, 155.838713419, 0.772347685412, -0.0542552903086, 0.0183028345353, 322, 2019
N, -100, 0.995350188455696, 322.879914513, 338.456868719, 0.949464766243, 0.0757756820816, 0.00959435039785, 322, 2019
E, 100, 0.7011459337085465, 38.7722227618, 59.2083064046, 0.738748391801, -0.656960925843, 0.167852312004, 322, 2019
Z, -100, 0.9998498047455234, 81.4777959584, 97.7328623686, 0.835768971478, 0.0127248497449, 0.00374848629871, 325, 2019
N, -100, 0.9960755683837826, 287.398481024, 290.830193071, 0.989848298269, 0.0883773790636, 0.0214296445156, 325, 2019
E, -100, -0.6682130985716237, 31.1970162222, 34.1602292086, 1.09345481523, -2.82794728961, 0.274740944003, 325, 2019
Z, -100, 0.995028097722391, 64.6584799509, 71.4824508145, 0.921510764951, 0.00555755261918, 0.0828412638811, 328, 2019
N, 100, 0.9694728078432189, 111.467095476, 150.11922409, 0.753834394011, -0.169805084014, 0.102808042983, 328, 2019
E, -100, 0.9503863677159373, 34.3964368363, 50.5311004329, 0.629232209602, 0.368378768382, 0.282892621348, 328, 2019
Z, -100, 0.9985006012785858, 130.001118596, 157.390402215, 0.811394070932, 0.0702407246986, 0.0388002136733, 331, 2019
N, -100, 0.9903025143354742, 228.951185875, 263.653279937, 0.860111474805, 0.162812679117, 0.0653319290332, 331, 2019
E, 100, 0.9672521759129389, 53.8401197029, 63.8367695169, 0.849906521693, -0.302187668785, 0.0907830152765, 331, 2019
Z, -100, 0.9995690384482365, 146.505425175, 171.840832985, 0.851310686216, 0.0304490042254, 0.00327625958739, 334, 2019
N, -100, 0.9969277510064346, 339.178996301, 357.299557881, 0.952349721889, 0.0767764302888, 0.00758589222741, 334, 2019
E, 100, 0.8015581228052516, 34.8315660323, 60.4407786596, 0.54379500374, 2.52236593851, 3.09285068693, 334, 2019
Z, 0, 0.9997023989329584, 106.023770923, 124.674736901, 0.849099029747, -0.0123295292382, 0.0209844805342, 337, 2019
N, -100, 0.9989549286967669, 279.87021739, 304.477252038, 0.92134464979, 0.00999766219888, 0.0293756964121, 337, 2019
E, -100, 0.825696361831839, 22.793093223, 50.2821030981, 0.326147905611, -2.72187814662, 3.2902722925, 337, 2019
Z, 0, 0.9958630023750986, 47.5155809128, 60.3830767643, 0.797300848521, 0.115019310525, 0.126920768427, 340, 2019
N, 100, 0.9972534879473002, 158.190696927, 198.44590385, 0.802129675598, -0.0006756127652, 0.0679516821175, 340, 2019
E, -100, 0.8147372086634583, 29.3483556996, 33.0810993781, 0.859824153404, 0.956021097682, 0.661238234722, 340, 2019
Z, -100, 0.9968451875826498, 78.1784171268, 86.7332148974, 0.884888897766, 0.112598008135, 0.0772033029136, 343, 2019
N, 100, 0.9882872896014316, 95.9550872851, 113.985419569, 0.831597613227, 0.223231277028, 0.358244149496, 343, 2019
E, 100, 0.9903630226543999, 42.8930915565, 49.6101011472, 0.872463922522, -0.193807274101, 0.13754476581, 343, 2019
Z, 16, 0.999078934283126, 132.996697845, 160.396445428, 0.825705760533, -0.0171175373853, 0.0084902406995, 346, 2019
N, 100, 0.9941973740162865, 245.429909347, 279.82279417, 0.847666256343, -0.0258400574229, 0.0365242725142, 346, 2019
E, 100, 0.9519821986010956, 33.6024427298, 68.4506984519, 0.494169518379, -0.33364293396, 0.133829301438, 346, 2019
Z, -31, 0.9998423715255199, 159.355240712, 185.480558185, 0.861828125046, 0.0109605301357, 0.00565847512428, 349, 2019
N, -100, 0.9956268450467415, 385.050454129, 392.054406735, 0.971263748256, 0.0880350184317, 0.0100120939138, 349, 2019
E, 100, 0.7442290744099465, 38.1851651339, 66.7868296764, 0.600552812342, 2.63341707055, 3.43901637032, 349, 2019
Z, 0, 0.9997522521950359, 115.745952603, 130.368134864, 0.892337090445, 0.00260073493564, 0.00184051959703, 352, 2019
N, -100, 0.9921187163922363, 324.446676546, 352.876728363, 0.937767072265, 0.139911652814, 0.0169277706892, 352, 2019
E, -100, -0.12818767006243612, 35.7256687547, 45.4448494779, 0.776085871186, -1.95732084729, 0.0534986774057, 352, 2019
Z, 100, 0.9967462691773692, 49.4787337395, 58.1904735939, 0.830181886026, -3.05615635795, 2.98361946499, 355, 2019
N, 100, 0.9990723842366824, 178.366517184, 191.228327281, 0.935121717761, -0.0130676598524, 0.0328393092309, 355, 2019
E, -100, 0.8089607434404135, 44.7136813555, 47.5284020844, 0.997290785776, 0.680916135664, 0.0776753742918, 355, 2019
Z, 0, 0.999344057144352, 121.33376218, 145.948669403, 0.819624097582, 0.000768682646129, 0.00774438227842, 358, 2019
N, -100, 0.9962299376984023, 186.84102384, 226.05931743, 0.810958788126, 0.13265999671, 0.0557067529002, 358, 2019
E, 100, 0.9865612221207717, 73.3232343121, 63.839327182, 1.14878958955, -0.126611415745, 0.0880313911844, 358, 2019
Z, 0, 0.9997732902890986, 158.967226599, 184.083328391, 0.865084924416, 0.0012041820053, 0.0120362900124, 361, 2019
N, -100, 0.9969589308140393, 337.872980119, 371.997949224, 0.906592451214, 0.0600912699792, 0.0186795426618, 361, 2019
E, -100, 0.6760178767362554, 9.50595656378, 61.5006552694, 0.111140186568, 1.72415962692, 1.28394713411, 361, 2019
Z, 100, 0.9979462289590972, 129.38043153, 153.317341768, 0.837427518131, -0.0089754412606, 0.0117829068102, 364, 2019
N, -100, 0.990398201592581, 333.057506453, 358.571158096, 0.921693949625, 0.156348807272, 0.0211900491011, 364, 2019
E, -100, 0.9344870208490706, 32.1061865755, 54.1184435673, 0.532849769902, 0.141673285616, 0.0731535969857, 364, 2019
