Chan, Phase Shift, Correlation, ptp-data, ptp-synthetic, rat, phasem, phasestd, DOY, Year
Z, 100, 0.9993642241386158, 76.703705578, 86.6346551789, 0.883157627299, -0.0495440258755, 0.0126237230315, 1, 2019
N, 100, 0.47158180832367735, 16.7090458988, 14.4135595432, 1.55311994916, 1.63988071219, 1.02589713446, 1, 2019
E, -100, 0.9297878345100917, 79.6681576404, 53.5872632705, 1.36345637879, 0.735234069758, 0.33124736829, 1, 2019
Z, -100, 0.9998231241277383, 110.870694417, 125.733129753, 0.886049649788, 0.0111241627034, 0.0127894642531, 4, 2019
N, -100, 0.7785126817739584, 26.1777374786, 24.4178541549, 0.997275460608, 0.732511898931, 0.423450165788, 4, 2019
E, -100, 0.9116465887956193, 118.981830309, 71.3531874814, 1.75004440753, -3.04569990524, 2.90887538993, 4, 2019
Z, -100, 0.9992099358570098, 117.182407699, 137.935176205, 0.851335752702, 0.05823444275, 0.0202537829528, 7, 2019
N, -100, 0.8951554065651317, 26.231796149, 27.7245980277, 0.914608769557, 0.780236172841, 0.499961822798, 7, 2019
E, -100, 0.859248345882073, 87.8560055439, 71.4694342099, 1.25054552811, 0.626681441235, 0.350542330377, 7, 2019
Z, -100, 0.9989513321024145, 92.9134376551, 117.877502564, 0.786458842353, -0.236538123766, 1.34005535156, 10, 2019
N, 100, 0.9865253519935674, 21.9713002982, 23.4982213383, 0.860080754126, 2.99947337965, 2.9924187793, 10, 2019
E, 100, 0.9120787960329608, 28.9561581707, 55.5083492636, 0.55020409529, -0.141009372284, 0.3331854704, 10, 2019
Z, -100, 0.9985238143575199, 56.541863199, 75.5787839017, 0.744692803398, 0.0395068334988, 0.0411838917787, 13, 2019
N, 100, 0.9170195095237896, 15.7889695093, 13.9701883392, 1.06277881979, -0.527058410113, 0.184772533368, 13, 2019
E, -100, 0.8429074215666859, 45.061596125, 31.7493895101, 1.31669396402, 0.26638103562, 0.278137276813, 13, 2019
Z, 100, 0.9917469920074413, 62.7582742599, 72.3330348694, 0.832130873071, 0.443317958257, 1.82989481173, 16, 2019
N, 100, 0.8987360072407861, 8.83684136228, 10.3164892843, 1.05232918403, 0.691919783195, 1.11493475106, 16, 2019
E, -100, 0.9523203790339143, 52.9698259716, 42.9488173036, 1.36639646523, 0.228963151159, 0.182213155999, 16, 2019
Z, 0, 0.9998322834657047, 119.619004191, 137.650430683, 0.864958485299, -0.0128071188739, 0.0164176932616, 19, 2019
N, 100, 0.9794902994631366, 22.1551861354, 23.3991593732, 0.94617317981, -0.123691776221, 1.40906563926, 19, 2019
E, -100, 0.9568458574223705, 48.9758582598, 80.6623268235, 0.749138916022, -0.565098589898, 1.86932534308, 19, 2019
Z, -100, 0.9999054504401313, 147.797316454, 174.539022586, 0.847281637282, 0.0285563786131, 0.00894650565684, 22, 2019
N, 100, 0.9961499376903727, 31.2732855143, 29.2530341971, 1.04132431409, -0.0981444569697, 0.0209190302748, 22, 2019
E, -100, 0.9968521380949671, 73.5556204777, 94.6612003822, 0.763071085937, -0.0670516990049, 0.0686773348593, 22, 2019
Z, -100, 0.9997412241051593, 119.39701831, 147.044751563, 0.805439762107, 0.0014135435921, 0.0210278275683, 25, 2019
N, -100, 0.9846304166300603, 24.5449353131, 23.6912947274, 1.09353560634, 0.0115429295222, 0.113385474175, 25, 2019
E, -46, 0.9989947319790443, 58.6273305063, 72.9438077089, 0.822668155937, 0.00544300421615, 0.0190365358062, 25, 2019
Z, 100, 0.9977240076685963, 58.8159376358, 76.5412407503, 0.7712101598, -0.0730188572963, 0.0387150003113, 28, 2019
N, -100, 0.855203668235918, 17.298386553, 10.7525258227, 1.56015169731, 0.324100974428, 0.11696178114, 28, 2019
E, -100, 0.989652345514062, 32.9323870657, 34.7883101885, 0.967072961345, 0.041108743524, 0.116219428797, 28, 2019
Z, 100, 0.9990705017777888, 70.8043339594, 79.5350148238, 0.892028137519, -0.0740204652741, 0.0415689731106, 31, 2019
N, 100, 0.9791820054821726, 11.1081535105, 15.1954923054, 0.706788630845, 0.69479876762, 2.73029218171, 31, 2019
E, -100, 0.9256666978612622, 31.3261009958, 51.4319078334, 0.709117496972, -0.0318440538256, 1.27638401595, 31, 2019
Z, -100, 0.9987772887217166, 113.938516854, 127.4004144, 0.888656754403, 0.0386486915178, 0.0157555873676, 34, 2019
N, 100, 0.9453747599186794, 20.5330141864, 25.8099770082, 0.828656411503, -0.115783637314, 1.39154066742, 34, 2019
E, -100, 0.9869083489359575, 30.545255477, 72.3842355803, 0.423005885481, -0.0753163143099, 0.199949402897, 34, 2019
Z, -100, 0.9983048908818458, 126.718977552, 146.640105593, 0.864790615105, 0.133338440595, 0.0472820815698, 37, 2019
N, 100, 0.9586583462089521, 22.8801276123, 29.5504523501, 0.860524845832, -0.427512451528, 0.0945774020266, 37, 2019
E, -100, 0.7233469404521103, 53.2053838097, 75.8674019967, 0.721754552385, 0.437929756715, 0.234398106084, 37, 2019
Z, -100, 0.9976927204738144, 107.942377524, 129.551680134, 0.828546958, 0.0640807098485, 0.0139603248198, 40, 2019
N, 100, 0.857610032855957, 26.4081239488, 25.19306866, 0.975986595013, 2.39755640848, 3.19874933193, 40, 2019
E, -100, 0.599260737405343, 34.633967646, 61.5587152886, 0.588030568759, 0.850460173792, 1.65056927436, 40, 2019
Z, -100, 0.9979459711500465, 63.1115915298, 82.4744989732, 0.766353883102, 0.0711557019238, 0.0366637736987, 43, 2019
N, 100, 0.7751719640377774, 34.5729028423, 14.2684159878, 2.41347293444, -0.579644679558, 0.13739838277, 43, 2019
E, 100, 0.7557135376178087, 54.2334569389, 34.4656554018, 1.31665369735, 0.222688233273, 0.508839082586, 43, 2019
Z, 100, 0.9962896689535223, 70.3868195025, 79.7884951196, 0.852182994778, 0.191060512468, 1.33215604781, 46, 2019
N, -100, -0.047371186463483914, 15.3628792504, 12.8117282758, 1.60812000933, 1.53470389372, 1.62495061029, 46, 2019
E, -100, 0.7402372720036898, 67.6253487143, 50.8451645739, 1.53194331513, 0.219539344728, 0.645391663789, 46, 2019
Z, -16, 0.9998158040562892, 137.65660967, 159.180252773, 0.873164230801, 0.00055614190032, 0.0256214301776, 49, 2019
N, 100, 0.851518105724273, 23.8450508751, 27.3329038721, 0.855325623031, -0.59321880792, 1.45257701376, 49, 2019
E, 100, 0.976574954029277, 83.8716297004, 93.1296847661, 0.861271476168, -0.0133696151076, 0.0841339567862, 49, 2019
Z, -100, 0.9997136581441024, 157.392054569, 188.200680777, 0.837523606406, 0.0277248160826, 0.0121117113651, 52, 2019
N, -100, 0.9716634281156845, 36.3145839154, 31.8538515485, 1.1042266034, -0.0344310542393, 0.134748323155, 52, 2019
E, -100, 0.9980363187500733, 78.6923746963, 101.112403962, 0.772933185333, 0.0749467657031, 0.0303784898694, 52, 2019
Z, -100, 0.9984173344005361, 112.482485661, 141.295533259, 0.792344838987, 0.0408893049415, 0.0156135332156, 55, 2019
N, -100, 0.9523741236098615, 31.3409941618, 23.3979105592, 1.4119735412, -3.24898638373, 2.78799884908, 55, 2019
E, 100, 0.9338610874661195, 57.875526285, 66.6184691731, 0.882342868253, -0.180943344988, 0.155411919941, 55, 2019
Z, 100, 0.983220064119601, 39.8610850437, 57.6281713629, 0.710397622986, 0.016109199905, 0.0582796892156, 58, 2019
N, 100, 0.8267514577902203, 21.8917745907, 7.94281434181, 2.82923632973, 0.020183796663, 0.190037094903, 58, 2019
E, 100, 0.7115096059102227, 41.3185100539, 22.8969654126, 1.50065070999, -1.02271883304, 0.563831243957, 58, 2019
Z, 100, 0.9975986837459059, 81.5242113144, 88.6185722068, 0.915263501707, -0.142345506589, 0.0694934059074, 61, 2019
N, -100, 0.9711676482515282, 17.7859678774, 17.8864720351, 0.938033719165, -0.860244098111, 0.864154900248, 61, 2019
E, -100, 0.8922773915890752, 41.2356736667, 56.8275073921, 0.763357900101, -0.125202476104, 2.13785731255, 61, 2019
Z, -100, 0.9995454981698827, 124.546503008, 140.802954243, 0.895052110773, -0.00776228972741, 0.0319232123845, 64, 2019
N, -100, 0.9890908074239698, 21.5885215515, 28.4203093459, 0.776101363803, -0.106857751113, 0.11342800087, 64, 2019
E, -100, 0.9662447328553314, 52.8700334489, 78.7521411608, 0.662674925145, 0.384552244388, 0.115429877691, 64, 2019
Z, -100, 0.9991490593447172, 134.007031996, 158.908246788, 0.85415440382, 0.059569206456, 0.024341566382, 67, 2019
N, -100, 0.981379377410593, 28.0736547608, 31.2768715486, 0.907346280684, -0.184481957136, 1.79980486602, 67, 2019
E, 100, 0.9674225337518471, 66.5807269692, 81.6524631805, 0.793726290448, 0.0958496271457, 0.290290504375, 67, 2019
Z, -100, 0.9974034482474659, 108.88990211, 134.410708341, 0.811534760515, 0.0622001198405, 0.0300694030197, 70, 2019
N, 100, 0.9806204596769142, 24.2971991457, 25.1119838527, 0.856842201374, 0.0228784026144, 1.40969144767, 70, 2019
E, 100, 0.9585208826328515, 81.2293159216, 63.1039393252, 1.2364967515, -0.0866975413897, 0.125684393883, 70, 2019
Z, 26, 0.9942892214399978, 54.5033096468, 74.8926466181, 0.728761350244, -0.00969852405792, 0.0352891500893, 73, 2019
N, 100, 0.8684638910945435, 15.3740687928, 11.6095856455, 1.38506863498, -0.341075425462, 1.29505250083, 73, 2019
E, 100, 0.8955128015294372, 49.9115022374, 29.2400876443, 1.70333875221, 0.754403384579, 2.90231170548, 73, 2019
Z, 100, 0.9978521908465251, 94.7761807133, 106.807958251, 0.876419122063, -0.142966422099, 0.0768949291469, 76, 2019
N, -100, 0.20216845326770674, 13.5752191553, 18.2370641849, 0.882283329589, 0.531108309941, 2.72408886936, 76, 2019
E, -100, 0.6008534819416095, 54.5706816702, 68.099668035, 0.832891282591, 0.394270723776, 1.7023892677, 76, 2019
Z, -100, 0.9998321922507308, 157.820372652, 181.58101777, 0.871113512569, 0.0135424970794, 0.0136303788905, 79, 2019
N, 100, 0.9604324734747715, 30.9135686812, 31.3779023693, 0.946559572327, 0.637754488232, 0.407876879631, 79, 2019
E, -100, 0.9293478706321159, 56.7329708886, 103.684898939, 0.480936150457, -1.80415451623, 2.78248487203, 79, 2019
Z, -100, 0.9992966872295601, 155.582450129, 183.784135872, 0.845951856898, 0.0747454170764, 0.0281763797902, 82, 2019
N, 100, 0.3426403573913451, 14.8917341262, 31.721391737, 0.502646605919, -0.323618386876, 1.54546371475, 82, 2019
E, 100, 0.8567119054471539, 47.0635039179, 95.6544491684, 0.552904934912, 0.0809115056511, 0.448187458386, 82, 2019
Z, -100, 0.9971233757192659, 94.3703220527, 117.82410432, 0.794145128764, 0.0569591438833, 0.0201985685176, 85, 2019
N, 100, 0.7766756898914082, 34.5414091407, 19.9479323368, 1.75857618844, 1.41593925481, 2.82314584298, 85, 2019
E, 100, 0.7782127343403001, 61.9089845777, 50.8224058782, 1.1843966471, -0.857437459253, 0.235614668675, 85, 2019
Z, 100, 0.9559082740136101, 39.1078124115, 39.6934958246, 0.798551206572, -0.0401978872785, 0.176193660665, 88, 2019
N, -100, -0.41143770407236735, 22.813167484, 6.98949100189, 3.52548314195, -0.831303345773, 3.1935526222, 88, 2019
E, -100, 0.06797007454988684, 47.1540830775, 29.703554747, 1.81266564412, 0.379388597567, 1.22810237479, 88, 2019
Z, 100, 0.9988433232407764, 93.831079548, 104.107419972, 0.916391310686, -0.0851348084015, 0.0628533901139, 91, 2019
N, 100, 0.3300540256664328, 41.8407189716, 20.6778281451, 2.33318284182, 2.02219622122, 2.92521310761, 91, 2019
E, 100, -0.3076263707924545, 79.6769357743, 63.7209349129, 1.28857743599, -0.554521438941, 2.93778301006, 91, 2019
Z, -100, 0.9998864560851967, 132.279610596, 153.387286122, 0.866616148563, 0.00836170460996, 0.0119565514888, 94, 2019
N, 100, 0.8818933993420447, 32.1420351819, 30.0391822625, 1.0711461668, -0.362134354186, 1.40074318931, 94, 2019
E, -100, 0.8585544897001923, 54.6261758426, 83.9753613969, 0.591448137789, -2.05925650323, 2.39452161411, 94, 2019
Z, -100, 0.9994845872932855, 137.274330461, 162.586117429, 0.84547707133, 0.0589113412053, 0.0200598720352, 97, 2019
N, 0, 0.8798325325789089, 13.3335507939, 30.7673548545, 0.441304595928, 0.124653867578, 1.15530986008, 97, 2019
E, -100, 0.9212674489926955, 70.7732256064, 82.5639774393, 0.795063851886, 0.0847580935796, 0.126789322248, 97, 2019
Z, -100, 0.9981454408854737, 101.364619114, 124.186216102, 0.806914723154, 0.0470312888921, 0.0108880621161, 100, 2019
N, 100, -0.1770883782818883, 22.9557216257, 21.7717296331, 0.985827717596, -0.348427380604, 2.2565641574, 100, 2019
E, -100, 0.4174072320614664, 41.8041230203, 56.3847641677, 0.724359376031, 0.942660634658, 1.55256506339, 100, 2019
Z, 100, 0.9924946359202481, 45.9671991746, 57.6581550423, 0.776921039843, -0.00976704222824, 0.0354717161263, 103, 2019
N, 100, -0.7565391982849724, 28.0029780405, 6.67570839061, 4.02261692122, -0.970889796971, 3.11620099926, 103, 2019
E, -100, 0.7841367388246864, 38.9196701464, 35.216410285, 1.23169822861, -0.495441202383, 0.503473354375, 103, 2019
Z, 100, 0.9993688359561763, 112.576472489, 135.56297206, 0.83977443512, 0.236217543394, 1.34406694334, 106, 2019
N, 100, 0.037188202512547605, 21.1403463595, 22.9948688076, 1.13410809719, 1.58241947021, 2.96294239723, 106, 2019
E, -100, 0.9108005027783197, 107.218986863, 82.7432620205, 1.11091418551, 0.176643040905, 1.30760209768, 106, 2019
Z, -24, 0.9995822876618703, 154.818174637, 182.119680713, 0.836440238242, -0.0241951367504, 0.0162046114291, 109, 2019
N, 100, 0.9277140667089124, 54.7598538904, 31.7829420621, 1.37444041796, 2.99181086522, 2.509252499, 109, 2019
E, -100, 0.9633116522791516, 87.6301318025, 100.671871353, 0.910936179593, 0.488812584917, 0.227964029075, 109, 2019
Z, -100, 0.9989419644432763, 133.687280378, 157.884313309, 0.847012368443, 0.0567668738984, 0.0213357491731, 112, 2019
N, -100, 0.9633015570524442, 55.3827556891, 27.9325420071, 1.69831274853, 0.50776114803, 1.16149567823, 112, 2019
E, -100, 0.9019008327948506, 69.1993459836, 78.6211481296, 0.860846220036, -0.113058461412, 1.32263521391, 112, 2019
Z, -100, 0.9981110091792127, 71.8162753389, 90.1162948062, 0.793938133779, 0.0516754411791, 0.016144806443, 115, 2019
N, -100, 0.8576304727894745, 46.7070343556, 15.2444995447, 3.32801617459, -0.0319059684453, 1.41991026794, 115, 2019
E, 100, 0.589177019482184, 22.6791591985, 35.1245130079, 0.528350291808, -1.59008602924, 2.49860517181, 115, 2019
Z, 100, 0.9934567191369346, 49.2162967475, 54.2027854581, 0.870533538025, -0.106627458035, 0.0566368317143, 118, 2019
N, 100, 0.03013479751999999, 68.0852713271, 9.0649398404, 8.93726672438, 3.28962923616, 2.67522608127, 118, 2019
E, -100, 0.8154971446797721, 97.8882532076, 35.998124068, 2.4780106639, 0.664520423763, 0.285802644715, 118, 2019
Z, 100, 0.9999114381095493, 99.1617407955, 115.659700942, 0.862564178088, -0.0278129746354, 0.0142106735665, 121, 2019
N, -100, 0.7399648064384429, 51.9166417212, 21.9457135376, 2.07441483653, 1.72408184516, 2.82465253054, 121, 2019
E, -100, 0.598444093018547, 99.8526995648, 67.6923294419, 1.62256021161, -0.963517360491, 2.55708939407, 121, 2019
Z, -100, 0.9986936037446398, 132.026725018, 153.954435177, 0.861654744831, 0.0800696845519, 0.0307121231447, 127, 2019
N, 100, 0.91128701712185, 27.0557071869, 27.6852501081, 1.01924184286, 0.0424606801214, 0.392522068416, 127, 2019
E, -100, 0.9634933205606726, 62.5213932259, 77.2795780952, 0.831805869587, 0.0598626103294, 0.17785346427, 127, 2019
Z, 100, 0.9956994334787198, 70.7066144074, 82.4920657387, 0.82391582393, -0.052322995424, 0.0510322380529, 133, 2019
N, -100, -0.2899695722632347, 12.4970179885, 11.0817107866, 1.38253428533, 0.549287835695, 1.46633011047, 133, 2019
E, -100, 0.7862156505101401, 43.0750733378, 51.365226881, 0.879206172066, -0.0837543275529, 2.20943970439, 133, 2019
Z, 79, 0.9998622082805592, 124.971421436, 143.379217879, 0.871882606881, -0.0343453872068, 0.0185102868034, 136, 2019
N, 100, 0.6872158679286957, 27.6537131493, 24.2637656522, 1.08930388793, -1.12582213458, 0.395170570699, 136, 2019
E, -100, 0.9767216447144761, 68.3998214318, 83.8464094192, 0.827059111433, -0.315405009043, 1.83386529437, 136, 2019
Z, -100, 0.9997507587552981, 139.005209133, 161.125351084, 0.870864462795, -0.00142754052854, 0.0196749876295, 139, 2019
N, 100, 0.5006265711436838, 27.3698070167, 28.8315493786, 0.947872464001, -0.610321565133, 0.520095808918, 139, 2019
E, -100, 0.939738118806038, 101.090029517, 86.485488454, 1.02927363919, 0.222388226902, 0.170244656857, 139, 2019
Z, -100, 0.9987455477571023, 110.955144562, 129.084261638, 0.857697702535, -0.221825960932, 1.3461402029, 142, 2019
N, 100, 0.1728089924921598, 20.40456843, 23.4981386201, 0.979476636006, 1.25468606663, 2.60863821815, 142, 2019
E, -100, 0.8089767909292858, 87.41679897, 61.6496269822, 1.39911969118, 0.263345247713, 1.36419343457, 142, 2019
Z, -100, 0.9956285433404378, 58.2619299871, 73.6552487967, 0.783748830017, 0.0699150232651, 0.0297275261686, 145, 2019
N, -100, 0.7952916032358921, 18.3961675794, 11.7470902508, 1.55468715386, -0.0524826841342, 1.35285260729, 145, 2019
E, -100, 0.8908762923043004, 23.5095549323, 27.5073008668, 0.913303194028, -0.04478433328, 0.539791034898, 145, 2019
Z, 100, 0.9898982590423344, 55.9244183349, 65.3796971333, 0.809423003207, 0.191015796062, 1.31859248977, 148, 2019
N, 100, 0.8917697522619709, 32.2965167668, 9.98439815068, 3.83504963296, -0.715571648441, 1.13421406231, 148, 2019
E, -100, 0.7741543552756196, 43.8031577598, 39.1516209062, 1.14976229884, 0.69696882179, 0.263704168054, 148, 2019
Z, 100, 0.9991812618969228, 104.905808929, 120.541710111, 0.866754047821, -0.0874324238406, 0.045189930357, 151, 2019
N, 100, 0.7610274546729586, 40.3090583288, 21.5591659332, 1.99324577434, 0.524291496731, 1.1954891003, 151, 2019
E, -100, 0.966943363633855, 64.2067340258, 68.5667647215, 1.008975873, -0.193661465575, 1.82791803565, 151, 2019
Z, -100, 0.9996506863960966, 132.87752129, 154.218708967, 0.869869800137, -0.0171563169946, 0.0272652863857, 154, 2019
N, 100, 0.8934028475493926, 23.2757629705, 27.4827326865, 0.851025931975, -0.611001614278, 1.35209267522, 154, 2019
E, -92, 0.9818635890685593, 64.0207993926, 82.4338593199, 0.833518546262, -0.318635465871, 0.207727457996, 154, 2019
Z, -100, 0.998731697335642, 119.136860459, 142.955897045, 0.8341260715, 0.0786553586489, 0.0272141406507, 157, 2019
N, 100, 0.9378797435275047, 21.7740541865, 23.9434530439, 0.914271732782, 0.173333099827, 1.83838226273, 157, 2019
E, 100, 0.9663255425214672, 97.8399965797, 71.4859965091, 1.12966339241, -0.143492964306, 0.248661204919, 157, 2019
Z, -100, 0.9989049995104672, 76.822810431, 96.5154970294, 0.789750928295, 0.0208786793531, 0.0147966254984, 160, 2019
N, -100, 0.19219416696990357, 1200.62612822, 11.6709077918, 86.8731549059, 0.202475499872, 1.80385848441, 160, 2019
E, 100, -0.3580614755524192, 352.872638789, 42.6068119274, 6.24479767965, 1.15064582938, 1.74317649228, 160, 2019
Z, 100, 0.935042799810188, 50.9597748949, 131.636669516, 0.470047584962, -0.195354741154, 0.669411214511, 166, 2019
N, -100, 0.20519243929152617, 168.209412154, 23.10037565, 7.09207601763, 0.546645995543, 3.44167174589, 166, 2019
E, -100, 0.7368796065837304, 44.3176630993, 75.1359214102, 0.617426002605, -2.90122104211, 2.85672522226, 166, 2019
Z, -100, 0.9990885339180797, 93.793152422, 115.303052766, 0.796932612877, -0.00531547608091, 0.0235539804618, 172, 2019
N, -100, -0.4921217628300658, 6.11388734487, 21.3684456995, 0.250573052007, 1.22689127493, 2.55850310738, 172, 2019
E, 100, 0.8328617776943684, 50.0977840334, 54.1173222774, 0.995920935816, -0.658259423404, 0.165979060601, 172, 2019
Z, -100, 0.998011100125984, 55.7099203061, 72.5815197632, 0.767298048634, 0.0722075210948, 0.0435217336823, 175, 2019
N, -100, -0.7613258915823359, 45.0359002917, 10.8838060794, 3.67082580137, -2.01884327628, 2.10844066779, 175, 2019
E, 100, 0.8999193452732298, 52.0047024273, 28.4864832182, 1.65093134854, 0.371059988001, 2.70450920862, 175, 2019
Z, 100, 0.9970474782045461, 58.1469758552, 70.3449684184, 0.8052134204, 0.217901698884, 1.33086132835, 178, 2019
N, 100, 0.3234327489920912, 34.9731611924, 9.88174267936, 4.97654070082, 0.619740342205, 1.82712571573, 178, 2019
E, -100, 0.9603806538704809, 34.564717794, 39.9869517592, 0.92242146706, -0.277468451349, 1.07463138767, 178, 2019
Z, 68, 0.9998438482161147, 104.578897359, 122.082966644, 0.852819523732, -0.01946033943, 0.00945375810952, 181, 2019
N, -100, 0.6055930438940239, 310.402386668, 20.9218244923, 14.2148492365, 0.977290131851, 0.662622265163, 181, 2019
E, -100, 0.9799835023576949, 51.9893787871, 69.6633744698, 0.84655286468, -0.26828916101, 1.34419170646, 181, 2019
Z, -100, 0.9997961010630825, 131.116229629, 155.319990283, 0.853652475293, 0.00433906396224, 0.0237819233092, 184, 2019
N, 100, -0.2592903417542938, 1217.40340031, 26.4429137092, 39.9641154052, 0.783349500978, 2.64816879034, 184, 2019
E, -100, 0.9140985261632355, 84.0206463543, 83.7621434654, 1.03200928869, 0.468802988209, 1.01560909028, 184, 2019
Z, -100, 0.99941495495379, 117.544238987, 143.743404853, 0.817742049209, 0.0429218223788, 0.0209311620102, 187, 2019
N, -100, -0.4349513462617708, 319.313474057, 22.2303801718, 13.7403899793, 1.0492971545, 3.07525483342, 187, 2019
E, 100, 0.9459459420814782, 40.0575072236, 71.997734602, 0.596180718315, 0.471314054242, 0.39644577562, 187, 2019
Z, 0, 0.9989471186284361, 74.2283601358, 95.282133063, 0.786689994587, 0.0254897947028, 0.0463239015153, 190, 2019
N, -100, -0.7037158376959212, 3977.67565443, 9.94188513223, 363.763382405, -1.34730185761, 2.31838222688, 190, 2019
E, -100, -0.3707901280053301, 202.404753544, 43.7699923562, 3.75533494649, -1.0478414969, 2.56142131619, 190, 2019
Z, 100, 0.9994576697807173, 72.3044888859, 84.9306085564, 0.852765607126, -0.0701074433989, 0.0381990985352, 193, 2019
N, 100, 0.46091103056467836, 5144.48027967, 13.3224392539, 403.748501263, 1.24697166891, 1.71426050694, 193, 2019
E, 100, 0.2629427229558059, 278.084065931, 51.8277866783, 5.01486643774, -1.02096953787, 0.592789491655, 193, 2019
Z, 16, 0.9996504023797861, 105.786829524, 122.741939254, 0.848931778547, -0.0150333336806, 0.0143118784819, 196, 2019
N, 100, -0.7119087513334491, 141.464062727, 23.1307151106, 7.14147745525, 0.440418371927, 3.0279928869, 196, 2019
E, -100, 0.9461269905184967, 58.692822043, 70.0446740028, 0.849418994372, -0.487966233151, 2.13152137501, 196, 2019
Z, -100, 0.9996928248270992, 115.00157066, 135.862829873, 0.840347076407, -0.0120728326203, 0.0229322365165, 199, 2019
N, -100, -0.47574666050210224, 66.4136950414, 26.4197429623, 2.43823299045, 2.3041714418, 2.97337042559, 199, 2019
E, -100, 0.9836703745944045, 48.8102950844, 70.9844130027, 0.679747090893, 0.145488583232, 0.0492868746435, 199, 2019
Z, -100, 0.9993286901852616, 96.7081967289, 117.881535832, 0.818367419451, 0.0546098891365, 0.0120891110484, 202, 2019
N, -100, 0.6132968934617925, 49.9066081724, 21.9542535014, 2.18474192217, -0.19910626713, 1.07034734085, 202, 2019
E, -100, 0.9977899655688112, 44.4960459813, 55.2615069017, 0.80909654507, 0.0153075266368, 0.0378573870278, 202, 2019
Z, -100, 0.9993641792842741, 61.0557790748, 77.9478978735, 0.789092710724, 0.0575569924417, 0.0227091252766, 205, 2019
N, -100, -0.5640784799439192, 139.841382765, 11.6577642784, 11.1926097186, -1.78458524657, 2.13144999789, 205, 2019
E, 100, 0.9525527547249717, 27.8594051479, 31.4813240876, 0.759961488509, 0.112906586765, 0.685658992975, 205, 2019
Z, 100, 0.9986367049018636, 61.1946968816, 71.2877473088, 0.841475167237, 0.00282834145336, 0.0312059200799, 208, 2019
N, 100, 0.2035809429602414, 47.3420942576, 10.3727084427, 5.35700075902, 0.410988626038, 1.96835700812, 208, 2019
E, -100, 0.9571552687084383, 39.7680324793, 42.0279160344, 0.984489290835, 0.206888567503, 0.153303755126, 208, 2019
Z, 57, 0.9993318460687124, 115.819069886, 133.418216638, 0.86695816875, -0.0730054971526, 0.0645469266804, 211, 2019
N, 100, -0.10048625387075598, 796.323074486, 22.7390700203, 32.5032842254, -0.091789725374, 3.06750093575, 211, 2019
E, -100, 0.9239998959513687, 76.342320444, 77.8248054242, 1.16307901139, -2.10123078193, 2.88419879233, 211, 2019
Z, -100, 0.9997719044977226, 144.432224695, 170.761983155, 0.855739818117, 0.0158802631097, 0.0216491819168, 214, 2019
N, 100, -0.5296081130767677, 1760.7209392, 28.3716481323, 57.3328266903, 0.399334935241, 2.79931377751, 214, 2019
E, -100, 0.7648034219888157, 121.32685126, 92.576772721, 1.29601249637, 0.659674265604, 1.01160326337, 214, 2019
Z, -100, 0.6849208994315786, 609.92981737, 149.596944562, 3.08625989677, -0.081361869435, 1.84761742743, 217, 2019
N, 100, -0.40541972365873574, 91.3528689673, 22.6077165097, 4.19307312425, -0.734145125035, 1.64990615371, 217, 2019
E, 100, 0.18413969639762695, 1473.09820454, 73.295061614, 14.5084282206, -0.0455020599238, 1.4941913557, 217, 2019
Z, -100, 0.5545365256782936, 895.679898713, 79.5753432036, 8.81972777724, 0.132026896788, 0.383321862495, 220, 2019
N, -100, -0.3321753742868014, 2869.64775874, 8.8086969581, 369.024396097, -1.69995112816, 1.93603349402, 220, 2019
E, 100, 0.6788455718235138, 2278.54618562, 34.7932640758, 49.6165371337, -1.31298916301, 0.452181356899, 220, 2019
Z, 100, 0.9956932796182607, 74.9486694442, 83.8294875078, 0.874929772254, -0.187295044847, 0.0911545594281, 223, 2019
N, 100, -0.31259022691589616, 3099.60047623, 15.6895218106, 217.504673837, 0.5333798553, 3.21076469856, 223, 2019
E, -100, 0.4965410320114897, 175.563607164, 53.5817841953, 3.54178373174, 0.268477230741, 1.30096511576, 223, 2019
Z, -72, 0.9993099282770709, 112.662431887, 130.059649027, 0.884806168115, -0.0400032243146, 0.0473914597402, 226, 2019
N, 100, -0.6145594467949639, 102.554245644, 25.6985357062, 5.01664220401, -0.609106399021, 1.18895612638, 226, 2019
E, -100, 0.95897275254863, 50.9003189695, 73.6537748634, 0.671778749655, 0.188494642375, 0.0744427138084, 226, 2019
Z, -100, 0.9995581743360882, 123.070150561, 145.316123364, 0.85191946886, 0.0479250913289, 0.0212371977534, 229, 2019
N, 100, -0.632630248541908, 68.8344583577, 28.5941882136, 2.91325325874, -1.0065893565, 1.25122864515, 229, 2019
E, -100, 0.9884675580996447, 53.012421591, 75.0107012485, 0.705549012812, 0.0265914026689, 0.0778157888131, 229, 2019
Z, -100, 0.9991509599835138, 100.91613779, 125.091181958, 0.809943193704, 0.0535837235317, 0.0165447170331, 232, 2019
N, 100, -0.6251022145308583, 218.425054999, 23.1772036204, 8.3358479886, 0.760781920201, 2.83464179964, 232, 2019
E, -100, 0.9890485679969259, 44.4151241707, 58.3479645834, 0.723289195522, 0.28671729139, 0.190819778667, 232, 2019
Z, -100, 0.9979668586037262, 58.2757312984, 75.3425460012, 0.774900676772, 0.0535946735709, 0.0347067596647, 235, 2019
N, 100, 0.03509019967894146, 75.9647173684, 11.49593441, 6.66539988192, -1.18644013518, 1.39511391745, 235, 2019
E, 100, 0.9455280038715286, 24.5160069224, 29.9133867089, 0.792167558632, -0.443170213824, 0.20039499629, 235, 2019
Z, 100, 0.9968074941731481, 73.7577900771, 84.3131959795, 0.847265479782, -0.13895957918, 0.0813358013892, 238, 2019
N, -100, -0.20712174868226108, 20.3683768867, 14.1513157871, 2.02584489453, 1.51788250796, 1.53707245136, 238, 2019
E, -100, 0.9587289601753363, 43.6184543163, 53.3276504577, 0.862876596362, -0.02187788101, 1.28798910944, 238, 2019
Z, 0, 0.9994916283976919, 137.378496314, 161.801697208, 0.862502618758, -0.0635300907724, 0.0598173960467, 241, 2019
N, 100, 0.26025954013338165, 127.981633897, 27.7170436277, 4.47490219815, -1.35296666372, 0.659418055677, 241, 2019
E, -100, 0.9949796063242651, 72.0754523471, 93.7885926614, 0.751382057206, 0.238091483652, 0.139158039705, 241, 2019
Z, -100, 0.9997195560590534, 156.406943491, 186.952781727, 0.844086142118, 0.0233551049069, 0.0225428866792, 244, 2019
N, 100, 0.2582871582047974, 69.3666583993, 31.2086475904, 1.99240375762, -0.732726280873, 0.922884501883, 244, 2019
E, -100, 0.9994632255407339, 77.3844613696, 99.8354249228, 0.782946172141, -0.0153747214013, 0.0337485659344, 244, 2019
Z, -100, 0.9989416530596916, 110.437142496, 136.952293701, 0.802967120778, 0.0320732389251, 0.0152148610646, 247, 2019
N, -100, -0.8743114889664992, 32.169022217, 21.5551973689, 1.54432899896, 0.644612468241, 3.26371088036, 247, 2019
E, 100, 0.9810579872169697, 58.1317302551, 63.2654742047, 0.965839272798, -0.210318217262, 0.0936359530782, 247, 2019
Z, 100, 0.9793693433170484, 34.3035278606, 48.3585364824, 0.732046255469, 0.0555369338524, 0.0888986690281, 250, 2019
N, -100, -0.26722259431059747, 25.3455127744, 6.19943984614, 2.96848118793, -2.67809138679, 2.6590423019, 250, 2019
E, -100, 0.6614127539722985, 46.7876731482, 28.3924327331, 1.31505263933, -0.604935885956, 0.653276084964, 250, 2019
Z, 100, 0.9985710500099874, 88.2067439547, 98.9136858155, 0.894726896009, -0.119807913504, 0.0752914211076, 253, 2019
N, 100, 0.168432656542513, 31.6550227982, 19.6747668606, 1.80708341549, 1.9317886583, 2.87499208199, 253, 2019
E, -100, 0.8401187447946652, 41.8543289288, 62.0060356213, 0.626406640718, -0.221115120493, 2.89563175809, 253, 2019
Z, -97, 0.999679923087712, 126.199215969, 145.628553166, 0.880162460722, -0.0218577999129, 0.0291295985251, 256, 2019
N, 100, 0.42183806717132893, 66.8886641167, 29.0567848408, 2.09614239664, -1.27675470795, 0.592771244408, 256, 2019
E, 100, 0.8751751230946851, 49.1275405057, 80.5792302823, 0.551992176646, 0.33034921652, 0.544203726769, 256, 2019
Z, 100, -0.13526878508920032, 749.459292443, 155.549730678, 3.44457071819, 0.0611124406602, 2.40424155922, 259, 2019
N, -100, -0.04329177041537718, 83.4857807122, 30.3232580236, 2.36110653305, -0.336921901417, 1.00694961156, 259, 2019
E, -100, 0.752814033546747, 1838.65453798, 79.0383698521, 16.4227968189, -1.61947990086, 2.64856884449, 259, 2019
Z, 100, -0.6090701307208015, 855.928582897, 123.544538516, 6.44186684984, 0.717128848922, 2.8936317063, 262, 2019
N, 100, -0.801184861711382, 600.104610406, 22.6123276877, 24.2234895133, 1.72518380537, 2.26638760441, 262, 2019
E, -100, 0.644516573039877, 2130.20034914, 56.6351145014, 35.4830673357, 0.328557561675, 1.33151482648, 262, 2019
Z, -33, 0.9922164109337048, 44.2001529513, 59.4106727509, 0.754709235445, 0.119670951767, 0.0684894536449, 265, 2019
N, -100, -0.6677515050750061, 1225.09162963, 9.19267586876, 116.343489922, -1.4920428377, 2.01047379438, 265, 2019
E, 100, 0.14012908495733836, 65.9174282953, 22.5303384765, 2.79611703451, -1.30190193664, 2.67292362593, 265, 2019
Z, 100, 0.9986154122523693, 102.018647469, 116.487036277, 0.869065467615, -0.120982344332, 0.0517088284145, 268, 2019
N, 100, -0.11145723685110286, 1367.2742124, 20.3055478017, 72.8039531167, 0.000241561747638, 3.12834641886, 268, 2019
E, -100, 0.8145224595362746, 113.38300984, 72.9413838862, 1.85264654322, -1.0153360621, 1.35420005521, 268, 2019
Z, -77, 0.9996478948097036, 161.427550309, 187.144080013, 0.871684008871, -0.0269716465105, 0.0353003949614, 271, 2019
N, 100, -0.4901936760175548, 1915.37352152, 32.1809673094, 57.1459581705, 0.534375028269, 3.04381880828, 271, 2019
E, -100, 0.8166855708373467, 131.768651271, 105.663147393, 1.33423344855, -3.34748989794, 2.57513180581, 271, 2019
Z, -100, 0.9990955190109198, 151.770496449, 180.548049387, 0.840382451902, 0.0496083995276, 0.0195478484922, 274, 2019
N, 100, 0.2523067408867319, 425.488406959, 30.8383438166, 13.8027024382, 2.35567239546, 2.7337027483, 274, 2019
E, 100, 0.994410278207073, 53.4741824733, 93.201153638, 0.58820557783, 0.0859787536447, 1.37663030377, 274, 2019
Z, -100, 0.9982842595318525, 81.3836565115, 104.445794708, 0.778084559094, 0.0628479927306, 0.0215870480016, 277, 2019
N, -100, -0.5959239651714764, 703.240628027, 17.6777362579, 42.0167021457, -2.14417826885, 2.1002851092, 277, 2019
E, 100, 0.19480739415110385, 45.4012961086, 44.0057676866, 1.14621290056, 1.01925567491, 1.96446196009, 277, 2019
Z, 100, 0.9867438150817759, 47.2479480663, 51.9235358404, 0.85603471561, -0.202714445879, 0.108848326584, 280, 2019
N, 100, 0.10934245476150369, 1454.32175736, 9.82447270995, 158.29069773, -2.6496633498, 2.86126628558, 280, 2019
E, -100, 0.3692009236724184, 86.0069753819, 37.5436147851, 2.47813622548, 1.11745430622, 0.648879359471, 280, 2019
Z, -100, 0.63116938739026, 40.9718854091, 156.683389277, 0.261426989886, 0.154932157429, 0.495822636973, 286, 2019
N, 100, -0.33879542510847577, 78.7518491013, 30.8093933949, 2.51036414719, 0.640445659408, 3.19574409872, 286, 2019
E, -100, 0.6212797262350993, 22.4455783001, 84.6856425987, 0.249529085292, 0.194291072728, 1.01938326366, 286, 2019
Z, -100, 0.9984317084215725, 87.8782878882, 109.08867679, 0.802642512718, 0.073591079368, 0.0181428792676, 292, 2019
N, 100, -0.1945291561617664, 220.713018953, 19.4680479688, 9.96481677569, 1.72605438396, 1.86675162677, 292, 2019
E, -100, 0.7888665541852115, 32.5240221647, 48.1784031702, 0.649176988483, 0.410293412016, 0.39183316802, 292, 2019
Z, 100, 0.9932210050705658, 51.9673172882, 61.1268985409, 0.789992278522, 0.220659637889, 1.13652900552, 295, 2019
N, 100, -0.2869803297872644, 100.077996674, 8.86755130051, 14.3278843261, 0.0242625079974, 0.973930880559, 295, 2019
E, 100, 0.7706798911830367, 48.397268383, 39.5794753663, 1.30476116993, -1.14190218784, 0.718257696265, 295, 2019
Z, 67, 0.9997050858282094, 126.123914853, 145.388698141, 0.869233659063, -0.0502810738207, 0.0313896885091, 298, 2019
N, -100, -0.5010751352612455, 347.745467423, 24.9957664935, 14.5070915558, 1.63972493209, 3.09348455145, 298, 2019
E, -100, 0.9403796766435351, 67.6405654985, 87.4106258, 0.748896912685, 0.785977091953, 0.359569316324, 298, 2019
Z, -100, 0.9998040314615914, 159.353623033, 186.497455761, 0.86299078678, -0.00379878681349, 0.0182759526059, 301, 2019
N, 100, -0.1540338293883615, 115.35888282, 32.4204303361, 3.27697415731, 0.510284611382, 2.6427400924, 301, 2019
E, -100, 0.9843988309077235, 76.4576311044, 101.999873533, 0.77712046442, 0.277353978131, 0.0906609184974, 301, 2019
Z, -100, 0.9985244173342032, 127.588238487, 152.066391895, 0.835870241047, 0.0604052715211, 0.021987722144, 304, 2019
N, 100, -0.4777510945982891, 697.83463651, 26.7960999962, 22.8000778832, 1.13225100238, 2.76114481618, 304, 2019
E, -100, 0.8701827473117286, 55.386494071, 74.55417729, 0.791354750555, 0.210345971905, 1.72286031055, 304, 2019
Z, -100, 0.9953358005348341, 54.3395755352, 73.0259129196, 0.736905851559, 0.0690007065891, 0.030596562771, 307, 2019
N, -100, 0.7180437914464, 301.766547681, 13.4193690373, 20.3221361746, -0.397098286157, 1.72600757481, 307, 2019
E, 100, 0.956325565907154, 35.7788372649, 28.2802499256, 1.27797840488, -0.501144846967, 0.164987320531, 307, 2019
Z, 100, 0.9929450915555279, 59.1331371607, 65.3756403576, 0.896106028132, 0.937652835471, 2.37683911904, 310, 2019
N, 100, 0.2734769648755181, 102.40314498, 11.9035182062, 11.3900464863, -0.87918963438, 2.95668969867, 310, 2019
E, -100, 0.9540007709851582, 34.5359441677, 42.8898785472, 0.810725729769, 0.230145806228, 0.136546632754, 310, 2019
Z, 100, 0.9995168977393237, 110.915337371, 124.488028088, 0.888445227612, -0.0546620517279, 0.0356299761361, 313, 2019
N, 100, 0.017940564276535214, 290.033759149, 23.9872250866, 12.3610809885, -1.39114515751, 1.13236805939, 313, 2019
E, -100, 0.9376122738806154, 54.3213536247, 71.6403760583, 0.682399271339, -0.272667111372, 2.2508147589, 313, 2019
Z, -100, 0.999614236069394, 135.039238306, 157.489907511, 0.874298557713, -0.0119398652161, 0.0320200329457, 316, 2019
N, -100, 0.024255460035165308, 182.700452416, 30.0118705823, 6.08525176884, 1.39646521249, 0.438269237781, 316, 2019
E, -100, 0.9734602026679647, 64.8741620001, 83.6483331041, 0.802467346724, 0.339540578445, 0.113175847705, 316, 2019
Z, -100, 0.9991952820930217, 121.846777294, 145.67418589, 0.845581931674, 0.047304580273, 0.0265616751679, 319, 2019
N, 100, -0.057603108465228425, 34.5206832199, 26.788418409, 1.25037683948, 0.876898892892, 1.04165672716, 319, 2019
E, -100, 0.973980674413665, 45.5134771592, 71.868107, 0.673502537787, 0.208117491326, 0.0643465549343, 319, 2019
Z, -100, 0.9987693111100289, 72.3570341475, 90.8058819558, 0.788041402002, 0.0590171409752, 0.0134155492401, 322, 2019
N, -100, 0.8005934961773229, 261.035339605, 15.390838303, 15.2777529573, -3.90611481603, 2.74069760532, 322, 2019
E, -100, 0.7831496246927467, 37.6352116043, 39.1846081946, 0.923191736707, -0.203956881131, 0.230869596529, 322, 2019
Z, 100, 0.9958413120137599, 74.3351996714, 86.5761530984, 0.843279993809, 0.147974371222, 1.33063363045, 325, 2019
N, 100, -0.11050203206287186, 670.385618415, 12.4806213831, 56.1428100413, -2.13825906874, 2.77428660387, 325, 2019
E, 89, 0.9671091943970863, 58.2591891318, 53.6688445931, 1.16860941914, 0.756099634948, 0.504507564643, 325, 2019
Z, 15, 0.9995563374978825, 128.962519494, 149.008071109, 0.868201757427, -0.0493336373721, 0.0394624377042, 328, 2019
N, 100, 0.4611664938442802, 93.9322381673, 25.4385741717, 3.84186281134, -1.39378290416, 0.697141931234, 328, 2019
E, -100, 0.7985677989647022, 71.885309741, 86.4508103887, 0.81413708235, 0.0327905422089, 1.333904564, 328, 2019
Z, -100, 0.9996422322603614, 138.45245896, 163.596736695, 0.847423986788, 0.0305610159757, 0.0069137321043, 331, 2019
N, -100, 0.05776361606149407, 54.9702896577, 29.1982785517, 1.62628069509, 1.56698763303, 1.45200623248, 331, 2019
E, -100, 0.7257273686372949, 60.1362291693, 87.1629591405, 0.714963706394, -2.53455720279, 2.5948966573, 331, 2019
Z, -100, 0.998526818053732, 102.070581428, 124.211330569, 0.816596516109, 0.0845279726617, 0.0289258155246, 334, 2019
N, -100, 0.8575177235055742, 38.2548043967, 22.923779851, 1.74518516581, -0.337506398282, 1.33255756625, 334, 2019
E, 100, 0.8636332671882578, 44.498509225, 58.6564496468, 0.792018254956, -0.353436201443, 0.302099331795, 334, 2019
Z, -75, 0.9960337819740682, 44.6467489457, 60.5888591157, 0.739599954323, 0.0655254617626, 0.0472969036947, 337, 2019
N, -100, -0.8708111383152038, 59.1617358919, 11.6337095477, 4.3966219394, -0.673200857874, 2.68889204366, 337, 2019
E, -100, 0.08523235210656625, 55.3060191386, 23.967561974, 1.78273402669, 1.16775104821, 0.325776694479, 337, 2019
Z, 100, 0.9955166086823364, 60.6890134491, 69.728444115, 0.860660947341, -0.181712500451, 0.0900623268122, 340, 2019
N, 100, -0.10254082022658041, 141.692900112, 11.5912716337, 14.0510246896, -0.0548065418262, 1.61092733358, 340, 2019
E, -100, 0.9277513479365719, 45.1733057612, 42.3170271851, 1.16664732856, -0.302088334084, 1.05199466011, 340, 2019
Z, 60, 0.9997363245032623, 107.671179423, 122.750293221, 0.873288135826, -0.0335938066996, 0.0191282544774, 343, 2019
N, -100, -0.0570295892000431, 124.231673055, 22.7500903709, 5.19551394879, 1.47165020115, 3.28058043591, 343, 2019
E, -100, 0.9608844125049217, 57.2309509609, 69.4613875957, 0.783871572507, -0.102176508126, 1.86389369564, 343, 2019
Z, -100, 0.9992239954106878, 130.796195582, 152.594495993, 0.878371228344, -0.00818250385585, 0.0434989143486, 346, 2019
N, -100, 0.11978782716612833, 73.1811308336, 28.0286156849, 2.51492995538, 0.685696638004, 1.29060006347, 346, 2019
E, -100, 0.9815078984706084, 61.0625392196, 80.9814403224, 0.751233107007, 0.302059896701, 0.0814372124693, 346, 2019
Z, -100, 0.9981243545836261, 113.850258968, 137.99575449, 0.83200745594, 0.120138986611, 0.0521527300861, 349, 2019
N, -100, -0.6340515983102097, 65.6918379326, 24.1500517351, 2.63751985425, 0.957355703754, 2.76579529504, 349, 2019
E, 100, 0.9947607144776672, 45.2566474292, 68.3124502039, 0.663048262662, 0.057192975688, 0.0567155753593, 349, 2019
Z, -100, 0.9980027236317669, 66.8363308763, 87.164004024, 0.770641758319, 0.0505056083028, 0.0438961703918, 352, 2019
N, -100, -0.7311769950686996, 138.852667711, 13.5803212496, 8.68052157482, -1.53961154912, 2.01293531373, 352, 2019
E, 100, 0.9374140879725826, 37.1279804515, 40.4077030723, 0.772428308893, -0.334968242506, 0.770940274562, 352, 2019
Z, 100, 0.9969074619724911, 79.8524299941, 90.5735335867, 0.865322715755, 1.41553657698, 2.66198497022, 355, 2019
N, 100, 0.32988046853544556, 176.748861399, 12.9842858263, 14.7118389303, -0.0633364091156, 2.07592137762, 355, 2019
E, -100, 0.9628294646486558, 50.8167096659, 54.817151868, 0.98553304138, -0.360684463162, 0.981916944699, 355, 2019
Z, 0, 0.9998633830680933, 116.17224463, 133.838586919, 0.87775934313, -0.0109481878713, 0.0210134252883, 358, 2019
N, -100, -0.025533137589136733, 99.2708616063, 23.8007205482, 3.73303320756, 0.629275013699, 2.63173986552, 358, 2019
E, -100, 0.9751648548581578, 57.3745989962, 76.7206074481, 0.796596416344, -0.821916452122, 2.43736963079, 358, 2019
Z, -100, 0.9998626095722466, 122.082314667, 144.506917113, 0.847891993818, 0.0224140266674, 0.0085158100034, 361, 2019
N, 100, -0.22088819382565372, 137.280988567, 27.1686104436, 4.41233394493, 1.53058793334, 1.88145705291, 361, 2019
E, -100, 0.9857370549908769, 59.4328993306, 76.2105260098, 0.788669749842, 0.255863751982, 0.0556214638329, 361, 2019
Z, -100, 0.9992651366267767, 94.0098439343, 116.011164184, 0.803292378108, 0.00343982919299, 0.026386551092, 364, 2019
N, -100, -0.40071190477293617, 96.9016673634, 22.2835473025, 3.8553159718, 0.880559858396, 3.03711896735, 364, 2019
E, 0, 0.9980393194212641, 38.396739202, 54.6359186306, 0.722388958145, 0.0387049833683, 0.0285339744563, 364, 2019
