Chan, Phase Shift, Correlation, ptp-data, ptp-synthetic, rat, phasem, phasestd, DOY, Year
Z, -100, 0.9986674373725448, 86.8116308563, 88.1896050796, 0.982317621749, 0.0679886392742, 0.0281765941957, 1, 2019
N, 0, 0.9675528242786482, 10.6041534101, 11.4990948508, 0.897728199975, 0.143849175781, 0.188777024494, 1, 2019
E, -100, 0.9845093201237438, 54.2172268807, 47.398725317, 1.20338486704, 0.0612051080194, 0.11573447233, 1, 2019
Z, 0, 0.9996759482625038, 139.203897216, 148.818791928, 0.933603877411, -0.00434047612794, 0.0104814299952, 4, 2019
N, 100, 0.734807791691332, 12.4490769674, 15.1534559012, 0.821760952917, -0.892813139824, 0.251508051629, 4, 2019
E, -100, 0.9667047842956318, 85.6032241383, 78.9431453025, 1.05461152939, 0.298311366998, 0.0575954407292, 4, 2019
Z, 0, 0.9999396700791461, 155.924895698, 160.203435084, 0.97479903911, 0.010144807467, 0.00145133102788, 7, 2019
N, 100, 0.8415097473647836, 10.5775500042, 14.4766779564, 0.712870830782, -0.491357519609, 0.0897207396727, 7, 2019
E, -100, 0.9850613102636464, 94.5342168085, 90.6677766599, 1.03578882547, 0.180199656588, 0.00142153588886, 7, 2019
Z, 87, 0.9998251571504224, 127.272594163, 132.034322159, 0.96599803125, -0.0159733251468, 0.00100174521216, 10, 2019
N, 100, 0.491070295098504, 7.65553698518, 9.21148150714, 0.854823774191, -1.18338682457, 0.143241006111, 10, 2019
E, -100, 0.9825877740788781, 73.5087913402, 74.5643585556, 0.968789931235, 0.188227568448, 0.0108542292731, 10, 2019
Z, 100, 0.9998194904648912, 71.3756793088, 77.8664191266, 0.912429923508, -0.0126415091365, 0.00717865542122, 13, 2019
N, -100, 0.4187591828760653, 4.28467534226, 5.42798879089, 0.492666419147, 1.0227091021, 0.276529302138, 13, 2019
E, -100, 0.9641078890143949, 41.6079291142, 41.989615618, 1.02083203526, 0.341738379559, 0.0639585817424, 13, 2019
Z, -100, 0.9973664453460406, 83.2125846702, 86.7596688153, 0.943848970665, 0.106696861031, 0.0426643276732, 16, 2019
N, -100, 0.9903875010593391, 7.21374869119, 14.0340763096, 0.528349940534, 0.135371308594, 0.0987472364165, 16, 2019
E, -100, 0.9721979003202951, 59.7357135779, 46.2792909937, 1.32855884183, 0.204457975726, 0.0388385340933, 16, 2019
Z, -100, 0.9997690778037904, 167.799020864, 169.689193957, 0.985765689789, 0.0267183985607, 0.00875538320061, 19, 2019
N, 100, 0.9762265152971829, 15.4626968116, 20.6504553866, 0.755664070286, -0.191237981751, 0.0354351624041, 19, 2019
E, -100, 0.9928910700537985, 100.020503884, 88.4677805429, 1.13113290568, 0.12781685747, 0.00547784800138, 19, 2019
Z, 0, 0.9999706889382624, 191.097035844, 189.239713885, 1.00961347027, -0.00190087516575, 0.0014891503922, 22, 2019
N, 100, 0.9631196653433552, 17.0400257197, 18.0895752683, 0.962173778889, -0.209455916895, 0.078444089986, 22, 2019
E, -100, 0.9966008476441732, 111.888904067, 106.713566508, 1.03529348581, 0.0787064912174, 0.0159240320061, 22, 2019
Z, 100, 0.9955056408060055, 121.448775923, 127.020394068, 0.939085876934, -0.0984750012713, 0.0290193018351, 25, 2019
N, -100, -0.36770535308814656, 10.885803175, 7.37135403188, 1.8415508988, 0.974604125593, 3.31360066811, 25, 2019
E, -100, 0.9309749518015563, 64.1122132679, 72.9400320493, 0.805786468774, 0.252852033055, 0.147615193832, 25, 2019
Z, -100, 0.9831746393573598, 53.4433416548, 57.9300777852, 0.921378219365, 0.0776988089268, 0.107173389427, 28, 2019
N, -100, 0.571587719562807, 7.14332985382, 9.16624958621, 0.750507988567, 0.926536348216, 0.116420445968, 28, 2019
E, -100, 0.9268991911442842, 44.2518506991, 33.2754563157, 1.39546209586, -0.0447329504594, 0.410858525944, 28, 2019
Z, -100, 0.9944713038487125, 110.399017808, 120.457680185, 0.913635775337, 0.126581638069, 0.0387104743178, 31, 2019
N, 0, 0.9968474609021953, 7.97599139672, 12.9841776246, 0.648326785021, -0.00211889424549, 0.0085303983348, 31, 2019
E, -100, 0.9587344007985229, 78.4426633762, 63.7303416491, 1.24885798515, 0.294951493263, 0.0153324864434, 31, 2019
Z, 0, 0.9996029308788761, 136.662449718, 144.390752203, 0.946711980432, -0.0205643211861, 0.0251329843491, 34, 2019
N, 100, 0.7597168844877829, 10.4483889614, 13.3229135431, 0.827222640806, -0.721490282146, 0.0781238853357, 34, 2019
E, -100, 0.9663285423050963, 81.3336407668, 78.4588314485, 1.01873602326, 0.265239739809, 0.00928798806521, 34, 2019
Z, 0, 0.9999036828210639, 117.582874694, 125.285760733, 0.945149033831, 0.000927569839568, 0.0104082883499, 37, 2019
N, 100, 0.47154026628726714, 7.75243186783, 9.35265070894, 0.803593810683, -1.19665594531, 0.143303196368, 37, 2019
E, -100, 0.9686953381510742, 75.5367732911, 73.4354455712, 1.02023454939, 0.257877605802, 0.00191208821684, 37, 2019
Z, 100, 0.9988697713666763, 73.9635942226, 80.7253875229, 0.901198223161, -0.0542365387757, 0.0294385406725, 40, 2019
N, 100, -0.4168487873003767, 6.03730819819, 2.72938904081, 2.75601244613, -0.650935285027, 3.1560173606, 40, 2019
E, -100, 0.9321048862828619, 41.7443518639, 46.816720495, 0.877149412657, 0.364181175735, 0.0210546384262, 40, 2019
Z, -100, 0.9844474045256955, 49.8287399363, 50.5997126488, 0.99774918567, -2.97053400628, 3.12334644814, 43, 2019
N, -100, 0.8349766045037847, 8.40276699053, 9.85460803498, 0.824126911849, -2.55306176852, 3.13698940717, 43, 2019
E, -100, 0.9644937800557022, 44.8909023937, 28.9816786611, 1.61640511952, 0.0322729737156, 0.233895346672, 43, 2019
Z, -100, 0.9992811859124607, 126.900923932, 127.037219631, 0.99871349321, -3.09957669347, 3.14350896057, 46, 2019
N, 0, 0.9894850688405649, 13.9525925154, 16.8891959278, 0.843483995184, 0.000620304629978, 0.0164551254414, 46, 2019
E, -100, 0.9940453030129329, 77.8481545891, 66.9356137924, 1.20191503905, 0.0264473639038, 0.0798656833941, 46, 2019
Z, 0, 0.9997379639073197, 159.487354399, 167.046848414, 0.95390911473, 0.011496087998, 0.00435584074709, 49, 2019
N, 100, 0.8786784601179807, 10.8566322982, 17.0914112826, 0.623476917264, -0.576723446376, 0.142130829561, 49, 2019
E, -100, 0.9784278956701206, 99.2817540409, 88.6882673567, 1.11098748486, 0.228896873034, 0.0288663846889, 49, 2019
Z, 0, 0.9999568340494941, 119.683426931, 121.466945247, 0.986165395912, -0.00137690595968, 0.00154837813063, 52, 2019
N, 100, 0.7387440739685518, 6.53940547518, 8.65737971275, 0.598911580533, -0.913136315979, 0.262430993123, 52, 2019
E, -100, 0.9888021463716569, 78.9902638114, 76.0369194596, 1.04067334321, 0.155452093168, 0.00442857063983, 52, 2019
Z, -100, 0.9888872828877582, 42.027861487, 47.7105056497, 0.952738716464, -3.05081056948, 2.99019209194, 55, 2019
N, -100, 0.9308758973802432, 6.63251450078, 7.25128438605, 0.92975363546, 0.379746776922, 0.0253616071673, 55, 2019
E, -100, 0.9633028817759757, 27.8794138212, 25.3602481198, 1.22774734446, -0.0697006150835, 0.31788813696, 55, 2019
Z, -100, 0.9983491657679255, 91.9484456437, 91.4182278943, 1.01528952584, 0.0464452167402, 0.0202253273714, 58, 2019
N, 100, 0.9953730892120104, 9.73258050872, 11.6067282881, 0.880884841768, -0.010583994556, 0.055386418515, 58, 2019
E, -100, 0.996547488067286, 56.6222484127, 50.7973848854, 1.1387868566, 0.0112504489395, 0.0596699415834, 58, 2019
Z, -100, 0.9969251843356105, 111.758142037, 116.923283137, 0.956403141452, 0.0778273418627, 0.00887361536362, 61, 2019
N, 100, 0.8464588570928692, 7.40426466007, 10.6975474044, 0.501357202865, -0.610745020152, 0.498350720359, 61, 2019
E, -100, 0.9624084752612589, 73.5139158716, 60.769447306, 1.1736786687, 0.32785595265, 0.0987391728057, 61, 2019
Z, 0, 0.9997378638235171, 98.0018230726, 102.45606646, 0.948820165044, 0.00130637739075, 0.0169910699881, 64, 2019
N, 100, 0.530285882471578, 4.38620847739, 7.75190294339, 0.594734782955, -0.994449026389, 0.00952547358556, 64, 2019
E, -100, 0.9704291702969942, 64.9010362563, 58.5900069703, 1.09175291594, 0.242731879296, 0.00933980778934, 64, 2019
Z, 0, 0.9992802945016259, 55.1591976728, 61.0071354371, 0.925962004432, 0.0375999473386, 0.0263164644583, 67, 2019
N, 100, 0.43522016845247724, 6.12844910676, 2.07451163287, 3.32095318774, -1.24399602588, 0.50479305951, 67, 2019
E, -100, 0.9644153003586383, 44.3361336891, 42.4554997205, 1.08205653722, 0.284950485516, 0.0127005106698, 67, 2019
Z, -100, 0.9876297882872854, 46.7764038516, 42.1278533329, 1.1259409088, 0.127807458603, 0.082067453175, 70, 2019
N, -100, 0.960035393009226, 10.0340628333, 9.81375802587, 1.01165574323, 0.330891799559, 0.185872962255, 70, 2019
E, 39, 0.9758779464777605, 33.4917607556, 20.3730192871, 1.6383251397, 2.99612019914, 2.93786590199, 70, 2019
Z, -100, 0.997198100502912, 103.25190228, 99.3992097027, 1.0488851065, 0.0641532792283, 0.02166626233, 73, 2019
N, -100, 0.9883768888633299, 15.8938896046, 15.3295386289, 1.00757735853, 0.146670508289, 0.0176165655136, 73, 2019
E, 3, 0.9958126161679073, 70.6770751394, 54.3680001682, 1.31171045144, -0.0434197415035, 0.0549894358206, 73, 2019
Z, -100, 0.9998091182544561, 134.101023662, 134.441988541, 0.995011258621, 0.0241448424114, 0.00784915480821, 76, 2019
N, 100, 0.9935705528587783, 13.1400650851, 14.4911879101, 0.897176912797, -0.121174699324, 0.0184067378105, 76, 2019
E, -100, 0.9965565360734508, 79.8812875263, 69.8813036197, 1.15411715433, 0.0535842686155, 0.0387314886112, 76, 2019
Z, 0, 0.9997853232056008, 101.80607151, 102.645545885, 0.991011632844, -0.015160901295, 0.00138771437776, 79, 2019
N, 100, 0.9462825498617865, 6.47318991924, 8.54517923932, 0.697827106846, -0.379604411629, 0.0827508593399, 79, 2019
E, -100, 0.9950789664854085, 61.5263360439, 59.042607477, 1.0473895191, 0.107261223745, 0.00124876871068, 79, 2019
Z, -100, 0.9686267608895051, 50.1616143769, 38.7157686729, 1.31505718592, 0.23675908115, 0.197771337696, 82, 2019
N, -100, 0.7047640642412077, 13.7484530289, 4.93246122869, 2.40714989984, 0.878296777337, 0.258580975609, 82, 2019
E, 100, 0.8550043564938485, 36.9710793408, 28.7685256887, 1.69969069241, -0.168277771001, 0.454052552625, 82, 2019
Z, -100, 0.9892581994914295, 106.369946955, 91.6570479775, 1.19040011761, 0.089437084483, 0.0677423501564, 85, 2019
N, -100, 0.8044043379271081, 22.8607966964, 14.0948421803, 1.69982759109, -2.47709269811, 3.07608833042, 85, 2019
E, 100, 0.9768210690930048, 79.8600082859, 50.1495137538, 1.58990337801, -0.247138317175, 0.124828409975, 85, 2019
Z, -100, 0.9914240492734973, 101.623505734, 104.040986937, 0.964905550205, 0.11732699139, 0.0239580292653, 88, 2019
N, -100, 0.6347725539884178, 11.2860012893, 12.0288378953, 0.672433233444, 0.291569367425, 0.606474057048, 88, 2019
E, -100, 0.9874959795813295, 81.7201952862, 56.0037082009, 1.43338144936, 0.162525828906, 0.0553834524728, 88, 2019
Z, -100, 0.9953143530731018, 81.1021130837, 85.7090512191, 0.955193272254, 0.107150299212, 0.0192408732849, 91, 2019
N, -100, 0.10327007045145987, 4.14747480902, 5.96889032351, 0.661531443335, 1.3892258875, 0.0824321769577, 91, 2019
E, -100, 0.9798324120386673, 65.5258364883, 43.6830191778, 1.46878704914, 0.168791680585, 0.0428598759138, 91, 2019
Z, 0, 0.9581662019833312, 38.9417082034, 42.0974175104, 0.833081291312, -3.11782692614, 2.94661185947, 94, 2019
N, 100, 0.8300927069425599, 10.8452254181, 3.2504530718, 2.8654145378, -0.15590112761, 0.239914301867, 94, 2019
E, -100, 0.8356981016712995, 36.0307167065, 30.6306497085, 1.19160467646, 0.360318360293, 0.233384959029, 94, 2019
Z, -100, 0.9862339964057185, 80.5858448617, 60.3781576575, 1.40560274196, -0.00252750331409, 0.125343648254, 97, 2019
N, -100, 0.9756532806936576, 27.8611564895, 10.6200993472, 2.50951548547, 0.214309456192, 0.000403465203418, 97, 2019
E, 100, 0.7674141802332856, 51.9407933953, 27.3725444616, 2.0663428978, 2.19761940168, 2.67320662626, 97, 2019
Z, -100, 0.9973834170592359, 123.730913409, 111.743797812, 1.12086931095, 0.024325723811, 0.0493833481902, 100, 2019
N, -100, 0.9770811280743236, 24.8854188935, 17.0244957234, 1.39345720155, 0.198910201928, 0.0231353731867, 100, 2019
E, 100, 0.9787890618318105, 75.1370219825, 58.2057981564, 1.29328299786, -0.218754449498, 0.0614899154694, 100, 2019
Z, -100, 0.9973662222490669, 130.677324732, 126.694547923, 1.03158944112, 0.0718164088238, 0.0114609350261, 103, 2019
N, -100, 0.9324464131895464, 16.9029209186, 16.3719247847, 0.990960415489, 0.347088855525, 0.0628219919244, 103, 2019
E, -13, 0.9982892554342048, 88.8672784854, 68.6364869144, 1.28176201801, 0.00218716822325, 0.017520913611, 103, 2019
Z, -100, 0.9938330806524759, 90.1781647898, 94.3918384806, 0.909797853715, 0.056794376487, 0.0751971215547, 106, 2019
N, 100, -0.012368523806266725, 9.18865664242, 7.61484058176, 1.17067337705, 0.380799549362, 1.60994585708, 106, 2019
E, -100, 0.967360190917747, 64.8655028909, 46.9480505151, 1.37854376676, 0.235424707697, 0.0171658060547, 106, 2019
Z, -100, 0.9624085660981107, 65.1064450741, 48.1236173189, 1.36287200109, -0.035310137703, 0.233057566136, 109, 2019
N, -100, 0.8488167471365415, 22.7590734521, 6.80816801017, 3.59200825666, -0.164090331957, 0.287997438568, 109, 2019
E, 100, 0.7508994328702657, 45.5046568453, 24.1103129556, 1.79728370468, 0.146322121583, 0.705018302972, 109, 2019
Z, -100, 0.9947024980568694, 141.067871646, 116.562480254, 1.23361128901, 0.0761535626606, 0.037969891841, 112, 2019
N, -100, 0.8820597144224719, 32.7158408048, 13.054539374, 2.40636752308, 0.52470364006, 0.0829506023901, 112, 2019
E, 100, 0.9491634804389715, 93.1251038346, 58.864921667, 1.66526438937, -0.393103102564, 0.135865820447, 112, 2019
Z, -100, 0.9946213466966743, 137.841142769, 122.964004201, 1.12807565269, 0.0887229975444, 0.0259276731463, 115, 2019
N, -100, 0.8725580303801075, 25.9051962748, 16.4002470109, 1.65230737693, -2.5702054488, 3.04669239373, 115, 2019
E, 100, 0.9886189095926471, 97.4464130387, 67.2690022957, 1.43532981237, -0.14018351594, 0.00408788509, 115, 2019
Z, -100, 0.9901259391548596, 98.6948343203, 93.297319857, 1.04997923656, 0.1288460378, 0.0271394750282, 118, 2019
N, -100, 0.7768689487782681, 18.0042553736, 10.1051264422, 1.79480329695, -2.47405095859, 3.19800401442, 118, 2019
E, 100, 0.9933622764609868, 76.7552950136, 49.8030158358, 1.5005486755, -0.0625238757913, 0.0337785878355, 118, 2019
Z, -100, 0.8936916235840494, 50.2437507989, 49.7971645286, 1.00012621526, 0.274440557499, 0.212846038295, 121, 2019
N, -100, 0.8678678882175775, 22.7474948882, 4.07616541615, 6.40019344041, -0.239417922309, 0.307799605336, 121, 2019
E, -100, 0.9207972415718925, 55.561913921, 24.4343321569, 2.64274379863, 0.550422370948, 0.527330289549, 121, 2019
Z, -100, 0.997940538192491, 154.809848968, 136.864106226, 1.13287333711, 0.0337107221845, 0.0215890904984, 127, 2019
N, -100, 0.96937038250559, 29.7534497448, 18.2274752393, 1.55156535154, 0.177459111559, 0.035221627558, 127, 2019
E, 100, 0.966252465890548, 92.3078675035, 68.2988633283, 1.32945351899, -0.234024657999, 0.036165832407, 127, 2019
Z, -100, 0.9930971934822552, 168.218397179, 149.369460119, 1.12773338574, 0.112183416284, 0.0147169466022, 130, 2019
N, -100, 0.8004624974831551, 31.7705024391, 19.7571808614, 1.63293096411, 0.72728765903, 0.134504954947, 130, 2019
E, 100, 0.9912957197269434, 122.130598651, 80.6701086539, 1.49498361209, -0.121037719553, 0.0120355524959, 130, 2019
Z, -100, 0.9824367909167044, 111.053143913, 106.097821582, 1.04176147566, 0.189780818052, 0.00878308517254, 133, 2019
N, -100, 0.5934986662409418, 19.218033539, 12.5105743059, 1.70494809899, -1.9820613819, 2.88820570822, 133, 2019
E, 100, 0.99499147256054, 94.2117046335, 56.8041245257, 1.68926080059, 0.0168867379068, 0.069601585233, 133, 2019
Z, -100, 0.9918770868313561, 58.3608792461, 48.4240372497, 1.18035847905, -0.0360940536856, 0.158887402285, 136, 2019
N, -100, 0.8511598140772422, 17.9578577716, 7.47502850353, 2.66529576016, -0.40152228121, 0.486112128761, 136, 2019
E, 100, 0.8477777017691166, 41.97440833, 25.1035276819, 1.63430224023, 0.165566667893, 0.774443670317, 136, 2019
Z, -100, 0.9975682303644698, 153.273369803, 129.267117018, 1.1998588579, 0.0395656539318, 0.0367481591804, 139, 2019
N, -100, 0.9776968337301563, 34.8117356605, 14.1655612395, 2.4106324086, 0.141409615974, 0.085952634718, 139, 2019
E, 100, 0.9391210023516415, 88.8500344424, 64.8299071336, 1.41255062917, 2.70196613889, 3.014377724, 139, 2019
Z, -100, 0.6370870142877454, 41197.7306975, 151.879854722, 219.098980079, 0.617161694589, 0.623983925825, 142, 2019
N, 100, -0.04217651196453313, 91.7760581298, 16.7576799051, 3.98808763731, 0.163190782452, 4.53556943981, 142, 2019
E, 100, -0.21599771757643124, 2149.62298579, 78.856594369, 22.0068673927, -0.904244209456, 2.46632053529, 142, 2019
Z, 100, 0.8495414870575568, 74687.4679949, 119.518372526, 554.339346696, -0.57494472215, 0.220207910992, 145, 2019
N, 100, -0.48142051893203386, 206.118977093, 15.4587116214, 13.4141542948, -4.13399244789, 0.183754370366, 145, 2019
E, -100, 0.44337023888751037, 3997.35540969, 65.4278021573, 54.2171780808, 0.976931992434, 0.214694234518, 145, 2019
Z, -100, 0.9512431636376186, 84.1216258193, 68.4284490718, 1.26860404726, 0.389563033883, 0.0938394534806, 148, 2019
N, -100, 0.6644908914610763, 29.5503796968, 6.84739534147, 5.67556797916, -1.60527774076, 2.22233540241, 148, 2019
E, 100, 0.95407620130027, 81.2614629242, 37.9550018597, 2.24658267146, -0.189248030692, 0.137692270398, 148, 2019
Z, 77, 0.9955185003895434, 87.8320955304, 69.249221968, 1.32653863856, -0.175471049597, 0.171233954285, 151, 2019
N, 100, 0.9297457867583151, 29.8051748759, 11.7776064141, 2.56706635604, -0.423889092404, 0.161164819061, 151, 2019
E, 100, 0.7631405788173617, 46.0979313041, 35.6891860246, 1.35034054467, 1.95419839514, 2.62773916886, 151, 2019
Z, -100, 0.9996457095185949, 164.442820812, 145.68418446, 1.12832167964, 0.00235383854746, 0.0167724743559, 154, 2019
N, 100, 0.9597636414255257, 31.688078575, 19.2372701145, 1.52612144092, -0.287797373186, 0.192386136028, 154, 2019
E, 100, 0.9158670365851661, 94.9932893578, 72.7122714346, 1.30750025323, 2.76980654351, 3.20507212543, 154, 2019
Z, -100, 0.9989825122754785, 200.085956573, 177.168591126, 1.12527892268, 0.0528991496171, 0.00527084525758, 157, 2019
N, -100, 0.9549356534215605, 27.0256328343, 20.5375521798, 1.24041221902, 0.33739175333, 0.253299748263, 157, 2019
E, 100, 0.9258653018989876, 114.108677342, 91.5019698505, 1.21032353847, -0.400627553672, 0.0427374042084, 157, 2019
Z, -100, 0.997910050899902, 145.57741013, 131.444193832, 1.10772736827, 0.0291284123898, 0.0384704172447, 160, 2019
N, -100, 0.9703010451974072, 28.0429297202, 17.5717639224, 1.54445621995, 0.198496374209, 0.0727242292834, 160, 2019
E, 100, 0.9840796347033349, 97.4563562645, 73.1332252558, 1.34157357642, -0.112109340364, 0.05771281629, 160, 2019
Z, -100, 0.9923270836432233, 65.2523451399, 56.008310598, 1.26687567971, 0.401508526242, 0.369027337259, 163, 2019
N, -100, 0.6261616598091938, 22.8615077354, 6.97697593038, 3.777067623, 0.635923589154, 0.189974436942, 163, 2019
E, 100, 0.8110795344001099, 72.0808152267, 33.0051732608, 2.42517017691, -0.284857721147, 0.355486542516, 163, 2019
Z, -77, 0.9995155011586805, 144.667124574, 121.295708548, 1.20005333481, -0.0197525121304, 0.0355187718086, 166, 2019
N, 100, 0.9792569813247988, 33.7020457871, 13.8177776157, 2.42789201637, -0.108446436195, 0.105937206236, 166, 2019
E, 100, 0.8988210604739139, 75.5132615129, 63.1987587881, 1.15284973459, 2.66864731843, 3.12419666594, 166, 2019
Z, -100, 0.9989024884422084, 191.059439782, 163.129037726, 1.16668775282, 0.0456721369054, 0.0014703303439, 169, 2019
N, -100, 0.9799087261964501, 38.7791075815, 16.5459094902, 2.25444799265, 0.196506603881, 0.0576270992661, 169, 2019
E, 100, 0.95690684398113, 114.738984097, 82.9623545577, 1.38416889078, -0.278372369367, 0.0348158899791, 169, 2019
Z, -100, 0.9979715412757681, 168.471712723, 142.358237404, 1.17794160011, 0.0527187392955, 0.0184213796131, 172, 2019
N, -100, 0.9540428700720821, 35.5953854825, 16.157632952, 2.25035643529, 0.359957744485, 0.107397007397, 172, 2019
E, 100, 0.9703114886264687, 108.144021657, 75.9557721674, 1.41906481367, -0.273187533443, 0.0345572866688, 172, 2019
Z, -100, 0.9938158265564667, 96.7998599275, 88.9753947311, 1.08221852872, 0.100786090245, 0.0161098053735, 175, 2019
N, -100, 0.8905545720603951, 20.6272333936, 12.5919125303, 1.92768117265, -2.46710019786, 2.84706114067, 175, 2019
E, 100, 0.9808883795096291, 73.958978192, 51.025652302, 1.46834585084, -0.111595186435, 0.0870412660774, 175, 2019
Z, -100, 0.9991292014994672, 69.6741702493, 54.8206142084, 1.30733887074, -0.0784105858664, 0.0855598642391, 178, 2019
N, 100, 0.9470238658350515, 23.8880358314, 8.85847098248, 2.97890415092, -0.568873131921, 0.37924521087, 178, 2019
E, 100, 0.8291106923325853, 47.1353154479, 31.2934519849, 1.45248320775, -0.538926608583, 0.0760626916308, 178, 2019
Z, 100, 0.9990480388721814, 145.388156144, 129.909323543, 1.13594739457, -0.0573855532663, 0.0441935574203, 181, 2019
N, 100, 0.9697656496786011, 33.8430671058, 17.8008157765, 1.89312020109, -0.278747325615, 0.119208404982, 181, 2019
E, 100, 0.9374374774910382, 67.5149554687, 66.754258992, 1.01831764509, -0.430570536513, 0.104563985381, 181, 2019
Z, -53, 0.9998036343719021, 207.656439353, 185.707446761, 1.1082578986, 0.00759088576282, 0.00613337545831, 184, 2019
N, -100, 0.9946508796864094, 36.4668258219, 20.8370137705, 1.66146434768, 0.0251769482973, 0.0120082366116, 184, 2019
E, 100, 0.9804494562242848, 110.955651237, 94.5311689934, 1.16453730904, -0.208683856188, 0.00845846847993, 184, 2019
Z, -100, 0.9973526928585168, 173.269211109, 157.988818507, 1.09429362026, 0.0621915641172, 0.0115453455784, 187, 2019
N, -100, 0.8936462710492307, 26.9534337781, 18.1947439934, 1.56731176383, 0.583033977681, 0.202310167633, 187, 2019
E, 100, 0.9927474138998272, 114.014781683, 83.8905034696, 1.37091866295, -0.0689920433326, 0.0646856665701, 187, 2019
Z, -100, 0.9821885723346276, 80.4160632893, 66.3630781453, 1.26018487008, 0.297610542514, 0.140306628695, 190, 2019
N, -100, 0.8718592606773049, 28.3301646054, 13.1362765818, 2.81060740958, -2.18424803093, 2.53381174442, 190, 2019
E, 100, 0.9163629660971453, 65.9781541874, 40.6111202704, 1.73884797756, -0.243936976526, 0.20611366017, 190, 2019
Z, 0, 0.9997014179201646, 179.225344557, 152.616260967, 1.15935674327, -0.000733019454851, 0.0063976712944, 196, 2019
N, 100, 0.9476324386937326, 28.0273829201, 15.4922037985, 1.76521739348, -0.344174525335, 0.0625447082803, 196, 2019
E, 100, 0.9883319314251904, 86.6928554823, 79.8722915204, 1.05479946132, -0.115081415971, 0.0374910996061, 196, 2019
Z, -100, 0.8288474011098697, 279.008214307, 102.344119055, 2.51301733633, 0.777685789398, 0.600817400065, 202, 2019
N, -100, 0.8953432552917968, 22.7425397023, 13.1090456005, 1.68369270375, 0.235821257574, 0.276964610485, 202, 2019
E, 100, 0.9276280278406359, 113.182162883, 55.3839189568, 2.12316570267, 0.0877296199196, 0.372182263286, 202, 2019
Z, 100, 0.7670075526379032, 423.68724374, 44.3013750463, 9.4177241857, -0.738475111391, 0.0982462430112, 205, 2019
N, -100, 0.48795372377189694, 26.7677270343, 8.15992778224, 4.88050196214, -1.13028597428, 1.68202771205, 205, 2019
E, 100, 0.32896095411658854, 135.660673138, 28.7156278598, 4.54213196202, -1.28717786349, 0.0218993938202, 205, 2019
Z, 100, 0.9989223370030442, 114.722191878, 97.9584817717, 1.18502745771, -0.0567934748526, 0.0112218749412, 208, 2019
N, 100, 0.9177037033278989, 27.7182662218, 13.8215864513, 1.99543447839, -0.377617790006, 0.019595706687, 208, 2019
E, 100, 0.9262995641456951, 49.9541200303, 52.7186466103, 0.899158065811, -0.210485435154, 0.172026742751, 208, 2019
Z, 100, 0.9989414315754553, 194.02914914, 166.318556172, 1.15583825321, -0.0477594383971, 0.00596005793088, 211, 2019
N, 100, 0.9719402700141906, 44.0445739551, 19.5150747584, 2.15261752451, -0.198983166889, 0.0282439715563, 211, 2019
E, 100, 0.9174301605940901, 89.9322624684, 87.2021173086, 1.01230349705, -0.401828278002, 0.0171328662064, 211, 2019
Z, 0, 0.9996935110249033, 194.763522088, 167.837375926, 1.15650548536, 0.0114332331003, 0.000516261598226, 214, 2019
N, -100, 0.984842498493295, 38.1401310827, 16.8639143102, 2.21622932739, 0.178762528529, 0.053991208075, 214, 2019
E, 100, 0.9602065566512662, 107.992450912, 87.5419973812, 1.24191443728, -0.275295293031, 0.0254659963116, 214, 2019
Z, 0, 0.9977426838559128, 99.7717422893, 77.7228093349, 1.27679016848, -0.0364120052597, 0.0396843337566, 217, 2019
N, -100, 0.9651459412922971, 27.167131161, 13.7118958289, 2.3048394559, -2.78434195257, 2.92435192327, 217, 2019
E, 100, 0.9000497156654244, 59.7454460456, 43.1233781631, 1.42072829974, -0.387494037766, 0.0890997730036, 217, 2019
Z, 100, 0.9843718062325014, 88.1420159222, 72.7732793038, 1.18107636881, -0.167818136558, 0.0156945495829, 220, 2019
N, 100, 0.936007966638341, 30.0673279515, 8.4508633033, 3.98082345225, -0.516762302503, 0.524133393302, 220, 2019
E, 100, 0.720771812227567, 33.2079529666, 41.3346037057, 0.76643279205, -0.852550504913, 0.0998883730859, 220, 2019
Z, 100, 0.9977125595283456, 152.167714541, 129.627631551, 1.17067956356, -0.0581296812197, 0.0174379919042, 223, 2019
N, 100, 0.9822346486525129, 35.2387041835, 12.6002724034, 2.75281104518, -0.156976440607, 0.0188153599214, 223, 2019
E, 100, 0.9002513007978883, 68.957641278, 70.5244087046, 0.976796963638, -0.444750917414, 0.0161934102175, 223, 2019
Z, 100, 0.9962040790532464, 157.963858493, 136.954279037, 1.14281606624, -0.109978135585, 0.0471431054315, 226, 2019
N, 100, 0.9607920199895407, 35.1504063183, 12.6546949374, 2.65169419671, -0.241559522345, 0.0556363071951, 226, 2019
E, 100, 0.9094528885472767, 71.6960566159, 71.5456627508, 0.974267108855, 2.70330433495, 3.12943392529, 226, 2019
Z, -100, 0.9902673199113496, 106.428521778, 100.108389509, 1.06806420732, 0.173286623125, 0.0847234706516, 229, 2019
N, -100, 0.8965807903347305, 26.0154926276, 9.92571471322, 2.69844681488, 0.54122772293, 0.252420698859, 229, 2019
E, 100, 0.960551414475214, 72.8932610302, 51.5488450785, 1.49266959231, -0.173899756184, 0.123174796365, 229, 2019
Z, -100, 0.9872964637216158, 62.2122572801, 35.5348366047, 1.85602956428, 0.200899759354, 0.179876061979, 232, 2019
N, -100, 0.5305148419407255, 29.7630573881, 8.48774266608, 5.80169234187, -1.9463733152, 2.07907560544, 232, 2019
E, 100, 0.6385114625059126, 59.1763646551, 20.7325007144, 3.3340948551, -0.651177024199, 0.308177893185, 232, 2019
Z, 100, 0.9670245392091603, 80.2664872464, 67.6827666835, 1.18066513633, 2.87056609935, 3.13647293258, 235, 2019
N, 100, 0.6880986896480333, 28.420495104, 9.59472621068, 3.3204215426, 1.96883085498, 3.59473042, 235, 2019
E, 100, 0.4614603589342742, 19.5384431992, 36.7707898884, 0.438323737728, -0.623264037422, 0.485480549503, 235, 2019
Z, 100, 0.988760390402193, 156.127963827, 133.671255414, 1.15273424528, -0.142463029623, 0.0145542374124, 238, 2019
N, 100, 0.9128226839465812, 42.6986129199, 15.4965663134, 2.70877187516, -0.442499285692, 0.0507741037584, 238, 2019
E, 100, 0.8216741119635989, 53.1134151557, 71.6075430815, 0.715410542057, -0.563786761017, 0.0509606283467, 238, 2019
Z, 100, 0.9979093241026703, 172.443759465, 153.342114873, 1.11735992338, -0.0643446127297, 0.0181617428372, 241, 2019
N, 100, 0.9641837144304911, 34.533662012, 15.1679876703, 2.14200706683, -0.24757791033, 0.113348299392, 241, 2019
E, 100, 0.9478029644931374, 78.212710661, 80.8599766083, 0.962156042983, 2.86946103776, 3.20471772158, 241, 2019
Z, -100, 0.9916674967189925, 104.162050713, 84.9593872934, 1.23828969476, 0.10960662042, 0.0260461906509, 244, 2019
N, -100, 0.8311403553172785, 24.528448341, 9.20603216454, 3.03959940323, 0.808927232907, 0.518582314712, 244, 2019
E, 100, 0.9339040508830956, 71.6969028073, 42.8308533934, 1.86257865411, -0.223479795986, 0.173680155177, 244, 2019
Z, 100, 0.9101585002841125, 62.1099433918, 56.2765415362, 1.04251709898, -0.373996209005, 0.0767294390762, 247, 2019
N, 100, 0.7602020317897453, 28.3848400426, 8.28093526013, 4.90248441388, -1.54083111431, 1.28493897563, 247, 2019
E, -100, -0.6335322629214595, 17.8678687975, 31.3674788493, 0.461287842887, -0.323245974779, 2.24741994318, 247, 2019
Z, 100, 0.9711321155944713, 126.898964778, 112.525921423, 1.1152024405, -0.239491456454, 0.0123263628811, 250, 2019
N, 100, 0.8383631984886019, 41.0353591603, 9.3445419652, 4.84574559994, -0.765106357114, 0.30732233114, 250, 2019
E, 100, 0.7382038647847351, 26.5614263488, 61.2160901211, 0.446283840926, -0.810726021607, 0.120478323863, 250, 2019
Z, 100, 0.9943353330474836, 130.524433235, 115.966569486, 1.12068627397, -0.108616987252, 0.00132025515701, 253, 2019
N, 100, 0.9284065755646619, 28.1508219969, 9.70191582906, 2.79553232711, -0.384652612907, 0.0369708837265, 253, 2019
E, 100, 0.937427896339326, 49.654442374, 62.635214889, 0.797596773067, -0.348742341168, 0.0136921183821, 253, 2019
Z, 100, 0.9983287798483477, 98.0889224897, 83.409038436, 1.17294840914, -0.0490130548916, 0.00353215995514, 256, 2019
N, 100, 0.9575132681482478, 20.9693973272, 6.86827813233, 3.08716119719, -0.0389134778257, 0.120025703746, 256, 2019
E, 100, 0.9238512941511217, 46.8297296229, 42.3776612991, 1.12340040895, -0.390938200153, 0.021195953581, 256, 2019
Z, 100, 0.9325019418114303, 37.0490286183, 23.4420422487, 1.70479439353, 0.003799551938, 0.115795205948, 259, 2019
N, 100, 0.16513004852908075, 12.7548399667, 4.53649990223, 4.08186599141, 0.1541779961, 4.68602249748, 259, 2019
E, 100, 0.6292852341101018, 26.5043020317, 10.2477633029, 3.87199322229, -0.344823470001, 0.5489477939, 259, 2019
Z, 100, 0.9520182420217038, 56.3272264861, 62.6933865867, 0.843623876792, -0.181677393146, 0.134233912194, 262, 2019
N, 100, 0.1638140042918683, 20.7672499614, 8.86429877055, 2.40899369125, 1.47777341298, 3.37430684723, 262, 2019
E, -100, 0.2756971014012159, 22.8346726945, 31.8391494384, 0.594909311771, -2.13023057373, 2.64554572854, 262, 2019
Z, 100, 0.9656774622293889, 122.013165285, 115.434140628, 1.04255937792, 2.88647636538, 3.16467200423, 265, 2019
N, 100, 0.5891533650076802, 39.4298076194, 12.2287369434, 3.3936259339, 2.06705771311, 3.33115016255, 265, 2019
E, 100, 0.9433013823419277, 14.6274177717, 61.248782152, 0.224923466238, -0.0736987546751, 0.209927958916, 265, 2019
Z, 100, 0.9881189249413725, 144.77399573, 130.980323537, 1.09393237397, -0.131387076971, 0.0312908940531, 268, 2019
N, 100, 0.8844645254045249, 33.4060639347, 12.1994800474, 2.6816706464, -0.461373535095, 0.00600915127035, 268, 2019
E, 100, 0.9377056877694094, 49.3857053836, 70.2660747751, 0.708989610986, -0.272888262624, 0.109689788355, 268, 2019
Z, 100, 0.9946959331391586, 98.1743398835, 78.0041276036, 1.31421992679, -0.0161135817984, 0.0667424007158, 271, 2019
N, 100, 0.8349642138235456, 22.3785240062, 6.9899134619, 3.83932699911, -0.201370970355, 0.35034088738, 271, 2019
E, 100, 0.7881377532837819, 51.7154611923, 39.1797934041, 1.50470020312, -0.579863767358, 0.195224761529, 271, 2019
Z, 100, 0.9792468096520202, 54.5874453877, 65.2239259661, 0.800835395616, -0.0159134380455, 0.0955623086652, 274, 2019
N, 100, 0.377917918579011, 15.2232937443, 7.04008202623, 2.35951518238, 1.47003782461, 3.64348924554, 274, 2019
E, -100, 0.6688870214240111, 31.8004109255, 33.484553622, 1.01886477872, 0.763599699283, 0.192230769034, 274, 2019
Z, 100, 0.991386265136622, 112.285217747, 121.376163445, 0.924461148815, -0.0940816310047, 0.0505482752986, 277, 2019
N, 100, 0.48828386137617186, 23.8448358311, 8.97860061961, 2.91390287309, 1.59281203165, 3.72103648909, 277, 2019
E, -100, 0.9423180504193679, 43.6991127928, 65.164860842, 0.69241985811, 0.295750976625, 0.0278130206158, 277, 2019
Z, 100, 0.9792570013633705, 120.935219366, 114.783279985, 1.06879690063, -0.189698153948, 0.0356069974489, 280, 2019
N, 100, 0.6871103715877923, 29.7137703541, 7.40698528751, 4.2681485764, 2.31574244447, 3.15437815282, 280, 2019
E, 100, 0.899986432879938, 32.9704689741, 61.5172752954, 0.480145118402, -0.521218747866, 0.219030030129, 280, 2019
Z, 100, 0.980976132354485, 77.609315967, 69.7503199707, 1.12360839064, -0.173531279248, 0.0329396921577, 283, 2019
N, 100, 0.5547036395563132, 18.1852965534, 5.33274532288, 3.72955680407, 2.33445817233, 2.94604604589, 283, 2019
E, 100, 0.8727488785947765, 20.3170224765, 37.2169962598, 0.58225712875, -0.395736649312, 0.172370164032, 283, 2019
Z, 100, 0.44915640623494335, 25.8292668425, 19.6638244972, 1.34344915364, -1.11272436929, 1.54977438339, 286, 2019
N, -100, -0.5353552403879733, 14.8705796667, 5.22222114419, 3.29557514708, -9.56182157679e-05, 4.05918262586, 286, 2019
E, -100, 0.049162006030361284, 29.3605327208, 8.59951670712, 5.28402883752, 1.17480803211, 0.51471891335, 286, 2019
Z, 100, 0.9898952360155391, 59.9148837369, 83.0602404696, 0.718177834167, -0.0759451495868, 0.0540649690501, 289, 2019
N, -100, -0.4057849389720477, 20.5391578115, 11.524075576, 1.81442245101, 0.907785546681, 3.405980641, 289, 2019
E, -100, 0.5571858053432193, 46.2849607984, 42.5173050842, 1.07033485446, 0.965713446577, 0.0335001361502, 289, 2019
Z, 100, 0.9943123189884157, 113.647036509, 129.840378415, 0.870025985525, -0.0932415392742, 0.0184224374881, 292, 2019
N, 100, 0.16083003351025343, 23.5682665241, 13.3374434421, 1.74042453345, 1.44213859727, 3.51197720727, 292, 2019
E, -100, 0.8379253241634664, 54.1811550312, 69.0495653346, 0.799561702131, -2.53940109783, 3.18624280163, 292, 2019
Z, 100, 0.9973994137141537, 132.138215636, 133.976738633, 0.987091572555, -0.0459062296704, 0.0377975927077, 295, 2019
N, 100, 0.7883574572443277, 18.0644484214, 10.7299191775, 1.69738618477, 2.55759131187, 3.03890311779, 295, 2019
E, -100, 0.9896797816962538, 61.62357337, 71.2038092033, 0.86490191669, 0.103605695763, 0.0284618278138, 295, 2019
Z, 100, 0.9774334231126665, 87.0004839916, 76.5575728836, 1.22056671778, -0.149007140552, 0.103030755314, 298, 2019
N, 100, 0.4774864622476048, 21.4278693582, 6.04120639662, 4.23124364178, 2.44119878665, 2.61103368877, 298, 2019
E, 100, 0.8593242498258199, 28.6763355145, 41.8589375721, 0.691943254483, -0.470229558165, 0.0568641587667, 298, 2019
Z, -100, 0.9865461289964047, 70.8609728672, 77.4783331527, 0.931266199406, 0.0745892847572, 0.0243136115875, 301, 2019
N, 100, 0.46687752544560346, 8.19501248063, 9.46448616648, 0.73954663351, -0.149162364899, 0.941710080111, 301, 2019
E, -100, 0.8783620091104234, 42.1239587974, 39.0347221715, 1.11384681772, 0.49965873306, 0.00743879462227, 301, 2019
Z, 100, 0.998296111099825, 136.091507768, 146.26083655, 0.933867842117, -0.0217884382773, 0.0281985271421, 304, 2019
N, 100, 0.4046003907918733, 17.1526768949, 12.9069262069, 1.34149008615, -1.15282613347, 0.0289937501913, 304, 2019
E, -100, 0.9459102441371448, 77.4925120008, 81.0905804468, 0.925959012124, 0.284262440617, 0.0869286700139, 304, 2019
Z, 100, 0.9884164131166346, 137.483553366, 144.013371481, 0.952021351309, -0.164499520214, 0.0121465697375, 307, 2019
N, 100, 0.2405391478145605, 25.8209124699, 9.59234671874, 3.07562283814, 1.6394279064, 3.37904384736, 307, 2019
E, -100, 0.947337711009077, 47.0659455426, 77.5126152709, 0.577584838784, 0.286519968757, 0.0472408587836, 307, 2019
Z, 100, 0.9766385164883424, 70.2809718428, 90.5665263934, 0.711648175205, -0.256196402301, 0.081156187398, 310, 2019
N, -100, -0.1565128836678522, 18.7292786399, 5.15947921699, 3.97132759204, 1.48465549578, 3.01614494582, 310, 2019
E, -100, 0.8796094735235621, 24.9531406511, 48.3536704737, 0.450075281704, 0.318654589432, 0.208946558051, 310, 2019
Z, 100, 0.9237757378605896, 25.1557675627, 30.2316841941, 0.851198962834, 0.195753061276, 0.279075602495, 313, 2019
N, -100, -0.432629668389868, 7.90967886629, 6.41506304808, 1.15189484265, -0.695354755477, 4.1679696427, 313, 2019
E, -100, 0.5316933576028037, 22.3322319812, 15.4699563457, 1.70694802917, 2.58606948549, 1.60131966591, 313, 2019
Z, -100, 0.9996317553275088, 87.1010289914, 99.6171902929, 0.885986688674, 0.0116842273118, 0.013124956032, 316, 2019
N, 100, 0.4973655405823655, 8.07486137044, 13.9178808431, 0.653179700011, -1.2807629523, 0.32359540345, 316, 2019
E, -100, 0.9127046811220081, 56.584190227, 51.0831105519, 1.05289160763, 0.509017568063, 0.132943391801, 316, 2019
Z, -100, 0.9997480119728515, 150.752760099, 155.964067698, 0.967022861203, 0.0275997003472, 0.0123604023814, 319, 2019
N, 100, 0.7611830371597098, 13.5156092041, 17.1367681309, 0.745050499048, -0.690555524264, 0.00352362463873, 319, 2019
E, -100, 0.9872857622672714, 88.8780726177, 84.0629151656, 1.05514669368, 0.171628322167, 0.00909548011424, 319, 2019
Z, 0, 0.9996993004696241, 160.391117078, 162.27902711, 0.990242285931, 0.0147598984521, 0.0195809187862, 322, 2019
N, 100, 0.8564041588385437, 15.4756921675, 13.448597947, 1.1471862415, -0.442969855263, 0.147957450698, 322, 2019
E, -100, 0.9956884242283516, 91.2791969035, 87.6509181032, 1.01952038361, 0.0770077944474, 0.0290188287358, 322, 2019
Z, 100, 0.9852030768381072, 104.766260315, 105.626901817, 1.01155889452, -0.154308922586, 0.0313559210034, 325, 2019
N, 100, 0.12964479217227953, 19.6163525175, 6.43810812797, 3.42302271058, 1.78185505791, 2.98304124417, 325, 2019
E, -100, 0.947539701389964, 42.5665907715, 56.6694755449, 0.630844844763, -0.0739367909984, 0.315914269037, 325, 2019
Z, -100, 0.9916728742971977, 67.3128087585, 74.2372223785, 0.886080881023, 0.136162986753, 0.079359524831, 328, 2019
N, 100, 0.6625974600305083, 6.6122064159, 10.3831329093, 0.532673123753, 0.043237562765, 0.803891013638, 328, 2019
E, -100, 0.8841775288172637, 47.4263904782, 37.7919824749, 1.37382422416, 0.367120330743, 0.142125747072, 328, 2019
Z, -33, 0.9998501015381609, 150.593405243, 159.629229368, 0.947673622128, 0.0109167827052, 0.00167610750131, 331, 2019
N, 100, 0.7568501037458493, 11.8614567864, 16.419510594, 0.762840604849, -0.725003546227, 0.00928985975716, 331, 2019
E, -100, 0.9704124537521407, 91.2170798155, 86.4351720184, 1.03607860206, 0.241712358686, 0.0127478718984, 331, 2019
Z, 100, 0.9189898008978477, 105.704496407, 130.829549598, 0.719032636649, 2.6938669889, 2.94738572426, 337, 2019
N, -100, -0.1324451268461682, 8.60556422038, 8.23266217547, 0.657288080235, 0.46765192426, 4.05953998064, 337, 2019
E, -15, 0.974890885349836, 52.5327102264, 69.551618314, 0.694365602561, -0.0878166765832, 0.13506066881, 337, 2019
Z, -100, 0.9992326846623669, 86.1134164235, 94.7905409432, 0.903240322048, 0.044958133205, 0.0162952758974, 343, 2019
N, 100, 0.8309040308284922, 5.08400574572, 13.9087736013, 0.338817045744, -0.34595619751, 0.199902042305, 343, 2019
E, -100, 0.9574793058314323, 57.1341582063, 48.8178508088, 1.12975484076, 0.384276342189, 0.120869600555, 343, 2019
Z, -100, 0.9997946198042379, 160.880835653, 165.647984293, 0.97365073814, 0.0263065988282, 0.0101552416221, 346, 2019
N, 100, 0.9180326084256185, 16.265989604, 19.6026370042, 0.815941637987, -0.356330989963, 0.054326993387, 346, 2019
E, -100, 0.9879952666252708, 94.2819563124, 87.5656481195, 1.06775989333, 0.181644691615, 0.0389213481849, 346, 2019
Z, -14, 0.9999446812823546, 189.077444378, 187.781144802, 1.0071519385, 0.0105940012171, 0.00100339530437, 349, 2019
N, 100, 0.9192278392821026, 17.6053846835, 17.5768272524, 0.996983935493, -0.44386111418, 0.0496279381297, 349, 2019
E, -100, 0.9990201280206749, 109.16352889, 104.164544903, 1.04643732502, 0.051768214046, 0.0150992734891, 349, 2019
Z, -4, 0.9999078160492442, 142.190251758, 143.024812149, 0.99790403422, 0.0095165666494, 0.0120930323828, 352, 2019
N, 100, 0.8707040235978057, 8.26155902811, 9.27532031248, 0.857236453775, -0.478183268347, 0.0400683997393, 352, 2019
E, -53, 0.9992445327054365, 81.0487850784, 76.9694603603, 1.04381542681, 0.0273726103896, 0.0118545084384, 352, 2019
Z, -15, 0.9976236577386055, 56.1206061069, 59.8998173711, 0.949032174616, 0.333274240555, 0.331849744949, 355, 2019
N, 100, 0.8916072365195367, 6.92280942687, 9.65354853997, 0.619640262242, -0.212541029783, 0.185620272988, 355, 2019
E, -100, 0.9654071468233295, 37.8870626689, 32.0172082845, 1.18372437615, -0.0111146073385, 0.280630476747, 355, 2019
Z, 0, 0.99985700699877, 147.428621215, 148.355945437, 0.989964554564, 0.00527007791385, 0.00322851353831, 358, 2019
N, 100, 0.9674663229512792, 16.4238647855, 16.6069387034, 1.01641718439, -0.320649268152, 0.0772438902022, 358, 2019
E, -100, 0.994487632960569, 83.4081898275, 77.696842668, 1.06364814537, 0.129726273544, 0.0322446148616, 358, 2019
Z, 0, 0.9999815877817766, 184.413157728, 184.182065805, 1.00047345249, -0.000412366035988, 0.00312441857626, 361, 2019
N, 100, 0.9568705335320891, 18.0763389452, 16.9960104314, 1.0586566453, -0.289294669926, 0.00823764506691, 361, 2019
E, -100, 0.9957809067565903, 107.500917637, 102.425975212, 1.03368801871, 0.103088871343, 0.0167065604395, 361, 2019
Z, 39, 0.9998145139348916, 151.751650502, 155.555236671, 0.97511186208, -0.0152006611263, 0.00434843595228, 364, 2019
N, 100, 0.5987211911474734, 12.1423151057, 11.2344386895, 1.13208234737, -0.98053911332, 0.0508074393493, 364, 2019
E, -100, 0.9888482177181089, 87.98780302, 87.9809889151, 0.976372618977, 0.140309605183, 0.0183234712913, 364, 2019
