Chan, Phase Shift, Correlation, ptp-data, ptp-synthetic, rat, phasem, phasestd, DOY, Year
Z, 0, 0.9999771267529889, 97.1721406801, 94.9040734312, 1.01875286245, -0.0125413123904, 0.00649072675588, 1, 2019
N, -52, 0.9997792584176847, 25.7177164182, 28.1090688258, 0.925627992883, -0.000378965881064, 0.0373355262639, 1, 2019
E, -100, 0.9997360485345272, 72.721981084, 73.358272614, 1.00155851217, 0.0115929276873, 0.0114274822172, 1, 2019
Z, 63, 0.9999323248179133, 141.516035323, 138.305288657, 1.03284148274, -0.0197097996713, 0.0123080497048, 4, 2019
N, 11, 0.9999462575949972, 42.6431074736, 45.2891959525, 0.939208645258, -0.0107656431706, 0.00980074552981, 4, 2019
E, 0, 0.9999383014559864, 101.091241896, 105.737017783, 0.958675774789, -0.0210940917434, 0.0157698182275, 4, 2019
Z, 25, 0.9999934392469524, 155.844732354, 151.919822406, 1.0266849215, 3.0834528249e-05, 0.00332339475079, 7, 2019
N, 100, 0.9999723487487806, 49.3881599162, 53.2086453852, 0.933970160793, 0.289840457272, 1.33831981715, 7, 2019
E, 85, 0.99978991097166, 113.617970416, 118.060316149, 0.972595309078, -0.0374136608054, 0.0258425666548, 7, 2019
Z, 0, 0.9999651658434738, 134.672831241, 130.720169906, 1.02812834102, -0.012967640225, 0.00490810881318, 10, 2019
N, 26, 0.9998603775408939, 44.5731966014, 47.5774268516, 0.933104119323, -0.0287232502401, 0.00876476643315, 10, 2019
E, 100, 0.9998095942652543, 101.020695561, 103.68480732, 0.983530088791, -0.0325360229603, 0.0102924717446, 10, 2019
Z, 0, 0.9999189553190149, 87.592967043, 84.2253134084, 1.03925754874, -0.0142196802665, 0.00804529907418, 13, 2019
N, 0, 0.9998766775814011, 29.9613172475, 31.6471877211, 0.950352272069, -0.0122374773715, 0.0134730757555, 13, 2019
E, 100, 0.9993829618920107, 71.1059147202, 71.0365509634, 1.00250973166, -0.0253380072059, 0.0104722757377, 13, 2019
Z, -29, 0.9999756808183334, 73.8427109383, 73.5495826014, 0.99963667613, -0.00856669182655, 0.011666377964, 16, 2019
N, 100, 0.998999896237731, 20.4490211192, 20.7528206201, 0.984299937323, -0.0497883537939, 0.0200205164194, 16, 2019
E, -100, 0.9992381217076207, 58.7305135598, 57.2546511966, 1.01137770019, -6.41533315161e-05, 0.0429206258951, 16, 2019
Z, 30, 0.9999565726568379, 145.552522518, 142.441763868, 1.02801026031, -0.0243646729666, 0.0142437564851, 19, 2019
N, 100, 0.999310910818392, 40.6139048866, 43.2585331498, 0.945284248533, -0.0622615835991, 0.0324491015376, 19, 2019
E, -69, 0.9999642772221943, 104.904427449, 107.858230698, 0.972398265728, -0.00864592964538, 0.0126690733796, 19, 2019
Z, -23, 0.9999924557783273, 185.135215498, 180.670542393, 1.02625603816, 0.00637796901483, 0.00380192585211, 22, 2019
N, 100, 0.9997974704795005, 56.0264857476, 59.9014613357, 0.941309729208, -0.0474937236398, 0.0207607909441, 22, 2019
E, -5, 0.9999434288882014, 137.892014187, 141.01750255, 0.981198579789, -0.0048132566066, 0.0146503321585, 22, 2019
Z, 0, 0.9999421098460748, 161.392204767, 157.169048034, 1.02612747323, -0.014226366875, 0.0089720052297, 25, 2019
N, -89, 0.9997274574691429, 52.7608474442, 56.3211973821, 0.933616830967, -0.00907264622112, 0.0142941838929, 25, 2019
E, 100, 0.9997174109200107, 122.953071984, 126.469024358, 0.980722167589, 0.00917302675969, 0.014718493498, 25, 2019
Z, -59, 0.9991923866098346, 89.0394811377, 83.8263975883, 1.05775758139, -0.0186379247429, 0.023969964562, 28, 2019
N, -100, 0.9996003861871644, 32.5236186837, 34.0824485962, 0.964618365642, 0.0113090784256, 0.0193935626588, 28, 2019
E, 100, 0.9987843528900596, 75.2690518347, 74.9759169139, 0.996857593152, -0.0331423852348, 0.038960534917, 28, 2019
Z, 100, 0.9992573340636787, 90.2649797894, 88.6723590437, 1.00605115312, -0.0145191121424, 0.0106601655487, 31, 2019
N, 75, 0.9992657404483951, 24.5915823107, 25.782448634, 0.940292439923, 0.0632528744347, 0.0313742229728, 31, 2019
E, -100, 0.9998718243288739, 64.4438636241, 67.0257531277, 0.95899119892, 0.0434934145435, 0.0273176867077, 31, 2019
Z, 39, 0.9999758743377006, 143.482238343, 140.100230917, 1.03047033755, -0.00584030945752, 0.00651118429918, 34, 2019
N, 100, 0.9998598197507743, 42.7630356937, 45.9498867117, 0.938377638781, -0.0504371978709, 0.0185984066897, 34, 2019
E, 0, 0.999939845157483, 100.809352838, 105.720625954, 0.961128860124, -0.0158762347121, 0.0173359353979, 34, 2019
Z, 41, 0.9999782028494373, 163.283823923, 159.561697388, 1.02340195069, 0.00133747805171, 0.00580757529994, 37, 2019
N, 50, 0.999813455267484, 51.94283551, 55.512342062, 0.932683699477, -0.0429498122057, 0.0214189505506, 37, 2019
E, 2, 0.9998068211029278, 116.839998737, 123.244490417, 0.965430524974, -0.0215575413692, 0.0225985221543, 37, 2019
Z, 23, 0.9998588812049106, 144.472478216, 140.113486463, 1.02740013274, -0.0316769488992, 0.0133706968445, 40, 2019
N, -61, 0.9999020305066625, 47.1410802287, 50.6149114072, 0.932012687274, 0.0151202960415, 0.00590555429745, 40, 2019
E, 100, 0.9998651797485554, 106.221058418, 111.264821278, 0.952857250573, -0.00798814644764, 0.00879425518225, 40, 2019
Z, 0, 0.9999607597364157, 89.7649377924, 86.7934828945, 1.03272926696, -0.00807739626676, 0.00661622785284, 43, 2019
N, 29, 0.9996884770449459, 32.1477422267, 33.4647445872, 0.964429609039, -0.0259926137501, 0.0240123451728, 43, 2019
E, 100, 0.9983158593433705, 72.0214325401, 74.5104961267, 0.970012748858, -0.0251803921497, 0.0152810545223, 43, 2019
Z, 30, 0.9999437028655275, 82.1171720775, 80.2310952281, 1.0137003246, -0.0227675966718, 0.0155035868514, 46, 2019
N, 100, 0.9991590948317223, 19.557381533, 21.1074470018, 0.958810841042, -0.0369550228857, 0.0351941209975, 46, 2019
E, -39, 0.9993838179702497, 61.3736446541, 61.2504352621, 1.01340116999, -0.0370700221389, 0.026187976752, 46, 2019
Z, 33, 0.9999522059949731, 168.181629796, 165.362585225, 1.02575277746, -0.0181228487975, 0.0122525590621, 49, 2019
N, 100, 0.9997162868973192, 47.1770208493, 50.2071027422, 0.940843368197, -0.0535239837961, 0.023401496352, 49, 2019
E, -94, 0.9999022535662939, 118.883170473, 123.85028998, 0.965694167753, -0.00512839493203, 0.0186300556152, 49, 2019
Z, -6, 0.999994796615104, 202.286663415, 197.60661825, 1.02394802947, 0.00679021632102, 0.00294266641042, 52, 2019
N, 18, 0.9998584136408566, 61.8837027913, 66.4453997114, 0.929610006245, -0.0304695385404, 0.0164611742632, 52, 2019
E, 0, 0.999951332921193, 149.237394375, 154.442046382, 0.976056416902, -0.0121252686829, 0.0169552111241, 52, 2019
Z, 0, 0.9999590642809083, 155.739289448, 151.374507968, 1.02762066721, -0.0181774990649, 0.0100868580862, 55, 2019
N, -99, 0.999478139474132, 54.4645712776, 56.8729992696, 0.95487383223, -0.00595967813862, 0.0188656708845, 55, 2019
E, 100, 0.9998590016831448, 121.122953584, 124.399651565, 0.977802212996, 0.00404017081779, 0.00975056825558, 55, 2019
Z, -44, 0.9998223624285415, 64.6618028149, 61.9916642226, 1.0396620878, 0.00413043642634, 0.00693714614671, 58, 2019
N, -100, 0.9978008470543651, 29.6090592326, 28.4254496169, 1.04052184331, 0.0222801098279, 0.0220252357524, 58, 2019
E, 100, 0.9985138141354278, 58.4863570958, 58.7623433948, 0.997848738947, -0.0430707191462, 0.0144222302027, 58, 2019
Z, 41, 0.9999481236597498, 98.7888516993, 98.1234640701, 1.00148616047, -0.0212063983374, 0.0129712358216, 61, 2019
N, 100, 0.9993802398919571, 27.4205330785, 28.7094215048, 0.944536410153, 0.0500095480075, 0.0418419263097, 61, 2019
E, -100, 0.9994467059808929, 69.6116440956, 72.3683772922, 0.965407413484, -0.0468068815995, 0.0613151195516, 61, 2019
Z, -6, 0.9999884661396782, 156.295869082, 153.216833889, 1.02454519083, 0.00556519647119, 0.00699964276624, 64, 2019
N, 100, 0.9996338695473145, 47.5036564482, 50.5647881715, 0.94168881782, -0.0574748123008, 0.0211763356842, 64, 2019
E, -9, 0.9999461642573947, 111.060625386, 115.203213756, 0.967212581304, -0.0170352076308, 0.0181626358295, 64, 2019
Z, 0, 0.9999928079934444, 173.907560445, 170.317830165, 1.0193353946, -0.00074321632177, 0.00169612527059, 67, 2019
N, 45, 0.9998948966732967, 55.5484119842, 59.3912564499, 0.930354201539, -0.0371476424869, 0.0204426904689, 67, 2019
E, 0, 0.9999543295360674, 128.13461401, 131.809348909, 0.980111023942, -0.0186499500603, 0.0138950406207, 67, 2019
Z, 0, 0.9999517537738591, 143.989363214, 140.948316269, 1.02063808963, -0.0174748795993, 0.00802530081442, 70, 2019
N, -16, 0.9998843533438255, 48.9923689022, 51.9576261281, 0.937636039927, -0.0106631009557, 0.0119553493374, 70, 2019
E, 100, 0.9998966624290829, 109.4477375, 113.359473085, 0.963299021406, -0.00811044922409, 0.00828074519556, 70, 2019
Z, 0, 0.9999083045076338, 75.9477014097, 73.1405258923, 1.03384699899, 0.000745878278177, 0.00795085749106, 73, 2019
N, 100, 0.9992607191312098, 29.2600544144, 30.4148834248, 0.96644972584, -0.0494866418429, 0.0247732731513, 73, 2019
E, 100, 0.9972374585000381, 64.2267705975, 66.1478304843, 0.977260230805, -0.0511794910062, 0.0144863512775, 73, 2019
Z, 3, 0.9999337339973544, 111.966683276, 109.617065631, 1.01684386304, -0.0405484319182, 0.0256560636438, 76, 2019
N, 100, 0.9977719257184495, 27.0005213822, 29.2961792771, 0.938086347159, -0.0529110944389, 0.0420951168921, 76, 2019
E, -100, 0.999662096914059, 80.3748245033, 81.513235928, 0.997340290053, -0.00440335086541, 0.0274419753412, 76, 2019
Z, -32, 0.9999807862252901, 195.320687665, 190.692851599, 1.02951420828, -0.00125119150515, 0.00916188271377, 79, 2019
N, 100, 0.9991859185969713, 55.6980858399, 59.9643277325, 0.924472198164, -0.0697533168055, 0.0187858802932, 79, 2019
E, 0, 0.9999861564327233, 140.494230025, 144.630071948, 0.972649947709, 0.00245867629576, 0.00344127002998, 79, 2019
Z, 0, 0.9999746842390052, 200.365863527, 196.409440366, 1.01635595637, -0.0107529249969, 0.00666912046463, 82, 2019
N, -100, 0.9997376851030203, 65.1473095799, 68.3585688726, 0.953215971162, 0.0201086319799, 0.00608429683462, 82, 2019
E, 0, 0.9999342393980735, 149.237925597, 154.966332098, 0.960859750753, 0.0101427512731, 0.00907869208707, 82, 2019
Z, 0, 0.9999168487363004, 128.995552559, 124.629713724, 1.03304596979, -0.0206129900945, 0.010313400983, 85, 2019
N, -100, 0.999476036926224, 48.4603024398, 50.2959774934, 0.96487154809, -0.0049114662523, 0.0188647887174, 85, 2019
E, 100, 0.9993570519371899, 101.317478846, 105.880765562, 0.958660435335, 0.281556423664, 1.33876716415, 85, 2019
Z, -100, 0.9995046097061331, 44.017630703, 44.3461916543, 1.01995420286, -0.0102933486664, 0.0229382325471, 88, 2019
N, -3, 0.996610283869928, 19.1186439398, 19.9905843545, 0.956522651379, 0.0720020626495, 0.0340714395696, 88, 2019
E, 100, 0.9923385716016122, 38.9167371627, 39.1973608614, 1.00981921299, -0.141260364204, 0.0829549897209, 88, 2019
Z, 0, 0.9999404185354319, 115.450143405, 113.589308503, 1.023019571, -0.0334086467993, 0.0245162346352, 91, 2019
N, 100, 0.9994341602678333, 32.6795559037, 34.5534778312, 0.946575896252, -0.0352333722191, 0.0279979379285, 91, 2019
E, -100, 0.999546713349301, 81.8080393497, 84.0810021299, 0.985081341871, 0.00543964056147, 0.0146035789331, 91, 2019
Z, -3, 0.9999944758865009, 167.844759988, 164.338655102, 1.01787638635, -0.0023062205542, 0.00485096433891, 94, 2019
N, 100, 0.999856956639725, 51.5796844624, 54.946620924, 0.95459883193, -0.0260478758739, 0.0181948403498, 94, 2019
E, -29, 0.9999535002948612, 120.519148756, 124.734966665, 0.966535224484, 0.0213149743303, 0.012180232362, 94, 2019
Z, 71, 0.9999646627053845, 174.057072491, 170.695255592, 1.01808371273, -0.0142009653629, 0.00470520440818, 97, 2019
N, -100, 0.999722550534702, 57.5024262131, 60.3648477129, 0.942800765431, -0.00972939260904, 0.0184827573679, 97, 2019
E, 6, 0.999895925659316, 126.23759804, 133.734603808, 0.951231586323, -0.0126908098956, 0.014996002237, 97, 2019
Z, 28, 0.99987750955984, 129.036619989, 125.521839877, 1.02514411882, -0.020992478093, 0.00835667014473, 100, 2019
N, -15, 0.999912132605193, 45.8392503792, 48.2368798883, 0.950535919664, -0.00425762710257, 0.00783564506347, 100, 2019
E, 100, 0.9994301205052145, 98.1414853237, 103.776990677, 0.948398265703, -0.00741539776141, 0.0130985567251, 100, 2019
Z, -78, 0.9997680023312361, 54.4910683869, 53.3603358375, 1.04114535391, 0.000963156004966, 0.0128207512426, 103, 2019
N, 0, 0.9992775689496107, 21.6088311741, 23.2139953972, 0.921671845872, 0.0162780054406, 0.0191563935277, 103, 2019
E, 100, 0.9964803792469106, 51.4273980196, 50.1408718625, 1.01856964851, -0.109860018409, 0.0384511491424, 103, 2019
Z, -12, 0.9999863772381082, 144.059751855, 142.008141503, 1.01572955216, 0.000941475512411, 0.0035896237296, 106, 2019
N, 100, 0.9972475523871832, 38.8795956804, 40.7806227221, 0.939557209038, -0.134571689052, 0.0685241277082, 106, 2019
E, -100, 0.9993930902746538, 104.53349905, 106.495599511, 1.00557311589, 0.0587640024425, 0.0363479024911, 106, 2019
Z, -32, 0.9999940882595583, 196.602004618, 194.647300691, 1.00632129472, 0.00249703920177, 0.00417686047868, 109, 2019
N, 88, 0.999846443527682, 63.1432994499, 63.7529034383, 1.00490117485, -0.044666130485, 0.027554938513, 109, 2019
E, -100, 0.999782816389013, 146.182012608, 150.155657504, 0.971605024223, 0.0458948717726, 0.0231325584197, 109, 2019
Z, 0, 0.9999418711514073, 172.47382107, 170.459394826, 1.01262420817, 0.00883642513541, 0.00747301849596, 112, 2019
N, -100, 0.9989376033441859, 61.9186626965, 62.169858171, 0.977118887279, -0.342202831597, 1.31669003854, 112, 2019
E, 0, 0.9994859849023652, 131.898575914, 136.565537671, 0.984939085315, -0.00597701781461, 0.0361437367753, 112, 2019
Z, 88, 0.9996146693592076, 95.8788777203, 92.0712899818, 1.03912532914, -0.0444036932864, 0.0215751456465, 115, 2019
N, -100, 0.9975735145623745, 39.1395344318, 40.0989004291, 0.977197039356, 0.0411014755638, 0.0221445144398, 115, 2019
E, 100, 0.9977763993183837, 75.4572669557, 81.6248856922, 0.923373679264, 0.266170454402, 1.33960883389, 115, 2019
Z, -100, 0.9996557730297575, 60.2031084982, 59.1083301009, 1.03522290371, 0.0165383265537, 0.0175848009323, 118, 2019
N, 100, 0.9871371754039737, 14.8856385357, 16.1074621983, 0.863019003969, -0.459395669073, 1.78749674938, 118, 2019
E, 100, 0.995374823715004, 46.4710123735, 44.1936743806, 1.04667012112, -0.211738737967, 0.116424737168, 118, 2019
Z, -100, 0.9999149648699457, 126.872596869, 124.374668514, 1.01553681578, 0.039221320772, 0.0155609735224, 121, 2019
N, 100, 0.9912270208375559, 37.3597477674, 39.014563126, 0.985865364074, -0.28955008078, 0.132521258941, 121, 2019
E, -100, 0.9998031968577805, 94.2802824285, 93.5695744706, 1.0228537252, 0.0394818850503, 0.0221511077877, 121, 2019
Z, 72, 0.999884537283461, 160.205363129, 158.544957938, 1.00191250071, -0.327254143977, 1.33029037325, 127, 2019
N, -39, 0.9998709139254879, 56.3009789703, 57.1046869706, 0.996466973638, 0.0118661008471, 0.0142954225555, 127, 2019
E, -100, 0.9998438752175318, 119.918882685, 126.136193115, 0.94651549773, 0.0471436464282, 0.0156751336675, 127, 2019
Z, 94, 0.9996761558549415, 103.492279763, 101.633700231, 1.01863322028, -0.0380753553016, 0.0181852193243, 130, 2019
N, -100, 0.9987230858966862, 40.2671650865, 41.1983879383, 0.973626578119, -0.00770833624857, 0.0162600923238, 130, 2019
E, 100, 0.9993387933295796, 81.4154778483, 87.941086702, 0.921864311953, -0.290585392722, 1.33767203751, 130, 2019
Z, -100, 0.9998020174025742, 85.8790615185, 84.1265903656, 1.02213121184, -0.015167767004, 0.02822316976, 133, 2019
N, 100, 0.9971266765159505, 20.1105630167, 22.602810031, 0.886736468304, -0.199797645022, 1.32269992991, 133, 2019
E, 100, 0.9979857638305758, 67.5325526719, 64.37196741, 1.01646754303, -0.112561877995, 0.0944808887025, 133, 2019
Z, -49, 0.9999314348160447, 155.554899917, 153.79594728, 1.01370837167, 0.0149374562096, 0.0105297730147, 136, 2019
N, 100, 0.998684380582032, 44.4685746597, 46.9533390262, 0.951338966285, -0.150812202943, 0.101082174654, 136, 2019
E, -100, 0.9996388020018028, 115.444236235, 117.294368664, 1.00295206857, 0.0342969723844, 0.0153984938126, 136, 2019
Z, -23, 0.9999759282235539, 176.378979585, 175.091742942, 1.01368603337, -0.00253416297761, 0.00903586498279, 139, 2019
N, 21, 0.9994868631848266, 59.4497016205, 59.6376662934, 0.971071508296, 0.0339007199737, 0.0465658779165, 139, 2019
E, -100, 0.9996522758368385, 134.339877127, 137.099140164, 0.97948287931, -0.0217317306214, 0.0303836620523, 139, 2019
Z, -100, 0.4752310326664413, 25776.6216588, 138.773028814, 143.439396374, -0.408674050006, 3.20729968693, 142, 2019
N, 100, 0.9059667689858155, 94.5471417494, 52.8744796686, 1.76527845248, 0.128133789411, 1.53723927955, 142, 2019
E, 100, -0.41565852935114267, 1257.68788507, 112.855768084, 8.7973073421, -0.795679748968, 3.1095420937, 142, 2019
Z, -100, 0.1750436224384517, 38231.4785827, 73.8017485066, 414.292916448, 0.461177285075, 1.16068669096, 145, 2019
N, -100, 0.9448564393668237, 138.817584161, 32.3968831617, 3.53062391081, -0.179111316841, 0.213445052681, 145, 2019
E, 100, -0.8745686193145306, 1883.06088363, 66.470152662, 22.4192501259, 0.394205254935, 2.79198191461, 145, 2019
Z, -100, 0.9997184731855472, 73.759933653, 70.1854315939, 1.06045782147, 0.00887921611805, 0.0194868760611, 148, 2019
N, 100, 0.9882690822956093, 17.0127253793, 20.6083804671, 0.90772795457, -1.60729717522, 2.79324185136, 148, 2019
E, 100, 0.9946292714462481, 58.4066862677, 53.3884344854, 1.02425696952, 0.278994684515, 1.2480063237, 148, 2019
Z, -100, 0.9998097990966304, 129.274979275, 127.102738857, 1.02925745809, 0.0164640590525, 0.0152271984979, 151, 2019
N, 100, 0.9956209422276187, 38.8654528133, 40.2954050151, 0.923138093214, -0.0640491998806, 0.0542687852095, 151, 2019
E, 0, 0.9990926180613757, 100.400817358, 96.8464008632, 1.04190271353, -0.0969315207168, 0.0708318736313, 151, 2019
Z, -100, 0.9995707856888928, 157.788902143, 159.877183088, 0.983940253624, 0.0251511919618, 0.0290032244678, 154, 2019
N, 100, 0.9971447615145761, 50.8896222588, 53.9976380786, 0.942262734495, -0.0782139762378, 0.0774138479299, 154, 2019
E, -100, 0.9974102979218427, 120.278639187, 124.120590412, 0.979071156591, 0.0508022142045, 0.0484738413212, 154, 2019
Z, 31, 0.9990236060457818, 136.486879774, 144.312815065, 0.929167678095, 0.0114192231712, 0.0493183570048, 157, 2019
N, 100, 0.9952248263918813, 48.5972798474, 52.6522476269, 0.915932532559, -0.107936876807, 0.050610249128, 157, 2019
E, -100, 0.9970391989377331, 103.80599396, 116.791520153, 0.86696075532, 0.122314110914, 0.0927359975678, 157, 2019
Z, 100, 0.9996013710898208, 93.0154081549, 90.5812768235, 1.03212766704, -0.0592692538851, 0.0235235408973, 160, 2019
N, -100, 0.9973409279573446, 36.4572261541, 36.4567100495, 0.987788660013, 0.0181771888417, 0.0298546894586, 160, 2019
E, 100, 0.998490811865507, 73.0205561555, 80.0620713291, 0.913928947267, -0.0314884299114, 0.0586845537343, 160, 2019
Z, -100, 0.9979720087834493, 91.2515342681, 99.2242299822, 0.961141595705, -0.0118780343405, 0.0992830133883, 163, 2019
N, 100, 0.984042370878818, 23.0300006183, 28.7163382899, 0.837031452438, 0.0924366151781, 0.181354005888, 163, 2019
E, 100, 0.9986596331485882, 71.8856078588, 77.1196100965, 0.960308595421, 0.167137626912, 1.3214432656, 163, 2019
Z, -100, 0.9999006131865036, 145.784948428, 144.408791989, 1.01340428201, 0.033301210776, 0.00896205460078, 166, 2019
N, 100, 0.9978090565813141, 44.8351586868, 45.8823503591, 0.960066281301, -0.126910641702, 0.0437268991613, 166, 2019
E, -100, 0.9995486705976295, 112.480442211, 111.141095788, 1.02963726454, 0.0222754500672, 0.0271688404408, 166, 2019
Z, -20, 0.9999467327009102, 152.03044577, 153.236754296, 0.98094346037, 0.00410077711735, 0.0133489283406, 169, 2019
N, 74, 0.9999177415318831, 54.7119836215, 53.5666549688, 1.0319608527, -0.0383521433154, 0.0239285379817, 169, 2019
E, -100, 0.9988263491849927, 117.601912856, 120.371471459, 0.978214774592, 0.0763564475828, 0.0345542583292, 169, 2019
Z, 52, 0.9998883129533265, 121.479975583, 122.753156152, 0.985169402394, -0.00918640257822, 0.00883444862609, 172, 2019
N, 0, 0.9994889468064602, 48.3728064695, 47.0682537751, 1.02609363753, -0.0475597704732, 0.0222073454439, 172, 2019
E, -100, 0.9992945860555958, 94.299286357, 100.145719686, 0.948982490244, 0.0894427521366, 0.0327184976653, 172, 2019
Z, 100, 0.9995063799498933, 74.000271737, 73.9741947159, 1.00146577367, -0.0367559310297, 0.017338655563, 175, 2019
N, -100, 0.9959795097723189, 29.9244356159, 30.3815776513, 0.987573078302, 0.0432998549497, 0.0232063763374, 175, 2019
E, 100, 0.9988779168682241, 58.7082730722, 64.9670951711, 0.891697239345, -0.0478478555115, 0.0261246081091, 175, 2019
Z, -100, 0.9995829406914424, 76.6619330428, 73.1361034514, 1.07365547307, 0.0393280957276, 0.0252172476251, 178, 2019
N, 100, 0.9867981554407326, 17.7468768227, 22.1309486862, 0.752545653059, -1.08966702561, 2.35318592596, 178, 2019
E, 100, 0.9958614560474512, 59.1728298181, 57.0065653584, 1.0554680162, -0.173172632677, 0.258111675924, 178, 2019
Z, -87, 0.9999147475531395, 128.939405955, 126.689210222, 1.02136337634, 0.0152935267175, 0.00857822507152, 181, 2019
N, 100, 0.9948619555016556, 38.3945575155, 39.6871701466, 0.947017433373, -0.106147745729, 0.0422150762638, 181, 2019
E, -49, 0.9997030473297281, 98.0858299744, 96.9578801896, 1.00436177402, -0.029445725877, 0.0347478755024, 181, 2019
Z, -14, 0.9999631396172722, 160.146158851, 159.305209552, 0.998302104213, 0.00980496528221, 0.0138272186786, 184, 2019
N, 100, 0.999558620140709, 52.8874814633, 53.3072439547, 0.99783781618, -0.0811557839284, 0.0421383231745, 184, 2019
E, -100, 0.9995105601303303, 121.171719725, 124.16524058, 0.981461394913, 0.0416205365746, 0.0222152266674, 184, 2019
Z, 100, 0.9997897179514235, 144.992255084, 143.673018211, 1.00097519202, -0.0422745590612, 0.0114991949495, 187, 2019
N, -100, 0.9995866947336519, 51.7133548031, 52.2387708076, 0.992819011009, 0.00752469032388, 0.0144325065773, 187, 2019
E, -100, 0.9999112824635115, 110.589326211, 117.209468704, 0.936685615798, 0.0520048281959, 0.0167404723711, 187, 2019
Z, 100, 0.9994458426507304, 94.2545020386, 94.6242093183, 0.996532902342, -0.0310709418256, 0.0125451768572, 190, 2019
N, -100, 0.9950374348002609, 35.1460097514, 36.6673171485, 0.969187014736, 0.0728991432057, 0.0293727820688, 190, 2019
E, 100, 0.9981734909142095, 75.4599305023, 82.7111142718, 0.919831899233, 0.0236740820473, 0.0377772176909, 190, 2019
Z, 0, 0.9986527147707255, 122.523202934, 135.691060022, 0.932782031945, 0.0309968300005, 0.0410143406038, 196, 2019
N, -48, 0.9974622867759311, 33.1502260306, 43.9176164884, 0.796534090239, -0.0526830718001, 0.118860666609, 196, 2019
E, -28, 0.9975053833639118, 92.089662193, 103.643842139, 0.922352983942, -0.00235358397365, 0.0876160012614, 196, 2019
Z, -100, 0.802061852459813, 115.664981483, 124.187560299, 0.906157907651, -0.00583417419973, 0.325496823773, 202, 2019
N, -100, 0.993594592612557, 46.7346549713, 46.8719832998, 1.00744574998, -0.0051274520564, 0.0387656648486, 202, 2019
E, -100, 0.986337377497205, 90.0082876853, 100.754915428, 0.864458556099, 0.0682067230531, 0.091127615648, 202, 2019
Z, -100, -0.15213477945885248, 53.9300788614, 79.2692687666, 0.635869637062, 0.839425075507, 2.00132278041, 205, 2019
N, -100, 0.9650465135182287, 31.1491602894, 31.346797286, 1.00200637789, 0.205746802677, 0.106983024529, 205, 2019
E, 100, 0.9369321925031184, 43.5314688262, 68.8291876923, 0.559624200865, -0.221019938095, 0.378250851659, 205, 2019
Z, -61, 0.9996621114222928, 75.7475609328, 72.2045899833, 1.02826690084, 0.0285039483762, 0.0404897581984, 208, 2019
N, 100, 0.9945445327261017, 18.709363308, 20.9346440442, 0.885481533675, 0.178521066003, 0.14193983541, 208, 2019
E, 100, 0.9947043375986659, 60.0862134288, 56.3618148999, 1.0061660808, 0.0993684074411, 1.31884481406, 208, 2019
Z, -100, 0.9997756324914474, 139.205589595, 137.873762665, 1.01208466987, 0.0605333823767, 0.0259132332039, 211, 2019
N, 100, 0.994390301970085, 41.283296287, 42.1162936, 0.971574768219, -0.163622200884, 0.0430136649847, 211, 2019
E, -100, 0.9993621413517833, 105.875118561, 104.357682159, 1.03678109301, -0.000875249467133, 0.0453273030282, 211, 2019
Z, -2, 0.9999399310026877, 176.10268532, 175.187665457, 0.994390914032, 0.00645327915021, 0.0156628353628, 214, 2019
N, 100, 0.999315128058428, 57.1515579552, 58.3839185731, 0.989944822644, 1.07943116364, 2.48946215451, 214, 2019
E, -100, 0.9996265212119015, 132.676850693, 136.694623286, 0.979404429766, 0.0410380701033, 0.0213084358929, 214, 2019
Z, 100, 0.9995953506903653, 153.216478945, 151.325749328, 1.00523558109, -0.0666630930484, 0.0298433560426, 217, 2019
N, -100, 0.999596514213684, 54.9786715082, 55.7796681277, 0.992863629782, 0.0191682898615, 0.0111599957691, 217, 2019
E, -100, 0.9997611115709059, 115.882376145, 124.333907233, 0.914187340426, 0.0519926946311, 0.0371755122806, 217, 2019
Z, 100, 0.9998209811356937, 89.2599001703, 84.9134020298, 1.05998929811, -0.0479257588938, 0.0138062119532, 220, 2019
N, -100, 0.9944116042914231, 33.2910699187, 34.216069904, 0.969670329245, 0.0901712421232, 0.0266613980302, 220, 2019
E, 100, 0.9982732911103737, 71.2133442181, 76.1214132087, 0.935502322011, -0.0610188352849, 0.019442384662, 220, 2019
Z, -100, 0.9996836962653448, 95.8569928865, 93.7128204086, 1.03625509995, 0.0357670253358, 0.0130445723073, 223, 2019
N, 100, 0.992525291805503, 25.6076340289, 27.118063104, 0.885920530218, 0.0168055653573, 0.0821844825878, 223, 2019
E, 96, 0.9994334338311175, 74.7802817478, 70.9416169528, 1.04667353247, 0.222828794089, 1.33433081557, 223, 2019
Z, -100, 0.9998905831525373, 143.636670129, 142.647490896, 0.999989405122, 0.0567326965529, 0.0186796634211, 226, 2019
N, 100, 0.997453529040585, 46.4888562324, 46.808843495, 1.01569983565, -0.196445618209, 0.0914875694208, 226, 2019
E, -100, 0.999333182470563, 108.267475405, 107.843180072, 1.01402385847, 0.0380231202888, 0.0294586852327, 226, 2019
Z, -43, 0.9998424138081625, 154.799955294, 155.994876663, 0.997245565858, 0.0389635309835, 0.0203724213531, 229, 2019
N, 9, 0.9997866097241203, 54.0846957586, 55.1872729836, 0.986409220686, -0.0335231953117, 0.0198862031113, 229, 2019
E, -100, 0.9998674556491738, 115.01701762, 121.45169147, 0.956456931407, 0.0202418048264, 0.0135207197219, 229, 2019
Z, 73, 0.9998800712359543, 131.521458671, 130.437026873, 1.00216420347, -0.0179942678193, 0.00536505158613, 232, 2019
N, -100, 0.9984363177276804, 47.1716810065, 48.8465225336, 0.970710610049, 0.00269387691143, 0.0268017855442, 232, 2019
E, -80, 0.9996134654905525, 98.0166253041, 105.409246755, 0.933143048785, 0.0590314588591, 0.033138817416, 232, 2019
Z, 100, 0.999318972880606, 76.6277454849, 76.4580501646, 1.00136670754, -0.0492603759793, 0.013967142698, 235, 2019
N, -100, 0.9932717276129153, 28.3743094169, 30.4437751285, 0.937311298442, 0.138873399949, 0.0518539756237, 235, 2019
E, 100, 0.9960290187795955, 58.5189569025, 67.4030097321, 0.872961554659, -0.0496148511917, 0.0180368708493, 235, 2019
Z, -100, 0.9994920861781472, 87.7172348728, 85.4858752893, 1.0503992365, 0.044347984509, 0.0331613614517, 238, 2019
N, 100, 0.9863920284752415, 21.6912375624, 22.9071190654, 0.879892325367, 0.288802402277, 1.30280656764, 238, 2019
E, 100, 0.9983869896652054, 68.6627696606, 64.9150581104, 1.04491760809, -0.0942689176338, 0.0745664506242, 238, 2019
Z, -74, 0.9999099169936343, 169.93414946, 167.872340944, 1.00857098766, 0.0505334283661, 0.0253044476112, 241, 2019
N, 100, 0.9977904869094191, 49.4044013091, 51.3819488796, 0.963925321406, -0.169738626813, 0.0696097730657, 241, 2019
E, -100, 0.9997393519690982, 124.29680642, 126.01888935, 1.00195392093, 0.00876613979278, 0.0212162176884, 241, 2019
Z, 47, 0.9999445808932859, 195.728404502, 194.413668679, 0.998293653727, -0.0215098193807, 0.0125813424694, 244, 2019
N, -94, 0.9994270484495063, 64.7705086663, 66.1244540144, 0.978437353593, -0.0165438146649, 0.0173971319479, 244, 2019
E, -100, 0.9998131653056135, 147.255187887, 152.840027224, 0.962069374872, 0.0374303485658, 0.0120311994846, 244, 2019
Z, 100, 0.9996923599397445, 144.837781757, 143.458528143, 1.00786348848, -0.0406893190734, 0.0186468078717, 247, 2019
N, -100, 0.996930609386066, 53.8347976721, 55.0484386449, 0.983004227349, 0.0596291645646, 0.0206207412144, 247, 2019
E, -19, 0.9997774404016003, 112.941954185, 119.791217475, 0.944666838088, 0.0321191882284, 0.0204876495548, 247, 2019
Z, 15, 0.9995253322150017, 61.2105832526, 58.3250785112, 1.04030194771, -0.0364993552159, 0.0166103799545, 250, 2019
N, -100, 0.9908159663861357, 27.016572333, 25.5180795007, 1.05361221794, 0.0503596940158, 0.0351344696738, 250, 2019
E, 100, 0.9962953787070357, 52.7832056698, 55.6255504924, 0.979663139852, 0.044926793082, 0.0438195102038, 250, 2019
Z, -8, 0.9998495663695401, 109.750576901, 108.903452888, 1.01672535135, 0.0361541337926, 0.0272646266391, 253, 2019
N, 100, 0.9987914421055872, 31.4646124271, 32.3349099876, 0.942225662909, 0.0543658997753, 0.0740193136308, 253, 2019
E, -100, 0.9991153816782452, 77.838980069, 80.7827619348, 0.979553120472, -0.0600528637859, 0.0721004945016, 253, 2019
Z, 42, 0.9999491136283154, 160.489838119, 157.413383983, 1.01017579214, 0.00480933151164, 0.0133608590757, 256, 2019
N, 100, 0.9995463294799946, 49.8553708115, 52.8018098965, 0.950229102222, -0.0844492423994, 0.0360555371871, 256, 2019
E, 0, 0.9999927531287994, 113.510020894, 119.345633344, 0.953773993735, 0.00144965993948, 0.00158575863317, 256, 2019
Z, 81, 0.9998917386448908, 166.928166302, 164.521553825, 1.00545983542, -0.032099977777, 0.0163032040465, 259, 2019
N, -35, 0.9999273537672893, 56.3823500905, 58.7500085575, 0.966464070213, 0.00287530544617, 0.00954235489357, 259, 2019
E, -19, 0.9999589107247865, 121.905998345, 128.430410235, 0.945263409596, 0.0181054938878, 0.00877409009456, 259, 2019
Z, 100, 0.9996081310200905, 130.833857419, 128.270161377, 1.01232677054, -0.0595725477263, 0.0242665782121, 262, 2019
N, -100, 0.9990662032849444, 46.5426839153, 48.2715092113, 0.973387152282, 0.0586202072034, 0.0248315436487, 262, 2019
E, 57, 0.9998861104173953, 97.5885637052, 104.135815071, 0.921890783417, 0.0125357304607, 0.0164244470152, 262, 2019
Z, 100, 0.998783194749637, 64.5620789096, 62.2596798696, 1.03954392261, -0.0627436649684, 0.019033269979, 265, 2019
N, -100, 0.9874096951082649, 24.9875800215, 25.3421342835, 0.980241074823, 0.083860570583, 0.0438424915301, 265, 2019
E, 100, 0.9938887965883151, 52.3090231541, 56.8879551203, 0.946811073764, 0.000985519941721, 0.0467218951797, 265, 2019
Z, -100, 0.9996761018172138, 120.898426853, 119.638694589, 1.0222462425, 0.0723273730385, 0.0406308833353, 268, 2019
N, 100, 0.9921259424425608, 32.1340868367, 32.9450137227, 0.921321050944, -0.125350181592, 0.107581523064, 268, 2019
E, -100, 0.9993720420145001, 88.2092222397, 89.251907092, 0.99924460283, -0.0732781900774, 0.0677543834387, 268, 2019
Z, -7, 0.9999666608598428, 199.571511657, 196.448705047, 1.01092778743, 0.0203559956092, 0.0159087849092, 271, 2019
N, 100, 0.9992971207924406, 57.9799896939, 62.2747446802, 0.934008884675, -0.0933357011326, 0.038860198927, 271, 2019
E, -64, 0.9998945160052194, 144.973989955, 149.56797903, 0.974605655729, -0.00376795891106, 0.0176781851721, 271, 2019
Z, 46, 0.9999223471203981, 196.274150601, 192.923855271, 1.0111469665, -0.0173666324706, 0.0103615607125, 274, 2019
N, -100, 0.9994664128640164, 64.5408184366, 67.9412472092, 0.949324913199, -0.00392682373207, 0.0165054388021, 274, 2019
E, 0, 0.9999330247767823, 147.052195672, 153.238204724, 0.965393536541, 0.00672243454142, 0.00966140978775, 274, 2019
Z, 60, 0.9995748156990487, 120.380985882, 116.18814408, 1.03457405825, -0.0537831144083, 0.027524735024, 277, 2019
N, -100, 0.9963352771831173, 45.5871183886, 46.621850277, 0.981254842758, 0.0691495340697, 0.0288649275954, 277, 2019
E, 100, 0.9992863172565084, 94.1112208367, 98.6482675449, 0.952728953903, -0.0190007228223, 0.0101604719545, 277, 2019
Z, -100, 0.9990978013946182, 58.5601226223, 57.8982021849, 1.05361968873, 0.0055142506353, 0.0732262150464, 280, 2019
N, -100, 0.9889056183070367, 14.72324627, 15.8552108503, 0.934094586876, 0.216502478721, 0.13487697999, 280, 2019
E, 100, 0.996377309062168, 45.6395443434, 42.6458150986, 1.01561999499, -0.0590033221172, 0.0675877354112, 280, 2019
Z, 5, 0.9999156806520647, 127.001753495, 125.638593482, 1.01280775601, 0.0304259253876, 0.0223394914237, 283, 2019
N, 100, 0.9989002112418311, 38.7740978797, 39.2454277545, 0.968942167883, -0.0860766045884, 0.0420700038566, 283, 2019
E, -100, 0.9997331329335757, 89.457348522, 93.9916799075, 0.968336577661, -0.0223005344978, 0.0281317529317, 283, 2019
Z, 45, 0.9999521102675177, 169.558688208, 166.729441824, 1.00813837841, -0.00759505205573, 0.0117790424187, 286, 2019
N, 59, 0.9997958247105553, 53.5407136548, 57.007457456, 0.960631410234, -0.0294506992017, 0.0268760117103, 286, 2019
E, -57, 0.999945483787595, 121.429943652, 127.627703957, 0.951835128996, 0.0120713468732, 0.00599461204543, 286, 2019
Z, 66, 0.9999168403725095, 165.932474808, 163.005185734, 1.01055801694, -0.0191366687832, 0.0113107904977, 289, 2019
N, -100, 0.9997141929891151, 55.4650924707, 58.6083232261, 0.955801927162, 0.00373599104346, 0.0152105509788, 289, 2019
E, -15, 0.9999166334906406, 121.50207564, 128.268484377, 0.953500267172, 0.0124301332579, 0.007902809774, 289, 2019
Z, 4, 0.9998788417499173, 117.46485138, 114.465860638, 1.02397201378, -0.015675775589, 0.00751447566418, 292, 2019
N, -100, 0.9995774985033861, 41.1289657027, 43.512525175, 0.943237103098, -0.00209716716336, 0.0151045578943, 292, 2019
E, 100, 0.9994752732900658, 90.8983536104, 93.6967480074, 0.985011774825, 0.0119248232402, 0.0212672321383, 292, 2019
Z, 0, 0.9990191909408097, 60.8814193947, 60.6017834131, 1.05104295916, -0.067748344936, 0.0287520523107, 295, 2019
N, -55, 0.9958484558200404, 16.4082632805, 18.1632102554, 0.921599148762, 0.138725376824, 0.0720874932771, 295, 2019
E, -34, 0.9979287731109495, 46.3949874921, 45.1544270852, 0.995259682589, -0.039164402704, 0.041203973088, 295, 2019
Z, 13, 0.9999863044128097, 153.759901385, 152.359746036, 1.01023871519, -0.00379395733489, 0.00279217923245, 298, 2019
N, 100, 0.9990156380350161, 41.6600693768, 44.4718981087, 0.939606841759, -0.140067608042, 0.106632454941, 298, 2019
E, -100, 0.9994515646916872, 109.581444752, 114.771245539, 0.966505732274, 0.0721828202852, 0.031625021275, 298, 2019
Z, 0, 0.9999200121841404, 203.090709953, 199.513168195, 1.00854979698, 0.0346090299967, 0.0283355582607, 301, 2019
N, -72, 0.9998938993595357, 61.5684651192, 65.6370064909, 0.938780565606, 0.0197191569375, 0.0179487103131, 301, 2019
E, 0, 0.9998850090548679, 147.118878158, 154.800776626, 0.941159573297, -0.0323098351935, 0.0195443215305, 301, 2019
Z, 44, 0.9998900085045765, 171.430898884, 168.191439765, 1.01457092316, -0.026831195237, 0.00853903922831, 304, 2019
N, -100, 0.998637323541747, 59.2400692323, 61.0819431503, 0.977465193804, -0.217557340834, 1.34377870825, 304, 2019
E, 21, 0.9999780664904823, 129.184878401, 134.407809167, 0.960303246518, -0.0030047216397, 0.00311562986572, 304, 2019
Z, 0, 0.9993949251705639, 89.2565207804, 87.1995590712, 1.02052750087, -0.0181752583551, 0.0206858192314, 307, 2019
N, -100, 0.9963852873959955, 35.6893564271, 35.9488090126, 0.987385420766, -0.00898678672503, 0.0308429464871, 307, 2019
E, 100, 0.9986445767586972, 74.6930669093, 75.1227691048, 1.00721604875, 0.0436641257359, 0.0323437925641, 307, 2019
Z, 100, 0.996592597344004, 65.9097624037, 71.2265276791, 0.947139444345, 0.0704453997674, 0.0938340174949, 310, 2019
N, 100, 0.9925235504618827, 19.4955537347, 19.7617431874, 0.92099388295, -0.481046369362, 1.83228086144, 310, 2019
E, -100, 0.9970408972404757, 52.6414789972, 53.0851763434, 1.01186659792, -0.00140405665206, 0.0347907794299, 310, 2019
Z, 62, 0.9999640514296421, 134.004134195, 132.510951303, 1.01131405645, -0.00885249187934, 0.00644836472885, 313, 2019
N, 33, 0.9998511584957498, 40.4298816461, 42.7249567718, 0.948429536721, -0.0309133819396, 0.0245771041935, 313, 2019
E, -100, 0.9998653206859753, 95.4654644823, 100.204011184, 0.954493711585, 0.00638761841453, 0.0115196928938, 313, 2019
Z, 77, 0.9999922632538564, 168.617673712, 164.884975958, 1.02184056242, -0.00537902620259, 0.00468284047334, 316, 2019
N, -82, 0.9999051484211977, 52.608633539, 56.8141672631, 0.931887225297, -0.0147851162957, 0.0172615723053, 316, 2019
E, 0, 0.9999445033026472, 120.532518579, 127.335335072, 0.950901694499, -0.0220771066107, 0.0185022298046, 316, 2019
Z, 34, 0.9999637567952964, 156.313205442, 151.984870155, 1.02666011383, -0.00878121208591, 0.00512499746871, 319, 2019
N, -100, 0.9998849523071734, 50.4289938598, 54.8925656267, 0.918597431425, 0.0129925148543, 0.0132406280135, 319, 2019
E, 100, 0.9998522064859314, 116.076977131, 120.658430477, 0.971869100194, -0.0282807450529, 0.0156080418419, 319, 2019
Z, 0, 0.9998234712262208, 101.369279853, 97.8440649975, 1.03332268695, -0.032664247111, 0.017029456322, 322, 2019
N, 0, 0.9997400527177013, 34.9319707956, 37.0866740223, 0.936916609264, 0.0211265597359, 0.0217493257704, 322, 2019
E, 100, 0.9994231008020902, 79.7305442044, 81.1566126766, 0.986649079171, -0.0200637339411, 0.0116304836441, 322, 2019
Z, -57, 0.99982644967151, 89.8601449441, 89.3859629254, 1.01976666472, -0.570201488534, 1.84265380232, 325, 2019
N, 100, 0.998678177231485, 21.8461477979, 23.8059198602, 0.918770328823, 0.262875421738, 1.34123852626, 325, 2019
E, -100, 0.9988840880802143, 68.1430795824, 67.9067682161, 1.00844587858, -0.00528178994016, 0.0319653245787, 325, 2019
Z, 44, 0.9999675699531871, 162.553598688, 160.092175999, 1.01863050288, -0.0128309736281, 0.00696174984906, 328, 2019
N, 85, 0.9995459544291931, 45.9075155156, 48.9538663325, 0.92625130635, -0.0521294361321, 0.0339612937645, 328, 2019
E, -100, 0.9999561089862685, 117.185368895, 122.366832422, 0.953912335327, 0.00246104080972, 0.0132184542766, 328, 2019
Z, 67, 0.999995852016272, 183.052833225, 179.00545444, 1.02288973867, -0.00783596767993, 0.00437871025482, 331, 2019
N, -100, 0.9995849788317822, 55.8299384023, 60.6607431151, 0.932840770756, 0.0170125631625, 0.0279321475882, 331, 2019
E, 0, 0.9999644866610485, 132.677671513, 140.475211908, 0.950194558291, -0.00782103603273, 0.013907771895, 331, 2019
Z, -100, 0.9418249786117948, 71.427016923, 73.990187017, 0.915631469825, 0.0319044625529, 0.0708998839895, 337, 2019
N, -100, 0.9413137664050256, 24.7050234404, 29.9588181136, 0.798772483763, 0.0471333912019, 0.106131125884, 337, 2019
E, -100, 0.9532385254223613, 58.0886888894, 64.0219949585, 0.870503222736, -6.55419711821e-05, 0.0902182308352, 337, 2019
Z, 62, 0.9999524366497408, 129.379963696, 128.297999369, 1.01413941314, -0.0217415617339, 0.00971893280379, 343, 2019
N, 30, 0.9998121695420833, 39.2476426625, 41.6693793139, 0.942680043747, -0.0484690681657, 0.0336358160765, 343, 2019
E, -100, 0.999853691654624, 93.5317740348, 97.8847867895, 0.952866438323, -0.00128892310794, 0.0196874219791, 343, 2019
Z, 45, 0.9999933244623527, 161.306553903, 157.936572513, 1.02554025643, -0.00407502033553, 0.00488629235209, 346, 2019
N, 54, 0.9999831385424235, 50.348896972, 54.009557387, 0.926533853218, -0.0157712147903, 0.00950048914528, 346, 2019
E, 0, 0.999916318539377, 117.679906611, 122.830728975, 0.963515112075, -0.0376154028166, 0.0283051766932, 346, 2019
Z, 0, 0.9999751679235048, 148.65951782, 144.780306449, 1.02508178664, 0.000412585312383, 0.00287388646138, 349, 2019
N, 100, 0.9997526031079584, 47.4072310457, 51.5304662989, 0.921027198389, -0.0188214163735, 0.00967864064876, 349, 2019
E, 21, 0.9999370314482144, 113.344507149, 115.242321443, 0.992832090225, -0.0163403618871, 0.0140179911293, 349, 2019
Z, 0, 0.9999152680240369, 96.8410879625, 94.183786139, 1.02680429824, -0.0095427013418, 0.0070847924938, 352, 2019
N, 64, 0.9997364152932872, 33.2644622302, 34.9707496272, 0.947145814309, -0.029346061337, 0.017487015114, 352, 2019
E, 2, 0.9999504460832309, 79.5845443177, 79.729920966, 1.0033505778, 0.0152920108815, 0.00965543726846, 352, 2019
Z, 0, 0.9999853428353517, 98.6537493159, 97.7066934445, 1.01000426844, 0.000436772869693, 0.00964146486393, 355, 2019
N, -41, 0.9999046293190538, 25.855163975, 27.73761552, 0.939484216868, 0.0391962377595, 0.0216103363999, 355, 2019
E, -66, 0.9999214183028443, 75.7302690761, 75.9410629475, 0.997353245882, 0.0332063028217, 0.0127477975129, 355, 2019
Z, 27, 0.9999406242846562, 150.286332625, 147.110278462, 1.02922215315, -0.0235626048345, 0.0157747199975, 358, 2019
N, -51, 0.9998098311085436, 43.077618107, 46.2010310949, 0.920821124629, -0.00307603570049, 0.00950349577785, 358, 2019
E, 0, 0.9999371268198872, 111.147323086, 112.978266643, 0.98157967, -0.0219172799548, 0.0162845914299, 358, 2019
Z, -9, 0.9999929798370726, 164.203267075, 160.066838468, 1.02914111806, 0.00542511177772, 0.00445985335548, 361, 2019
N, -100, 0.9999136574677849, 50.9878027858, 54.9530518724, 0.939632104056, 0.0350224065379, 0.0193803854566, 361, 2019
E, 23, 0.9997995071477849, 122.571655247, 125.315308435, 0.985846990987, -0.0398398551381, 0.0324973663515, 361, 2019
Z, 0, 0.999948896208538, 134.701303224, 131.229959405, 1.02540434518, -0.0138970865449, 0.00613052731276, 364, 2019
N, -100, 0.9990280902570763, 44.9406060162, 48.2193980814, 0.928528279114, 0.02638946928, 0.014624197531, 364, 2019
E, 100, 0.9998121368355228, 102.52973303, 104.535061455, 0.988392537265, -0.0266491010286, 0.0133633021441, 364, 2019
