Chan, Phase Shift, Correlation, ptp-data, ptp-synthetic, rat, phasem, phasestd, DOY, Year
Z, -100, 0.7160881844139851, 11.5711253177, 14.745963166, 1.08156770556, 1.75322381, 1.35484308048, 1, 2019
N, 100, 0.9991816673679662, 65.0851378979, 62.4574385771, 1.03954611798, -0.0486631545357, 0.00970446815758, 1, 2019
E, -59, 0.9849935481952036, 23.6396225429, 22.8442224581, 1.02960124512, 0.0470015188643, 0.0430785342405, 1, 2019
Z, -100, 0.7519762760497659, 17.2236791158, 11.5377090433, 1.72298773464, 0.411110197968, 0.257914493185, 4, 2019
N, 20, 0.9996918239978578, 97.4684842503, 98.7103891752, 0.985332290307, -0.021447740643, 0.0147448822737, 4, 2019
E, -100, 0.9259741432611407, 23.7810611905, 29.1003136095, 1.02999959539, 0.681572742554, 0.350307296522, 4, 2019
Z, 100, 0.9451113368212087, 22.3632056922, 18.2990735876, 1.57500444632, -0.220673713323, 0.286395850483, 7, 2019
N, -100, 0.9984727190584022, 103.573759992, 104.013707197, 0.996608568978, 0.0711781769589, 0.0258075746138, 7, 2019
E, -100, 0.982599991282652, 24.2150002274, 29.277374011, 0.855555018, 0.265054621377, 0.0782467158457, 7, 2019
Z, 100, 0.9270408383649592, 19.8288182335, 28.2571944388, 0.899065675204, -0.273719539545, 0.311696130086, 10, 2019
N, -100, 0.9981529822382355, 87.6522023238, 80.8956945327, 1.08763667472, 0.0529202846243, 0.00870660353702, 10, 2019
E, -100, 0.9871735561777869, 14.350379572, 14.1612107227, 1.05797015798, 0.10698947705, 0.0338641191113, 10, 2019
Z, 100, 0.950043126279738, 19.2631145401, 18.7828474505, 1.30797803553, -0.0599378268147, 0.241567307747, 13, 2019
N, -100, 0.9832352483660094, 42.1814187054, 40.3816473365, 1.04868815848, 0.358621962445, 0.228785888346, 13, 2019
E, 100, 0.9221917611860013, 13.4864189154, 17.3400647765, 0.868095676348, -0.260101652176, 0.17949821936, 13, 2019
Z, 0, 0.8912450741203536, 13.0026693829, 8.81995505536, 1.43278137306, 0.0968680353155, 0.325627308617, 16, 2019
N, 100, 0.9949213106254763, 60.670593834, 60.590262736, 0.993482016596, -0.0371882479301, 0.00994058940776, 16, 2019
E, 0, 0.9978091402079939, 24.4521309612, 20.88393389, 1.25008041187, 0.0130717217571, 0.0101740285864, 16, 2019
Z, -100, 0.7591398615278504, 10.3425120923, 14.5440156402, 0.598478136612, 0.684152694519, 0.846536781184, 19, 2019
N, 91, 0.9993422043101815, 110.497396904, 112.54921534, 0.981184634366, -0.0266878694719, 0.0152893457796, 19, 2019
E, -100, 0.9916882694677003, 23.4046253691, 23.6977503434, 1.05711388384, 0.186115710954, 0.101553724362, 19, 2019
Z, 100, 0.920519506686405, 18.7589799713, 19.2257136959, 1.20724494401, 2.78738248272, 3.29492152032, 22, 2019
N, -100, 0.9998803267900346, 121.43307785, 122.951628848, 0.986109550901, 0.0191095280907, 0.000976045737331, 22, 2019
E, -100, 0.9872946472962006, 32.9824469998, 36.9948025431, 0.930518549343, 0.229305453992, 0.0919283724241, 22, 2019
Z, -100, 0.842310956052428, 26.308828238, 39.8048659468, 0.817359039768, 0.29633138827, 0.260901215904, 25, 2019
N, -100, 0.9993608046213504, 72.4790482272, 72.0722469475, 1.00319227931, 0.0336490009774, 0.0123961425884, 25, 2019
E, -100, 0.9316361257857607, 17.9553491608, 14.1672189183, 1.63523870573, 0.031257423861, 0.171598753263, 25, 2019
Z, -100, 0.8955014599510864, 48.1413275309, 19.7276361036, 3.44597382835, 0.37626571682, 0.24172943229, 28, 2019
N, 100, 0.9979493696744985, 46.925791738, 42.6598679278, 1.12180641296, -0.0741189132887, 0.0187789529323, 28, 2019
E, 100, 0.7955082476346278, 19.6166179517, 34.0289641726, 0.797840089769, -0.622975650363, 0.21626747608, 28, 2019
Z, -100, 0.3088634557472182, 11.82630172, 12.4793104708, 1.38215394796, 2.36379343881, 1.11166889338, 31, 2019
N, 100, 0.9987270116969145, 79.4409151043, 81.9323373791, 0.972869359946, -0.0583773783111, 0.0092708016424, 31, 2019
E, 100, 0.9828980717459043, 22.9419012339, 22.7023478813, 0.978198244026, -0.199365916812, 0.042388355484, 31, 2019
Z, -100, 0.14972895752273768, 8.53056344409, 8.60878834549, 1.53638042307, 1.52171214724, 1.60958801807, 34, 2019
N, 47, 0.9995876737421306, 92.9945088324, 94.0872765281, 0.986323841246, -0.021572491493, 0.0121712603192, 34, 2019
E, -100, 0.9572307891508467, 17.3180417574, 25.4611166269, 0.962093731616, 0.595126104189, 0.467433215752, 34, 2019
Z, 100, 0.8262737587658625, 14.6972870258, 21.0836470893, 1.11451296182, -0.350408335324, 0.488396947077, 37, 2019
N, -100, 0.9986972934985907, 81.4669816153, 79.9468593351, 1.01839925846, 0.00856532328017, 0.0396328374505, 37, 2019
E, 100, 0.9981223440097751, 20.3895116657, 22.1424815927, 0.948769914125, 0.179517253393, 0.214747404991, 37, 2019
Z, 100, 0.9201991542948176, 24.2857886953, 29.6660648401, 0.973162322678, -0.369106308808, 0.212750036946, 40, 2019
N, -100, 0.9826406696543787, 45.4913893296, 42.5481804474, 1.08684442429, 0.238679545363, 0.0640417159407, 40, 2019
E, -65, 0.7870702623938778, 8.94283915424, 10.3726165006, 0.957569836348, -3.18929724227, 2.60918462716, 40, 2019
Z, 100, 0.8761661191064617, 20.3718706914, 19.4812425196, 1.4932976799, 0.0100750921735, 0.335474415119, 43, 2019
N, 100, 0.994093059440948, 36.7053657871, 36.2764122545, 1.01311661661, -0.108722660458, 0.013242226492, 43, 2019
E, 100, 0.956991505022202, 16.5115152275, 25.0241484514, 0.791245127504, -0.27853647542, 0.134125900052, 43, 2019
Z, -100, 0.6134755339415013, 13.5794848882, 9.01224308449, 1.65699855358, 0.624424126179, 0.406631111997, 46, 2019
N, 100, 0.9989186411865957, 83.9145388642, 86.6109306193, 0.960930181314, -0.0327206448518, 0.00165443950841, 46, 2019
E, 100, 0.9937221937309497, 22.6178127786, 25.5550993219, 0.99143457741, -0.0199518052487, 0.0864050051163, 46, 2019
Z, 100, -0.29830602689715957, 8.90982453477, 12.3305191235, 0.953580399564, 3.50323828106, 0.778285784144, 49, 2019
N, -91, 0.9995766175795103, 105.917141704, 108.36596255, 0.973670920514, 0.0254445395766, 0.00642529100606, 49, 2019
E, 100, 0.9913945244147041, 26.855847633, 23.3654209399, 1.15874163678, -0.173489987702, 0.0512045755402, 49, 2019
Z, 100, 0.9020276028304088, 19.3552910133, 28.0830048639, 0.89608489983, -0.282214280492, 0.32327364244, 52, 2019
N, -100, 0.9978189164725746, 80.3519692455, 77.0663766267, 1.05038896508, 0.0798557035752, 0.0210242425394, 52, 2019
E, -100, 0.9836364658799115, 25.8532745771, 31.2451362587, 0.875380566616, 0.0429587740249, 0.0932173463259, 52, 2019
Z, 100, 0.9465465240350711, 32.5671556044, 41.227249652, 0.97622327555, -0.142865543008, 0.207717085433, 55, 2019
N, 100, 0.7813385426144274, 35.660410214, 24.219223553, 1.6661923942, -0.78240049247, 0.351929473448, 55, 2019
E, 100, 0.9479709940906684, 17.5210733815, 21.251005247, 0.884985803216, -0.376375420754, 0.0179658296587, 55, 2019
Z, 0, 0.9599543006868569, 17.4699765367, 15.0828380025, 1.41899262646, 0.11019455589, 0.146809866063, 58, 2019
N, 100, 0.9227511448257638, 45.0584734474, 65.0588687238, 0.638060024574, 2.87650308969, 3.0982255733, 58, 2019
E, -100, 0.9617093831200005, 35.3787586423, 38.0852372335, 1.06811540308, 0.26342670522, 0.125972877058, 58, 2019
Z, -100, 0.81115974155328, 13.2912501368, 8.70567558796, 1.40375092838, -0.0151958091288, 0.813615285243, 61, 2019
N, 0, 0.9991743443987929, 72.0018294823, 77.5994507297, 0.9245086088, 0.00233951699977, 0.0259298172018, 61, 2019
E, -100, 0.985671384196835, 28.1794713831, 18.428527926, 1.41123397979, -0.0410056532889, 0.104401468966, 61, 2019
Z, 100, 0.478091705520231, 26.1519168437, 8.90011841161, 5.48038443275, -0.278657263223, 0.893290777267, 64, 2019
N, -100, 0.9979270935584463, 62.9675350082, 65.8418856848, 0.948785067979, 0.0707412917886, 0.0208311157095, 64, 2019
E, -100, 0.8387696952009062, 18.5128809573, 21.2880301822, 1.36223414147, 1.32992779594, 1.08914651375, 64, 2019
Z, 100, 0.8244231991910901, 12.1748799087, 23.8232082319, 0.66512464594, -0.65276928095, 0.328458778045, 67, 2019
N, -100, 0.9958352633774, 36.0519587859, 35.8213157156, 1.0211307906, 0.102326474191, 0.015944869327, 67, 2019
E, -100, 0.9645408321816387, 17.1446082947, 17.3892981799, 1.11464078296, 0.109819293485, 0.226003997564, 67, 2019
Z, 7, 0.9354761988369062, 24.2320762283, 31.4745373144, 0.99021439413, -0.0178849977473, 0.340490457317, 70, 2019
N, 100, 0.9929082486306153, 26.8919635378, 27.4863870493, 0.933341482161, -0.0441595765299, 0.0805557534018, 70, 2019
E, 100, 0.8561249836660346, 8.63179621928, 16.4671377327, 0.574178570714, -0.47956012502, 0.331373438891, 70, 2019
Z, 100, 0.7958911574494163, 19.8206381551, 18.8882394829, 1.61777741325, -0.0842610791433, 0.369071086894, 73, 2019
N, 100, 0.9994771062155081, 67.5864385812, 69.42611198, 0.958244292701, -0.0040143594657, 0.0210961156292, 73, 2019
E, 100, 0.9922515321654224, 26.1834502676, 32.4553176565, 0.859352667527, -0.0912040591038, 0.0827502631799, 73, 2019
Z, 100, -0.17965221482844274, 24.5385651788, 9.25464417236, 3.91798469266, 0.239953809703, 2.18810295838, 76, 2019
N, 0, 0.9996277920572249, 87.6569567461, 89.7539910478, 0.969944210805, 0.0112786856706, 0.00730322117988, 76, 2019
E, 100, 0.8916274691606021, 23.7583933686, 25.2279964145, 1.16207379899, -0.404821751508, 0.159074464037, 76, 2019
Z, -100, -0.1603618561560494, 9.54708178198, 12.9378826888, 0.972269456554, -1.92501770667, 0.606696890348, 79, 2019
N, -100, 0.9983400837241156, 63.434459334, 64.7209479488, 0.970577043744, 0.0396620621982, 0.00596147541098, 79, 2019
E, 100, 0.9743857021223495, 22.8240686724, 23.3285730431, 1.09877694696, 0.00161038680829, 0.25261726533, 79, 2019
Z, 100, 0.8995621172019288, 24.8904081934, 36.010490489, 0.90213891676, -0.317856395584, 0.316106061555, 82, 2019
N, 100, 0.949660774598938, 23.2826124476, 27.0300812423, 0.840830727538, -0.377602848417, 0.267909932896, 82, 2019
E, 0, 0.9878646118828514, 21.2818050172, 25.1031107918, 0.847135539874, 0.182804408088, 0.136023984615, 82, 2019
Z, 100, 0.9467449692456319, 30.8391487801, 36.4238480259, 1.00530365951, -0.18412219022, 0.213557027173, 85, 2019
N, 100, 0.9872661965834566, 57.4030034244, 64.4257026839, 0.862482946883, -0.130744978897, 0.033705543504, 85, 2019
E, 0, 0.9918241334803243, 23.5939905304, 31.8017820912, 0.809962506544, -0.0329970926972, 0.0974880807602, 85, 2019
Z, 100, 0.5860296680205488, 16.937895243, 10.1015382092, 2.53818361345, -0.28003198358, 0.974583125692, 88, 2019
N, 100, 0.99732855165549, 68.8056828016, 74.6703080238, 0.915652605048, -0.0463847136201, 0.0178154097997, 88, 2019
E, 100, 0.9609728431295332, 28.4067328204, 35.8057155659, 0.929744283477, -0.114619522196, 0.223196361815, 88, 2019
Z, -100, -0.6245063067898595, 33.9446484624, 7.44901079863, 8.05426724397, 0.548471100142, 2.52898647927, 91, 2019
N, -100, 0.9913265537878146, 60.9755365641, 55.5435729908, 1.15248289409, 0.115746220557, 0.0780084540377, 91, 2019
E, 100, 0.8407868971955554, 20.8017098064, 12.3381806016, 1.69180225227, -0.662380828459, 0.110115457826, 91, 2019
Z, -100, 0.15414090320667648, 21.168143414, 10.2770035407, 3.4568651696, 0.29047556652, 1.24331241242, 94, 2019
N, 100, 0.9657823608693046, 36.725062742, 24.5294250138, 1.48344321802, -0.261107997295, 0.0185387622299, 94, 2019
E, 100, -0.07596807187562488, 7.46210984197, 18.9910223413, 0.709953231727, 2.39486980602, 1.23477174444, 94, 2019
Z, 100, 0.8396985647467825, 40.9744820979, 25.4300155597, 1.71016836161, -0.306322585827, 0.288711312625, 97, 2019
N, -100, 0.9263890875586267, 40.0036361665, 39.9518759945, 0.88729321387, 0.247646476149, 0.297225551318, 97, 2019
E, -100, 0.8619260555636756, 34.9828511442, 17.9504891831, 1.51404045682, -2.45620392531, 2.62691142269, 97, 2019
Z, -100, 0.9474727077234029, 68.223609571, 31.7612853197, 2.67451140058, 0.193539267311, 0.22808704805, 100, 2019
N, 100, 0.9965561050937433, 76.2644610259, 76.1428863519, 1.03037305363, -0.0724581479833, 0.0686503615357, 100, 2019
E, 100, 0.884389488819458, 13.6200375081, 24.5561653619, 0.586286615777, 2.64901844198, 3.12280944767, 100, 2019
Z, 100, 0.8023628141747152, 18.1804405515, 14.2797454983, 1.92263347725, -0.0791331728068, 0.410936926521, 103, 2019
N, 100, 0.9995226484333049, 84.0612953616, 88.8435360201, 0.944877294088, -0.0309942924367, 0.00810550023395, 103, 2019
E, 100, 0.9930542168960209, 30.7055973835, 36.9656654388, 0.810114626992, -0.0743940985584, 0.00274551830024, 103, 2019
Z, 100, -0.11655473800570984, 15.1500661486, 13.0054643769, 1.4571830697, 2.62855391157, 0.670309576654, 106, 2019
N, 100, 0.9973889193526586, 58.6304135863, 61.8137242742, 0.964890251887, -0.037050367143, 0.0314438366489, 106, 2019
E, 100, 0.9304428840241039, 13.9851674877, 18.3192804067, 0.657348946502, -0.470634189825, 0.213327886092, 106, 2019
Z, 100, 0.6961246686769761, 12.8576444581, 16.700353903, 1.04435689625, -0.80156209579, 0.359984549042, 109, 2019
N, 100, 0.9948551547368278, 32.0772236538, 35.1033177993, 0.896984800722, -0.00399003968652, 0.0838705816534, 109, 2019
E, -100, 0.9500961840083811, 22.5443007613, 26.1350535708, 0.789592969952, 0.489711360021, 0.39114031268, 109, 2019
Z, 100, 0.9258300009787344, 23.9532287636, 36.5909533104, 0.825791585476, -0.180679765294, 0.280350651311, 112, 2019
N, -100, 0.9955625236993539, 62.6117867735, 77.8597106197, 0.806350745194, -0.003842797365, 0.042875170089, 112, 2019
E, 100, 0.9389018817288185, 20.1467307226, 25.5651521091, 0.94098686374, -0.308214631453, 0.12948029052, 112, 2019
Z, 100, 0.9392687199213217, 26.2739119387, 28.1264414785, 1.15474552926, -0.17353582324, 0.211964002388, 115, 2019
N, -100, 0.9752105761564823, 77.3102854068, 87.346117357, 0.880673226018, 0.211928205301, 0.120187385136, 115, 2019
E, 100, 0.9923751472554149, 26.2544849896, 35.8963738877, 0.782524692785, -0.057268037493, 0.0471534387187, 115, 2019
Z, -100, 0.6613628313397761, 14.7454420343, 6.60675261903, 4.57689286877, 0.847422436054, 0.734157642656, 118, 2019
N, -93, 0.9997856210949438, 64.6048319477, 68.042102753, 0.955963404935, 0.018880574131, 0.0099373488761, 118, 2019
E, 100, 0.9759048055995853, 26.9408754585, 31.1163213566, 0.79610838777, -0.216248417524, 0.0607616941648, 118, 2019
Z, -100, 0.09636590838213127, 7.44659271015, 9.08764322855, 1.18135052527, 0.879837061192, 1.24666538351, 121, 2019
N, 0, 0.9983753625673503, 29.5907039229, 29.5664873537, 1.01808283609, 0.0145995019781, 0.0668487353249, 121, 2019
E, 100, 0.6173431455332348, 7.24904571454, 7.33468396693, 0.858891509906, 0.946707756334, 1.90419755459, 121, 2019
Z, 100, 0.6185608225391958, 6.05464501801, 11.2319366203, 0.884983089188, -0.167487272264, 0.783496522511, 124, 2019
N, 100, 0.999648715069237, 46.8393035517, 49.6121799611, 0.930734642519, -0.00403716105553, 0.0230141986109, 124, 2019
E, -100, 0.9396184844109842, 16.1870298865, 20.0180811026, 0.592859750902, 0.464721444525, 0.375854397797, 124, 2019
Z, 100, 0.9488813453232917, 29.9414426291, 26.3009357359, 1.46120409328, -0.01328266009, 0.279315924899, 127, 2019
N, 87, 0.9998559661741785, 87.4043114882, 90.8579797584, 0.963423455797, 0.000427103035127, 0.0139106819792, 127, 2019
E, -100, 0.9810939677267259, 17.9682473242, 22.6440366068, 0.725997078388, 0.0711611495017, 0.0291953280185, 127, 2019
Z, 100, 0.8129751418352273, 26.5197067044, 29.5321582908, 1.1433134764, -0.0644395691514, 0.0568210175751, 130, 2019
N, 100, 0.9996047431744598, 98.852259119, 102.947325177, 0.95405366951, -0.0123151986975, 0.0105697101007, 130, 2019
E, 100, 0.9723969195126941, 24.8258346266, 31.4484970764, 0.82432253719, -0.171018107605, 0.0746291281828, 130, 2019
Z, -100, 0.13804041193114525, 36.1268514255, 8.73311742816, 9.96526408024, 1.33462440472, 0.727882224983, 133, 2019
N, -41, 0.9995394828413274, 77.4911824865, 77.6216064937, 1.01820775537, 0.0227983821464, 0.0244614907101, 133, 2019
E, 100, 0.9138826924229096, 27.6204768707, 37.5120296417, 0.672915692746, -0.473145735338, 0.120486224235, 133, 2019
Z, -100, 0.5694145085848054, 11.4299021916, 17.9038416521, 0.522798666639, 0.814148351579, 1.13708832416, 136, 2019
N, 100, 0.997625149428124, 33.4312830696, 35.4779454903, 0.943030452635, -0.00369287223172, 0.0684926207669, 136, 2019
E, 0, 0.9604401013810133, 9.29237328394, 10.1910642295, 0.701934684347, 0.175523226926, 0.341043919169, 136, 2019
Z, 100, 0.5436099541707802, 26.020547512, 18.4294722112, 2.33426144655, -0.16898460977, 0.847775591582, 139, 2019
N, 100, 0.9993432355832647, 85.080864015, 86.5835069915, 0.979045843544, -0.0391438023902, 0.00377548611613, 139, 2019
E, -100, 0.9497597525215693, 20.4760090893, 30.3918801665, 0.58459997646, 0.120552998878, 0.267397149469, 139, 2019
Z, 100, 0.8777794416677962, 59.8528516461, 32.1691672862, 2.28219367585, -0.40881920851, 0.245180415856, 142, 2019
N, 100, 0.999204935175412, 95.8391077981, 100.86943242, 0.944937742596, -0.0383968964013, 0.0136470433663, 142, 2019
E, -100, 0.863970563503824, 26.4549374186, 27.5100475162, 0.829996210052, 0.489545022318, 0.0757066444817, 142, 2019
Z, 100, 0.9163270804207824, 22.7265651928, 21.3109679172, 1.31573816715, -0.209313716854, 0.212843764568, 145, 2019
N, -100, 0.9996849525112381, 80.8282708034, 86.5895222511, 0.936222790228, 0.0293737559473, 0.016116512096, 145, 2019
E, 0, 0.9980835001812739, 25.6331809392, 36.1143595155, 0.70672573149, 0.0106669495523, 0.0124675342159, 145, 2019
Z, -100, 0.6094745336322743, 10.5571206459, 6.13000283501, 3.4768214658, 1.37899657535, 0.795319193205, 148, 2019
N, -100, 0.9994674573672626, 49.4848914003, 52.3387735731, 0.961193524235, 0.046409531393, 0.0342434453578, 148, 2019
E, 100, 0.9920367063987166, 20.6466994117, 26.6630156469, 0.740549965204, -0.140548427469, 0.0134199109901, 148, 2019
Z, -100, 0.24231219287635158, 8.43067685709, 11.7001899891, 1.00374362539, 2.68203918099, 1.18932430955, 151, 2019
N, 100, 0.9994527512519373, 44.9853784635, 47.5758029939, 0.930386896457, 0.0186977106659, 0.0391202235132, 151, 2019
E, 100, 0.8890861290042426, 6.88775724133, 11.7079229282, 0.528147914535, 0.0976123856464, 0.467541597668, 151, 2019
Z, 100, 0.3355762395869709, 17.8237473789, 12.2277836647, 1.89368487466, 1.78701640528, 3.43747519197, 154, 2019
N, 32, 0.9986736632895793, 89.7669116311, 96.979476233, 0.922932373355, -0.0246732241054, 0.0234286174768, 154, 2019
E, 100, 0.9948465329010441, 18.3963825196, 23.4112420688, 0.730680646369, -0.0268595131894, 0.0141960721121, 154, 2019
Z, 100, -0.2540776757256372, 118.3512423, 27.858345964, 6.74398884689, -3.79101773361, 0.934138144907, 157, 2019
N, -100, 0.9588235881919114, 101.135674324, 116.300932548, 0.861432125833, 0.334014821491, 0.0777047648636, 157, 2019
E, 100, 0.7967419103900178, 17.7244072079, 26.5927711621, 0.574730465081, -0.667107406833, 0.0536280355295, 157, 2019
Z, -100, 0.8973311967114882, 43.4480584648, 24.9421060349, 2.40944246167, 0.220404669009, 0.364843144132, 160, 2019
N, -100, 0.9995327727571877, 93.4250070078, 94.3645351616, 0.995606149255, 0.0291839822744, 0.00310688363559, 160, 2019
E, 0, 0.9893429996967544, 31.4890062945, 37.7985865448, 0.816919605517, -0.0721008587002, 0.00729074836963, 160, 2019
Z, 100, -0.1427712031760924, 12.2563726754, 11.0528223268, 1.32606247985, 2.28139017751, 0.0330565740591, 163, 2019
N, 100, 0.999092924470326, 43.3117608959, 46.1323157517, 0.921517331919, -0.119852318115, 0.101112904977, 163, 2019
E, 100, 0.9779247313409392, 23.6407595335, 32.8437845048, 0.713566404713, -0.191778876341, 0.0457613618883, 163, 2019
Z, 100, 0.25237736506527875, 8.74710543365, 18.4490325858, 0.637137645925, 1.3410584308, 2.21204986833, 166, 2019
N, 100, 0.9996626382579942, 78.3725649024, 82.3632468951, 0.947733495714, -0.0196281942093, 0.00210661047896, 166, 2019
E, -100, 0.9145405082826656, 10.0968217478, 14.8185450938, 0.490617504333, 0.228312773596, 0.0872428755625, 166, 2019
Z, 100, 0.9222992662389711, 13.7430068831, 18.1813319688, 0.810186008926, 2.70997285605, 3.10081048328, 169, 2019
N, 71, 0.9998994015715686, 102.394530928, 107.240981093, 0.952876648765, -0.0132210929554, 0.00370625787113, 169, 2019
E, 100, 0.987293776474358, 22.7941091273, 31.5072856238, 0.649405055624, -0.0713553883201, 0.0257230740201, 169, 2019
Z, -100, 0.9140536368401619, 20.9513545576, 28.6276223347, 0.893733203921, 0.351277829176, 0.189366829565, 172, 2019
N, -100, 0.99974713642757, 92.978042812, 97.058256856, 0.957637401171, 0.031359438006, 0.00917233145871, 172, 2019
E, 100, 0.9928031925818124, 19.8047051217, 27.6612264678, 0.67332525919, -0.109623892665, 9.85253888935e-05, 172, 2019
Z, -100, 0.8715440142797419, 21.6702808538, 18.2455866918, 1.6241171882, 0.514382966346, 0.302478112096, 175, 2019
N, -100, 0.9996174476467776, 65.8195611662, 68.1709362628, 0.962435422755, 0.032018334172, 0.00301040944428, 175, 2019
E, 100, 0.9947399505778679, 26.0501484222, 34.836525069, 0.790958862785, -0.0400702882907, 0.0681149720417, 175, 2019
Z, -100, 0.11654490183537014, 10.7140473012, 7.7147515576, 2.22394747951, -0.768169724226, 2.39277236659, 178, 2019
N, -100, 0.9969822390168332, 38.4342232841, 37.2122135942, 1.0447774742, 0.16673150557, 0.0958606821201, 178, 2019
E, 100, 0.8575366485138972, 19.7034544081, 22.8142045118, 0.84934721071, -0.403451711665, 0.162461106619, 178, 2019
Z, 100, 0.5232835732404518, 8.84132465029, 13.4275394339, 0.851781464927, 1.65209001034, 2.13886084838, 181, 2019
N, 36, 0.9999283833197286, 85.8064288791, 87.5400026294, 0.979685031173, -0.0133584968077, 0.00861142133821, 181, 2019
E, 100, 0.6388803531177423, 7.36244011497, 16.1838835165, 0.300416835104, -0.205752563755, 0.725676871929, 181, 2019
Z, 100, 0.47506852640591113, 17.9633101886, 13.5237025623, 2.29043793696, -0.863049319252, 0.49889137076, 184, 2019
N, 0, 0.999836351644437, 117.844233514, 121.838169672, 0.966706002584, -0.000110226194228, 0.00627736546397, 184, 2019
E, -100, 0.9780189247253274, 21.1584063315, 27.1783851541, 0.65026077514, -3.00181348668, 3.07436039561, 184, 2019
Z, 100, 0.9005542190778543, 29.2104666234, 30.9580446275, 1.33615352502, 0.0750597429348, 0.299404205341, 187, 2019
N, -100, 0.9998330627557755, 103.112946593, 105.03537553, 0.981515054048, 0.0252951253117, 0.00523757581044, 187, 2019
E, 100, 0.9698309296692916, 21.3769315992, 29.0327024127, 0.638047176226, -0.220223983164, 0.0243258944004, 187, 2019
Z, -100, 0.7405754074900569, 18.0152423755, 19.5374088518, 1.29235961073, 0.70548033186, 0.425773767373, 190, 2019
N, -100, 0.9987825987321405, 54.9219464676, 57.8439808914, 0.964054852414, 0.077112177052, 0.039039668612, 190, 2019
E, 100, 0.9697833821649567, 33.1291066809, 42.1865341258, 0.827222836109, -0.188333817168, 0.0986637040217, 190, 2019
Z, 100, -0.31316109399491115, 10.3654666517, 15.2437595323, 0.914411679962, 0.454060160709, 2.19164036504, 193, 2019
N, 0, 0.9998511246287085, 63.5254353758, 67.7471631086, 0.935780122185, -0.00644003975784, 0.00605462591148, 193, 2019
E, 100, 0.8666226029656127, 18.3589153173, 22.5936372029, 0.764593276257, -0.33452290318, 0.205645572583, 193, 2019
Z, 100, 0.23041400118917715, 9.99896838359, 14.1651482148, 1.09966757427, 1.70229032476, 2.43918066304, 196, 2019
N, -12, 0.9998166759133408, 95.9240947684, 100.666510392, 0.949679566432, 0.0154065788799, 0.0103324535784, 196, 2019
E, -100, 0.9647779683876264, 13.8391471144, 19.3001691369, 0.595011760841, 0.242276837959, 0.124617437979, 196, 2019
Z, 100, 0.6872607633642848, 18.7666871657, 19.3545810061, 1.96231130473, -3.06255866699, 2.39434711583, 199, 2019
N, 0, 0.9999083390098942, 92.1657371311, 97.5383972703, 0.947140743082, -0.000268939280446, 0.00653810146821, 199, 2019
E, 0, 0.9451910310360587, 19.567615239, 30.060922361, 0.497037279553, -3.17159844507, 2.923295837, 199, 2019
Z, 100, 0.883179283426602, 40.351314209, 28.3431956442, 1.93901644844, -0.350254908893, 0.245590091108, 202, 2019
N, -100, 0.9998092848709835, 68.4786675541, 72.6230443442, 0.942394589064, 0.0242229807651, 0.00236302396854, 202, 2019
E, -100, 0.9749858376719823, 14.3780472713, 27.227960114, 0.446930245567, 0.203295438198, 0.0421175027258, 202, 2019
Z, -100, 0.8856194568604092, 21.9617281252, 18.338603696, 1.69174635268, 0.429507271484, 0.285946963326, 205, 2019
N, -100, 0.999602925071429, 38.9114165306, 39.9807920032, 0.987992354435, 0.054559877459, 0.0420925104263, 205, 2019
E, 100, 0.9760448284652811, 22.0673184488, 31.9635344883, 0.656482760673, -0.22202448198, 0.0496307194499, 205, 2019
Z, -100, 0.28273122673939693, 9.34825049332, 8.68884340063, 1.50963528222, -0.0658737203126, 1.69964712264, 208, 2019
N, 63, 0.9999167295688939, 64.0972778451, 65.5378602433, 0.974483701538, -0.0134894957682, 0.00546579215676, 208, 2019
E, 100, 0.894716646527139, 15.6313458685, 18.7875281905, 0.721602714778, -0.177158321457, 0.216202947503, 208, 2019
Z, 100, 0.21679423504598455, 7.80718231338, 13.3187923373, 0.809781165991, 1.75848274682, 2.28232276435, 211, 2019
N, -3, 0.9998688907034883, 105.165115515, 110.011155646, 0.952627440891, 0.00753228648007, 0.000440502045367, 211, 2019
E, 100, 0.721410982250441, 7.90790757685, 17.4663515484, 0.268448174251, 0.00261387599404, 0.0732264929623, 211, 2019
Z, 100, 0.8162352279914206, 25.3503784702, 16.9374745456, 2.42675786228, -3.14307504102, 2.55284479299, 214, 2019
N, -68, 0.9998804987764142, 105.442859966, 108.297263788, 0.974654620341, 0.0121561455277, 0.000687201316622, 214, 2019
E, -100, 0.9349636497004159, 20.418408793, 31.6404811837, 0.460037899733, 0.157381957523, 0.173936699801, 214, 2019
Z, 100, 0.9520476597723136, 29.8464221545, 34.7937923925, 1.04602767039, 0.0591007869553, 0.133222750676, 217, 2019
N, -100, 0.9994699596527659, 56.3935201994, 57.7921155584, 0.975101932111, 0.031752546317, 0.00349233739637, 217, 2019
E, 0, 0.9671780876888081, 23.3985696839, 31.5075671354, 0.675570112035, -0.17106789817, 0.032988517719, 217, 2019
Z, -100, 0.4837376877111089, 12.6628567858, 15.5599750058, 1.20177480092, -0.52709550523, 1.50369557816, 220, 2019
N, 0, 0.9996519211647525, 49.2410245059, 48.9770142864, 1.0181742877, -0.0412128018296, 0.0439383821516, 220, 2019
E, 100, 0.9340237526149933, 28.941102864, 39.9006416835, 0.712924485201, -0.338710987495, 0.0849303593037, 220, 2019
Z, -100, -0.42027978600086496, 8.01427382276, 14.0946078868, 0.825930608752, 0.159659050201, 2.39113879338, 223, 2019
N, -58, 0.9995539016377629, 80.7657298649, 84.6977504659, 0.94737720576, 0.00732760315581, 0.00771467183839, 223, 2019
E, 100, 0.6905956832117124, 9.79194998584, 11.6064893948, 0.519386421022, 0.0195869881609, 0.649245829336, 223, 2019
Z, 0, 0.3457815457896903, 17.6992564614, 10.6677035305, 1.97442115982, 2.89846254878, 1.80257220913, 226, 2019
N, 100, 0.9890989927904714, 79.4812064546, 89.09054596, 0.877019144076, -0.12131424845, 0.0780690940102, 226, 2019
E, 100, -0.009244573170439951, 20.5561432884, 24.6810059392, 0.709390168923, 0.67265061431, 1.70807325728, 226, 2019
Z, 100, -0.15920293190938262, 12.6864713619, 22.5912753152, 0.46539897016, -2.72830331268, 0.883644364829, 229, 2019
N, 100, 0.9543381581944329, 45.548175269, 66.5514026399, 0.632106860481, 0.166430902651, 0.275722603991, 229, 2019
E, 100, -0.28368877766950434, 31.1998588289, 28.2660701747, 0.751524107922, -1.25452686411, 2.65867722139, 229, 2019
Z, -100, 0.9642435439291607, 25.2682558662, 30.3023994179, 1.02371968051, 0.135542590959, 0.133602827603, 232, 2019
N, -100, 0.9910956174935329, 31.4828014744, 33.967376884, 0.950514128445, 0.155330746869, 0.0332828600071, 232, 2019
E, 0, 0.9651908623557469, 17.4144439717, 24.8782306928, 0.596327198958, -0.17486640119, 0.0866647361875, 232, 2019
Z, -100, 0.9328833665553767, 16.9640890279, 19.1632852471, 0.970330753823, 0.357940872304, 0.0610103714653, 235, 2019
N, -100, 0.9996718372491608, 43.217649265, 44.0581850762, 0.983840558904, -0.00885574359143, 0.0208552669346, 235, 2019
E, 100, 0.8712619318890538, 19.6897390683, 26.9023624424, 0.721367192026, -0.288051209269, 0.350566188939, 235, 2019
Z, 100, 0.022038334478932668, 4.61112073807, 8.56097180442, 0.929914987963, 1.31151271784, 2.37502560307, 238, 2019
N, 0, 0.9999575076571164, 83.6472298511, 87.7286957285, 0.951560061272, 0.00277160034511, 0.00431857448011, 238, 2019
E, 100, 0.12014550195452135, 13.4495065247, 13.3745080686, 0.858587169388, -0.601691477905, 1.46873542792, 238, 2019
Z, 100, 0.057260893516124026, 16.9832655932, 12.2810109285, 1.979038192, 2.67688104788, 2.11240446862, 241, 2019
N, 0, 0.9995667621193569, 95.7147373704, 98.7631212107, 0.963953571429, 0.00092272115802, 0.00350637233363, 241, 2019
E, -100, 0.4136213588819092, 13.3469587074, 17.3334510187, 0.404980819835, 0.863272789753, 1.08237121554, 241, 2019
Z, -100, 0.2512067140634948, 95.0810782142, 23.8026112816, 6.47579260119, -1.18773024616, 2.04910918029, 244, 2019
N, -100, 0.9643871447433576, 53.4468204247, 53.5882515781, 0.959924367804, 0.213626951451, 0.0453153769367, 244, 2019
E, -100, 0.672765860674784, 27.061664013, 36.9130073419, 0.888027284401, 0.942730106369, 0.204663855419, 244, 2019
Z, -100, 0.9509956879451318, 42.4399975961, 36.7049733073, 1.27410199472, 0.324248921565, 0.0569720953622, 247, 2019
N, 100, 0.9942654431465145, 37.0860372765, 37.191178806, 0.984814145971, -0.0551200816006, 0.0216314148515, 247, 2019
E, 0, 0.9919296065234803, 28.6142803845, 30.621886655, 0.867436814426, -0.0705595915544, 0.0590114421801, 247, 2019
Z, 100, 0.7945605992168943, 9.6806644736, 12.4773022733, 0.571197195022, -1.30922871123, 0.888619055051, 250, 2019
N, -100, 0.9996951062622946, 69.2004828564, 69.9426253466, 0.988480010445, 0.0219468973163, 0.00865280561706, 250, 2019
E, 100, 0.9523054103948289, 23.8937697316, 30.1437821946, 0.845895508709, -0.109412010377, 0.367642821861, 250, 2019
Z, 100, 0.8395391635862435, 17.4426671426, 11.3200820419, 2.16200082046, -0.447419663957, 0.358412499467, 253, 2019
N, -100, 0.9988690709249252, 73.3417195782, 74.4845364931, 0.977522735401, 0.0559963886593, 0.00890699578952, 253, 2019
E, 100, -0.2741355746904881, 8.67973883013, 10.6518867992, 0.454688031944, 1.98703936261, 0.624082465604, 253, 2019
Z, 100, 0.8726596556802395, 16.4618467151, 11.36033006, 2.03500537432, -0.304809788023, 0.201084067307, 256, 2019
N, -100, 0.9978838174365489, 52.8534045137, 53.8821161482, 0.97046749714, 0.0247858311202, 0.0335210609125, 256, 2019
E, -100, 0.9005478710034078, 19.4939249813, 28.381479206, 0.587468515205, 0.40861920868, 0.184201888252, 256, 2019
Z, -100, 0.8117407600794703, 20.4100756215, 25.9656145025, 1.18787558617, -2.63705327332, 2.70723418172, 259, 2019
N, -100, 0.9800895040675064, 19.0307640654, 19.5640909196, 0.967756003172, 0.191646037144, 0.0654666497898, 259, 2019
E, -100, 0.942271910505584, 16.014861483, 26.5980184813, 0.513238574583, 0.202233057792, 0.178894251376, 259, 2019
Z, 100, 0.12711725823642575, 4044.52994896, 31.8755167299, 162.997545206, -2.00266177937, 1.45800930522, 262, 2019
N, -100, 0.8225504996337015, 866.209341752, 39.637382364, 19.0584923588, 0.404532240694, 0.415534666733, 262, 2019
E, 100, -0.3247836093028901, 12902.1232117, 20.1485590359, 930.008216686, 2.91082491749, 1.22264345583, 262, 2019
Z, 100, -0.8513401615574188, 8730.90519415, 17.8677959203, 708.012251209, -3.1947577555, 0.334235378097, 265, 2019
N, 100, 0.8731252486960979, 1805.38576143, 72.7171645189, 22.0910216736, -0.419461739811, 0.357974278363, 265, 2019
E, -100, -0.0627614967853942, 28406.6742994, 20.5934647549, 2297.31125974, -1.16028107762, 1.27155960164, 265, 2019
Z, 100, -0.7084784668986095, 1.19731351599, 9.43057523628, 0.143006561581, 2.37177509517, 0.0711263544708, 268, 2019
N, -100, 0.4210908006855895, 0.6847310289, 83.1968112005, 0.00571847631411, 0.815076189155, 0.498666233908, 268, 2019
E, 100, -0.027877172976358305, 1.28439508253, 9.43053121246, 0.117715075175, 2.73939453131, 1.21975058328, 268, 2019
Z, -100, -0.48980418628073225, 0.16866315195, 12.4495240799, 0.0239126386084, 3.87430611658, 0.920272167313, 271, 2019
N, -100, 0.3012283304089515, 0.110612921576, 47.3387011781, 0.0023566033103, 1.46774418681, 0.401566051637, 271, 2019
E, 100, -0.7420677836514272, 0.2013476053, 29.0320405822, 0.00867321894151, 0.0206164541297, 2.57986076588, 271, 2019
Z, 100, 0.07388242471953922, 6039.82505698, 30.7519281047, 285.040487943, -1.27419349979, 1.56149537789, 274, 2019
N, -100, 0.7852951230388404, 9934.74688135, 43.1669432096, 199.253542134, 0.721895283437, 0.375705873961, 274, 2019
E, -100, -0.11360478890998721, 4710.44764276, 38.9419861433, 148.929006427, 2.22355793206, 1.76979961574, 274, 2019
Z, -100, -0.4386500663629599, 16325.4798134, 33.7261985829, 731.983046194, -2.12537545071, 0.532545692588, 277, 2019
N, -100, 0.885711088274792, 21151.8652188, 73.9282086787, 256.114821274, 0.194677094071, 0.256466860876, 277, 2019
E, 100, 0.06598153746149012, 9906.51626609, 24.2975806586, 735.677178532, -0.694199806525, 5.0841823665, 277, 2019
Z, 100, -0.29472376029993264, 71.0381116778, 8.8223996906, 10.3949244821, -1.27756451366, 3.07166188228, 280, 2019
N, 100, 0.8498821993567853, 61.0912421673, 68.7299083491, 0.837225432028, -0.501318300523, 0.000944706773301, 280, 2019
E, -100, -0.03674842447415102, 22.3216482206, 18.2746651934, 2.92184619226, -2.85494350463, 1.62820257692, 280, 2019
Z, -100, -0.8117895576119769, 55.6690421173, 10.8201968474, 7.13770100992, 3.46950228028, 0.384939568715, 283, 2019
N, 100, 0.6817162585420722, 46.8593107804, 44.3199249719, 1.05092371595, -0.779601070751, 0.0365312361419, 283, 2019
E, 100, 0.9704119130378628, 50.902426626, 12.8232661006, 3.80827354402, -0.0437885500218, 0.0860818575183, 283, 2019
Z, 100, 0.6209627324571501, 13.3287412876, 13.2758771303, 1.54318116763, -0.801672193152, 0.35157573148, 286, 2019
N, 100, 0.8804359045187703, 16.7597984938, 13.8010535548, 1.18643280039, -0.375532235962, 0.00757881620788, 286, 2019
E, -100, 0.994618232705641, 27.1166799593, 31.177073636, 0.887632992606, 0.0677051061409, 0.0330713521214, 286, 2019
Z, -100, 0.7736962668536628, 12.6688352886, 27.6469761392, 0.782197309656, -2.84083478145, 2.68443492921, 289, 2019
N, 100, 0.9846934878985376, 53.5636796402, 53.8223972479, 0.997880314127, -0.202907508363, 0.0862276691648, 289, 2019
E, -100, 0.9831602566270964, 20.3661576039, 26.0122336183, 0.717408847445, -0.116662617149, 0.197743311948, 289, 2019
Z, -100, 0.7036353401979584, 68.9660044465, 31.115263087, 3.65958667192, -2.5930525641, 2.58684913683, 292, 2019
N, -67, 0.9975804701452852, 64.2083750902, 81.4233863528, 0.800144140707, -0.00393373600936, 0.0117466489819, 292, 2019
E, -100, 0.7682530374744566, 18.9090156376, 15.0494218612, 1.61670121129, 0.118653953657, 0.643488764437, 292, 2019
Z, -100, 0.9582843720086267, 18.5198775568, 13.5094826925, 1.71095049461, 0.129813622808, 0.241626411349, 295, 2019
N, -100, 0.9986595286561707, 76.3776096192, 81.5713701627, 0.927829959832, 0.0443359050887, 0.0177056226515, 295, 2019
E, -100, 0.893323773923789, 8.92643392334, 15.3061881127, 0.873608237979, 0.37291049061, 0.566579636755, 295, 2019
Z, 100, 0.4577404422884318, 80.4397649758, 13.7041697247, 9.17358617448, -0.322109585069, 0.791950747039, 298, 2019
N, -100, 0.9481813138279332, 51.2748958462, 46.0218780053, 1.20904450937, 0.387346825306, 0.19899642586, 298, 2019
E, -100, 0.5296620042328926, 10.0382452176, 10.1747169023, 0.843310376235, 1.0804708898, 0.125371949347, 298, 2019
Z, 100, 0.6261977257136265, 30.4317247967, 14.7728980271, 2.65290188702, 2.08769861369, 2.6138932193, 301, 2019
N, 100, 0.9982427754560383, 52.9805587376, 53.0862489122, 0.978242972699, 0.00754609177631, 0.0478325580557, 301, 2019
E, 100, 0.998173714447633, 35.047843428, 40.721596183, 0.912264696637, 0.0188675407048, 0.0453197609102, 301, 2019
Z, 100, 0.8766187783300621, 26.762545184, 33.3654197074, 1.11411856734, -0.339703339288, 0.375137595295, 304, 2019
N, 19, 0.9999626493551502, 92.5002459343, 94.0945281374, 0.985257971757, -0.000360716202, 0.00198886146695, 304, 2019
E, -100, 0.9872675929886299, 27.433951447, 33.2743527961, 0.821895899076, 0.106485290274, 0.0586598424034, 304, 2019
Z, 100, 0.23031676913343704, 38.4109442019, 26.9472311526, 1.87476309303, -1.047364802, 1.49604522244, 307, 2019
N, 100, 0.9968056670904459, 86.8732410697, 85.9782336393, 1.0110303752, -0.0609040718017, 0.048944103494, 307, 2019
E, -100, 0.8697875233241872, 18.4101699557, 16.685222689, 1.52620714767, 0.638523708674, 0.351634475796, 307, 2019
Z, 100, -0.32030936681606786, 81.4469563184, 6.62751940113, 17.6265975182, 2.00925143205, 0.133099690244, 310, 2019
N, -100, 0.983679124565122, 35.4163598118, 52.5788726782, 0.66832392609, 0.138372569634, 0.108438742189, 310, 2019
E, 100, 0.773826727348241, 24.7088513006, 12.5119527734, 2.21546778946, -0.429076460853, 0.210952529888, 310, 2019
Z, 100, 0.7154429686602239, 7.71076387457, 12.3277493582, 0.725318188253, 2.38156164593, 2.56619637494, 313, 2019
N, 93, 0.9976922476195504, 22.343754932, 21.4863697395, 1.07375187392, 1.15211912316, 1.16947316225, 313, 2019
E, -100, 0.9900079272662344, 12.8569488502, 18.6360766373, 0.755222201663, 0.182071668969, 0.131252715655, 313, 2019
Z, 0, 0.30900526631910846, 33.4333641495, 14.0686696102, 3.3444678266, -0.0258436766733, 1.19732149924, 316, 2019
N, -100, 0.9980440544747559, 59.7366733626, 65.8802798882, 0.901567065055, 0.0266635443678, 0.0279846580649, 316, 2019
E, -100, 0.9650284129299753, 23.3591561822, 33.2687952365, 0.766910111601, 0.220316468536, 0.105096278007, 316, 2019
Z, 100, 0.7006020462321367, 78.530438755, 27.8954793606, 4.40502077865, -0.640159747208, 0.391283413836, 319, 2019
N, -100, 0.992909457132569, 101.854050996, 100.433777577, 1.01714905105, 0.134097344681, 0.0365996480498, 319, 2019
E, -100, 0.9840622834681916, 27.773099032, 26.064644769, 1.29910652995, 0.275638685597, 0.242201485798, 319, 2019
Z, 100, 0.95534562483312, 23.0971726011, 28.6299871538, 0.951997666554, -0.151208381169, 0.160265084958, 322, 2019
N, -100, 0.9998214777531184, 98.6235700878, 99.8524280148, 0.989313804026, 0.00372342323634, 0.0170146574398, 322, 2019
E, 0, 0.9823132369465271, 10.8240594769, 13.9608663429, 0.752419531623, -0.200820978539, 0.119642540645, 322, 2019
Z, -100, 0.8549379094971978, 12.3035697524, 10.324757623, 1.74005230879, 0.6314438868, 0.310753948494, 325, 2019
N, -100, 0.9969437321586052, 56.2706883106, 59.4179322926, 0.941367163309, 0.0760122402528, 0.0109727021798, 325, 2019
E, -100, 0.7380123631421251, 18.412104685, 15.4908111867, 1.15367700281, 0.845944598072, 0.147013065, 325, 2019
Z, -100, 0.7887150872933862, 15.0285803019, 17.904936644, 0.857607152107, 0.698507924517, 0.0720508123713, 328, 2019
N, 100, 0.9997062179409523, 52.5920210565, 52.7565790094, 1.00362891709, -0.0412810621282, 0.0207479027647, 328, 2019
E, -100, 0.9097385479244762, 31.9462649891, 20.9563712619, 1.54519859883, 0.466523366339, 0.0881094129551, 328, 2019
Z, 100, 0.9238961782539271, 14.0607297481, 15.787837441, 1.12051414865, -0.249151731019, 0.24223635415, 331, 2019
N, 0, 0.9999524244180404, 102.958872654, 105.618364653, 0.973214811349, 0.000896248045985, 0.00323242422754, 331, 2019
E, -100, 0.9841651802215726, 32.5465936847, 43.8218769993, 0.769843937992, 0.213852554365, 0.0508007461726, 331, 2019
Z, -100, 0.9765338954478779, 27.4374353362, 31.8758524675, 0.976517203855, 0.131348881158, 0.160179875652, 334, 2019
N, -100, 0.9996574711937377, 107.048018601, 110.575988409, 0.967487396916, 0.0358191059611, 0.00819444585477, 334, 2019
E, -100, 0.9890965624790979, 18.8093225598, 22.254229039, 0.868540349452, 1.14204781326, 0.982272100803, 334, 2019
Z, -74, 0.9594635719389427, 18.4938784815, 20.8236121378, 0.978438832904, 0.110629339744, 0.00693198035422, 337, 2019
N, -100, 0.9985964862456974, 77.0476140052, 75.6137284847, 1.0232672343, 0.0657458680752, 0.00969675511336, 337, 2019
E, -100, 0.9752407729965309, 12.9655171811, 15.9992662671, 0.924303486572, 0.106790675497, 0.0810046928099, 337, 2019
Z, 100, -0.22388282186393813, 7.92539678976, 7.59934778043, 1.42193751562, -0.376356044124, 2.33441834734, 340, 2019
N, -100, 0.9947884055866609, 39.5708210956, 35.1392478118, 1.13621193736, 0.217089015183, 0.128939590601, 340, 2019
E, -100, 0.9952979087388496, 15.0093807132, 14.1007086806, 1.08447121755, 0.089899383926, 0.0116794879562, 340, 2019
Z, 100, 0.36729828170229295, 46.6231345562, 13.4896730048, 4.7371476508, 1.92927046559, 2.07947777941, 343, 2019
N, 100, 0.9937093652391304, 70.482612279, 64.2581740685, 1.11947068548, -0.162658190064, 0.0679108689467, 343, 2019
E, -100, 0.7061735549473469, 20.0139234696, 21.2187284981, 1.1755927414, 0.838940127314, 0.383761705447, 343, 2019
Z, 100, 0.09405332143416929, 93.1365872616, 13.7894972413, 8.65994626947, 1.62297014691, 3.29986607689, 346, 2019
N, -100, 0.9916277650703463, 126.743654567, 108.851260271, 1.15070118238, 0.118557465334, 0.119418262749, 346, 2019
E, 100, 0.9579636457422155, 28.4960382385, 34.2114385202, 0.831994256057, 0.0399853060573, 0.334341364058, 346, 2019
Z, 100, -0.11104530213164389, 1125.91172946, 29.2509562448, 48.9387884316, -0.113901931595, 1.71593529978, 349, 2019
N, 100, -0.2244430578627159, 3721.94529639, 120.079539754, 23.7139867408, 2.43154945745, 0.80999831088, 349, 2019
E, -100, 0.3248414370021907, 732.169613884, 23.6656522909, 36.2318832688, -0.922780777951, 1.90887531187, 349, 2019
Z, 100, -0.3268646607892794, 4916.11534314, 26.4412332539, 270.777547757, -1.00545435301, 2.63140373777, 352, 2019
N, -100, 0.21761604378135907, 12775.9731615, 82.4496492241, 152.426186551, 1.36211181315, 0.111771732504, 352, 2019
E, -100, -0.2711099114338082, 9793.40050612, 15.6326937483, 706.157291279, -1.92768031133, 0.243847326791, 352, 2019
Z, 100, -0.37164237430526176, 686.885857061, 12.8491771838, 64.2713768346, 1.92795283423, 0.0667021406866, 355, 2019
N, -100, -0.10694388102588794, 312.316841227, 43.9558790663, 6.93049170586, 0.607422221254, 2.36195321312, 355, 2019
E, -100, -0.6936475033794924, 583.365155236, 21.9300448679, 24.80289957, -2.37736087738, 0.16523774492, 355, 2019
Z, -100, -0.5965383981542511, 44.8537220245, 16.959764098, 2.96652704765, 3.97941710505, 0.0905251147851, 358, 2019
N, -100, 0.996374600356405, 96.0201778086, 99.4545155791, 0.958684425671, 0.0701884212318, 0.0336055676051, 358, 2019
E, 0, 0.9865814202727035, 40.2646373851, 28.3141151104, 1.2836161839, -0.139971944177, 0.164699232452, 358, 2019
Z, 100, 0.9882377481924601, 23.8555970696, 17.1697939981, 1.52500794411, -0.0984543772954, 0.0782453739879, 361, 2019
N, -100, 0.9997547074208106, 115.562100632, 119.538800356, 0.963715038633, 0.0297308864377, 0.0156465259797, 361, 2019
E, -100, 0.9935519018541572, 33.3430735237, 37.510078114, 0.88840135648, 0.134082686259, 0.0154787829025, 361, 2019
Z, -100, 0.5308598119398857, 37.5058192859, 30.0034782738, 2.0732097033, -2.36238426577, 2.32227315604, 364, 2019
N, -100, 0.9987582731748199, 93.498147904, 96.6585836542, 0.959968441832, 0.0142841288525, 0.0363356036208, 364, 2019
E, -100, 0.9715242077653409, 25.1582988577, 15.9378292569, 1.67476360781, 0.0377196468414, 0.0942722069804, 364, 2019
