Chan, Phase Shift, Correlation, ptp-data, ptp-synthetic, rat, phasem, phasestd, DOY, Year
Z, 100, 0.9896585817706051, 148.296735428, 131.260701586, 1.28024641175, -0.124654794408, 0.157043791447, 1, 2019
N, 100, 0.9008656773657092, 242.866085836, 211.147447745, 1.43943369008, -0.187571275849, 0.67077195551, 1, 2019
E, -100, 0.11758302905386438, 180.803694536, 90.4275024057, 2.1020436657, 0.639456206401, 1.41258151303, 1, 2019
Z, -100, 0.9372197271290954, 179.489072792, 189.45155402, 1.06529780181, 0.353869191807, 1.47393728842, 4, 2019
N, 100, 0.5774336588724658, 428.066854555, 253.836747933, 1.62584695039, -0.879419217459, 2.24476866864, 4, 2019
E, 100, 0.9518501547811267, 300.007294595, 89.3294759173, 3.47930963894, -0.693622829303, 3.24027710191, 4, 2019
Z, -100, 0.9603359018658535, 283.559741012, 207.189045034, 1.51809600834, -0.190182650358, 0.259542605367, 7, 2019
N, 100, 0.9633370204744048, 241.22352928, 225.075890597, 1.11691324009, 0.024940724644, 0.220902596639, 7, 2019
E, 100, 0.5728646700828637, 113.605325557, 58.7842780848, 1.83577500469, 0.464409473649, 3.35123280517, 7, 2019
Z, 100, 0.95708764453107, 132.975148264, 116.274795699, 1.00201397176, 0.491578835066, 1.64209911284, 46, 2019
N, -100, 0.8414052944310089, 243.039653802, 178.798481049, 1.72272695761, 0.874519071022, 0.496548331417, 46, 2019
E, 100, -0.3133014042400577, 224.091801073, 71.4686037206, 3.57025384272, 1.18111751431, 1.33285419803, 46, 2019
Z, 100, 0.988791536516497, 252.124690519, 231.986837281, 1.17482322342, -0.325400532479, 0.284974058473, 49, 2019
N, -100, 0.9527718508444505, 235.166670853, 332.548361552, 0.711239254538, 0.689093339274, 0.456571469599, 49, 2019
E, -100, -0.6248542386479454, 188.640906862, 116.344709986, 1.87456134754, 2.86461594427, 1.28486799854, 49, 2019
Z, -100, 0.9958706522602013, 280.448901828, 275.930708619, 1.0254693307, 0.0923479308902, 0.032874362405, 52, 2019
N, 100, 0.9771286930685967, 310.581533726, 348.403033291, 0.872626435382, 0.306348710604, 0.152988551378, 52, 2019
E, 100, 0.3308690483042765, 253.136692933, 108.426696711, 2.285308206, -1.07816285979, 1.83735951614, 52, 2019
Z, -100, 0.9778888723462446, 208.258935545, 209.154455849, 1.01237909084, 0.295213076425, 0.112436585892, 55, 2019
N, 100, 0.79202359936686, 241.754806852, 203.895542269, 1.09055477734, 0.0747072184004, 1.54779229893, 55, 2019
E, 100, 0.6321040821148601, 358.007064652, 45.3021246083, 8.22808832165, 3.1359419524, 2.66074239983, 55, 2019
Z, 0, 0.9029946579263087, 57.3394963206, 83.6699867554, 0.74857573267, 0.392064445749, 0.286875993515, 58, 2019
N, -100, 0.5164650340057094, 213.555898143, 121.921853491, 2.1171997157, 0.227537691907, 1.49811467939, 58, 2019
E, 100, -0.6821226913553772, 214.07043806, 78.8502389635, 3.22418010807, 1.14192246929, 1.27416609543, 58, 2019
Z, 100, 0.9820449323584444, 152.878707145, 134.942229465, 1.12959852991, -0.548330040439, 0.328150675937, 61, 2019
N, -100, 0.8165651845538393, 142.246427835, 232.241199448, 0.661715696296, 1.21990261963, 0.381496095004, 61, 2019
E, -100, -0.7232579224003648, 198.327746197, 103.595009962, 1.89319877955, 1.4237756226, 1.61079679239, 61, 2019
Z, -100, 0.9991389197820606, 231.703200334, 211.078799969, 1.11165087242, 0.0379722190449, 0.0274308579889, 64, 2019
N, 95, 0.9547710382702336, 108.731195073, 274.453396631, 0.342737908482, 0.0472192433526, 2.89412274496, 64, 2019
E, -100, -0.5536782002009121, 276.247163952, 90.8515379939, 2.70285902354, 0.104713693781, 3.08401285709, 64, 2019
Z, -100, 0.9782359574433747, 229.244202722, 236.004067947, 0.845600456918, 0.549858033466, 0.331182291225, 67, 2019
N, 100, 0.8048531306750573, 129.325408381, 256.31842243, 0.596731171288, 0.888630014409, 0.646136981212, 67, 2019
E, -100, -0.7225660711654055, 296.723490684, 62.0617274196, 4.16805984074, 1.63276470368, 2.76875727555, 67, 2019
Z, -100, 0.9893177955471391, 171.336528754, 197.380099361, 0.776704719671, -1.13588717612, 2.4221735215, 70, 2019
N, 100, 0.4717378336450414, 188.27273192, 181.737100767, 0.8522292857, 0.376504411468, 1.17412005316, 70, 2019
E, -100, -0.7254024539958377, 378.79570739, 36.9877350473, 8.99532010379, 1.52281902512, 2.70688630803, 70, 2019
Z, 100, 0.9003405539275843, 88.0804336416, 105.766548378, 0.858973932098, -0.680892723745, 0.34235058348, 73, 2019
N, -100, 0.3170553091721559, 238.035748499, 63.6356689309, 3.04716930297, 1.16673078517, 2.68944893043, 73, 2019
E, 100, -0.7671971260787656, 266.084944669, 41.46095026, 6.80486724271, 0.654908249994, 2.78899887, 73, 2019
Z, 100, 0.997114467815476, 168.385421468, 156.634045618, 1.14333615994, -0.0479622297958, 0.110177043343, 76, 2019
N, -100, 0.731648483408936, 308.01522933, 252.134735552, 1.79131916264, 1.20650915295, 0.65863883376, 76, 2019
E, -100, 0.7564994500635951, 142.868069062, 100.05803215, 1.77695463038, 1.29015589912, 0.793063724384, 76, 2019
Z, 100, 0.9278495397398124, 328.467885545, 266.916191779, 1.49798679216, -0.644735801786, 0.37749755829, 79, 2019
N, -100, 0.9433471786682526, 300.748933834, 373.177030453, 0.851782750882, 0.316195175796, 0.260193644037, 79, 2019
E, -100, -0.2205472729806126, 202.530866357, 128.320186802, 1.56513343469, -1.5098464599, 1.55085865615, 79, 2019
Z, -100, 0.9961059296291201, 271.048520578, 271.769596499, 1.00361747485, 0.0931722016154, 0.039560626013, 82, 2019
N, 100, 0.8165747200643619, 254.136856266, 323.44343563, 0.770439243944, 0.359178747758, 0.728909854252, 82, 2019
E, 100, 0.4496008232338476, 167.371084537, 93.2851336408, 1.79782416735, -1.06735560304, 1.29610397181, 82, 2019
Z, -100, 0.9938371953865557, 154.294984805, 172.704195809, 0.884145343192, 0.0421222001315, 0.0390549741283, 85, 2019
N, 100, 0.5952872475658612, 252.132692129, 137.54048742, 1.80508704954, 0.214819628897, 2.26321674451, 85, 2019
E, -100, 0.28293153509759533, 190.397502123, 39.7846636118, 5.82727405193, 3.16862247984, 3.04340610775, 85, 2019
Z, 100, 0.8831348180563555, 76.0564725409, 61.7549783684, 0.940700362625, 0.0217357983058, 0.891465315269, 88, 2019
N, -100, 0.4854071132785956, 226.723474598, 150.752432564, 1.86050497047, 0.320547656724, 1.31620474382, 88, 2019
E, 100, -0.10751070630405425, 108.841427906, 88.8885390708, 1.43678942564, 0.964023221226, 1.32842493472, 88, 2019
Z, 100, 0.9925729268154688, 179.4198334, 157.441025787, 1.14202500039, -0.335782976727, 0.214262952133, 91, 2019
N, -100, 0.6010946053875762, 178.775824555, 245.075009983, 0.857235746341, 0.842504821671, 0.303308451461, 91, 2019
E, 100, -0.45303975570420774, 78.5928319825, 99.9421083564, 0.835133084081, 0.630772162563, 2.53709613023, 91, 2019
Z, -100, 0.9957404313753782, 235.703568891, 228.153992747, 1.08215930832, -0.0403998306303, 0.0853636600729, 94, 2019
N, -100, 0.7587371040706349, 303.044966453, 280.767444594, 0.945241076641, -0.0804346746033, 2.74982920177, 94, 2019
E, -100, -0.09976202508971693, 78.941077075, 83.682041726, 0.95549876205, 0.160662123934, 2.96512829128, 94, 2019
Z, -100, 0.9954947250278229, 236.707423422, 238.727961865, 0.977339672095, 0.136257858867, 0.0249208109875, 97, 2019
N, 100, 0.873076476751282, 120.933015171, 254.687901119, 0.547516594634, 0.583415242587, 0.514372759181, 97, 2019
E, -100, -0.1952574552782713, 137.753000407, 60.0207749244, 2.21054869224, -1.32063720059, 1.84539953776, 97, 2019
Z, -100, 0.9779675522594646, 190.618137674, 177.901706298, 1.10551995176, 0.24132800695, 0.133442792191, 100, 2019
N, 100, 0.17723341519957728, 213.940711005, 156.864371486, 1.08452408362, -0.0167535357963, 1.62402644307, 100, 2019
E, -100, -0.2514028800511908, 100.287167085, 29.3135577407, 3.41384113329, -1.40281280264, 1.24778969748, 100, 2019
Z, -72, 0.8969014516547786, 80.3859467547, 77.7043468142, 0.916454501113, 0.614350446666, 0.399376699454, 103, 2019
N, -100, 0.6185078783574469, 244.9051963, 135.840731706, 2.24616621998, 1.99505902598, 2.88964915278, 103, 2019
E, -100, 0.30472637672037656, 80.5152635496, 66.6713218032, 1.22416308379, 0.180720195508, 1.28386806223, 103, 2019
Z, 100, 0.9916861888073011, 215.714301132, 200.46232174, 1.06964365489, -0.35770693382, 0.176669922128, 106, 2019
N, -100, 0.8401740149326314, 244.684060781, 308.047836678, 0.882414792163, 0.748686922228, 0.244454618869, 106, 2019
E, 100, 0.874573620272527, 50.7226377094, 116.548703956, 0.450978798126, 0.682531796178, 0.640908515049, 106, 2019
Z, -25, 0.9990899058421663, 289.22850696, 270.63945871, 1.08019591902, -0.0614709120243, 0.0497800318377, 109, 2019
N, -100, 0.9510617444178882, 230.710707022, 355.048321424, 0.651282397982, -0.666692226905, 2.6194083842, 109, 2019
E, 100, 0.41116893032995777, 75.5370552813, 115.330208108, 0.68996992271, 0.390583959023, 1.34623373266, 109, 2019
Z, -100, 0.9944195489733564, 253.998563835, 233.94512606, 1.12982463378, 0.0560897173928, 0.0771083074251, 112, 2019
N, 100, 0.5450911351096689, 248.088187475, 250.23476644, 0.873656308466, -0.474486484054, 1.06621428063, 112, 2019
E, 100, 0.29055036461493067, 167.864736672, 60.9446522203, 2.18610498634, -0.368135512789, 1.38050542186, 112, 2019
Z, -100, 0.9878010008935972, 116.395865895, 128.757423743, 0.887528120283, 0.106078496186, 0.0306296505326, 115, 2019
N, 100, 0.5380777251503862, 284.603094036, 76.5836509023, 3.41769726254, 2.91834972489, 2.56317239118, 115, 2019
E, -100, 0.04799789283613727, 177.11516029, 51.8764091998, 4.18266078151, -1.08425940152, 1.47681572119, 115, 2019
Z, 100, 0.9438522527534634, 87.4172301481, 82.7557231247, 1.3795571156, -0.551298412184, 0.318233217073, 118, 2019
N, -100, 0.316977693823326, 258.09737036, 159.451346616, 2.00948829196, 0.55149146322, 1.34175271936, 118, 2019
E, 100, -0.27514203196351755, 143.617086349, 83.6884345786, 2.00577264484, 0.958270741968, 1.26065279616, 118, 2019
Z, 100, 0.9894148835015849, 184.272433896, 173.173749805, 1.04576745356, -0.397255363466, 0.243878949829, 121, 2019
N, -100, 0.28745179895784617, 129.260021396, 239.891170407, 0.596278355702, 1.06195786893, 0.346312392925, 121, 2019
E, -100, -0.8548192927283903, 162.058546316, 85.5841904647, 1.84992910414, 1.3593579103, 1.93902014145, 121, 2019
Z, -100, 0.9898787756572328, 233.793971535, 231.45571232, 0.970087689838, 0.403486497906, 0.261169979334, 124, 2019
N, -100, 0.8814531412239539, 119.613056632, 272.679288783, 0.507813805806, 0.0377914155784, 2.48732130117, 124, 2019
E, -100, -0.7339669004625429, 162.113236726, 74.1746527668, 2.00205479406, 1.14083712185, 2.77176555751, 124, 2019
Z, -100, 0.9862563140503542, 257.531127194, 222.763482492, 1.26496450834, -0.0600855119179, 0.160486014858, 127, 2019
N, 100, 0.21303031555906798, 270.980479318, 232.335698915, 0.973351730285, -1.0897928044, 1.19194287709, 127, 2019
E, -100, -0.34216378416792537, 322.498167937, 51.6038803683, 5.32881545987, 1.98217959036, 2.85038454162, 127, 2019
Z, -100, 0.9747964243286693, 149.448775083, 146.644236627, 1.0209387242, 0.278654608408, 0.0964135668825, 130, 2019
N, 100, 0.6880296598322966, 327.573698783, 118.412526229, 2.59762000021, -0.430436559611, 1.44232474343, 130, 2019
E, 100, -0.6770745140470309, 2127.4525307, 30.1574678376, 66.0369936989, 0.0303634269566, 1.40056613709, 130, 2019
Z, 100, 0.9540043980928811, 118.286797762, 120.979175094, 0.899219397966, 0.026433927328, 0.129409390283, 133, 2019
N, -100, 0.12454752060659101, 402.06630745, 197.66558999, 2.33891642156, 0.450980267748, 1.33125390618, 133, 2019
E, 100, -0.8955667000139199, 7851.4128975, 85.0996966073, 80.7014164053, -1.78211147778, 2.82336902971, 133, 2019
Z, 100, 0.999791213778127, 223.133985064, 214.336105644, 1.04120448841, -0.0128226087373, 0.0141258066751, 136, 2019
N, -100, 0.8207889124314182, 208.324554593, 307.274117603, 0.779584738492, 0.573181481215, 0.390630223862, 136, 2019
E, 100, 0.20758330189682786, 1174.30200816, 109.683773752, 9.07055689497, 1.70633976943, 2.57301205929, 136, 2019
Z, -100, 0.9982338820487905, 239.077229448, 241.234112556, 0.985863699347, 0.0333382898344, 0.0410305667175, 139, 2019
N, 100, 0.9210112299563794, 140.219494799, 293.884946952, 0.460254524794, -0.70930078236, 2.25366425407, 139, 2019
E, -100, -0.4770047518427312, 322.914395962, 87.7730106364, 3.28499501749, 1.50218142822, 2.82512603276, 139, 2019
Z, -100, 0.9716299740210684, 191.594550228, 190.639760366, 0.97048361553, 0.126268529302, 0.0913103525109, 142, 2019
N, 100, 0.5418681576742664, 204.353740971, 179.837956301, 0.991836107721, -0.468919404882, 0.917154883933, 142, 2019
E, 100, 0.2839906675981269, 283.726108181, 35.5400253317, 8.13784549661, 2.42506678791, 2.65798498241, 142, 2019
Z, -100, 0.7586703719344254, 154.63863441, 103.339830407, 1.38371261293, 0.384069594199, 0.134707875815, 145, 2019
N, -100, 0.7386339174985118, 268.342108662, 57.0849617852, 4.11661628111, 2.99118677924, 2.44138287688, 145, 2019
E, 100, -0.10126100006283699, 214.909116829, 48.4760180877, 5.76583210315, 0.619859246687, 1.25274513996, 145, 2019
Z, 100, 0.9800180339592104, 102.902462589, 97.9305383312, 0.97277918089, 0.0522942024846, 1.29272930331, 148, 2019
N, -100, 0.4416497546848221, 246.397819239, 146.999328465, 1.93460912656, 0.391665527348, 1.32084251087, 148, 2019
E, 100, -0.7463683543966189, 284.621084889, 66.6324482642, 4.5012725482, 1.41607739256, 1.23874627214, 148, 2019
Z, 0, 0.9908733742447815, 193.314944596, 178.032884226, 1.07777507104, -0.16942811174, 0.109105613871, 151, 2019
N, -100, 0.6609878780919277, 130.360150077, 226.794832728, 0.646823587545, 1.27300156708, 0.408349075271, 151, 2019
E, -100, -0.9662756476153543, 270.23786658, 70.5963514584, 4.12393715929, 2.91213081987, 1.30344427089, 151, 2019
Z, -100, 0.9753119282210766, 223.666449963, 224.460737315, 1.03638071453, 0.0330474193232, 0.210027521849, 154, 2019
N, 100, 0.9225502994515473, 130.675148403, 260.542745718, 0.458268460859, -0.885957353305, 2.55685792178, 154, 2019
E, -100, -0.5998117050290687, 355.277246079, 68.4102734291, 4.6526968579, 1.82454023821, 2.85411158732, 154, 2019
Z, 100, 0.9935770861100879, 198.431723004, 203.62647337, 0.998150860065, -0.0250670090134, 0.103840024387, 157, 2019
N, 100, 0.6130238623086072, 211.513441813, 213.500703602, 0.83895603276, -0.382262715975, 0.793590409169, 157, 2019
E, 100, 0.3738481309303963, 436.548605099, 46.947474204, 8.09405197739, 0.0778992904966, 2.69065920016, 157, 2019
Z, -100, 0.9007420545480297, 92.9173551793, 130.93223537, 0.70759982461, 0.343696562042, 0.201148077079, 160, 2019
N, 100, 0.8904077666813336, 312.659114585, 112.404287359, 2.32764088831, 3.1400616884, 2.58351992766, 160, 2019
E, -100, 0.3105813045842928, 423.769736863, 47.6356549167, 10.231537599, 2.76948756603, 2.66413944097, 160, 2019
Z, 100, 0.9528651270958952, 140.056954952, 138.768612595, 0.943872045833, 0.403317190029, 1.83738944045, 163, 2019
N, -100, 0.7934413568031095, 242.399232575, 212.630341234, 1.31973382374, 0.137287661579, 1.35009216821, 163, 2019
E, 100, -0.6969872701011859, 318.345810572, 86.5057960965, 3.95987932745, 1.23543224657, 1.25081943963, 163, 2019
Z, -100, 0.7988866569226524, 153.79572797, 210.151723384, 0.723670102212, 0.0410968466149, 0.344198559043, 169, 2019
N, -16, 0.920285351633459, 88.1074086497, 242.089488142, 0.351173371995, 0.179816540855, 0.219509269417, 169, 2019
E, -100, -0.03983329229477151, 258.81381977, 68.9924382292, 3.3355596762, -0.433814497088, 2.63409504477, 169, 2019
Z, -100, 0.37017789795107203, 0.53582420469, 103.167536481, 0.00458923834003, 0.0242168113987, 2.22885965869, 175, 2019
N, -100, -0.2095607353687234, 1.20367830664, 52.1548375116, 0.019095180413, 0.847570269053, 2.63341123091, 175, 2019
E, -100, 0.8346373313858145, 1.08248522838, 34.1486285436, 0.0346219433852, 0.715849936122, 1.45712522442, 175, 2019
Z, 100, 0.9888885510465337, 210.163495368, 193.635791158, 1.13012351513, -0.354212064618, 0.273021255088, 211, 2019
N, -100, 0.9005063779958364, 143.599897299, 264.779224639, 0.660251848101, 0.909965340057, 0.760872658283, 211, 2019
E, -100, -0.6340343159359818, 366.802525, 87.2121980149, 3.78817294914, 2.93506143128, 1.80630832262, 211, 2019
Z, -100, 0.99737669017419, 249.622513439, 247.24371545, 0.985485907925, 0.130653297217, 0.0492489793044, 214, 2019
N, 100, 0.9363992279112592, 247.334533672, 312.19298994, 0.744222034825, -0.0758127727967, 0.282243983665, 214, 2019
E, 100, 0.027591321277293156, 444.327439628, 95.7475275314, 4.43407155327, -1.47492858187, 1.32522141732, 214, 2019
Z, -100, 0.9849319293024269, 225.811020478, 213.647153229, 1.08534556742, 0.229420778388, 0.123325837648, 217, 2019
N, 100, 0.7823839822617625, 282.911355552, 233.275740994, 1.17262303851, -0.367152278619, 0.959440705025, 217, 2019
E, 100, 0.665033334691838, 475.496907028, 59.6528900804, 7.44912454593, 2.89929684343, 2.65157668606, 217, 2019
Z, 100, 0.9610087793719244, 91.6711349943, 116.187754075, 0.80594497769, -0.358167153917, 0.167449060287, 220, 2019
N, -100, 0.7837570235826625, 315.999884245, 109.238004556, 2.60497973057, -0.316116603006, 0.942520340012, 220, 2019
E, 100, -0.22580854971631245, 402.347749303, 63.0595915494, 7.02786587056, 0.525085399983, 1.28754118763, 220, 2019
Z, -4, 0.9822438352825835, 140.574307851, 128.450533665, 1.32113750652, 0.232912848757, 0.310337985943, 223, 2019
N, -100, 0.7156264087021091, 222.512169697, 219.730092698, 1.17471882083, 0.664958805001, 0.43941505435, 223, 2019
E, 100, -0.7334242512967561, 276.807870861, 98.0960021788, 3.01992837044, 1.81994936482, 1.30171086206, 223, 2019
Z, 100, 0.9895453898677437, 209.901608705, 195.715115433, 1.12283786521, -0.360840967603, 0.224244640081, 226, 2019
N, -100, 0.9507322960610856, 111.222389697, 264.105335143, 0.416314753857, -0.618291226004, 2.62203696101, 226, 2019
E, -100, -0.5870010025892629, 256.097689499, 93.4616223108, 2.40703122109, -1.59477776394, 1.75325340547, 226, 2019
Z, -100, 0.9893398069372357, 241.470938535, 215.874040694, 1.23807866447, 0.0158653169097, 0.139037653047, 229, 2019
N, 100, 0.6913126146920111, 107.224893814, 235.661881241, 0.424067059166, -0.863654386179, 0.308484409121, 229, 2019
E, -100, -0.292062885047176, 341.445249081, 59.8257744334, 5.28869670675, 1.99304236849, 2.82763548745, 229, 2019
Z, -100, 0.990968423344791, 179.783163566, 182.679112629, 0.979942023292, -1.04139061477, 2.50539500019, 232, 2019
N, 100, 0.4386119642101259, 122.204950148, 160.838982165, 0.727209923308, -0.54993848921, 1.74104239875, 232, 2019
E, -100, -0.49192584126325106, 319.460732988, 25.3520970927, 11.1640490894, 2.18379160688, 2.78297372078, 232, 2019
Z, -100, 0.9855689310392635, 90.0383963268, 108.706439502, 0.823012487271, 0.0931571993361, 0.0650442720228, 235, 2019
N, 100, 0.38959224097381423, 161.019571438, 61.7324968114, 2.39978383975, 2.54817595214, 2.46664066728, 235, 2019
E, 100, -0.9176907767318215, 265.99915538, 31.0419467969, 9.86690505517, 2.04748351574, 2.52902339933, 235, 2019
Z, 100, 0.9784560475985186, 131.412391355, 123.42890477, 0.967071758156, 0.343495224428, 1.31838623556, 238, 2019
N, -100, 0.7431777992480797, 193.200440017, 186.903817742, 1.29357977102, 0.507442289744, 0.544162194586, 238, 2019
E, 100, -0.912440843463685, 283.062633195, 73.2855217792, 4.17096671421, 1.90047190143, 1.24668586298, 238, 2019
Z, -100, 0.9980871325109018, 248.893683481, 235.823104811, 1.04423343456, 0.198238997237, 0.122303263422, 241, 2019
N, -100, 0.9904256035826591, 234.469943302, 332.700531958, 0.749718237992, 0.264595455832, 0.15827132623, 241, 2019
E, -100, -0.7331939944294974, 252.581333004, 114.355951041, 2.41404751295, -0.534396510606, 2.83680373723, 241, 2019
Z, -100, 0.9951479789903792, 284.347530734, 272.925359467, 1.10107402772, -0.00781509515379, 0.0989682761732, 244, 2019
N, 100, 0.9211185931176634, 270.071232828, 342.169462421, 0.748482241384, -0.111034902517, 0.201670765708, 244, 2019
E, 100, 0.12298808640057107, 346.663030794, 105.009543251, 2.78766740449, 2.2475698982, 2.9477340727, 244, 2019
Z, -100, 0.9610625018685236, 237.011450941, 199.786006158, 1.20838840888, -0.0170387134574, 1.35596213511, 247, 2019
N, 100, 0.6865248779574185, 338.291504577, 191.319263976, 1.61785905504, -0.535175206287, 1.06184041149, 247, 2019
E, 100, 0.4102485554462202, 418.634374612, 40.3717426074, 8.8338930838, 2.86266256895, 2.41369044768, 247, 2019
Z, 0, 0.8734448216693427, 66.1257785853, 76.0759199751, 0.845666980961, 0.464714227738, 0.330192983917, 250, 2019
N, -100, 0.7356449506288684, 214.701819633, 143.7118862, 1.77187622255, -0.0788426071816, 1.36067723317, 250, 2019
E, 100, -0.6761848291700044, 235.089667121, 84.9688205306, 3.08172916622, 1.11550878957, 1.2671501785, 250, 2019
Z, 100, 0.9987751958564248, 173.783953231, 150.503278521, 1.19155612412, -0.0131082370674, 0.0469271402266, 253, 2019
N, -100, 0.9098842443078451, 223.597859496, 249.927662565, 0.99521494565, 0.49221073392, 0.131655815148, 253, 2019
E, -100, -0.8352047318079473, 162.126325759, 107.333669992, 1.657643098, 2.58029946722, 1.20790900232, 253, 2019
Z, 24, 0.9938220602028016, 241.024513752, 217.625687909, 1.17715483833, -0.209381408803, 0.150459755193, 256, 2019
N, -100, 0.9540646993267489, 224.390460766, 278.303432622, 0.795158279036, -0.622058182451, 2.6010174032, 256, 2019
E, -100, -0.3813415063495748, 203.318016188, 90.2389400251, 1.92539386454, -1.07873728565, 2.08260318632, 256, 2019
Z, -100, 0.994550019506144, 233.113181455, 229.399392138, 0.988926817278, 0.182367228696, 0.0410872285219, 259, 2019
N, -100, 0.9612187135312525, 131.28338359, 242.355163307, 0.530179673777, 0.183789396044, 0.188005467565, 259, 2019
E, -100, -0.521257625574373, 215.463386235, 55.9376566176, 3.50867132682, 1.94697852556, 2.95477812726, 259, 2019
Z, -100, 0.9912988520518372, 155.177186582, 179.816629713, 0.788600774988, -0.457699933145, 1.3011078636, 262, 2019
N, 100, 0.1959938217985165, 95.5835830496, 156.992031408, 0.533236219953, 0.154781939603, 1.08678810783, 262, 2019
E, 100, -0.9670748180832418, 203.421091276, 32.693808463, 6.01278521904, 1.18593525498, 2.8950784295, 262, 2019
Z, 100, 0.5974602333732804, 61.2303535781, 87.6707478397, 0.642286437576, -0.799017613197, 0.495486522293, 265, 2019
N, -100, 0.49343601193184783, 208.216798047, 79.4596349839, 2.96071117562, 1.63717957785, 2.75447870218, 265, 2019
E, 100, -0.06534877623428087, 267.381873845, 47.1367831724, 6.5460447216, 1.81138020229, 1.48289324761, 265, 2019
Z, 100, 0.8435747724547181, 179.054411246, 171.485248387, 1.04962433977, -1.75577011483, 0.839502735678, 268, 2019
N, -100, 0.8525880013192126, 308.016546995, 266.972671464, 1.34127319415, 0.704029333513, 0.2733830036, 268, 2019
E, -100, 0.2505973252722602, 354.56752314, 102.445582765, 3.70990792473, 0.965368270684, 0.431810168366, 268, 2019
Z, 100, 0.9917974243107933, 283.675454903, 275.286355794, 1.10947227462, -0.275790885271, 0.2107870296, 271, 2019
N, -100, 0.9789121898745369, 328.051905666, 377.482662431, 0.883155994401, 0.448444388606, 0.209762874933, 271, 2019
E, 100, -0.3628284374289202, 115.262020037, 127.173228396, 1.02822132362, 0.441711037126, 2.92233712242, 271, 2019
Z, -100, 0.9982112785600851, 259.66368227, 266.740438215, 0.95922525901, 0.103479074178, 0.0255513636472, 274, 2019
N, 100, 0.8817557052296674, 235.961263972, 312.386498725, 0.760166582884, -0.134655210655, 0.122030825211, 274, 2019
E, -100, -0.26511199272369923, 254.850856209, 87.4979069914, 2.37155882314, 1.18730520871, 2.70981157653, 274, 2019
Z, 100, 0.992165558913509, 134.294440895, 157.421512062, 0.813794243465, -0.213774911069, 0.0861342627246, 277, 2019
N, 100, 0.6365695454716052, 192.386212559, 112.626940827, 1.73266006714, 0.185634465178, 2.27153658929, 277, 2019
E, -100, 0.05503061790137873, 232.541377577, 49.6394502145, 5.61267225382, 2.16035697396, 2.85268199601, 277, 2019
Z, 100, 0.9281585244279593, 88.97228473, 80.9179091455, 0.922605364505, 0.597952536915, 1.2466360891, 280, 2019
N, -100, 0.82162181180785, 225.198097494, 180.316778222, 1.41345997303, 0.613938692345, 0.233377416491, 280, 2019
E, 100, -0.34351495602505716, 237.144863218, 97.1282912857, 2.6251422522, 1.28552701154, 1.32165636911, 280, 2019
Z, 100, 0.9668161835611341, 191.850437907, 174.456569496, 1.15861326871, -0.391790982766, 1.51657600503, 283, 2019
N, -100, 0.8950126422471654, 242.992898644, 262.734979443, 0.986607640922, 0.604905637945, 0.207940028645, 283, 2019
E, 100, -0.8296456861109691, 200.416827417, 102.983527692, 2.25557623812, 1.88416627752, 1.25655124088, 283, 2019
Z, -58, 0.9903586522071374, 274.782918146, 231.982935445, 1.26133425917, -0.177136546999, 0.15703158419, 286, 2019
N, -100, 0.9520989364073518, 129.717595106, 278.196867528, 0.382792743655, -1.58593747885, 1.60825127912, 286, 2019
E, -100, -0.8607858186527544, 243.600077686, 79.6869644317, 3.02799592868, 1.61908452245, 2.87470133285, 286, 2019
Z, -100, 0.9956727327564601, 226.41794838, 227.385458519, 0.966749905436, 0.171954851567, 0.0673642540388, 289, 2019
N, 100, 0.8520466080518265, 123.898053946, 233.266585288, 0.509558554172, 0.441396466651, 0.742953865572, 289, 2019
E, -100, -0.8006346525636049, 241.924673836, 51.1884000615, 4.39309142363, 1.3123244535, 2.81092661466, 289, 2019
Z, -100, 0.9733135145178972, 160.584548967, 158.692727326, 0.873327389695, -0.729925260993, 1.74067220374, 292, 2019
N, 100, 0.09964720174879076, 165.822427727, 127.054006462, 1.18495265591, 0.840828110078, 0.834046694197, 292, 2019
E, 100, -0.879480442977073, 281.142298367, 25.334180582, 11.3893029201, 1.45567348889, 3.01570225595, 292, 2019
Z, 100, 0.7688961579303447, 119.474300216, 88.5950824072, 1.0563922816, -0.14381613456, 0.228981061184, 295, 2019
N, -100, 0.6570232172679784, 209.2323121, 150.69852054, 1.91712528919, -0.0843161903522, 1.40543418013, 295, 2019
E, 100, -0.42401640848616007, 285.86014187, 69.7385574994, 4.5041923134, 1.2783274649, 1.34122539513, 295, 2019
Z, 100, 0.9869292515272897, 228.35184822, 215.588363025, 1.16573686587, -0.334663350935, 0.206479657956, 298, 2019
N, -100, 0.9410370720270829, 308.28324527, 321.464917688, 0.942767505041, 0.189815116259, 0.157780191813, 298, 2019
E, 100, -0.7127318079307441, 179.208751605, 117.745247494, 1.60883267857, 1.40328067158, 1.26613004462, 298, 2019
Z, -100, 0.9964926070239248, 286.189681745, 277.499337324, 1.01897701981, 0.257090200176, 0.163546462255, 301, 2019
N, -100, 0.9720128568704797, 254.695759817, 358.144867432, 0.769045633619, -0.0907371796378, 1.98078819011, 301, 2019
E, -100, -0.7245617270065196, 282.1021115, 113.719281151, 2.10629620487, 0.617112729349, 2.94350483615, 301, 2019
Z, -100, 0.9953032199030131, 212.751487611, 227.441429201, 0.880353410244, 0.0351163864165, 0.0679743104824, 304, 2019
N, 100, 0.8192595673233674, 197.349978817, 235.113069309, 0.869138359535, -0.0887864451796, 0.249010500931, 304, 2019
E, -100, -0.1665385607248088, 283.638500778, 54.3781782158, 5.6063633039, 2.06348140515, 2.81751892745, 304, 2019
Z, -100, 0.859857639676335, 155.923857632, 114.8877832, 1.28915950394, 0.59485916324, 0.211999527085, 307, 2019
N, -100, 0.7514259959797774, 231.420201927, 73.9346172029, 3.25573036759, 3.38879337259, 2.62213458862, 307, 2019
E, 100, -0.016054188058995097, 290.8031351, 61.0788133619, 5.51726740956, 0.0140700252818, 1.2515642906, 307, 2019
Z, 100, 0.967349367966073, 116.703789982, 100.001670008, 1.13373678544, 2.50298513599, 2.76061335386, 310, 2019
N, -100, 0.7068007226101706, 207.632426475, 185.165291526, 1.37252012631, 0.437714189828, 1.35043085998, 310, 2019
E, 100, -0.6000611998540899, 228.310432467, 90.830235995, 2.97341034142, 1.20693556103, 1.26848270301, 310, 2019
Z, -100, 0.9929400789960429, 204.863778414, 185.15656137, 1.17933025996, 0.270196259063, 0.144109835103, 313, 2019
N, -100, 0.8299563412612323, 271.103371786, 250.259030512, 1.20553777013, 0.516006337406, 0.246709048455, 313, 2019
E, 100, -0.8800670403305958, 246.135336348, 86.7020852148, 2.85197727544, 1.81043570526, 1.21214202579, 313, 2019
Z, 100, 0.9866946328920361, 239.800354351, 230.715540463, 1.13194803874, -0.329959897845, 0.188584594334, 316, 2019
N, 100, 0.9595035006166924, 169.560028013, 263.175224928, 0.589315374969, -0.15845296181, 2.36011082946, 316, 2019
E, -100, -0.9894096841742624, 181.010051507, 67.8144330177, 3.08248570019, 1.57807266077, 2.94858210478, 316, 2019
Z, -100, 0.9872077139533424, 228.851045937, 211.54081114, 1.17117379481, -0.0108858967545, 0.133113512164, 319, 2019
N, -100, 0.8666443009576055, 269.753198984, 209.090204385, 1.31186010042, 0.381968675506, 1.50978194215, 319, 2019
E, -100, -0.8928116983226965, 221.649803752, 42.1678026597, 5.84241481748, 1.09381794411, 2.91248326665, 319, 2019
Z, 100, 0.9816849397501661, 98.1825895645, 133.848825833, 0.628878589446, -0.156771251072, 0.220647870395, 322, 2019
N, 100, -0.05877438048358535, 786.976214871, 92.2310605388, 5.7293537209, 0.722826546442, 1.89933218289, 322, 2019
E, 100, -0.039444405036434795, 212.966370045, 30.9323472744, 9.22597255554, 1.33031089782, 2.79975944324, 322, 2019
Z, 100, 0.9836091388429754, 145.591315887, 128.340951004, 1.15256418867, -0.31947534868, 0.181742922859, 325, 2019
N, -100, 0.7096312139540704, 237.087605118, 203.477586501, 1.46134879508, 0.567019399918, 1.51077556716, 325, 2019
E, -100, 0.2300766444391024, 144.873187828, 84.1468343763, 1.94680863568, 0.751684569601, 1.36263794151, 325, 2019
Z, 100, 0.9925913231503452, 234.39020384, 223.241088192, 1.05213023245, -0.305153783356, 0.189197030735, 328, 2019
N, -100, 0.9769830556489357, 226.174482232, 314.467833208, 0.664240614469, 0.518926117749, 0.205822910998, 328, 2019
E, 100, -0.37094303638867915, 71.0357845284, 109.334023296, 0.782386386065, 0.539355284955, 1.10160064738, 328, 2019
Z, -100, 0.9934865284883546, 262.28083085, 245.799291594, 1.14515228964, -0.124758307301, 0.135000320217, 331, 2019
N, 100, 0.790859134122577, 207.414079061, 296.071668174, 0.611388886441, -0.444858384003, 1.46279658105, 331, 2019
E, -100, -0.1159018724442419, 193.929773863, 86.9679684926, 1.84511885461, -1.54136736443, 1.70993163141, 331, 2019
Z, -100, 0.9812125236437886, 219.129591393, 187.755611355, 1.21739556926, 0.173239880219, 0.133826919108, 334, 2019
N, 100, 0.5943734259482178, 199.242541876, 171.007001307, 1.22564119973, -0.964150498449, 0.310954590919, 334, 2019
E, 100, 0.548689259745143, 290.406069073, 33.1989950091, 7.82931229573, 2.57826838618, 2.56526368162, 334, 2019
Z, -100, 0.9740899779281094, 78.9941639297, 97.1125209352, 0.790805937025, 0.218598343471, 0.0662236490335, 337, 2019
N, -100, 0.8937346040984174, 239.974488244, 71.5720940546, 3.63532412455, 2.12137787755, 2.75572655199, 337, 2019
E, -100, 0.08475132102045023, 259.878300643, 53.9935327399, 5.5817151579, 0.471595955864, 1.2470413619, 337, 2019
Z, 100, 0.9807193213140818, 109.110281565, 104.001655103, 1.05179316118, 1.96185358961, 2.95110121982, 340, 2019
N, -100, 0.7637470032186852, 252.167834936, 159.118703028, 1.86162416471, 0.198864082655, 1.33797606097, 340, 2019
E, 100, -0.48789465994316517, 223.762813776, 71.1910554083, 3.29841232782, 1.00669016642, 1.23038514567, 340, 2019
Z, 100, 0.9984537621456511, 200.923177123, 180.16773258, 1.10783451, -0.116941068942, 0.0634299898339, 343, 2019
N, -100, 0.6064939154813629, 174.047855947, 227.017137639, 0.918642029406, 1.02700016745, 0.264829217598, 343, 2019
E, 100, -0.9264095938736193, 186.498361588, 69.9290715105, 2.39422161878, 1.49071088284, 1.33956429727, 343, 2019
Z, -100, 0.9951393481718842, 233.36804086, 221.598307919, 1.07504277657, 0.098099969304, 0.0433391150757, 346, 2019
N, -100, 0.5281607625586814, 220.223781841, 250.906866568, 0.795538558499, 0.202261799699, 2.69198442216, 346, 2019
E, -100, -0.6866755521448209, 287.785017943, 63.2222087913, 4.16478226905, 1.11356546202, 2.89149735268, 346, 2019
Z, -100, 0.9924342690898613, 186.781568238, 200.045298379, 0.935046288751, 0.178192311843, 0.0512938210364, 349, 2019
N, 100, -0.0375681629062601, 196.647827911, 200.394775637, 0.94937750039, -0.0512441222108, 3.1249197838, 349, 2019
E, -100, -0.0631072605741489, 363.599081769, 40.5076445411, 9.17521123379, 2.16310190981, 2.9483998523, 349, 2019
Z, -100, 0.9723448564665779, 116.616151942, 130.041936341, 0.908763240278, 0.340945202491, 0.132633125624, 352, 2019
N, 100, 0.8132583990800054, 236.715798917, 103.559810222, 2.00124664099, 2.56996710178, 2.59290965254, 352, 2019
E, -100, 0.5004616583581473, 303.610958763, 42.0460630949, 8.53045277827, -0.210588676662, 0.844584316465, 352, 2019
Z, 100, 0.9849827239502186, 143.051240784, 136.752148785, 0.976794056363, 0.362600593461, 1.80920534, 355, 2019
N, -100, 0.8749432413028301, 249.088721643, 208.12163023, 1.40279329116, 0.0983735374703, 1.35338159143, 355, 2019
E, 100, -0.27865559966741, 198.455356147, 83.3998297313, 2.66888493187, 0.395666716117, 1.19057836716, 355, 2019
Z, 100, 0.9962184256899106, 213.876064632, 202.178200819, 1.0621157063, -0.191542764628, 0.130648783275, 358, 2019
N, -100, 0.9076273251242264, 217.831901011, 278.117675844, 0.828542439408, 0.774782374435, 0.289440891852, 358, 2019
E, -100, -0.7258306614976473, 169.78455975, 96.3886900104, 1.78034988811, 1.51744798203, 1.34819635967, 358, 2019
Z, -100, 0.9957975762199466, 217.693534172, 218.006976707, 0.980479880304, 0.162079597008, 0.0537343134271, 361, 2019
N, 100, 0.919550487747612, 131.984959035, 253.940492564, 0.504761798051, 0.277517335514, 0.976708539158, 361, 2019
E, -100, -0.14413480986449695, 298.674852018, 73.5788801933, 3.35557939861, 1.59592434028, 2.66533356593, 361, 2019
Z, -100, 0.9932761002999072, 166.719714712, 175.817135927, 0.930278240297, -0.177043359592, 1.35348169609, 364, 2019
N, 100, 0.6972000154685255, 145.568086736, 153.493393367, 0.863372359603, -0.161901553916, 1.56616117917, 364, 2019
E, 100, 0.5808423468664471, 287.393457654, 28.6604892158, 9.90470207098, 2.76176320394, 2.43825412602, 364, 2019
