Chan, Phase Shift, Correlation, ptp-data, ptp-synthetic, rat, phasem, phasestd, DOY, Year
Z, 100, -0.08239765477431486, 13.7372659024, 15.0641048603, 1.34018158995, -1.15385582692, 2.66991115588, 43, 2019
N, 100, -0.6777184376368209, 11.0068384494, 27.9965774861, 0.476409169357, -1.30067084404, 2.42247490761, 43, 2019
E, 100, 0.13185356235540518, 11.4769942933, 11.7875227145, 0.963580996055, 1.71315549886, 3.10760847748, 43, 2019
Z, 100, 0.04553537745395507, 47.1413907304, 12.6163064114, 4.9522314157, -0.429877195682, 1.13976364393, 46, 2019
N, 100, 0.12072177599318189, 50.7317259705, 79.1429512441, 0.536182377135, -1.29680690199, 0.261646413563, 46, 2019
E, -100, 0.6070702911402546, 53.7375698853, 19.7454212114, 2.14315418155, 1.02264861183, 0.509183354344, 46, 2019
Z, 100, 0.40185475555298394, 70.0805717738, 6.38319757377, 16.5526474858, -0.350583732293, 1.14903580746, 49, 2019
N, -100, -0.24685850348695132, 73.3044537005, 105.39833246, 0.491970985093, 1.07296013585, 2.68766368207, 49, 2019
E, -100, 0.8650607951526897, 77.3732163829, 26.1217562522, 2.0972704498, -3.26273309814, 2.79121038718, 49, 2019
Z, -100, 0.4370743043941384, 7.28164684027, 30.1437723718, 0.370084800759, -1.75968930191, 2.42154976244, 52, 2019
N, -100, -0.5826032224419332, 5.32268080861, 79.9941124085, 0.0637899071179, 1.21803097751, 3.52674208498, 52, 2019
E, 100, 0.7893706794648612, 5.49322508715, 22.8700600935, 0.251493728006, -0.214879356587, 0.391425898664, 52, 2019
Z, -100, 0.12019255282624386, 8.44687573872, 36.0056394962, 0.354507087913, -1.37962610976, 2.68812932811, 55, 2019
N, -100, -0.3863537637570733, 6.64998958406, 23.2560754856, 0.401693877887, -1.65804446932, 1.44991281704, 55, 2019
E, 100, 0.7507360303563511, 6.20531818923, 9.71602757461, 0.795252714236, -0.754475341518, 0.0738585523394, 55, 2019
Z, 100, -0.5385969188262069, 7.57045712323, 15.4568011927, 0.748079669139, -0.743362696465, 2.81075199938, 58, 2019
N, 100, -0.6381302458499023, 5.9795895098, 58.8479518619, 0.103394659324, -1.01573418936, 2.88135557556, 58, 2019
E, -100, -0.2548536287989555, 5.65539993405, 18.4169074598, 0.327157055928, 1.37900150118, 3.01991274758, 58, 2019
Z, 100, -0.7953033158595563, 6.56558458651, 8.24907035863, 1.31277013615, 0.366229460345, 2.38038713638, 61, 2019
N, 100, -0.9093631065494627, 5.11568626849, 74.6581832938, 0.065039678018, -0.445600549698, 3.06103120281, 61, 2019
E, -100, -0.13669956719676277, 4.98381032227, 21.6378066595, 0.228246028333, 1.52755338714, 3.03763049338, 61, 2019
Z, -100, 0.10512036606930049, 4.99688595326, 8.75333161348, 0.995044283304, -1.81136924114, 2.69924293313, 64, 2019
N, -100, -0.9773552868993882, 4.13285004658, 65.6983082973, 0.0617451036188, 0.178665972796, 3.16360380079, 64, 2019
E, 100, 0.38444102948607084, 4.02816670954, 18.0643391695, 0.22617727356, -1.05498160894, 0.121157561494, 64, 2019
Z, -100, 0.3657531770279582, 7.61071029149, 25.9332559149, 0.50203263724, -1.82911483338, 2.45407169982, 67, 2019
N, -100, -0.607588533505436, 5.42104073563, 39.153882101, 0.145211316478, -2.02865876822, 0.36310892075, 67, 2019
E, 100, 0.640251734118166, 5.503135358, 11.6127385354, 0.533883214193, -0.511759303386, 0.360114235685, 67, 2019
Z, -100, 0.3943699814222412, 7.51054837799, 29.5716980679, 0.414746543114, -1.7414105826, 2.56321984843, 70, 2019
N, -100, 0.23549922792906303, 5.77963442416, 21.6039454317, 0.318892090046, 0.732127298791, 0.673883078454, 70, 2019
E, -100, -0.32132282151871006, 5.60879848595, 6.57182961218, 0.981397593255, 1.01004528273, 3.35197842023, 70, 2019
Z, 100, -0.01115968443027421, 6.77716646162, 16.4021984874, 0.607269794646, -1.16145635453, 2.64999892128, 73, 2019
N, 100, -0.3329828793583507, 5.15331457592, 63.1369829067, 0.0797424555387, -1.33245801933, 2.98999868506, 73, 2019
E, -100, -0.5606982487389819, 4.97553235963, 14.7759129715, 0.310271073345, 1.04550339199, 3.04652964972, 73, 2019
Z, 100, -0.7046331211325151, 7.84831569305, 10.9047690082, 1.27001548132, 0.55257253606, 2.27710814198, 76, 2019
N, 100, -0.8720107949903111, 5.90798943323, 87.3245730113, 0.0639418006545, -0.43157815191, 3.1793998436, 76, 2019
E, -100, -0.25105008111105703, 5.82928741097, 23.4047031116, 0.243494241973, 1.50803419059, 2.89046829657, 76, 2019
Z, 100, 0.7281508179202578, 7.21252345129, 10.0654735887, 1.19592179039, 0.143847937744, 0.387889389957, 79, 2019
N, 0, -0.9722174700969204, 5.74349880765, 66.1160510054, 0.0856617788699, 0.0450894669513, 3.16877497311, 79, 2019
E, -100, -0.06752982516376392, 5.76177308912, 21.6032270794, 0.286715273875, 1.59067358556, 3.05366610243, 79, 2019
Z, -100, 0.6798806299392819, 6.83336620224, 40.0760773405, 0.26371040631, -2.25804551754, 2.63874852167, 82, 2019
N, 100, 0.3200452907263841, 5.22909178736, 21.2415116457, 0.293825330333, -0.302892779275, 0.698322743259, 82, 2019
E, 100, 0.2134786261367744, 4.75684558876, 11.4309772072, 0.689417629253, -0.244778196088, 5.0873518391, 82, 2019
Z, -100, 0.4880511011481071, 5.38789219556, 33.5105817081, 0.239890912596, -1.82056247574, 2.63244091016, 85, 2019
N, -100, 0.336302733758053, 4.19355556803, 58.8697087783, 0.0693475316386, 1.1047997308, 0.163229362013, 85, 2019
E, -100, -0.9440602816929473, 3.74595648042, 12.0224253499, 0.283220470485, 0.296128093867, 3.1065170252, 85, 2019
Z, 100, -0.3525993875241697, 6.53675351269, 11.1851696737, 0.868415323462, -0.521996319358, 2.48677869638, 88, 2019
N, 100, -0.623649933128694, 5.08364411137, 70.260353416, 0.0654620154825, -0.710576311495, 3.35500051036, 88, 2019
E, -100, -0.5832001887099731, 4.66747172687, 23.908853923, 0.198507694867, 1.22038631884, 2.72559809301, 88, 2019
Z, 100, -0.5735297695721657, 6.26942331541, 4.24089611334, 2.78424754345, 1.17252543545, 1.44367408563, 91, 2019
N, 100, -0.7874897152959535, 4.52271401871, 55.4244764982, 0.0791596370168, -0.549787003814, 3.23752821193, 91, 2019
E, -100, -0.45700134636348566, 4.24694256913, 19.3908593752, 0.234162117363, 1.31023551638, 2.82365052908, 91, 2019
Z, 100, 0.7393254628015514, 4.6960390311, 12.741298585, 0.585424735244, -2.88592293699, 2.7511050478, 94, 2019
N, 100, -0.9124516405010482, 3.50260469476, 25.9388662889, 0.138798659082, -0.0893329008259, 3.22911901281, 94, 2019
E, -100, -0.45321811698640013, 3.03746002379, 9.89990875076, 0.349623334497, 1.19101739158, 3.01626760526, 94, 2019
Z, -100, 0.7131515428620732, 4.64280323021, 31.9828601747, 0.213965547213, -2.28951282851, 2.81082732984, 100, 2019
N, -100, 0.5735363025520834, 3.41588987356, 69.6589316373, 0.045135480955, 0.643800771687, 0.368757105342, 100, 2019
E, 100, -0.956719594477313, 3.2686563119, 15.5018777128, 0.192132757317, -0.338840201862, 3.47514876632, 100, 2019
Z, -100, -0.30568609861363155, 3.5794779507, 9.90081533139, 0.682704584741, 1.195334109, 2.67296113751, 106, 2019
N, 100, -0.6963196575048354, 2.33147938427, 61.2530711344, 0.0383059539393, -0.593907341433, 3.30038037857, 106, 2019
E, -100, -0.7323068850959857, 2.50567853012, 25.5358412289, 0.108709684076, 0.919292175473, 2.90570549229, 106, 2019
Z, 0, 0.7948761418182548, 4.09348321815, 20.0507432054, 0.283852216942, 0.472399607461, 0.571360704015, 109, 2019
N, -100, 0.6556688562773051, 2.91996799863, 27.3632168008, 0.124621971873, -0.381420321099, 0.751723067407, 109, 2019
E, -100, -0.6462482062282131, 3.02393145218, 11.7680513736, 0.358965957514, 1.50132528438, 2.31537210644, 109, 2019
Z, -100, 0.6903175232046798, 3.52644324466, 42.0167999551, 0.123107718116, -2.30158315599, 2.6199324873, 112, 2019
N, -100, 0.742069577710332, 2.73575349645, 71.774167982, 0.0364048594722, 0.607073182043, 0.148049842875, 112, 2019
E, 100, -0.8109879734968348, 2.54864024924, 15.0408067245, 0.166089728063, -0.634926904061, 3.4688771799, 112, 2019
Z, -100, 0.3431743259856927, 3.20426247072, 26.9876905318, 0.172315099056, -1.37828597111, 2.41402424311, 115, 2019
N, 100, -0.07426390265182246, 2.75374083835, 83.1243010403, 0.0319662065964, 1.77227934017, 0.162818089962, 115, 2019
E, -100, -0.8987473764068696, 2.37383894586, 21.3996003277, 0.101396386076, 0.646344921385, 2.75691736726, 115, 2019
Z, 100, -0.21395813067580768, 5.2922607585, 7.42463988384, 1.3127325276, -0.610160526659, 2.39062640686, 118, 2019
N, 100, -0.4378938648544468, 4.02878583015, 64.6766387823, 0.0640319345369, -0.987435270642, 3.3118313082, 118, 2019
E, -100, -0.8164916052047037, 3.82117287058, 24.6927863238, 0.175704452088, 0.80929618079, 2.79999148964, 118, 2019
Z, -100, -0.08188051447376765, 4.61537816447, 4.63894220763, 2.10626069143, 1.74643731822, 2.61839532413, 121, 2019
N, 100, -0.3617637954645283, 3.63765805209, 29.1972611939, 0.150083946549, -0.885993573659, 3.52299858954, 121, 2019
E, -100, -0.880792515910062, 3.54694606228, 15.4198373252, 0.271410346447, 0.613583291886, 2.89857381419, 121, 2019
Z, 68, 0.7484670644102868, 4.78561510904, 15.4842158892, 0.481501916814, 0.529261349674, 0.677387328756, 124, 2019
N, -100, 0.9117537378176228, 3.51100804941, 41.546012056, 0.092608183496, -0.183947041998, 0.447063886301, 124, 2019
E, 100, -0.9369776783539343, 2.96144109546, 11.3048685974, 0.299958327652, -0.502872241229, 3.45949363329, 124, 2019
Z, -100, 0.6833952385971013, 4.15319161468, 33.3121758657, 0.188318621391, -2.27844363018, 2.46710423625, 127, 2019
N, -100, 0.8228148498712687, 2.72332885359, 83.3813160485, 0.0310573489024, 0.601444614154, 0.00185319550333, 127, 2019
E, 100, -0.8886805084648114, 2.56898351335, 19.2637905957, 0.125927994176, -0.541796963056, 3.27196725496, 127, 2019
Z, -100, 0.5632225756964483, 3.39481867194, 30.2482813599, 0.165490440669, -1.92900924306, 2.5764641967, 130, 2019
N, -100, 0.3867442541362923, 2.30998712059, 99.2953248401, 0.0212606218479, 1.18384077488, 0.00152221925225, 130, 2019
E, 100, -0.9904071718742978, 2.42090096082, 23.6945261174, 0.0948789789049, -0.0874059252143, 3.14431325801, 130, 2019
Z, -100, 0.049333669186832206, 3.14688451463, 9.3134566484, 0.738357189052, -0.0174760612115, 1.66717166961, 133, 2019
N, 100, -0.4775824117832112, 2.61441280362, 74.1594829928, 0.0349433664936, 2.3819470637, 0.390449577702, 133, 2019
E, -100, -0.8255274352842966, 2.23649317373, 26.9653350696, 0.0814641759799, 0.877115559896, 2.62922539787, 133, 2019
Z, 100, 0.3642373207648271, 3.06381369653, 12.6556475863, 0.292383878262, -0.900275800032, 0.189879062887, 136, 2019
N, -100, 0.5194530426460321, 2.15840103313, 25.9322458563, 0.0942071508095, 2.56201801785, 1.75045812107, 136, 2019
E, -100, -0.8321540623102724, 2.0732551659, 21.3611902635, 0.124255807952, 1.02402866263, 2.46691281989, 136, 2019
Z, -100, 0.9283616702987546, 2.94798291334, 26.0708773796, 0.145228264662, 0.235462462251, 0.220566757628, 139, 2019
N, -100, 0.8509202654974174, 2.25165360297, 78.3080514136, 0.0268758346708, 0.0546032994252, 0.437852311528, 139, 2019
E, 100, -0.7488327676216814, 2.26709977618, 17.3240706296, 0.130722303684, -0.913875598207, 3.71999750804, 139, 2019
Z, -100, 0.34428891837472647, 3.46849582526, 37.2935113834, 0.137989314074, -1.52989122183, 2.35569659155, 142, 2019
N, -100, 0.18705609383652363, 2.44826518482, 97.4892019671, 0.0233523114288, 1.52056896958, 0.199033061732, 142, 2019
E, -100, -0.9804752308374277, 2.88098889769, 23.7956825513, 0.112582269515, 0.180275982981, 2.99208549677, 142, 2019
Z, -100, 0.3367831628884959, 3.33847663273, 20.5088998824, 0.249416770995, -1.66565446398, 2.69627259084, 145, 2019
N, 100, -0.08871524975042015, 2.16208709134, 82.3407313898, 0.0271131311751, 1.68541195063, 0.0637606474402, 145, 2019
E, -100, -0.9804717186090617, 2.62500199779, 25.1809679923, 0.100931193749, 0.176213462013, 3.13696777387, 145, 2019
Z, 100, -0.1536413501918929, 1.96669998848, 6.21728846856, 0.714299693645, 0.379700855075, 1.64049220159, 148, 2019
N, -100, 0.02570234553920405, 1.46317646677, 47.3780176005, 0.0345141393895, 1.82296582385, 0.329609064585, 148, 2019
E, -100, -0.6511430829626107, 1.42240463259, 21.6864540978, 0.076942144179, 1.06275960559, 2.6860768202, 148, 2019
Z, 100, 0.3670858569955058, 1.5226958996, 7.72050682258, 0.267372934688, -0.74383226862, 0.263638828695, 151, 2019
N, -100, 0.7551041196656589, 0.828342579867, 38.4375800176, 0.0210778575114, -0.496815091928, 1.04432843812, 151, 2019
E, -100, -0.9357489156597991, 0.51419789491, 13.3021164208, 0.0408966057446, 0.333020389273, 3.12804359458, 151, 2019
Z, 100, 0.9501246619630335, 1.24801765585, 18.0253536924, 0.0886210017668, -0.0591586695897, 0.125182321689, 154, 2019
N, -100, 0.6932626570106405, 0.94847379747, 87.4999227739, 0.0106171464244, 0.55748421618, 0.289263562177, 154, 2019
E, -76, -0.9875951697088441, 0.551499172457, 20.8976699437, 0.0284857273512, -0.0717825213319, 3.26579328378, 154, 2019
Z, -100, 0.6472132508206565, 0.880479701079, 35.3452366838, 0.0358780791004, -2.08993297001, 2.85980785653, 157, 2019
N, -100, 0.313153752880905, 1.13001401844, 112.819377154, 0.00907728520771, 1.04946129048, 0.278090799953, 157, 2019
E, 100, -0.8743284521778413, 1.28470939226, 26.6307958407, 0.046214930886, -0.517096128939, 3.33108138247, 157, 2019
Z, 100, -0.3372493156354584, 2.96611717676, 23.629999168, 0.198780528142, -0.232364966886, 2.14506715746, 160, 2019
N, 100, -0.8425326489912022, 2.40064764749, 92.8582631002, 0.0248821439889, 3.01017875722, 0.39075579325, 160, 2019
E, -100, -0.2278189574623672, 2.21262399841, 26.8641616451, 0.0744392738912, 1.51671464504, 2.66870636335, 160, 2019
Z, -100, -0.009562178745849883, 1.68680493172, 11.8420115965, 0.217266170108, 1.63297632466, 2.98258704166, 163, 2019
N, -100, 0.1217913974156359, 1.3294924363, 37.6268535749, 0.0462693123332, 2.18792005207, 0.87649414854, 163, 2019
E, -100, -0.9260108965203029, 1.38665123732, 26.2715266282, 0.0652785557774, 0.438343746824, 2.76545948083, 163, 2019
Z, -100, -0.21020629652960102, 1.55328711967, 14.7505472546, 0.0989768344559, -2.17833764712, 0.492311517262, 166, 2019
N, 100, 0.07001383631039092, 1.25887868063, 73.3824206423, 0.0151865125961, -1.39113073494, 0.0748320096809, 166, 2019
E, -100, 0.20049547045949612, 1.22698779518, 17.1200066197, 0.0722928108754, 0.855816674331, 0.0823119862849, 166, 2019
Z, 100, -0.9239449503144977, 3.38764942349, 27.0910271859, 0.157851343214, -0.0827580294295, 3.35830273659, 169, 2019
N, -100, -0.9015261744834083, 2.69002725867, 102.236112249, 0.0230650700262, -0.0752952635238, 3.44511328827, 169, 2019
E, 100, 0.20604196824327764, 2.38275593322, 24.1135498905, 0.0853316169083, -1.48068384231, 0.371550991762, 169, 2019
Z, 100, 0.14327057655842138, 0.355868290507, 32.194789317, 0.0167862722977, -1.76495282616, 0.744374366025, 172, 2019
N, -100, -0.6059934952717441, 0.228799733165, 94.8548312394, 0.00218961637537, 1.143520795, 2.52663414806, 172, 2019
E, 100, -0.7759710606137046, 0.186217863587, 25.9451442243, 0.00544420533344, -0.71883047567, 3.82899736634, 172, 2019
Z, -100, 0.3557141450845452, 0.305985433567, 16.3932493054, 0.0226598498195, -2.25654959985, 2.91167303778, 175, 2019
N, -100, -0.26349417759728166, 0.327042976676, 63.4553518933, 0.00446618566957, 1.65957361613, 2.53491871355, 175, 2019
E, -100, -0.21764753470596424, 0.362889209579, 22.8608274698, 0.0160935737031, -1.81688919976, 0.0221932376503, 175, 2019
Z, 100, 0.6862147600179327, 3.49712497291, 13.8848678595, 0.27390822352, -0.326665320798, 0.426780334646, 196, 2019
N, -100, 0.9797735690209468, 2.97767176835, 95.7585327355, 0.029418732666, 0.242188554822, 0.0864418172539, 196, 2019
E, 100, -0.648441919841831, 2.76319995421, 21.2783264571, 0.132011453793, -0.937396288268, 3.23282616419, 196, 2019
Z, 100, 0.8170516812344218, 4.4707727207, 27.3668266097, 0.246844543831, -2.64546507589, 2.52005680971, 199, 2019
N, -100, 0.9306316621751249, 3.22568903394, 96.9602254259, 0.0323337019025, 0.310752801249, 0.0711988383441, 199, 2019
E, 100, -0.4885471015067927, 3.00590847205, 25.2060438875, 0.113474683932, -1.13284722024, 3.31373191211, 199, 2019
Z, 100, 0.9751528263871273, 3.09132112297, 29.773049365, 0.120917586762, -0.0399977736203, 0.108957952329, 202, 2019
N, -100, 0.7476836740601153, 2.01115759302, 71.4545478606, 0.0196271491574, 0.22072962, 0.448558629354, 202, 2019
E, 100, -0.38107649561157186, 2.02171296409, 22.1876659844, 0.0623426804567, 1.79827548414, 0.468358719565, 202, 2019
Z, -100, 0.5373706025882449, 0.422623091579, 14.4498455623, 0.0367930140303, 0.819508752054, 0.015394102692, 205, 2019
N, -100, 0.8059396721639667, 0.419578603512, 32.3270037654, 0.0136930928082, 0.443044956229, 0.0678232997652, 205, 2019
E, 100, -0.5441002099686644, 0.344444241653, 16.3364426602, 0.0223355629419, -0.916223774604, 3.05131292107, 205, 2019
Z, 100, 0.6706010011571737, 1.12653124326, 8.86319029299, 0.184394145093, -0.581997196627, 0.170953178565, 208, 2019
N, -100, 0.5616735583241635, 0.780399121611, 57.2679156569, 0.0130293918647, 0.771529530714, 0.279173730522, 208, 2019
E, -100, -0.7917360829731432, 0.858860708251, 15.2661590601, 0.0600777055293, -2.72484781701, 0.0321905539713, 208, 2019
Z, -100, 0.046111551714797916, 0.671406395827, 11.7571252904, 0.0621914851148, -1.6161086739, 3.06032029325, 211, 2019
N, 100, -0.8681565094777932, 0.323833757194, 104.043388767, 0.00267781402293, -0.578826994224, 3.70783467272, 211, 2019
E, 100, -0.6865669533457648, 0.465861450231, 22.4235390709, 0.0188332810357, -0.570884079556, 3.66210017602, 211, 2019
Z, 100, -0.41259857778381903, 0.207908404619, 26.1011978501, 0.00996319069396, -2.37936838001, 0.940132805041, 214, 2019
N, -100, -0.5807800253187266, 0.469114959145, 111.057987871, 0.00420426495016, 1.01956698012, 2.90498887999, 214, 2019
E, 100, 0.7598279837690459, 0.267264322594, 25.8003379587, 0.00879755080749, 0.0995956087955, 0.626784057838, 214, 2019
Z, -100, -0.03578955578800932, 0.308184814751, 34.8992708432, 0.0147962338381, -1.17796492842, 1.09303706645, 217, 2019
N, -100, -0.7307365758325275, 0.646903860284, 61.7075535186, 0.00825056453536, 3.61877508917, 0.330146675524, 217, 2019
E, 100, 0.7762284141779088, 0.419160412916, 22.6140992754, 0.0173771064089, -0.687218187779, 0.0425452572492, 217, 2019
Z, -100, 0.03414018582658352, 0.267646351222, 11.4034681809, 0.0606583691522, -1.221265497, 1.64352225449, 220, 2019
N, 100, -0.44527473378657645, 0.221277072276, 42.1366906229, 0.0051593968634, -1.14358357023, 3.88424590994, 220, 2019
E, -100, 0.9576581827452982, 0.226837978301, 18.0771156751, 0.0135829486143, 0.644649799028, 0.456660745607, 220, 2019
Z, 100, -0.20466127040532983, 0.566878478063, 14.4614207919, 0.0394265324737, 2.19597720962, 0.249813833044, 223, 2019
N, 100, 0.06971706332745158, 0.336043654421, 81.3307239189, 0.00329275862134, -1.37297555034, 0.61149244446, 223, 2019
E, 100, 0.890352504806908, 0.531736064922, 16.0836993546, 0.0367874790224, -0.231983204378, 0.137312599737, 223, 2019
Z, 0, -0.9559537788245415, 0.768421241441, 13.6769145822, 0.0662092035064, 0.0961967262079, 3.25346903315, 226, 2019
N, -100, -0.6742103200867952, 0.596362779988, 88.0062372596, 0.00554348689821, 0.474415733109, 3.51737408473, 226, 2019
E, 100, 0.5845984261668685, 0.713840443952, 20.7095009564, 0.0325207140338, -1.05737710021, 0.301067456695, 226, 2019
Z, 100, 0.0827921165255968, 0.345595571058, 28.791590414, 0.0177894390137, -1.38586565334, 0.597537410239, 229, 2019
N, -100, -0.5100023428868768, 0.560349929935, 68.2011357685, 0.00819076184647, 1.04126784193, 2.80561546291, 229, 2019
E, 100, 0.847953741613861, 0.519348985523, 19.5646139924, 0.0239964023872, -0.123262820919, 0.189590339607, 229, 2019
Z, -100, 0.030263830788869163, 0.340178752853, 29.3002394146, 0.0174176038407, -3.13293275692, 1.81766091329, 232, 2019
N, 100, -0.22639837143371372, 0.470660695111, 32.1144032238, 0.0145192689393, 1.58328648144, 0.301292654933, 232, 2019
E, -100, 0.7317530944600088, 0.482449549069, 13.309271364, 0.0343202819521, -2.29037600089, 2.33394181553, 232, 2019
Z, -100, -0.2126667787689393, 0.741099690385, 13.0091881456, 0.124201791517, -1.84539503768, 0.763527183797, 235, 2019
N, 100, -0.03807012904646879, 0.394005519027, 38.0928528386, 0.0127996661125, -1.75411822705, 3.63396385789, 235, 2019
E, 100, 0.4228393472715232, 0.630013581437, 10.3768979615, 0.0669447297847, 1.20108475197, 2.34175080569, 235, 2019
Z, 100, 0.7167097283591767, 0.742738477035, 9.51054458686, 0.0710517274062, -0.264904833243, 0.530246363932, 238, 2019
N, 100, -0.1272095595595739, 0.381491576648, 83.6259360864, 0.00355606028717, 1.02929275404, 1.4153935967, 238, 2019
E, 100, 0.792516858925242, 0.283106511202, 16.7952535276, 0.0164505349865, -2.97889108247, 2.43263643588, 238, 2019
Z, 100, -0.8525872311858856, 1.05873570581, 12.0257262939, 0.112639345269, -0.126936771681, 3.47199087424, 241, 2019
N, -100, -0.7537073319441803, 0.929039408572, 99.6194683879, 0.0082846012132, 0.565685048192, 3.33187015891, 241, 2019
E, 100, 0.42414564335008836, 0.563174631111, 20.3283740537, 0.0273563811974, -1.43106411511, 0.424215237589, 241, 2019
Z, -100, -0.16272166641179323, 0.671802990261, 31.4621277732, 0.0346810865005, -0.992161332094, 1.30629655362, 244, 2019
N, 100, 0.5582633154271628, 0.357718927836, 64.1613307774, 0.00612270411766, 2.64004704832, 2.4787372572, 244, 2019
E, 100, 0.6670383083181634, 0.330823197323, 18.8146530635, 0.0180045132073, -0.733737264445, 0.0921737376384, 244, 2019
Z, -100, -0.01817149817688303, 1.47397891046, 31.3044154911, 0.0891215614532, -1.45990313297, 0.798323391844, 247, 2019
N, 100, -0.040129450416376194, 1.10414857677, 30.7606745208, 0.0407949447453, 1.42915525433, 0.412978646322, 247, 2019
E, 100, 0.48308766607084824, 0.859324111966, 14.9991663444, 0.068139414258, -0.73144650054, 0.422214059813, 247, 2019
Z, -100, -0.5780947136071155, 0.348492324462, 8.94258547661, 0.062889889074, 0.326397907001, 3.18625640944, 250, 2019
N, 100, 0.7474028285832449, 0.652895185245, 69.2081829075, 0.0093745647583, -0.689739723283, 0.0437010552272, 250, 2019
E, -100, 0.12219487642646837, 0.470373036179, 12.2761710219, 0.0461397986363, 0.855350285074, 0.66061729414, 250, 2019
Z, -100, 0.1318716049565039, 0.259624416632, 11.1297866143, 0.0233548901573, 0.0642888781951, 1.57250531592, 253, 2019
N, -100, -0.5927883179287456, 0.530026654503, 75.4643951152, 0.00727291373194, 0.973935439422, 2.99423804371, 253, 2019
E, 100, 0.8695700719703892, 0.417345546931, 15.1875060537, 0.0322022839656, 2.74462889148, 2.75483054653, 253, 2019
Z, -100, -0.8272499491698645, 0.680842729888, 15.586068872, 0.068749552422, 0.640092532417, 3.62088323119, 256, 2019
N, -100, -0.7280581768788692, 0.564620547656, 57.2017770051, 0.00918564973391, 0.670131441291, 3.26410170597, 256, 2019
E, 100, 0.920077298761859, 0.691768994333, 14.7326140918, 0.0486254556279, -0.328342562138, 0.0466958886675, 256, 2019
Z, -100, -0.3842999479578116, 0.721138800361, 30.1617415793, 0.0299836167897, -0.897359120189, 1.76259439946, 259, 2019
N, 100, 0.04503536373630159, 0.371485236185, 25.0410133187, 0.013739177935, -0.943101447929, 1.53478043561, 259, 2019
E, 100, -0.5156320384316483, 0.389874682376, 9.91356515732, 0.0388042067164, -0.24814986475, 2.39131041035, 259, 2019
Z, -100, 0.415561253824608, 1.15157737413, 28.3981839925, 0.0745461589083, -2.24421499582, 2.54557183394, 262, 2019
N, 100, -0.902583755633896, 0.77928789907, 34.315153324, 0.0252598281204, -0.134361377243, 2.97727449605, 262, 2019
E, -100, 0.621117835475659, 0.63494481067, 8.19242134912, 0.0933264261883, -0.213429582649, 0.451505569005, 262, 2019
Z, -100, 0.34339513122526455, 60442.5415703, 10.8466468659, 9605.21736583, -0.923679844805, 1.34105039006, 265, 2019
N, -100, -0.25092728576965767, 985.353064616, 70.5293285116, 10.7505611182, -1.55670268252, 0.590098126551, 265, 2019
E, -100, 0.8361873053006259, 1161.46803014, 13.9339117149, 73.9747077214, 0.441616076282, 0.360241626452, 265, 2019
Z, 100, 0.18526643074134658, 120386.877515, 10.7989601454, 11883.0335718, 0.893734579026, 1.30038589335, 268, 2019
N, -100, -0.601401888119488, 1931.7387078, 85.2297507201, 17.8898689626, -2.37267627893, 0.237358459911, 268, 2019
E, 100, 0.7286895218028889, 2431.42471327, 15.9085009092, 144.153933836, 2.14747802141, 2.63159830461, 268, 2019
Z, -100, 0.2759122838232862, 2369340.44901, 13.3440270584, 307641.024267, -1.67679015968, 4.27286015232, 271, 2019
N, 100, -0.36064075617706504, 19001.7088097, 57.0818280154, 313.228883196, 2.17058246051, 0.43129107094, 271, 2019
E, 100, 0.3147452011786143, 1317.63767789, 13.1411925046, 111.904019034, -1.30331285782, 0.0827518367807, 271, 2019
Z, -100, 0.03474049423381498, 364.97394397, 34.4367395159, 11.9299363207, -1.60848861246, 2.91113381865, 274, 2019
N, -100, -0.720701718960254, 729.145654849, 36.792753102, 20.8029192264, -0.133761373367, 2.49554908825, 274, 2019
E, -100, 0.7594768460391074, 234.021694207, 16.3887809388, 17.8680880933, -2.30495089116, 2.78636848429, 274, 2019
Z, -100, 0.9921703352602617, 24.8687886495, 25.3371307581, 0.97995937213, 0.120660066872, 0.00996595115337, 277, 2019
N, 100, 0.9354748483296867, 69.4181106793, 73.5338043271, 0.85137939758, -0.120886284929, 0.158394552914, 277, 2019
E, 100, 0.9920550124558054, 14.9119538363, 13.6078957125, 1.13571772636, -0.237149279477, 0.176057632237, 277, 2019
Z, -100, 0.9152597729977592, 6.28434797272, 7.67408216133, 1.04470095314, 0.0224390545985, 0.330369612041, 280, 2019
N, 100, 0.9958009525227901, 75.1542031305, 72.9801952581, 1.01843877003, -0.0701681690712, 0.00477672976484, 280, 2019
E, 100, 0.9495768114487557, 13.190413421, 14.4343785561, 0.884656965582, -0.338430144533, 0.201914547458, 280, 2019
Z, 100, 0.9769923731256688, 13.9068882747, 9.73829647685, 1.69518581991, 0.0257831094664, 0.153226949275, 283, 2019
N, 100, 0.9913072440751831, 48.973100764, 48.0348253067, 1.0174208412, -0.147694929712, 0.0209007342678, 283, 2019
E, -100, 0.9070613752472599, 6.58705015638, 11.4266620329, 0.614790189597, 0.347672378367, 0.0868382169588, 283, 2019
Z, -100, 0.8518130263373627, 17.3248629067, 16.5117786526, 1.14821353141, -2.52684630604, 3.02190185766, 286, 2019
N, 100, 0.9646162242019567, 15.4824045911, 14.3134422818, 1.34955923124, -0.419940225557, 0.300292149033, 286, 2019
E, -100, 0.8052175948878963, 6.27036251522, 7.87399787591, 0.874428504699, -2.26486558195, 2.79875709359, 286, 2019
Z, -100, 0.9707177514184979, 24.0368811713, 29.7038422514, 0.816801894852, 0.259236314232, 0.0320135660116, 289, 2019
N, 100, 0.9995374208273263, 52.2610222524, 47.2921833923, 1.09227317728, -0.00579190262592, 0.019833924201, 289, 2019
E, 100, 0.980716711724361, 12.6840757611, 11.0627247031, 1.23503915582, -0.174596155045, 0.0771069376664, 289, 2019
Z, 100, 0.9978477548037558, 21.6209606852, 25.2886440638, 0.859252326991, -0.0808555718174, 0.0597563310126, 292, 2019
N, 100, 0.9985352526985541, 81.3026599808, 77.9052184791, 1.03103678257, -0.0443629238969, 0.0147969043507, 292, 2019
E, 100, 0.9588945107274639, 14.2962044126, 17.083929962, 0.840641432353, -0.329367685426, 0.0622351750725, 292, 2019
Z, 0, 0.9921462306082603, 8.81476445274, 8.55821299162, 1.0681401143, -0.0306586702758, 0.0611617367077, 295, 2019
N, 100, 0.9987993285374683, 88.0646283362, 85.0445522633, 1.01953564733, -0.0293107684156, 0.00706206610664, 295, 2019
E, 100, 0.9665641912432313, 15.0959975322, 17.6717803088, 0.843046006426, -0.298603474597, 0.118253699226, 295, 2019
Z, 100, 0.9965298357468076, 13.4500007157, 13.3426173693, 0.990798778834, 0.000545390249005, 0.0295472487986, 298, 2019
N, 0, 0.9995986066356102, 53.7771443168, 53.4717641723, 0.99443448103, 0.00433744812526, 0.00611551325804, 298, 2019
E, -100, 0.9963605645727077, 10.304484232, 13.4326748385, 0.769350449173, 0.0838307918534, 0.00901033884639, 298, 2019
Z, -100, 0.8308272153608811, 32.4107034885, 32.8882644935, 1.39662091789, 0.411224533671, 0.342514756185, 304, 2019
N, 100, 0.9897389200159875, 66.4252064757, 88.8912577969, 0.739089574457, -0.12582240075, 0.123429836367, 304, 2019
E, 100, 0.8782577966521823, 18.4587632459, 18.9758930316, 0.845115444945, 2.40707670946, 2.66669815954, 304, 2019
Z, -100, 0.9925822647415333, 8.80163021429, 8.9553218554, 0.905372758854, 0.06638670285, 0.0541591401954, 310, 2019
N, 0, 0.9992540364778048, 60.9782796331, 58.4671886424, 1.03132203208, 0.0187523506266, 0.00229910836106, 310, 2019
E, 100, 0.987922998388638, 12.1955187848, 15.4748142554, 0.7899005512, -0.1323650097, 0.0569880135582, 310, 2019
Z, 37, 0.9886564548017526, 10.418989577, 9.86460708299, 1.0269453093, -0.116138288799, 0.0308374093661, 313, 2019
N, -62, 0.9940276024222451, 17.6727584991, 17.2938134288, 1.06689968449, -0.00837497939704, 0.0841817204418, 313, 2019
E, 0, 0.9977152941980341, 10.8970892889, 10.8945946812, 1.00374622925, 0.0576269929561, 0.0715979653256, 313, 2019
Z, -100, 0.8217913278434518, 13.2915216534, 15.1975063033, 0.945987953469, -2.56249099744, 3.02783358346, 316, 2019
N, -100, 0.9997203528766015, 64.0446332572, 57.1321305684, 1.11688200082, 0.0311676358827, 0.00939504634295, 316, 2019
E, 100, 0.9953735905440662, 16.7369789098, 15.0950251377, 1.09321820423, -0.0192335250415, 0.0571519699731, 316, 2019
Z, -100, 0.9963621043175573, 22.0162391913, 27.6036640372, 0.798795305821, -0.00383337245897, 0.0487861000772, 319, 2019
N, 100, 0.9997753897053312, 97.8097455867, 93.6153597041, 1.04208564965, -0.0265552678846, 0.00118913581313, 319, 2019
E, 100, 0.9861353209606254, 19.2054629122, 22.2198766031, 0.86364307483, -0.23317656458, 0.100153977824, 319, 2019
Z, 100, 0.99727751801714, 17.9031530819, 20.7468828417, 0.871292678704, -0.0942463107651, 0.0152283559479, 322, 2019
N, 100, 0.9997631522873146, 104.521092119, 101.446106539, 1.02145450555, -0.00931593092865, 0.00542900664208, 322, 2019
E, 100, 0.9953463622932638, 20.3575752383, 23.695080926, 0.863391545415, -0.0946079240861, 0.00779392852425, 322, 2019
Z, 100, 0.8231777107476665, 8.99608968058, 10.6736257232, 0.628551754074, -0.389285787645, 0.244739635344, 325, 2019
N, -100, 0.9955840857402358, 66.2145880212, 68.0527664278, 0.939432859524, 0.0487720080167, 0.0391226921617, 325, 2019
E, 100, 0.9910117544210695, 18.2860656137, 18.8136038809, 0.967517304685, -0.113232610299, 0.0154718175639, 325, 2019
Z, 100, 0.9407717366727594, 14.9925164997, 15.0562026893, 0.972442798005, -0.326403135928, 0.0180002709978, 328, 2019
N, -100, 0.9955142502734046, 45.9712782503, 41.4607835472, 1.13449587384, -0.0427882895014, 0.0993323319776, 328, 2019
E, 100, 0.9843795925619712, 16.0193455942, 16.3159868688, 0.964778101925, -0.15702425651, 0.0111449584775, 328, 2019
Z, 0, 0.9055374963973041, 15.1169184791, 15.5006056103, 1.14709760755, 0.0572355469313, 0.203136831053, 331, 2019
N, -100, 0.9993144293359365, 99.4275588077, 96.2936636077, 1.03019494846, -0.0022251731022, 0.0165851991563, 331, 2019
E, 100, 0.9969601779426235, 22.5212241583, 22.5498346487, 1.00658184477, -0.0678840430825, 0.0120966055931, 331, 2019
Z, -100, 0.8191200981723233, 23.791940035, 28.4927874117, 0.797911919988, 0.672002251844, 0.37053960009, 334, 2019
N, -100, 0.9969503023259774, 111.976212455, 109.591459693, 1.01773559746, 0.0887463051316, 0.00733535506263, 334, 2019
E, 54, 0.9997044010267444, 26.5767876613, 25.7145712125, 1.03746635625, -0.0272731546065, 0.0193545773006, 334, 2019
Z, 0, 0.9886077445877329, 9.26812778629, 13.2062653253, 0.599235829777, 0.0513952708838, 0.0556593957778, 337, 2019
N, -100, 0.9985058096673315, 82.278853536, 82.4817996219, 0.999077825714, 0.0664978849087, 0.0257213122152, 337, 2019
E, 100, 0.9960814365066137, 21.2559181875, 21.8386504976, 0.981548679852, -0.0947927227279, 0.0349446718118, 337, 2019
Z, 100, 0.9931893084512345, 10.6560826499, 11.2462664712, 0.970449831728, -0.0476260230692, 0.0625330461218, 340, 2019
N, -100, 0.9957807507127177, 37.7060736542, 37.5737393329, 0.994117688923, 0.0616828167713, 0.0163240045913, 340, 2019
E, 100, 0.9829190213970077, 15.3132773649, 15.7450872062, 0.96579389231, -0.177723646691, 0.0178833179401, 340, 2019
Z, 100, 0.94048984244191, 12.1866216574, 10.13784141, 1.20029174466, -0.184685810933, 0.20057037226, 343, 2019
N, 35, 0.999827870184198, 59.6592471571, 53.5953435946, 1.11825525768, -0.022903882742, 0.0240915884662, 343, 2019
E, 100, 0.988577709931189, 17.0089026016, 17.2648302167, 0.989233805299, -0.139590397585, 0.0203189555495, 343, 2019
Z, -100, 0.93277187111111, 12.5612379308, 13.1776272695, 0.963306866841, 0.708660746703, 0.363276394104, 346, 2019
N, 16, 0.9999497067759403, 106.913201113, 99.2801408159, 1.07812919977, -0.0101059899456, 0.00943636881643, 346, 2019
E, 100, 0.9886630185310151, 24.3328190628, 24.8132386041, 0.978568044874, -0.170662607673, 0.019033153814, 346, 2019
Z, -100, -0.16826999120882344, 896.93296647, 26.5509221909, 50.1662176241, -3.5861955629, 1.41965982419, 349, 2019
N, 100, -0.4951022230485649, 2979.71269364, 117.420528232, 19.2034431283, 0.581301759026, 4.07672875473, 349, 2019
E, -100, -0.1675969055319689, 1157.12029945, 28.3993163833, 32.0119368038, -1.13920414665, 0.991083203261, 349, 2019
Z, -100, -0.09592098486294842, 2360.77875103, 17.8314722708, 181.025012742, -1.70283842179, 0.242656086183, 352, 2019
N, 100, -0.9468515940603638, 16061.5965662, 90.7225476711, 169.446438786, -3.19528589003, 0.214288744362, 352, 2019
E, -100, -0.4983651993673159, 4530.2675747, 24.2251428682, 174.678664093, 0.974032051214, 3.05407771741, 352, 2019
Z, 100, 0.7482138350686804, 152.591500428, 16.6209688334, 7.96026604689, -0.763130715475, 0.136827922286, 355, 2019
N, 100, -0.5098469840996558, 3523.3325513, 31.3314651036, 82.2348693838, -3.11463881948, 1.06456934575, 355, 2019
E, -100, -0.5450054124790316, 833.77466343, 18.5440718276, 27.2176717115, 0.320082458261, 2.47329651553, 355, 2019
Z, 0, 0.991992976156285, 11.2952734485, 12.4674693093, 0.827090464484, -0.423426050008, 0.438763824219, 358, 2019
N, 100, 0.9988928091849684, 94.0506567357, 89.2640152657, 1.06505127466, -0.0626785081785, 0.0317489012341, 358, 2019
E, 100, 0.9900054170476722, 24.1480114403, 23.0880451877, 1.02438344533, -0.161507950125, 0.0291885000074, 358, 2019
Z, -100, 0.9164227212526027, 15.2894615805, 17.2366859808, 0.919458772362, 0.583210981093, 0.221282821248, 361, 2019
N, -100, 0.9999519258267385, 122.605061684, 113.919449267, 1.07243097577, 0.0155635132888, 0.00451652694011, 361, 2019
E, 100, 0.99821951141746, 27.3237720649, 27.6711139081, 0.988193682076, -0.062484911274, 0.012860651499, 361, 2019
Z, -100, 0.9895177365833882, 20.5389880501, 25.1947649416, 0.767063120181, 0.16781276819, 0.155416062058, 364, 2019
N, -100, 0.9995602788812232, 102.727178581, 99.1948830376, 1.0308089299, 0.0327250983778, 0.00458164765041, 364, 2019
E, 100, 0.9969713364645861, 23.3463816725, 25.7834439755, 0.909209887737, -0.0959235119346, 0.0162270355678, 364, 2019
