Chan, Phase Shift, Correlation, ptp-data, ptp-synthetic, rat, phasem, phasestd, DOY, Year
Z, -100, -0.6511708359218039, 14773.956858, 77.4690602473, 178.779450413, -2.27631269941, 0.0145792456863, 1, 2019
N, -100, 0.08623534689775865, 2340.50265961, 96.6510432646, 23.8100146627, -1.70481008661, 3.20186268626, 1, 2019
E, -100, -0.6360068422772178, 1944.400616, 70.7876760003, 25.9148501663, -2.94838228011, 0.635967419364, 1, 2019
Z, -100, -0.7240567800143443, 16687.3412499, 133.137314231, 116.69373571, -2.60205615671, 0.272512301247, 4, 2019
N, -100, 0.06745433900811128, 2384.3186749, 175.696047618, 12.1186718159, 1.23626148332, 0.362853241908, 4, 2019
E, -100, -0.086039227009767, 956.932233375, 136.5098488, 5.51322149978, -3.0479579175, 1.41954085158, 4, 2019
Z, -100, -0.341766104814795, 19991.8729949, 144.370493439, 131.342954824, -1.94769854152, 0.0521172683336, 7, 2019
N, 100, -0.3669736633866992, 2936.92572492, 191.506822654, 14.6610010123, -1.24146133737, 3.21555593096, 7, 2019
E, 100, 0.12438202488060136, 1806.26350559, 150.1755949, 11.1387189005, -1.57119145879, 0.222670769496, 7, 2019
Z, -100, -0.28277607124924814, 11035.2341655, 113.820375734, 90.2063586975, 1.48773987277, 2.91813480201, 10, 2019
N, 100, -0.735931540493752, 1861.92276237, 149.754513327, 11.3691619389, -0.172530713448, 2.60959732942, 10, 2019
E, 100, 0.627830681227986, 2080.57201983, 119.156296218, 18.3379914541, -0.646248191558, 0.342704077996, 10, 2019
Z, -100, -0.24910982503150844, 21089.610666, 60.1454291777, 389.686234346, 1.60215308647, 2.75683700508, 13, 2019
N, 100, -0.523099616290394, 4140.45742305, 76.1208491415, 60.0915911334, 2.35525382669, 0.283568559529, 13, 2019
E, 100, 0.009829883223755524, 3392.2192209, 61.2871986423, 57.5448090501, -1.38330014531, 0.22186783821, 13, 2019
Z, -100, -0.9529771651292631, 16862.2879518, 79.012262658, 220.58831591, -0.260510646826, 3.52139019261, 16, 2019
N, -100, 0.40131281139804137, 2886.63181427, 95.375087496, 28.5952405268, 0.566085159447, 0.601278851179, 16, 2019
E, -100, -0.6595412931956637, 2452.30014265, 64.7702473659, 35.7425561874, -3.32721821945, 0.807383789918, 16, 2019
Z, -100, -0.9364079575677123, 15143.6707426, 155.220479244, 90.417843724, 0.0563447046542, 3.41179498953, 19, 2019
N, -100, 0.2224460698763616, 2201.22475525, 199.436718713, 10.4434217004, 1.14578798809, 0.322235373411, 19, 2019
E, -100, -0.3397047277460282, 1141.92830288, 153.204876742, 6.41945166742, -2.14648271077, 0.328931264783, 19, 2019
Z, -100, -0.21478677543330665, 12066.0688448, 172.474973835, 59.1479338739, -1.42702248625, 0.506138543203, 22, 2019
N, 100, -0.5821679476281824, 1924.97515501, 229.173552852, 7.12900997367, -0.54774431309, 2.68766162109, 22, 2019
E, 100, 0.5250927128851358, 1906.99632749, 183.718621283, 9.92294222622, -0.869043924019, 0.247305375974, 22, 2019
Z, -100, -0.1765839135791775, 17659.4857481, 104.049865423, 170.444644032, 1.44989846762, 3.05952229784, 25, 2019
N, 100, -0.642364307020261, 2596.63221596, 139.355067482, 17.428192724, 2.27244633193, 0.0284296921624, 25, 2019
E, 100, 0.17154307004043065, 2087.34057202, 120.726144116, 15.84423537, -1.38929368122, 0.0308395310341, 25, 2019
Z, -100, -0.8979524170046183, 17698.5747492, 50.9831594396, 411.230366945, -0.265306003822, 3.61076703161, 28, 2019
N, -100, 0.5192410770340048, 2610.17094474, 61.17600449, 49.6772329707, 0.489400130602, 0.533985533872, 28, 2019
E, -100, -0.7147927701787343, 1758.06153918, 43.3654678983, 41.3086302559, 0.251614669806, 2.65625209144, 28, 2019
Z, -100, -0.9049504472520661, 11607.8686293, 108.91674821, 100.812411934, -2.91605786913, 0.148810568027, 31, 2019
N, -100, 0.3435671186848128, 2022.51308074, 144.570747305, 12.6620291694, 0.996653176011, 0.2766162689, 31, 2019
E, -100, -0.5160389543055136, 1731.58484429, 114.472025078, 11.2916547649, -2.72412011533, 0.660268373869, 31, 2019
Z, -100, -0.8318891427912204, 14734.3974533, 130.531370227, 101.627515567, 0.343916341966, 3.41281302748, 34, 2019
N, -100, 0.026690560967959867, 1715.95409719, 174.245079195, 8.00784494209, 1.27825143232, 0.426234260826, 34, 2019
E, 100, 0.5692670865664272, 1038.91691045, 141.803762927, 6.41522736538, -0.949941180494, 0.0168161561103, 34, 2019
Z, -100, -0.13854550420402897, 6506.97310618, 110.451396113, 49.4942252326, -1.20664420127, 0.602157178212, 37, 2019
N, 100, -0.9183822362185807, 978.586142874, 147.049406627, 6.37037622395, 0.103609856069, 2.77644258466, 37, 2019
E, 100, 0.9603601132749703, 744.824554212, 123.87454965, 6.16190113736, -0.118387332062, 0.135168092426, 37, 2019
Z, -100, -0.09652261711699144, 13941.0555148, 59.5449784409, 259.20666102, -1.47767959341, 0.272241302281, 40, 2019
N, 100, -0.9050301393304822, 1773.23024607, 77.1208544084, 25.6329656692, -0.202521579785, 2.90955187469, 40, 2019
E, 100, 0.9495358595177754, 998.942538042, 72.9641804617, 15.3502207892, 0.0285798207451, 0.272477882364, 40, 2019
Z, 100, -0.8342533052716302, 11116.7986743, 47.0163086148, 258.296980811, 2.32725866043, 0.598723282565, 43, 2019
N, -100, 0.42766642154028134, 1419.00297122, 56.3412951429, 26.3796071269, 3.60128473377, 2.49824207263, 43, 2019
E, -100, -0.22970499731548344, 847.535035164, 34.5197885341, 27.8181988783, -0.120464945456, 1.87299367896, 43, 2019
Z, 100, -0.9874811212413109, 6193.51166537, 117.62471557, 50.7943354427, -0.0826540359799, 3.17307080823, 46, 2019
N, -100, 0.38581882234649745, 903.785701356, 151.357727332, 5.89187671088, -2.07413163114, 3.3169449146, 46, 2019
E, 100, 0.09863511356562664, 514.702444719, 112.601508843, 4.59793554451, -1.44048250539, 0.0565066919112, 46, 2019
Z, -100, -0.7621426176291752, 12052.4860038, 154.167837316, 67.6073884406, 0.884417714351, 2.80721145648, 49, 2019
N, 100, -0.32942420070833905, 1967.98694542, 204.995519131, 8.44162490122, -0.966475690723, 2.78527480492, 49, 2019
E, -100, -0.042199953811051724, 1512.90241896, 165.030132612, 8.76305667427, -1.51309636746, 0.173096492227, 49, 2019
Z, -100, -0.4408265157916475, 21383.5066393, 107.499106173, 200.532680286, 1.26321798547, 2.94449020104, 52, 2019
N, 100, -0.573846336802217, 3404.52297737, 146.819438685, 23.5592053381, -0.716959286961, 2.89565630059, 52, 2019
E, 100, 0.06902618562898354, 1860.2274805, 128.784687102, 15.071193576, -1.28199686144, 0.26405058057, 52, 2019
Z, 100, -0.46740430775345826, 18003.501594, 28.3256018393, 749.586358881, 1.34263896196, 1.39058194322, 55, 2019
N, -100, 0.1843122293520781, 3486.82988428, 36.5983642143, 110.548325099, 2.05492391974, 1.82603090118, 55, 2019
E, 100, 0.217449227974375, 2118.23395823, 37.8316253742, 67.5977858656, -1.57495156882, 0.920441896012, 55, 2019
Z, 100, -0.9114456448423943, 11302.2169729, 85.5111552841, 115.030960084, -3.1283035329, 0.351977582249, 58, 2019
N, -100, 0.5523549627136587, 1953.79136011, 117.40568864, 14.6366597363, -1.95404141544, 2.76844480984, 58, 2019
E, -100, -0.8321611426031915, 1075.38827006, 90.3045012443, 11.9945405531, -2.65869497844, 0.170733224663, 58, 2019
Z, -100, -0.9942654251072063, 20068.9701137, 106.877685137, 177.290121222, -0.0217894298821, 3.23037829792, 61, 2019
N, -100, 0.5211977655253888, 3125.60351068, 146.666013688, 19.6447611163, 0.950945270465, 0.13748191704, 61, 2019
E, -100, -0.8028510046894586, 1324.52140839, 120.773655796, 8.15760274496, -3.30770490409, 0.618791548811, 61, 2019
Z, -100, -0.9438266740318536, 9415.50402325, 91.2732138714, 99.9991091039, 0.27974356903, 3.21536198437, 64, 2019
N, -100, 0.03741969625109735, 1415.39650103, 124.429846132, 11.6216026698, 1.54031707444, 0.019910517783, 64, 2019
E, -100, -0.05753634851490944, 1085.27321228, 109.740649576, 10.1592720136, -1.62361958852, 0.0131903257783, 64, 2019
Z, -100, -0.6364296240851341, 6678.49185044, 46.5866671803, 146.186632695, 1.00354379556, 2.97945370819, 67, 2019
N, 100, -0.3488211156830989, 1048.80672304, 63.7758397885, 14.885451127, 1.8972405104, 0.158572121547, 67, 2019
E, 100, 0.36286777859803404, 731.545334485, 68.036437376, 8.73765071242, -1.16380637947, 0.136077970857, 67, 2019
Z, 100, -0.28497481900889216, 9329.6657872, 39.0357317096, 256.163920696, 1.61582392749, 0.279267800791, 70, 2019
N, 22, 0.968554406818417, 1476.61576679, 49.1012158971, 31.3588657244, -0.192435697589, 0.201719160039, 70, 2019
E, 100, -0.23010831929832812, 1093.20812324, 29.4106192298, 42.8542301059, -1.37624313269, 2.59827490388, 70, 2019
Z, 100, -0.48121267045488647, 10553.4628928, 95.5145239786, 92.3489314404, 1.85439338164, 0.390282617799, 73, 2019
N, -100, 0.8571772507601139, 1321.77752407, 126.288676276, 8.81736811751, 3.30193999151, 2.81108575766, 73, 2019
E, 100, -0.6107656734294049, 846.77256632, 87.7261500397, 6.21328791992, -1.05031240394, 2.24544990615, 73, 2019
Z, -100, -0.9446646696407349, 5008.33637662, 126.362360478, 39.0051929279, -2.83447364825, 0.2103568206, 76, 2019
N, -100, 0.5210863733414651, 886.883792093, 171.072531962, 4.98788980095, -2.0338361745, 3.02313591829, 76, 2019
E, -100, -0.14302078681488045, 625.743026997, 132.807848176, 4.35724545809, -1.55615849497, 0.380295243558, 76, 2019
Z, -100, -0.9185080446441287, 9636.19056921, 93.6492300117, 99.9973003626, 0.460111618308, 3.00536464016, 79, 2019
N, -100, 0.020987434785830664, 1205.66887072, 130.295438498, 8.51840385688, 1.57634623058, 0.0360072568901, 79, 2019
E, -100, -0.4073159076901361, 934.714932268, 113.897198937, 6.8598342142, -2.09507348402, 0.261798404538, 79, 2019
Z, -100, 0.21086068563206722, 8931.65099034, 33.1204870711, 282.182755436, 0.964519932316, 0.346708117265, 82, 2019
N, 100, 0.4930295771057512, 1272.17972591, 45.9550968482, 28.0243943148, -0.992887574544, 0.20509297822, 82, 2019
E, -100, 0.26296420965219, 667.09195944, 40.5280062498, 17.9517479163, 0.939886606553, 0.241329682587, 82, 2019
Z, -100, 0.05847692229231913, 9889.99049731, 87.9060763518, 95.2425091426, 1.27295871487, 0.366205405689, 85, 2019
N, 100, 0.8626078423643059, 1465.37497586, 122.827671008, 9.5712050863, 2.58211539781, 2.70259295855, 85, 2019
E, 100, -0.591676065978337, 826.776154588, 87.9092284759, 8.09154199244, -1.089643675, 2.69840671773, 85, 2019
Z, 100, -0.734681369093747, 2856.95490843, 100.344777626, 24.8724211255, -0.374151630665, 2.79551567978, 88, 2019
N, -100, 0.8020479077627904, 693.054612755, 142.779498056, 4.55092835332, -2.43798913554, 3.01787955232, 88, 2019
E, 100, 0.15147931732252146, 115.08529922, 109.859977019, 0.728490648561, -0.837532771928, 0.702579425131, 88, 2019
Z, -100, -0.9228355512049021, 4327.46684649, 77.0438763473, 52.8498575301, -2.8016172641, 0.246726301807, 91, 2019
N, -100, 0.03950453407982612, 599.856026632, 109.793678134, 4.94953871121, -1.19300014098, 2.72883545742, 91, 2019
E, 100, 0.7666454575152543, 531.256307007, 93.9502743022, 5.69308912741, -0.556760046502, 0.202627323503, 91, 2019
Z, -100, -0.6827744082856949, 6325.40830579, 30.7435764736, 243.836863683, -2.23530160433, 0.414887352857, 94, 2019
N, 100, -0.5245936196185582, 1025.05473146, 46.1504392811, 25.0687967156, -0.635979669946, 2.81100800168, 94, 2019
E, 100, 0.8790143149316967, 521.002708583, 52.9135840178, 10.3817418955, -0.135269195241, 0.251940553836, 94, 2019
Z, -100, 0.5457328264049554, 6626.21305833, 56.196654181, 120.207458636, 0.710038198299, 0.346790089772, 97, 2019
N, 100, 0.9843160350031246, 1182.52964566, 70.759920481, 16.6932596371, -0.0295338706083, 0.000330023390666, 97, 2019
E, 100, -0.6676018299547302, 395.132553654, 45.9174285469, 8.52703926354, -0.807945254224, 2.85594589725, 97, 2019
Z, -100, 0.09170451625369427, 6147.79979114, 107.463412233, 51.4347817805, 1.3432273318, 0.186259303286, 100, 2019
N, 100, 0.9467436676689326, 1633.56577078, 142.216928882, 10.6397114123, -0.213711611307, 0.212484739376, 100, 2019
E, -100, -0.35718700242744844, 374.273986365, 97.5324830019, 2.84316273715, -0.650957850279, 1.95260794861, 100, 2019
Z, 100, -0.3233303911354701, 3468.76145106, 124.297577518, 24.485473064, 1.78014535666, 0.211678347935, 103, 2019
N, 100, 0.9828531697468464, 469.346392792, 170.866994027, 2.56494789255, -0.122684971238, 0.141265425298, 103, 2019
E, 100, 0.4220704099000496, 451.864861845, 124.051681529, 3.35712313401, 1.90303338936, 2.97162368731, 103, 2019
Z, 100, -0.4277478420434072, 74155.3035333, 87.6002286618, 743.31675901, -0.463969976104, 2.30777680347, 106, 2019
N, 100, -0.3139987764467885, 1099.60707139, 124.964658641, 7.75641835225, -0.520008465867, 2.32447647651, 106, 2019
E, 100, 0.6775958981194159, 249.341059222, 101.844225544, 1.87827595967, -0.508041112593, 0.110846817937, 106, 2019
Z, 100, 0.024793876858925454, 132662.399714, 41.5720400603, 3398.98456493, 1.24070917286, 2.07311841332, 109, 2019
N, 100, 0.34076461122194635, 2040.31423937, 53.7114477803, 43.9451297199, -1.24082976359, 0.863544174016, 109, 2019
E, 100, 0.3960208165668539, 361.113725956, 37.4503424818, 11.1405462485, -0.85380604254, 0.385811785044, 109, 2019
Z, -100, 0.07790845704811927, 3556.27383996, 107.774279858, 27.1867035195, -1.48519927268, 3.38133359499, 112, 2019
N, -100, 0.972882194503465, 812.844680614, 145.91894617, 4.95995827158, 0.156917158956, 0.100201029569, 112, 2019
E, -100, -0.07407911027752442, 349.144022535, 106.565326948, 2.79902681653, 1.28186230121, 2.63745509564, 112, 2019
Z, 100, -0.6981807475497632, 2753.67879205, 121.148854881, 13.1655747678, -1.24443989302, 2.30819663135, 115, 2019
N, -100, 0.9070442539619977, 619.930204929, 169.277972376, 2.78301818763, -0.0102765800649, 0.353030667219, 115, 2019
E, 100, 0.8213901534650645, 374.168891609, 123.062485661, 2.9820699925, 2.501208914, 3.08765947506, 115, 2019
Z, -100, -0.008926647838484349, 1203.87476493, 90.8757275054, 11.2751493317, -2.98104864965, 1.7303261295, 118, 2019
N, 100, 0.717647178416121, 223.634272078, 130.984274347, 1.69910618699, -0.509688598371, 0.00741957742827, 118, 2019
E, -100, 0.9382790795499447, 245.214336232, 99.8177053768, 2.18635896024, -0.0391496012021, 0.143406615902, 118, 2019
Z, -100, -0.4575152886293149, 3463.65793334, 38.0709835795, 124.007611774, -2.23934459958, 0.726676613136, 121, 2019
N, 100, -0.12089758016236958, 487.384976537, 56.6845453804, 10.1101361833, -1.09506693863, 2.42103763816, 121, 2019
E, 100, 0.34956809010295337, 227.579686601, 50.111918593, 2.31912087759, -1.00580751181, 0.557477125789, 121, 2019
Z, -100, 0.3175186636171601, 3321.81019066, 67.8028616253, 38.5014545542, -3.20936871561, 1.93202346296, 124, 2019
N, -100, 0.9220465766179864, 352.368162459, 83.3698646459, 3.5827274516, 0.195283610202, 0.116993812843, 124, 2019
E, -100, -0.07260486535448976, 709.954030159, 54.1869656513, 9.53766772104, 1.20147805236, 2.12662556737, 124, 2019
Z, -100, 0.3230628850063216, 5116.63809065, 128.406874072, 39.6838841442, -2.02214489263, 2.93910131521, 127, 2019
N, -100, 0.9391177309320198, 324.136288275, 166.462078313, 2.16750998926, 0.282322707887, 0.0211447532515, 127, 2019
E, 100, -0.6987390690058058, 152.695911661, 118.672287698, 1.25698582882, -0.687807169935, 3.23374139825, 127, 2019
Z, -100, 0.285899461077938, 1796.74484537, 146.063322021, 10.1263390844, 1.12230254478, 0.227192224977, 130, 2019
N, 100, 0.824498371554273, 470.069017199, 197.807366569, 1.94191740715, 2.60000572855, 2.79322467537, 130, 2019
E, -100, 0.36161816851062534, 183.790686556, 142.133601941, 1.29972469323, 1.06767409267, 0.136631819616, 130, 2019
Z, -100, -0.9359895023671834, 1099.9595919, 106.763590029, 10.633366566, -2.8232119484, 0.0386698910335, 133, 2019
N, -100, -0.6757268934560028, 389.198068166, 150.891568177, 1.55892736598, -2.91892402076, 0.508947389816, 133, 2019
E, 100, -0.4739285708436649, 432.332555639, 112.407726684, 2.30233449342, -3.78101810909, 0.444311748969, 133, 2019
Z, 100, -0.08456877420290183, 3658.43344138, 40.4393234046, 101.890499776, -1.79100894312, 2.32823020087, 136, 2019
N, -100, 0.5470993079534101, 1313.8663981, 48.1638480258, 29.5445177503, -0.0829107854209, 0.992598285786, 136, 2019
E, 100, -0.36737467765405746, 179.412931627, 37.613417593, 5.39660610948, -2.28478491295, 1.09660171033, 136, 2019
Z, -100, 0.2632026808296335, 4612.71030315, 118.145687833, 24.6980848368, -2.5244589059, 2.36624108856, 139, 2019
N, 100, 0.5574530351077511, 2082.48330243, 156.138737854, 8.73374991725, 2.08841946536, 2.30242972951, 139, 2019
E, 100, 0.7269609385924642, 304.099939253, 114.894159434, 2.67933218993, -0.194477917221, 0.0263982191275, 139, 2019
Z, -100, 0.12023266622652441, 1242.29525842, 143.199432873, 5.86074085515, -2.80577066466, 1.97083753742, 142, 2019
N, 100, 0.9293150146422176, 658.989944227, 193.723858773, 3.42286836501, -0.357539291074, 0.0379963586848, 142, 2019
E, 100, 0.6323219416577933, 397.709211154, 144.106095694, 2.56917518305, -0.889491615381, 0.0035282414593, 142, 2019
Z, -100, 0.40714303295619536, 1619.11876105, 117.621025038, 12.7984392701, 1.09558385104, 0.0165971781405, 145, 2019
N, 100, 0.7797829564859258, 668.392257643, 164.71593801, 3.41759368145, 2.35721061557, 2.83707641535, 145, 2019
E, -100, -0.3058135879518405, 205.548239664, 120.144481143, 1.87078078789, 1.49707883795, 3.63342877875, 145, 2019
Z, 100, -0.005871356725651927, 1256.16852267, 64.8231514263, 19.7561045413, -0.943121221829, 2.379464993, 148, 2019
N, -100, 0.920677286610328, 490.022985986, 94.1913352887, 5.99741304586, -2.7403831136, 2.9545930234, 148, 2019
E, -100, -0.9168902615951059, 339.637880921, 69.7768379693, 4.90501895338, -2.88191829494, 0.206147190443, 148, 2019
Z, -100, 0.794179561854476, 2004.36368976, 63.3103130965, 24.9145634843, 1.05512408246, 1.05550209434, 151, 2019
N, -100, -0.20651620897684675, 536.669500734, 75.2126289869, 3.64359608572, -2.04875671432, 1.11980515769, 151, 2019
E, -100, 0.08676086390636074, 276.054032286, 45.7831437595, 6.75380690982, -1.62836381738, 2.88564791394, 151, 2019
Z, -100, 0.8001435338336487, 2173.88936398, 135.394707171, 12.9690648148, -0.371803746779, 0.656581944885, 154, 2019
N, 100, -0.26509731227027766, 851.77412055, 172.833731189, 2.97747782469, -1.33574592319, 2.31905809021, 154, 2019
E, -100, 0.8602027640426029, 393.2494217, 124.673736937, 2.93943336608, -0.0510828748133, 0.436623165851, 154, 2019
Z, -100, 0.060486722017227934, 1263.19280091, 167.628401581, 4.92843603363, -1.92007738272, 2.37974491968, 157, 2019
N, 100, 0.8042336155149534, 581.855376584, 222.209422289, 1.71244217814, 2.42594918153, 2.53199030535, 157, 2019
E, 100, 0.9713333208487634, 218.754135756, 165.705582927, 1.28904904552, -0.0967702085102, 0.0978151180936, 157, 2019
Z, 100, -0.849476006900148, 2262.43432796, 134.557813734, 12.9664996899, -0.624568673691, 2.8169272201, 160, 2019
N, -100, 0.9197832210507596, 849.749241497, 185.828145218, 3.3201663887, 2.97918397242, 2.84257973078, 160, 2019
E, 100, 0.7521619217326294, 111.245723659, 135.559923728, 0.717289765009, -0.245575576786, 0.339635798512, 160, 2019
Z, -100, 0.14961839955028267, 1375.87670183, 53.8752754248, 18.443052049, -1.23587054364, 2.54601111333, 163, 2019
N, -100, -0.35309945299931983, 135.440123873, 78.1754252225, 1.46036474823, -3.07178817534, 0.978711876606, 163, 2019
E, 100, 0.6684501321186936, 158.038910165, 58.1032154956, 3.12546247759, -0.686240992932, 0.2858562493, 163, 2019
Z, 100, -0.39048787716724354, 3011.49825283, 109.597911361, 25.3722018325, -1.32783596259, 2.71751300348, 166, 2019
N, -100, 0.35410100053221394, 181.241186824, 141.457162141, 0.530050124145, -2.49476649272, 2.87328226827, 166, 2019
E, -100, -0.11428851706013063, 178.718840402, 104.388219697, 1.42439789412, 0.85541484781, 2.37424477983, 166, 2019
Z, -100, 0.06859069502057807, 1184.19788061, 151.778049646, 6.99234373001, -1.67317362528, 3.40625362569, 169, 2019
N, 100, 0.7061057035620499, 509.329642936, 202.169551849, 1.60970099303, 2.25744626375, 2.36879986316, 169, 2019
E, 100, 0.9677692580760177, 220.353046355, 153.615288382, 1.47202143934, -0.249873429422, 0.0691023033455, 169, 2019
Z, -100, 0.8473674551078272, 1603.9376773, 137.991472626, 10.120188433, 0.336012574001, 0.224390472193, 172, 2019
N, -29, 0.9552707152439177, 391.135070308, 186.504880956, 1.88057757552, -0.198218927555, 0.285793045254, 172, 2019
E, 100, 0.9564713879000661, 159.168772215, 140.021519318, 1.15568999333, -0.277571080514, 0.0246709944234, 172, 2019
Z, 100, -0.13618953316468746, 1537.17557995, 90.4771104325, 9.54166206419, -1.72839673142, 1.79036482473, 175, 2019
N, 100, 0.3483742844837856, 137.401735015, 126.227619197, 1.10068147023, 0.18064343191, 1.15757855537, 175, 2019
E, 100, 0.9566340358682085, 180.336509356, 91.8654647099, 1.99056587038, 0.226314667102, 0.274292129667, 175, 2019
Z, -100, -0.17999856253362195, 2937.57415026, 47.9963813467, 46.786902934, -0.909293894553, 2.30458089249, 178, 2019
N, 100, 0.270554294725746, 663.835002202, 54.9740844191, 12.1346377863, 0.885986124806, 2.04526549297, 178, 2019
E, 100, 0.6753469243508617, 139.490101344, 30.7351414581, 3.53777539795, -0.46977989526, 0.477316106422, 178, 2019
Z, 100, -0.21055305529508805, 1632.88256038, 119.790231672, 9.91985260771, -0.83513569551, 4.11183588278, 181, 2019
N, -100, 0.023775960190862633, 1041.38679863, 149.936025916, 4.15166423718, -1.92516744158, 2.22791452237, 181, 2019
E, 100, 0.7183943985382414, 157.001108449, 107.262206183, 1.38726018801, -0.66092360398, 0.123945193582, 181, 2019
Z, -100, 0.2816839570746557, 1021.04293185, 173.763511014, 4.66599528467, -2.16198694443, 2.61122490263, 184, 2019
N, -100, 0.2216352654229832, 311.416923413, 227.107388783, 0.928761797359, -1.99212081563, 2.81254317586, 184, 2019
E, 100, 0.8965873625219551, 280.924447783, 171.985534429, 1.63001599692, -0.477331773781, 0.0742175650464, 184, 2019
Z, -100, 0.03449849888806139, 1567.9548471, 155.802375171, 11.2352070001, 1.49657004686, 0.250351413315, 187, 2019
N, 100, 0.7924150786895049, 605.162605381, 209.86985688, 1.849246887, 2.5985766354, 2.64692869369, 187, 2019
E, 100, 0.9677856426532273, 248.372395641, 159.423048329, 1.368342482, -0.225616400217, 0.212619844198, 187, 2019
Z, 100, 0.4209753897397608, 2757.17708377, 78.3791458183, 47.3139103107, -0.661659410599, 0.670332344028, 190, 2019
N, 100, -0.5436505252865571, 336.987489392, 110.652430336, 2.50450327119, -3.96450615146, 0.272471584487, 190, 2019
E, -100, 0.7274222627256144, 328.036938539, 76.6732335519, 5.47594733489, -2.37125231777, 2.68756923453, 190, 2019
Z, 100, -0.1630882320405008, 2549.48040248, 87.4540647466, 33.9345442617, -1.5733500978, 2.8646314963, 193, 2019
N, -100, -0.5606977884916095, 156.690688158, 110.153285455, 1.65657486611, 0.586559670514, 2.68761674097, 193, 2019
E, 100, 0.42562634805792615, 226.387260478, 83.1653522744, 2.38696762038, -1.44587986804, 0.524541903585, 193, 2019
Z, -100, 0.9419014901748123, 3361.28664697, 140.820936891, 23.601417821, 0.210522202739, 0.0450482667836, 196, 2019
N, 100, -0.5222786937730094, 531.594318467, 186.043032965, 1.89120161658, -1.24159119342, 2.45198634869, 196, 2019
E, -100, 0.8988930291301276, 238.508335553, 144.408624485, 1.32302160869, 0.234171043023, 0.166810853689, 196, 2019
Z, -100, 0.4894066576194088, 3799.16029778, 140.502125021, 26.5534218701, 0.925965269582, 0.0439661489932, 199, 2019
N, 100, 0.16278970979185964, 799.513715581, 187.517880026, 2.22967781389, 1.21552265579, 2.0195841133, 199, 2019
E, -100, 0.08034332907440214, 344.378386515, 146.527631154, 2.35394139525, -1.69928339172, 3.04076804167, 199, 2019
Z, -100, 0.699261167587203, 2148.47741226, 101.827124991, 17.1218168353, 0.551201125153, 0.249222758691, 202, 2019
N, 100, 0.7639266425620037, 881.067934555, 138.952304186, 4.46966279059, 2.56128189137, 2.81818191742, 202, 2019
E, 100, -0.32289368057606854, 318.291667689, 105.082217655, 2.57784511669, -1.37000491375, 2.91995008976, 202, 2019
Z, -100, 0.8094870074576457, 2944.95384615, 46.9857483636, 55.4367144482, 2.50106958219, 2.31846651471, 205, 2019
N, 100, -0.8406915217369106, 553.407599964, 68.2243731825, 7.05346808537, -3.90014559437, 0.439354391767, 205, 2019
E, 100, -0.4986485395758982, 153.926682593, 45.866163201, 3.96918793793, -3.1016159682, 0.91960888188, 205, 2019
Z, 100, 0.4137945483348801, 4620.4503422, 88.1350846779, 45.4131705521, -1.22135033624, 0.701944207062, 208, 2019
N, -100, 0.17399665861099423, 1745.15307825, 108.270248077, 13.5738797238, -2.21978920803, 2.41127275493, 208, 2019
E, 100, 0.9321857898027083, 338.704713187, 76.6332787806, 4.35921058007, -0.370515275988, 0.222239010349, 208, 2019
Z, 100, -0.06172263591710988, 3396.24511194, 154.491603038, 23.6677952786, -1.53883634625, 3.08994294714, 211, 2019
N, -100, -0.15589672833152984, 1281.6464644, 200.217360704, 4.32950568958, 1.23194138556, 2.66146251447, 211, 2019
E, -100, 0.9109844459926598, 259.735273418, 153.282054963, 1.79840016083, -0.0415347956591, 0.149105646848, 211, 2019
Z, -100, 0.6436424375730643, 3909.2210974, 160.816051653, 22.0328181821, 0.893273176692, 0.0241478501315, 214, 2019
N, -100, -0.7094241125525891, 815.459493272, 214.492541883, 2.21546974449, -0.74479502147, 2.2084643769, 214, 2019
E, 100, -0.424551033974172, 242.41732941, 167.468073974, 0.905820726664, -0.511763571761, 3.55974156426, 214, 2019
Z, -100, 0.14705152417130746, 4513.466473, 91.517934374, 42.7281425336, 1.3190812794, 0.103810078107, 217, 2019
N, -100, -0.5121645742053026, 746.948592441, 126.087770303, 4.17059141702, 0.796908829042, 2.95581289161, 217, 2019
E, -100, 0.20524924801429395, 138.817014701, 91.6755260982, 1.44070233692, 1.25376028121, 0.286920742945, 217, 2019
Z, -100, 0.4905018899465198, 1781.34797228, 61.8008594279, 25.6359739906, -1.916292913, 3.57593859609, 220, 2019
N, -100, -0.3404585789885447, 673.805856878, 77.5425551932, 9.51974969705, -2.74373788888, 0.844495319529, 220, 2019
E, -100, 0.8701906523752485, 420.861140137, 59.2289762934, 8.42449873492, -0.0384670143062, 0.438433471472, 220, 2019
Z, -100, 0.9654748750735278, 3660.67235707, 117.544765837, 29.1582437026, -2.92257766219, 3.09278831716, 223, 2019
N, -100, -0.9019096585617483, 367.304027282, 155.223980515, 1.89911181017, 0.260713418005, 3.35090139252, 223, 2019
E, -100, 0.8580050842606931, 515.632303345, 123.927107441, 3.42086851815, -2.59317845627, 3.24473194742, 223, 2019
Z, -100, 0.9056743642515869, 5449.16656886, 127.781252357, 42.1743632326, 0.450676606119, 0.0176933315908, 226, 2019
N, 100, -0.49606396996442104, 662.47682915, 170.993150657, 2.36682785408, -1.32934985613, 2.38909791439, 226, 2019
E, -100, 0.21972226226527386, 528.27925536, 138.693395239, 3.47572673339, -1.74272846679, 3.19035629959, 226, 2019
Z, -100, 0.3459523046233551, 5203.08691502, 96.8290119395, 46.9146367985, 1.51710906741, 0.413913914166, 229, 2019
N, 100, 0.09579134196144656, 624.476778389, 130.106789023, 5.36384438878, 1.66801178803, 3.21637050521, 229, 2019
E, -100, 0.06100271138832965, 405.543855047, 106.561796143, 3.69472911296, -1.69068005445, 3.02468129886, 229, 2019
Z, -100, 0.4253681065339578, 4860.56345495, 46.0050773758, 118.334084627, 1.27297752133, 0.207603563785, 232, 2019
N, -100, -0.8733217677219904, 980.021572415, 66.8366935243, 11.8861156793, -2.91849341927, 0.319232495548, 232, 2019
E, 100, -0.4569057997206684, 402.309504296, 50.776679062, 7.93227614478, 0.416625165123, 4.20003470277, 232, 2019
Z, 100, 0.8093086808566392, 12068.9059841, 59.9702664227, 217.922319756, 2.44654382456, 3.31983677491, 235, 2019
N, 100, -0.29520450025308415, 1243.28872435, 74.3300938157, 19.4578536185, 1.76901703783, 0.356589564586, 235, 2019
E, 100, 0.8498753385126375, 781.641195691, 49.6090603192, 17.0304594309, -0.502933983819, 0.524997959184, 235, 2019
Z, 100, 0.7286270723680949, 8692.18124248, 122.580828078, 55.9115067652, 2.07228521562, 3.91985924136, 238, 2019
N, -100, 0.18088687866369985, 1530.47291821, 159.044022304, 6.37644030739, -2.22064464267, 2.42903972821, 238, 2019
E, -100, 0.4403530783113056, 810.30943764, 120.441503962, 5.58282717424, 1.25769727207, 0.220809678382, 238, 2019
Z, -100, 0.706198034766096, 11751.4692281, 145.285723227, 79.356206484, -2.32196755143, 3.19939908372, 241, 2019
N, 100, 0.7067108014751221, 751.521719188, 194.365841394, 2.09823866569, -0.863821047646, 0.666083861669, 241, 2019
E, 100, -0.11203554284289337, 1125.62525351, 154.670826217, 6.93021571024, -1.51746795522, 3.02613536544, 241, 2019
Z, -100, 0.5665184749745068, 7007.05128703, 90.9432977377, 70.5158097714, 0.962958217491, 0.0338422253435, 244, 2019
N, -100, -0.09573424451960837, 140.462928611, 124.023753944, 0.966699790249, -1.73769194699, 1.09787563484, 244, 2019
E, 100, -0.5499784134390157, 361.719615296, 99.2309067782, 3.13140953641, 0.406702910978, 4.25182825168, 244, 2019
Z, 100, 0.42947914816250343, 7961.87711179, 47.1178786924, 190.459049215, 1.63749143236, 3.83290424779, 247, 2019
N, -100, 0.4762224384753733, 408.487025571, 63.4360828491, 7.52627799288, -0.351026654996, 0.876134096756, 247, 2019
E, 100, 0.8341895064926976, 667.747111798, 47.3808066869, 15.4836756954, -0.431837652451, 0.420623947973, 247, 2019
Z, 100, 0.7404630675726068, 4446.94059972, 97.8356149035, 39.2435144382, 2.26952713224, 3.58569683326, 250, 2019
N, 100, 0.15722535992637993, 217.616957372, 131.727541202, 1.44689829601, 1.87848240965, 2.39123897437, 250, 2019
E, -100, 0.9038082316213581, 528.323332623, 105.560176468, 4.89640057659, 0.25793840021, 0.171771995827, 250, 2019
Z, -100, 0.7651118127340388, 4651.31626788, 107.819358912, 45.0087010531, 0.0490487750791, 0.167132151162, 253, 2019
N, -100, -0.07099160461713842, 1961.47280819, 145.959723659, 9.00292465913, 0.728656930938, 2.06338455957, 253, 2019
E, 100, 0.8771923967901517, 594.520955863, 120.192420308, 5.48058473458, -0.189168006825, 0.160328653572, 253, 2019
Z, 100, -0.675274957762317, 8212.84198479, 80.1567936992, 106.621641511, -0.164746912028, 3.46473720491, 256, 2019
N, 100, 0.27848916591839323, 2116.17096767, 108.920483679, 19.9639870079, -1.2872929506, 0.0674566023326, 256, 2019
E, -100, -0.26174662305157126, 888.162722896, 93.850784417, 8.68592394171, 1.21581414887, 2.96160700697, 256, 2019
Z, 100, -0.05756640094374378, 21176.6682491, 32.6100163638, 799.381693866, -1.13057156553, 3.97108306928, 259, 2019
N, -100, -0.3097729886048026, 2535.45169683, 46.561343505, 65.8718851256, 1.54528334717, 3.91825318415, 259, 2019
E, 100, -0.5939792660514633, 824.019778028, 44.0082619074, 18.1903568502, -0.337185842341, 3.78651406721, 259, 2019
Z, -100, -0.10318062476741688, 22983.5228886, 56.043567856, 379.120263997, 0.967794894415, 3.79977747033, 262, 2019
N, -100, 0.398860868265366, 3092.57998863, 71.6909051231, 36.6473950034, 0.159725470704, 0.899851125302, 262, 2019
E, 100, 0.47765929210191416, 831.896501381, 46.5645017682, 14.3917196527, 0.0914352382533, 1.00959696347, 262, 2019
Z, 100, 0.9027191695912902, 9099.36099013, 103.353409454, 85.8558813516, -0.437320358604, 0.0199207577275, 265, 2019
N, -100, -0.7890448628783289, 1575.75803812, 135.448415027, 9.23050335602, 2.92203081336, 0.485485245658, 265, 2019
E, -100, 0.8784730424324178, 991.222823201, 99.0900397931, 8.53104947218, -0.212200400408, 0.467473062163, 265, 2019
Z, 100, 0.9721106652069, 13396.2282537, 122.60864361, 106.120009593, 2.90691405497, 3.20149311707, 268, 2019
N, -100, 0.08148060775100616, 1143.73868208, 165.141461874, 4.81463191316, 1.18880139963, 0.558970894681, 268, 2019
E, -100, 0.29356531750449694, 863.091234194, 128.75761471, 5.84784918255, 1.40755651038, 0.318599850865, 268, 2019
Z, -100, 0.5843723605871476, 11136.9607872, 80.3202965702, 134.756800107, -1.89391997767, 3.72033109658, 271, 2019
N, -100, -0.6134625372605702, 403.220491639, 110.869843059, 4.16454438434, 0.897006406857, 3.43516827016, 271, 2019
E, 100, -0.13436219809198405, 1193.34441867, 90.4983445206, 13.4838142412, -1.2066390416, 3.44842621167, 271, 2019
Z, -100, -0.39638846478403383, 29648.7000898, 56.6769079007, 562.213231676, 0.771984460017, 3.68163135918, 274, 2019
N, 100, 0.8417487322038416, 1124.0898068, 76.9634948927, 15.6069146328, -0.372137533813, 0.401667552597, 274, 2019
E, -100, -0.3383455727201493, 1859.19012104, 56.0950093246, 30.3645850176, -2.33452192608, 0.619769744942, 274, 2019
Z, 100, 0.28507605712076955, 15907.8352672, 103.717286108, 137.213474935, 1.90064783554, 3.08149770795, 277, 2019
N, -100, 0.13681243531710405, 856.953173156, 141.990430516, 4.98556150176, 1.63143575927, 0.439326134052, 277, 2019
E, 100, 0.9353813567742425, 1025.4770928, 110.018926094, 8.3751730886, -0.405125751743, 0.234721108624, 277, 2019
Z, 100, 0.8215530661682625, 21620.0297412, 101.790945442, 185.622075567, 2.78832144612, 2.89568340564, 280, 2019
N, 100, -0.1984446385192638, 1777.24237694, 139.1149436, 10.9398055579, 1.95773112436, 0.195882950685, 280, 2019
E, -100, 0.640373267493359, 1231.55816308, 110.716362242, 10.5092105126, 0.926235513567, 0.162907536336, 280, 2019
Z, -100, 0.9627439014757029, 16087.4927068, 67.9773506517, 246.792542526, 0.236991942652, 0.140884410288, 283, 2019
N, 100, -0.8885231616936552, 791.009822004, 94.060223683, 8.28815508052, -0.451266054031, 3.13245496916, 283, 2019
E, -100, 0.03934664312354766, 1293.57098839, 78.0560335732, 15.8836763466, -1.47313721415, 3.30971399412, 283, 2019
Z, 100, 0.06910897023346896, 19941.3471466, 19.4245187716, 1237.28121149, 3.50551680349, 1.45261678598, 286, 2019
N, -100, 0.18462001347800572, 514.988095427, 28.3169353886, 23.2361623665, 1.92720003368, 1.41657061724, 286, 2019
E, 100, -0.6594004296037491, 1420.52675629, 28.3252808238, 48.5878380744, -0.438958948176, 3.29011203605, 286, 2019
Z, -100, -0.4346040534339036, 13729.6185588, 75.3190885029, 167.100966714, 0.66511111713, 3.64774781202, 289, 2019
N, 100, 0.21164695911527562, 627.887537793, 96.2502713898, 7.54810718508, -1.48134384292, 0.331549852631, 289, 2019
E, 100, 0.5932723968395398, 1240.03999161, 64.0191107177, 17.0595263321, -1.02346232254, 0.236551238499, 289, 2019
Z, -100, -0.05089618348714137, 8767.8128717, 116.025314058, 75.1398522935, 1.46833066263, 3.22584986862, 292, 2019
N, -100, -0.16959655024725928, 900.670948068, 152.222486746, 5.4359743035, 1.22190194403, 3.38201487043, 292, 2019
E, 100, 0.9521871392452883, 1159.29466761, 109.043686008, 10.4572355568, -0.355439287911, 0.177109503944, 292, 2019
Z, 100, 0.5221017451434183, 4820.83072203, 120.463142513, 33.4225578792, 0.85757222335, 1.60984368168, 295, 2019
N, 100, 0.8177442834848995, 477.214929553, 161.757379485, 2.62373327433, -0.256360911318, 0.290091862245, 295, 2019
E, -100, 0.941322814692566, 595.172240591, 121.17867777, 4.55412481957, 0.126269273774, 0.12996132467, 295, 2019
Z, 100, 0.9414195685226295, 11831.62181, 77.8361982309, 161.120421129, -0.0466126954797, 0.225699206426, 298, 2019
N, 100, 0.9410764252856052, 753.929432798, 107.079941372, 7.42891494257, 2.915562845, 2.96579429182, 298, 2019
E, -100, 0.37906250712853967, 468.844629526, 80.7568544514, 5.38228728818, -1.83568622008, 3.27094309302, 298, 2019
Z, -100, -0.5442820216977063, 9688.71737783, 66.5882784116, 160.577869496, -2.60963723058, 0.558170115171, 301, 2019
N, 100, -0.3271139857425477, 254.549336823, 85.8762851206, 2.23032459984, 1.40696780218, 1.14680380243, 301, 2019
E, 100, 0.3092953661906071, 684.702310166, 62.1821284548, 10.9146597769, -1.42451096248, 0.420522808142, 301, 2019
Z, -100, -0.3693087276436062, 3251.04644547, 129.057823387, 21.6430406358, 0.916159026783, 3.41463453866, 304, 2019
N, 100, -0.5323904201770918, 75.6080006364, 174.103450315, 0.331877014913, -0.0744707924622, 2.42227790949, 304, 2019
E, 63, 0.9937577981485165, 502.230895076, 132.749961517, 3.72002732793, 0.0591241886963, 0.100419825763, 304, 2019
Z, 100, 0.5293969523260164, 13121.3365068, 124.381484137, 93.6242451959, -0.671251903288, 0.406261847968, 307, 2019
N, 100, -0.896446783635313, 1077.3137655, 168.795758361, 5.90709348216, 0.0909417355731, 2.74809994814, 307, 2019
E, 100, 0.9052983665453067, 1104.84427574, 130.415609327, 8.26580842011, 0.164072984184, 0.400430324592, 307, 2019
Z, 100, 0.7124438754731833, 24523.950875, 81.5591677774, 310.44390739, -0.568827639815, 0.236638000344, 310, 2019
N, 100, -0.947003695339495, 3493.7854554, 109.64290059, 32.4095249335, 0.208948507218, 2.83931883976, 310, 2019
E, 100, 0.9641863911651894, 2230.83093654, 82.7419388846, 25.7171747815, -0.0496709978153, 0.115121528024, 310, 2019
Z, 100, 0.03566896751530085, 27315.9292439, 30.7902899847, 1071.26781691, 2.66758655135, 1.92997273855, 313, 2019
N, 100, -0.6785865730672255, 3823.60872897, 41.115541248, 105.106707109, 3.08302504935, 0.829869464924, 313, 2019
E, -100, 0.689150218842425, 1646.05614256, 21.3167032914, 94.5743701579, 0.4890964665, 0.351246739324, 313, 2019
Z, -100, -0.5401257954122933, 10459.9336779, 89.889119846, 99.098880919, -2.79382720569, 0.589330311699, 316, 2019
N, 100, -0.6569826758838174, 1190.30188459, 112.731698193, 9.34691584965, -0.511566145779, 2.77035881096, 316, 2019
E, 100, 0.7995388360797583, 1242.24001673, 75.9972283555, 15.6713272601, -0.617222485151, 0.00591789944651, 316, 2019
Z, -100, -0.12962510672074185, 18266.8953035, 140.650326073, 124.083412002, -1.7412424971, 0.0697923598152, 319, 2019
N, 100, -0.8346053443468785, 2358.6590893, 182.734752399, 12.4214123375, -0.617200323535, 3.19128540135, 319, 2019
E, 100, 0.9377994053403694, 2176.90990446, 132.607447261, 15.8985487179, -0.340391393584, 0.0205163892856, 319, 2019
Z, 100, 0.1737112713991773, 21168.4946768, 143.529830625, 146.890272622, -1.37742189083, 0.0506808687842, 322, 2019
N, 100, -0.9274369528794688, 2905.44188407, 190.247954552, 15.3662704293, -0.385492675731, 3.14312146942, 322, 2019
E, 100, 0.8180822347504024, 2439.0415861, 142.139061929, 16.9556461801, -0.598524179731, 0.0123186439432, 322, 2019
Z, 100, 0.39719144289494573, 19673.7485396, 95.1094272191, 202.565888074, 2.42439854485, 2.66707552787, 325, 2019
N, 100, -0.9422996513242574, 2238.86025142, 127.946865637, 17.4946616868, 0.22960568467, 2.82001523884, 325, 2019
E, -100, -0.42257154394675567, 1346.35842578, 95.1335748105, 14.0979630334, 1.06783894792, 3.11430169059, 325, 2019
Z, -100, -0.41785822842736214, 18646.0218307, 63.049484665, 277.076802743, -0.261535801409, 4.29328026596, 328, 2019
N, 100, -0.3798822453000181, 1851.11913074, 76.3483449151, 23.245643257, 0.700936250068, 1.25110638717, 328, 2019
E, 100, 0.6012650295979025, 946.594119504, 52.1210258721, 20.8710864145, 1.97664947875, 2.6623249622, 328, 2019
Z, -100, -0.23599167804713395, 13216.1099492, 142.294572264, 91.3274350224, -1.85810722911, 0.088916595478, 331, 2019
N, 100, -0.6951112911131797, 2341.17967919, 188.23772674, 12.0711182601, -0.692595296332, 2.9981602212, 331, 2019
E, 100, 0.6950161368999287, 1802.04547299, 143.691340734, 12.754690694, -0.766126261931, 0.0618855409382, 331, 2019
Z, 100, 0.11214987971965668, 17690.3863628, 153.80874109, 110.866789803, -1.42747253641, 0.0566609354095, 334, 2019
N, 100, -0.4567981940767737, 4618.52283158, 206.951067029, 21.2290753548, 2.00962789112, 0.0579081728957, 334, 2019
E, 100, 0.3271365958461798, 3788.62396234, 160.666386621, 21.6541509018, -1.23906685471, 0.00369991204641, 334, 2019
Z, -100, -0.013288639224615564, 13034.5340293, 110.863477896, 107.163732408, 1.63971688925, 3.06833811726, 337, 2019
N, 100, -0.8704763720775424, 1525.52161501, 148.106870508, 8.86064822591, -0.216480404618, 2.97140471326, 337, 2019
E, 100, 0.9056704821221195, 1657.32253598, 113.127337477, 13.0636199571, 0.198688481934, 0.418724613863, 337, 2019
Z, 100, 0.10127490836470421, 21904.8891152, 53.9506532215, 433.505217307, -0.931392769792, 0.584691759918, 340, 2019
N, 100, -0.6732182043805329, 4263.95607312, 68.0252839015, 67.0548560029, 0.0966240178168, 2.41025539192, 340, 2019
E, 100, 0.42612799237781546, 3934.08420087, 44.7270686736, 102.866329723, -0.446164407181, 0.73366868813, 340, 2019
Z, -100, -0.6392132216056008, 26806.1390044, 85.3106624365, 328.309606008, -2.43741062072, 0.196106368733, 343, 2019
N, -100, 0.3121828091529222, 6041.71615559, 104.499803835, 60.6912747974, 0.95423767703, 0.353388721073, 343, 2019
E, -100, -0.9150831009205589, 5374.82704513, 69.5132362577, 76.9062075975, 0.00996665113716, 3.48166177917, 343, 2019
Z, -100, -0.735099309906938, 25254.1840384, 150.020093628, 159.496699877, 0.547899576646, 3.38457702458, 346, 2019
N, -100, 0.1756656628388235, 5311.41406881, 193.151975042, 25.1785298422, 1.1491277903, 0.338639174135, 346, 2019
E, -100, -0.7461385551666683, 4603.35628127, 142.441977454, 28.2566200068, -2.7054096888, 0.341618932725, 346, 2019
Z, -100, -0.2332274593858658, 22499.7046727, 169.302826469, 126.080955959, -1.74657431371, 0.0713376389551, 349, 2019
N, 100, -0.5298249575240996, 4475.10644323, 223.53802863, 18.9372845372, -0.957045632513, 3.06987439802, 349, 2019
E, -100, -0.16609461127970437, 3966.91342267, 169.918587778, 22.4263442224, -1.71993530403, 0.0142335489874, 349, 2019
Z, 100, 0.049561571007586784, 20889.717464, 122.303950395, 172.072031154, 1.70962786381, 3.02653328587, 352, 2019
N, 100, -0.7577095290638125, 3960.14845242, 162.222521868, 24.3245027003, 2.55527808698, 0.105236565986, 352, 2019
E, 100, 0.1423887714290555, 3914.88638523, 126.886852421, 32.2290691407, 1.87556342618, 2.89726710818, 352, 2019
Z, -100, -0.4243838704066277, 20565.9363484, 51.1247938472, 473.584292881, 0.164939696885, 3.98168184336, 355, 2019
N, 100, -0.22666095799620262, 4358.0902816, 57.2876381146, 87.4767197645, 3.17354302886, 1.44314729781, 355, 2019
E, -100, -0.47307892312169303, 3884.02155524, 35.7645283255, 119.224705435, 1.89054269581, 1.70917574592, 355, 2019
Z, -100, -0.7641981608018238, 10569.2676242, 132.261294285, 81.2845844201, -2.52166835763, 0.107380935393, 358, 2019
N, 100, -0.09211385288418282, 1788.38388091, 171.824554592, 10.3534116049, -1.58900746582, 3.28886982062, 358, 2019
E, -100, -0.09856010956271796, 916.139621119, 132.117527965, 5.80518329264, -1.38944040703, 0.413381390398, 358, 2019
Z, -100, -0.6608936507304147, 14556.9749963, 166.402808745, 85.008327944, 0.806658400997, 3.2088311047, 361, 2019
N, 100, -0.30318755994815966, 2322.7159894, 221.717553752, 10.3948831773, -1.24385192448, 3.122352012, 361, 2019
E, -100, -0.012236448311199865, 1636.72535831, 174.482548559, 9.79638801143, -1.55201322434, 0.0362296974453, 361, 2019
Z, -100, -0.2111137153922785, 15435.7775946, 136.344925699, 104.775372891, 1.33456618252, 3.19059671426, 364, 2019
N, 100, -0.5742204671737805, 2581.08647543, 182.068688177, 12.648106635, 2.08482366872, 0.162335301994, 364, 2019
E, 100, 0.2944579595936072, 1636.71765145, 144.949080454, 8.70860993713, -1.67154954807, 0.562268094194, 364, 2019
