Chan, Phase Shift, Correlation, ptp-data, ptp-synthetic, rat, phasem, phasestd, DOY, Year
Z, 100, 0.9989760462962821, 75.7554654907, 76.2127191611, 0.971111552443, 0.0258895762485, 0.0483426134148, 1, 2019
N, -100, 0.9770649437004753, 49.450515726, 50.7955656677, 0.964927985257, 0.0995731354553, 0.483023666168, 1, 2019
E, 0, 0.9995683055169521, 100.05320922, 96.5450687974, 1.02631783289, -0.335717190236, 1.26944169087, 1, 2019
Z, 100, 0.9996134529810898, 113.186748526, 111.952059476, 0.996945282728, -0.0599595202524, 0.025171111758, 4, 2019
N, -100, 0.9915993890169515, 68.5981261398, 80.925862707, 0.828480144744, 0.302556898542, 0.158779195075, 4, 2019
E, -100, 0.999639913055272, 145.096354335, 141.764052878, 1.02257254005, 0.0213412646702, 0.0120983458997, 4, 2019
Z, 0, 0.9999141781250926, 124.38970711, 123.197546492, 1.00682388768, -0.0220542238572, 0.0136241769842, 7, 2019
N, -100, 0.9987697313702337, 78.4722495673, 94.4836835671, 0.834066687697, 0.0693237335352, 0.0163034062819, 7, 2019
E, -100, 0.9991456171378275, 162.260587418, 160.862867507, 1.00901219098, 0.058625765352, 0.0168118647246, 7, 2019
Z, -100, 0.9993257548564792, 107.950106643, 105.682607072, 1.02824535019, -0.0346376214517, 0.0283354193364, 10, 2019
N, 100, 0.9992651101075495, 75.0026609431, 84.9610525415, 0.877945539944, -0.0294877908403, 0.0301471735088, 10, 2019
E, -100, 0.9991621135820724, 142.07939606, 143.22997761, 0.987449518198, 0.0448735742334, 0.006878572596, 10, 2019
Z, -100, 0.9958328328966944, 70.8043921392, 69.4543525034, 1.03135145206, 0.111187444935, 0.0599745006648, 13, 2019
N, 100, 0.9983732606551539, 57.4586840048, 58.0866606841, 0.996575196384, -0.00513753331233, 0.0360474593436, 13, 2019
E, -92, 0.9996354920839271, 96.3016360355, 98.6201240849, 0.979924458004, 0.0263206544946, 0.0200539537088, 13, 2019
Z, 100, 0.9984851846725421, 60.4824739879, 62.8294815133, 0.946085849334, 0.0168382838841, 0.037406927785, 16, 2019
N, -100, 0.9475790272339744, 44.6287287317, 39.0917167787, 1.09583139484, -0.0444341135577, 1.54934686848, 16, 2019
E, 100, 0.9998291122870986, 78.5007988245, 77.2393915796, 1.01905178303, -0.0124803682783, 0.00880573783804, 16, 2019
Z, 100, 0.9998601142931517, 123.098073712, 122.966871386, 1.00394471526, -0.0331633535865, 0.0109808562893, 19, 2019
N, -100, 0.9861118641376354, 70.4383509463, 82.4468215074, 0.86415860573, 0.427911307753, 0.220982131289, 19, 2019
E, -100, 0.9998178570176396, 149.573793897, 148.292158449, 1.01288884442, 0.00522251448429, 0.0183259111814, 19, 2019
Z, 85, 0.9995629534908356, 155.422776069, 154.708454401, 0.999840517039, -0.0673126223245, 0.0360082056476, 22, 2019
N, -100, 0.998633264070587, 94.9885427776, 111.802973211, 0.851363934906, 0.0494468483675, 0.0264450049085, 22, 2019
E, -100, 0.9994241759206902, 201.390311337, 199.247478514, 1.01261040938, 0.0373353612882, 0.0167222927814, 22, 2019
Z, -58, 0.9992421241135687, 133.585471297, 131.386541667, 1.03780345008, -0.0297089552187, 0.0329710683545, 25, 2019
N, 100, 0.9985916680671848, 92.215190379, 102.777752787, 0.899293098838, -0.035461075936, 0.0210866877918, 25, 2019
E, -100, 0.9997799062896807, 180.12890082, 182.081920718, 0.982885024614, 0.0230238158717, 0.00563700019141, 25, 2019
Z, -100, 0.997840298437546, 71.0305924648, 71.4894206974, 0.992324089927, 0.0868111595287, 0.0314636748892, 28, 2019
N, 100, 0.9946716491958565, 64.0378568192, 61.2441902306, 1.05009463637, -0.111547062054, 0.067836816993, 28, 2019
E, 0, 0.9998751666586971, 105.303222583, 106.552053317, 0.993244741976, 0.00156571509721, 0.0105804530147, 28, 2019
Z, 100, 0.9979845944414312, 70.1968922401, 70.9080283188, 0.959104056081, 0.0342766082969, 0.0856846645813, 31, 2019
N, -100, 0.9772188274823406, 42.0368146173, 46.5304748675, 1.00547688446, 0.211886772298, 0.167832766396, 31, 2019
E, -100, 0.9996876477649013, 86.7487801715, 86.6700694224, 1.01521092788, 0.0039737175871, 0.0196567920701, 31, 2019
Z, 100, 0.9998155374295844, 114.013379402, 113.712646384, 1.00230408491, -0.0320868238847, 0.00352462941196, 34, 2019
N, -100, 0.9955646129079149, 67.5271207998, 82.0659674103, 0.838482419066, 0.113122965981, 0.0387230274594, 34, 2019
E, -100, 0.9997581132557685, 143.085428854, 142.476167864, 1.0021892965, 0.00609072507628, 0.0118306033633, 34, 2019
Z, 100, 0.9960107963897934, 133.20803992, 130.662442782, 1.04108006709, -0.217911879963, 0.148824565694, 37, 2019
N, 0, 0.99980211715955, 83.1535205579, 99.5496839492, 0.82903546809, -0.0261439514853, 0.0205003830727, 37, 2019
E, -100, 0.9988030337306386, 169.443595138, 168.767591394, 1.01538345605, -1.41070804156, 2.66438823616, 37, 2019
Z, -100, 0.999730203868529, 116.88713161, 115.631326337, 1.01756356425, -0.0116596136701, 0.017902867208, 40, 2019
N, 57, 0.9998512589915015, 80.308072322, 91.8892695741, 0.873649545239, -0.0131817724161, 0.0109753266496, 40, 2019
E, -100, 0.9993731772102024, 152.524293098, 154.563286484, 0.983430356402, 0.0288463195989, 0.0105444191478, 40, 2019
Z, -100, 0.9986661112789008, 72.5697759741, 74.0349070258, 0.976298729065, 0.0527597782536, 0.0195168120854, 43, 2019
N, 100, 0.9956705653199663, 58.2167214065, 62.1586624811, 0.940812602938, 0.234161963689, 1.33622604246, 43, 2019
E, -34, 0.999671341968706, 103.483139194, 105.124538466, 0.982671961296, 0.0138828354202, 0.0174979449408, 43, 2019
Z, 100, 0.9974046686642902, 69.147648022, 70.484155546, 0.966191161295, 0.382656166136, 1.23738944174, 46, 2019
N, -100, 0.9727896293700674, 39.360360184, 41.5378907596, 1.06610330486, 0.0464265654113, 0.0900537915416, 46, 2019
E, 100, 0.9992202258083862, 86.3368273557, 81.7963321344, 1.02899626459, -0.0396819562102, 0.0434029027812, 46, 2019
Z, 100, 0.9994538036622922, 140.934260667, 141.376612641, 0.98369072741, -0.0880095094196, 0.0478628776915, 49, 2019
N, -100, 0.9923743985165786, 81.0556590352, 95.7911052069, 0.84700751388, 0.252662211183, 0.126258620538, 49, 2019
E, -100, 0.9996375406973209, 169.861006154, 171.793964839, 1.00527269387, 0.02166408657, 0.0168987476207, 49, 2019
Z, 0, 0.9997817060936572, 167.74624061, 167.175013894, 1.00463582692, -0.0437026647008, 0.0287280768574, 52, 2019
N, -100, 0.9993868721409576, 107.467022846, 123.531114206, 0.863183331671, 0.0378515653552, 0.0190016627723, 52, 2019
E, -100, 0.9993057299189165, 217.882603774, 217.245812603, 1.00292362678, -0.239646098788, 1.33708943833, 52, 2019
Z, -100, 0.9994775701595762, 126.800207875, 125.122845418, 1.02005908372, -0.0063688347646, 0.0189151107463, 55, 2019
N, 100, 0.9987762196990626, 94.6760150573, 102.064284306, 0.927485192074, -0.0306633529331, 0.0212960935369, 55, 2019
E, -100, 0.9994645339850831, 177.189950128, 177.660276321, 0.994536716601, 0.0373301569229, 0.00749413003992, 55, 2019
Z, -100, 0.9939154506048818, 50.3926249325, 51.0073860716, 0.970474006138, 0.110864672424, 0.0409954624517, 58, 2019
N, 100, 0.9903949129746757, 53.6126294955, 49.5527625343, 1.09398919641, 0.217788773427, 1.29917142877, 58, 2019
E, 0, 0.9997812653701641, 80.4730673446, 82.3070992572, 0.983426970864, -0.00244119864786, 0.0119673238221, 58, 2019
Z, 100, 0.9973128473550188, 79.8998061919, 79.5796132028, 0.969303961426, 1.63641667806, 2.78899576689, 61, 2019
N, -100, 0.9553845236698753, 45.0268753094, 52.6354095402, 0.908657941754, 0.316985602381, 0.126586448446, 61, 2019
E, -69, 0.9997430241547722, 97.0499342571, 94.4107334911, 1.02016456802, -0.0136273114376, 0.0252104226931, 61, 2019
Z, 100, 0.9991886588883334, 127.008342872, 125.699372572, 0.998592382683, -0.0905407823329, 0.0332444300953, 64, 2019
N, -100, 0.9967597708670568, 79.7705822462, 91.2743559525, 0.852368701947, 0.1288777757, 0.054117615454, 64, 2019
E, -100, 0.9996019901969204, 155.058102591, 156.243115639, 1.00488517973, 0.0107099232246, 0.021977189187, 64, 2019
Z, 0, 0.9997269630413399, 143.217530361, 141.636065702, 1.01386873072, -0.0524556943684, 0.0395735237124, 67, 2019
N, -100, 0.9997150708830725, 97.1460136029, 107.741540839, 0.893821832661, 0.0280979800165, 0.0185843060023, 67, 2019
E, -100, 0.9994961711078024, 180.579814993, 181.647426211, 0.990050731454, 0.0587044159918, 0.0217269299367, 67, 2019
Z, -100, 0.9996315858616054, 120.227255056, 118.876744115, 1.01586260987, 0.00738102195121, 0.0145376118658, 70, 2019
N, 100, 0.9998212248532323, 86.2156857254, 94.8281945707, 0.907101862672, -0.0247289673591, 0.00804638145439, 70, 2019
E, -100, 0.9991434147192084, 158.108334911, 159.740767683, 0.9842207254, 0.0419034395541, 0.012009424319, 70, 2019
Z, -100, 0.9964438861422124, 62.9961069683, 64.3878377642, 0.967253974845, 0.0784804069366, 0.0321180045276, 73, 2019
N, 100, 0.9965407070902688, 54.555677338, 56.1430483461, 0.984202081659, -0.0435274254903, 0.0396349009914, 73, 2019
E, 0, 0.9996767420205503, 91.5209088382, 95.1201993022, 0.963972936188, 0.00887599664542, 0.0164360052376, 73, 2019
Z, 100, 0.9975337354303232, 95.8515090431, 95.6697434314, 0.968613619888, 0.082298702382, 0.14624323715, 76, 2019
N, -100, 0.9784950149196274, 48.4682418667, 58.5611970443, 0.893805618066, 0.188390274469, 0.120839426483, 76, 2019
E, 21, 0.9993356419130784, 111.965297797, 108.874786969, 1.01574544373, -0.0534496326875, 0.0487070470046, 76, 2019
Z, 88, 0.9997226256794337, 162.860690011, 161.209076335, 1.00196177376, -0.0507436495488, 0.0202350616192, 79, 2019
N, -100, 0.9971910123448987, 101.934149705, 112.956420292, 0.886774325485, 0.121363427591, 0.0496436726897, 79, 2019
E, -100, 0.9995868147108964, 201.482587194, 200.368998968, 1.01322979172, 0.00919538878756, 0.0230843951066, 79, 2019
Z, -21, 0.9997882160389737, 164.455492825, 163.318192986, 1.00867512473, -0.0224405689205, 0.0204575075728, 82, 2019
N, -100, 0.999709122898234, 115.267110616, 125.274958032, 0.915781368231, 0.0187986820501, 0.0130516529847, 82, 2019
E, -100, 0.9996152273638527, 217.60901702, 216.781616141, 1.00464226298, 0.0605364212252, 0.0235322155332, 82, 2019
Z, -100, 0.9993787732673738, 102.86815887, 102.230623046, 1.01243224162, 0.0159584626963, 0.013712714648, 85, 2019
N, 100, 0.9989768132596959, 84.3895722048, 87.8096897365, 0.968877568964, -0.073506488414, 0.0195032839698, 85, 2019
E, -72, 0.9998605161840889, 150.703936116, 149.881723977, 1.00253328744, 0.0121409388211, 0.0051809173765, 85, 2019
Z, 100, 0.9900562660999196, 33.1471551687, 33.3437627501, 0.962587590336, 0.0745041521518, 0.0932445510447, 88, 2019
N, -93, 0.9754647401845534, 36.3754474171, 33.7457746174, 1.08578185435, -0.10019871308, 0.0710361910506, 88, 2019
E, 32, 0.9989311064974711, 53.7062046878, 54.2927214781, 1.00403650916, 0.0150993430185, 0.0192933821137, 88, 2019
Z, 100, 0.998278615743034, 94.4749844805, 93.4149321972, 0.996839728292, -0.170342344498, 0.0973670629989, 91, 2019
N, -100, 0.9861054123621716, 56.7937619311, 63.598155355, 0.899746272811, 0.334795494948, 0.129063128939, 91, 2019
E, -25, 0.9995662835723997, 114.358292361, 111.226068648, 1.03544242248, -0.0597252623109, 0.0526617705114, 91, 2019
Z, 93, 0.9998104104076718, 138.027948521, 136.938112866, 1.00275655304, -0.0404874447331, 0.013379237996, 94, 2019
N, -100, 0.9975797488794047, 88.1411843086, 99.9009921071, 0.886644638885, 0.090390123321, 0.0188345406356, 94, 2019
E, -100, 0.9997841080520076, 173.955141511, 170.115141087, 1.02765359037, 0.0118044476795, 0.014322790723, 94, 2019
Z, 0, 0.9998077479019861, 144.884931786, 144.709405889, 1.00162734022, -0.0391932569261, 0.0292999824001, 97, 2019
N, -100, 0.9984987356961972, 101.100327762, 110.042642701, 0.906124697038, 0.0215612734938, 0.0263073537296, 97, 2019
E, -100, 0.9994238723333405, 189.495326031, 186.349085925, 1.0129594928, -0.545749985836, 1.83571531426, 97, 2019
Z, -100, 0.9994800308146773, 106.008311123, 108.08425365, 0.97007660824, 0.0523491880019, 0.0156100766226, 100, 2019
N, 0, 0.9992193776940634, 80.1702058104, 87.4317932962, 0.924165349366, 0.0177417753989, 0.0188199885677, 100, 2019
E, -100, 0.9985274638653152, 150.376457185, 148.701806587, 1.00577870273, 0.0434132440013, 0.0107900741584, 100, 2019
Z, 0, 0.9971734325891778, 43.8336183416, 45.7653038984, 0.946097439318, 0.0489025125804, 0.0399382724498, 103, 2019
N, 100, 0.9943149881017231, 44.1662192573, 42.4445182853, 1.04759659091, -0.154654767552, 0.0804351198073, 103, 2019
E, -64, 0.9983050402543197, 70.0435616604, 73.3974279441, 0.964400647689, 0.0611334933063, 0.0325801023331, 103, 2019
Z, 100, 0.9995493059630465, 120.391880421, 121.224195345, 0.986097137606, 0.217103622865, 1.33317232975, 106, 2019
N, -100, 0.9905132987639187, 71.2606122258, 79.6158110687, 0.901949570885, 0.25309460941, 0.0827452199619, 106, 2019
E, -28, 0.9997441246468363, 145.679539706, 143.511332693, 1.01065494142, -0.0283876967833, 0.0262144244121, 106, 2019
Z, 42, 0.9998827058940255, 163.352596747, 161.975551636, 1.00118652189, -0.0203660789105, 0.00691628535103, 109, 2019
N, -100, 0.9971184648318823, 105.759014293, 118.14491807, 0.881720360526, 0.0942878469908, 0.0217686885647, 109, 2019
E, -100, 0.9996788483928234, 208.893950827, 206.382344965, 1.01766906558, 0.0160378886445, 0.01369760408, 109, 2019
Z, -41, 0.9997999437218289, 141.150554564, 139.439696836, 1.01071810355, -0.00975789319015, 0.0105341214423, 112, 2019
N, 0, 0.999585075366793, 99.8171634599, 111.355381161, 0.899633967309, -0.0408969105496, 0.0465117288535, 112, 2019
E, -100, 0.9995015428885473, 192.732945145, 190.099050374, 1.01577252771, 0.0554052491536, 0.0219359802098, 112, 2019
Z, -100, 0.9985816350676054, 76.5134254772, 75.6429579971, 1.01195443809, 0.0528083885225, 0.0154955611308, 115, 2019
N, 100, 0.9858440479572573, 64.149637664, 68.2149269396, 0.965218462485, -0.123194767144, 0.0703987948535, 115, 2019
E, 0, 0.9999104888557454, 110.107363491, 114.890625828, 0.96022956839, -0.00475512168929, 0.00883327486008, 115, 2019
Z, 100, 0.9940604389412386, 45.0843681581, 46.4571534754, 0.924712058404, -0.163293220745, 0.0719070536722, 118, 2019
N, -100, 0.9646112799511389, 32.7448453149, 28.5387658373, 1.17234701979, -0.382304670935, 1.25393091572, 118, 2019
E, -73, 0.9991538683793557, 57.6703222741, 57.3054316148, 0.991083255792, 0.0820542668812, 0.0340973074498, 118, 2019
Z, 100, 0.9989072249526806, 99.7193653238, 104.004144114, 0.950190958519, -0.0936613112294, 0.0519727399929, 121, 2019
N, -100, 0.9905669448206275, 65.8139717218, 71.7913642683, 0.896282493948, 0.0999469198912, 0.0506607781476, 121, 2019
E, 0, 0.9999442140525001, 126.311684094, 124.510445481, 1.0146623828, -0.0179680878421, 0.0183840229009, 121, 2019
Z, 100, 0.9990445803526777, 136.249940478, 140.689724171, 0.960897639469, -0.0281406286212, 0.0316947362065, 124, 2019
N, -100, 0.9963728598380021, 91.4174770261, 102.394329274, 0.891488488251, 0.0987519760028, 0.0264293099161, 124, 2019
E, -54, 0.9998920256764573, 178.011955487, 175.372232024, 1.01159930644, 0.00266363068148, 0.00748574892904, 124, 2019
Z, 0, 0.9997421042211548, 137.408372234, 136.38093407, 1.01108326095, -0.0501991626402, 0.0351973326671, 127, 2019
N, 0, 0.999704025577082, 98.0596295155, 104.365867284, 0.933965466985, -0.0469023371478, 0.0283157319489, 127, 2019
E, -100, 0.9996702781658736, 178.822867117, 178.297955724, 1.00916609314, 0.0490602396747, 0.0207028781643, 127, 2019
Z, -100, 0.9993173707366613, 89.9753611408, 89.2102114725, 1.01002976486, 0.0237375962174, 0.0131993643772, 130, 2019
N, 100, 0.9989840846100742, 69.3773556095, 73.6789981471, 0.949708823522, -0.0374124557524, 0.0446569641512, 130, 2019
E, -100, 0.9997723379343132, 125.438645187, 128.118275578, 0.976020313847, 0.0174588580455, 0.00627632012021, 130, 2019
Z, 100, 0.9991468928938564, 68.1758758004, 70.5797666011, 0.942479812435, -0.0647029277197, 0.031553352234, 133, 2019
N, -100, 0.988144674486564, 46.6565337474, 43.2374775632, 1.03544641173, -0.402629952449, 1.29976244119, 133, 2019
E, 100, 0.9991927464269097, 88.6730934471, 88.1167456557, 0.976096075463, 0.0112152727151, 0.032720729607, 133, 2019
Z, 100, 0.9998074101329717, 126.923526968, 127.667941852, 0.986849426697, -0.0489818144827, 0.0224562186274, 136, 2019
N, -100, 0.9952561609652935, 81.6181697388, 88.7300376319, 0.912807638232, 0.217749496425, 0.0749500824568, 136, 2019
E, -91, 0.9998469702231354, 162.412221485, 158.113852778, 1.02070516901, -0.299331833727, 1.3319494264, 136, 2019
Z, 50, 0.9997559705350102, 144.029159281, 143.387625993, 0.999994754408, -0.0387538780896, 0.0126464570836, 139, 2019
N, -100, 0.9980418664958951, 95.5619761149, 108.161719689, 0.88263660925, 0.0468274807093, 0.0345681169678, 139, 2019
E, -100, 0.9998543589868593, 190.371899, 187.146552132, 1.02488693844, 0.0253245839584, 0.00969154931972, 139, 2019
Z, -73, 0.9997326114553932, 114.254491944, 113.012701242, 1.01343559611, -0.00633279061853, 0.0114525196146, 142, 2019
N, 100, 0.9975698988090262, 82.3831087099, 92.5043726607, 0.879593408116, -0.0265872585933, 0.0524577488825, 142, 2019
E, -100, 0.9995308920184435, 159.542212829, 157.183446864, 1.00855699025, 0.0418708254885, 0.0108289602509, 142, 2019
Z, -100, 0.9968449736034013, 57.5962558199, 60.1080152157, 0.942813858407, 0.0868493443507, 0.0251810664503, 145, 2019
N, 100, 0.9967432531399268, 50.8703342109, 55.0578345174, 0.942951860576, 0.188653700145, 1.34175638938, 145, 2019
E, -100, 0.9981214626653501, 89.819071742, 92.4085012368, 0.968273311358, -0.2585727264, 1.33249627928, 145, 2019
Z, -100, 0.9685734733607207, 106.603754276, 56.5344087766, 1.64354879927, 0.130359532308, 0.158226734426, 148, 2019
N, 100, 0.915340553468466, 32.4328963416, 36.8401918734, 1.01581462625, -0.0853422671372, 0.267035506925, 148, 2019
E, -100, 0.9988711595360287, 65.2117463204, 70.597263694, 0.920337871404, -0.31033803091, 1.29895002294, 148, 2019
Z, -100, 0.919293792860718, 122.424502378, 108.243019427, 1.27990615915, -3.11862588407, 2.90736562182, 151, 2019
N, -100, 0.9746166011925943, 75.8393891475, 74.663055101, 1.00046715499, -0.583863333301, 0.469584948802, 151, 2019
E, 19, 0.9992919292934729, 129.238834079, 130.397465166, 0.969136539087, 0.32438149607, 1.30832413706, 151, 2019
Z, 100, 0.9940249997274814, 135.598998416, 137.370832583, 0.922837374529, -0.14039482795, 0.0645003387252, 154, 2019
N, -100, 0.9938693276363828, 89.4206227742, 99.7133254037, 0.894423673185, 0.213789635144, 0.0693893928688, 154, 2019
E, -100, 0.99974571757524, 177.05105299, 173.231241357, 1.01328022564, 0.0134271497457, 0.0107286156104, 154, 2019
Z, -28, 0.9998715822181392, 126.575365807, 125.427143506, 1.00958725301, 0.00150624993472, 0.00438352089457, 157, 2019
N, 0, 0.9994938416098428, 82.4411828185, 96.2109836887, 0.853801039821, -0.0515133411168, 0.0408179380324, 157, 2019
E, -100, 0.9991267440694772, 170.675948756, 167.728631026, 1.01514350838, 0.0387757423411, 0.0188038185939, 157, 2019
Z, -100, 0.9989238948011958, 77.2981976334, 79.1416728431, 0.975042047721, 0.0602766812212, 0.0226327447043, 160, 2019
N, -100, 0.9971882563321118, 66.1234864394, 65.5503228448, 1.01454463162, -0.043400129456, 0.063521698843, 160, 2019
E, -100, 0.9960230109734804, 121.299836227, 116.677668755, 1.03011652875, 0.0518721909139, 0.0251833024143, 160, 2019
Z, 100, 0.9987531176112208, 77.5575190263, 80.6912455298, 0.947766850189, -0.0454102050329, 0.0360452084918, 163, 2019
N, -100, 0.9920094930152502, 48.2701137112, 53.6353314722, 0.982306037453, 0.10894932084, 0.172368241176, 163, 2019
E, -100, 0.9995701310590382, 102.29425347, 103.643219115, 0.990095734583, 0.364431210342, 1.26859992383, 163, 2019
Z, 100, 0.9997339399122537, 117.999637664, 117.232495455, 1.00895182578, -0.0622869834865, 0.0252409534632, 166, 2019
N, -100, 0.9985967384449032, 74.9275491855, 83.9122415912, 0.859450904014, 0.144123000489, 0.0597769940256, 166, 2019
E, -10, 0.9998581136722918, 152.31926097, 149.062942481, 1.0207660122, -0.0065385321018, 0.0123747793077, 166, 2019
Z, 100, -0.10313089553533081, 3559.48049869, 124.360910207, 23.4164095094, -2.05640817372, 2.84940773458, 169, 2019
N, -100, 0.9602279377699269, 78.5937436652, 95.4676352177, 0.783182982891, 0.113629109118, 0.218160529701, 169, 2019
E, -100, 0.7365805838101619, 6470.81544854, 164.575692176, 33.5027296089, -0.178693478672, 1.67475232169, 169, 2019
Z, 100, -0.742874630778587, 8757.02148804, 100.1057516, 63.6028176044, 1.43751936059, 1.7301193988, 172, 2019
N, 100, 0.41044816178567367, 36.5158504098, 82.0948162698, 0.478834161307, 0.174139190812, 0.781549768535, 172, 2019
E, -100, 0.6154971730362992, 15789.8144821, 139.082865423, 82.2314137769, 0.349968608548, 1.26774235965, 172, 2019
Z, -100, 0.9983369425460031, 57.1662542907, 60.2894615023, 0.935173916303, 0.0748562634812, 0.0226462641323, 175, 2019
N, 100, 0.9880747742087568, 58.2017253404, 53.4820660334, 1.09216595077, 0.67903043001, 2.128408633, 175, 2019
E, -100, 0.9991570563846651, 83.4072050639, 89.4153524865, 0.943942183102, 0.051141769965, 0.0396602556894, 175, 2019
Z, 100, 0.9962795411879641, 56.7424941637, 60.7405048681, 0.919971130069, -0.115528724504, 0.0532458946237, 178, 2019
N, -100, 0.906334000552006, 47.569003538, 40.1260486923, 1.25148161493, 0.0852789267911, 1.57523552984, 178, 2019
E, 100, 0.9997239144727772, 76.0494925767, 76.7012564538, 1.00329019816, -0.0573541174517, 0.0375090896722, 178, 2019
Z, 100, 0.9992122030565526, 110.809659742, 109.534046413, 1.0190054121, 1.72373124788, 2.81371420955, 181, 2019
N, -100, 0.9901938057095786, 55.6927199905, 74.4687721976, 0.762799225267, 0.221477861176, 0.225236045802, 181, 2019
E, 0, 0.9999013116574819, 135.564434725, 132.290751634, 1.01017821441, 0.0108244024869, 0.0126967638225, 181, 2019
Z, 51, 0.999855204293321, 141.26324838, 137.375101101, 1.02668199226, -0.0226048882697, 0.00552299864607, 184, 2019
N, -100, 0.9988938847376968, 81.6366105655, 99.1625567958, 0.827118746568, 0.0533821244189, 0.0282758940722, 184, 2019
E, -100, 0.9995207584678074, 173.115529235, 175.632023737, 0.987519549951, -0.290807670462, 1.33323459929, 184, 2019
Z, -100, 0.9994660325782462, 126.426718438, 124.319181566, 1.01503593554, 0.0348583158843, 0.0191568274619, 187, 2019
N, 100, 0.9870439555744376, 89.5783941535, 95.7677102734, 0.92751081634, 0.1729702084, 1.21442380113, 187, 2019
E, -100, 0.9997477687279193, 160.692877078, 169.097801341, 0.936893684664, 0.0408229551766, 0.013707426736, 187, 2019
Z, -100, 0.9960915202557006, 76.3626981435, 79.9198456239, 0.953325217319, -0.810052139042, 2.21671611628, 190, 2019
N, -100, 0.9915581118812424, 87.3266171215, 66.711760668, 1.28804822135, 1.96262069021, 2.91567248337, 190, 2019
E, 72, 0.9989602592939039, 116.498206854, 117.786862451, 0.97888581978, -0.0228635485691, 0.038831010618, 190, 2019
Z, 100, 0.9946733458632934, 73.5570518774, 74.6460617872, 0.963470998672, -0.0857437184242, 0.03641614308, 193, 2019
N, -100, 0.874686780565001, 50.9802229509, 50.501333435, 1.0399848636, 0.419031819057, 0.944796066202, 193, 2019
E, 51, 0.9998017706116099, 102.340441775, 96.4711505619, 1.07257340584, 0.00374385270668, 0.0669815847159, 193, 2019
Z, 100, 0.9995623744013238, 113.172000586, 109.312143834, 1.04308855875, -0.0595229413923, 0.020613211748, 196, 2019
N, 45, 0.9916666193855413, 53.1896363901, 78.9273536674, 0.626574099049, 0.247231629182, 0.239986129175, 196, 2019
E, -100, 0.9992718132445488, 145.762248558, 139.371428002, 1.05298349452, 0.0247254292665, 0.0361611614595, 196, 2019
Z, -18, 0.9999155947245176, 125.004167315, 120.272869123, 1.03466604332, 0.0142217327016, 0.0106313471799, 199, 2019
N, 100, 0.996774261024184, 71.7301671673, 92.4720656805, 0.771236147152, -0.0805545842064, 0.0536368263162, 199, 2019
E, -100, 0.9995968085822206, 155.901722832, 158.282013876, 0.986655921989, 0.0762814309632, 0.0341071403984, 199, 2019
Z, -100, 0.9987027887206175, 104.556365036, 102.651626083, 1.01361437955, 0.0498373772487, 0.0114254001798, 202, 2019
N, 100, 0.989744902869415, 83.5140940592, 83.0798163211, 0.97603134622, 0.316798118045, 1.19868393391, 202, 2019
E, -100, 0.9994199364551848, 136.522884981, 139.764132813, 0.980153210428, 0.0299883986725, 0.0176712658563, 202, 2019
Z, -100, 0.9966869057592548, 62.952512492, 66.4686322657, 0.947940893268, 0.119164137156, 0.0499521038446, 205, 2019
N, -100, 0.9885944119368446, 75.6654775231, 57.1516718649, 1.33650343603, 0.497109173329, 1.83801985017, 205, 2019
E, -63, 0.9992045258562677, 90.673622278, 95.3743402232, 0.950437050437, 0.0516809680178, 0.033862377863, 205, 2019
Z, 100, 0.9959814456743329, 59.4008798005, 62.2889573568, 0.935290886449, -0.16371103051, 0.0776998755324, 208, 2019
N, -100, 0.9374651929299377, 36.4553721857, 38.9221864503, 0.930330041654, 0.0233846318221, 1.61888572937, 208, 2019
E, -100, 0.9994642117220093, 81.5389025691, 76.5111587984, 1.068263106, -0.00603931706775, 0.0528625339398, 208, 2019
Z, 100, 0.9994445673890497, 122.252561212, 119.466644543, 1.03405852475, -0.0578760914669, 0.0279670088568, 211, 2019
N, -100, 0.9761202693671239, 50.9371752189, 80.1477198191, 0.647566837412, 0.666405379236, 1.04715214987, 211, 2019
E, -100, 0.9980876718858607, 141.865402444, 144.023449829, 0.990433669654, 0.0640637231571, 0.0384995305555, 211, 2019
Z, -52, 0.9998935301227235, 155.000204573, 150.47454638, 1.03242333409, 0.0253971956642, 0.0151454362577, 214, 2019
N, 100, 0.9824088979128814, 95.6611329793, 109.19336359, 0.831378469211, -0.156699807812, 0.092364210645, 214, 2019
E, -100, 0.999756537731176, 189.910046728, 194.18643631, 0.974823978394, 0.0118903069058, 0.0171948400089, 214, 2019
Z, -100, 0.99842929403164, 130.392491647, 128.662978966, 1.0086597214, 0.0422696025916, 0.00998648058692, 217, 2019
N, 100, 0.9862728693210252, 109.750970639, 101.614563911, 1.07043149088, 0.169063825246, 1.20775893911, 217, 2019
E, -100, 0.9994769344845856, 171.652782381, 178.448245292, 0.965694362011, 0.048556391263, 0.00794645350559, 217, 2019
Z, -100, 0.993047631250666, 66.9302907181, 69.4040305003, 0.958433214538, 0.134805368659, 0.0472714752031, 220, 2019
N, -100, 0.9900462223909029, 87.4414812516, 61.3014323422, 1.39687853998, 0.0095999064854, 0.0421926548227, 220, 2019
E, -98, 0.9996070708766656, 103.838912885, 105.327969778, 0.993735213303, 0.0220718436532, 0.0126211815929, 220, 2019
Z, 100, 0.9942299626735744, 76.2700719897, 75.0306583073, 1.06662293022, -0.233413808214, 0.0772905906147, 223, 2019
N, -100, 0.9745702181972703, 37.8647098693, 49.4532018489, 0.898602331706, 0.4712235149, 1.09315114705, 223, 2019
E, -100, 0.9941538339810411, 87.7292935479, 92.0195317215, 1.01918261397, 0.158844581506, 0.13048194732, 223, 2019
Z, 100, 0.9995165971248268, 122.698448757, 115.842548752, 1.05659641185, -0.0336331026024, 0.00676494909667, 226, 2019
N, 100, 0.981154948098075, 60.5224969745, 84.2031916085, 0.756638745002, -0.198513380876, 0.049616090109, 226, 2019
E, -100, 0.9978055006561343, 145.078440286, 146.314174626, 1.00248088518, 0.0329731472886, 0.0387328757185, 226, 2019
Z, -15, 0.9997170387235088, 135.532505658, 128.795537155, 1.05414685759, -0.0300843745573, 0.0241959942132, 229, 2019
N, 100, 0.9717786950583671, 98.0272968167, 98.9534439839, 0.965773739324, -0.251113531746, 0.115201555228, 229, 2019
E, -100, 0.9998294101499584, 166.695968407, 167.427622172, 0.990338196673, -0.241179001638, 1.33622392009, 229, 2019
Z, -100, 0.998921523630275, 114.05386348, 109.523374649, 1.0492474873, 0.00488849722838, 0.0277487356892, 232, 2019
N, 100, 0.9933537606283274, 99.3714824279, 88.0561606196, 1.1228159667, -0.0787313658194, 0.0398244985329, 232, 2019
E, -40, 0.9998938217981148, 143.021544529, 147.276142208, 0.974484630486, 0.0129785567936, 0.00419493283137, 232, 2019
Z, -100, 0.9962797242237054, 58.3396753639, 65.9722922443, 0.833688017794, 0.0597750657381, 0.0562620060469, 235, 2019
N, 27, 0.9757013770479753, 60.8287062928, 56.5133186264, 1.1256908623, 0.255189087343, 1.13496781117, 235, 2019
E, 100, 0.9991719544217446, 94.804487306, 94.7555560714, 1.00004221048, -0.0850529266726, 0.0524765059784, 235, 2019
Z, 100, 0.9909625880771206, 76.6333738513, 75.4616638756, 0.97246415649, 0.306240536083, 1.2535645249, 238, 2019
N, -100, 0.7338587429320952, 35.1787956364, 44.845506443, 0.894729450218, 0.145576834018, 1.29027451889, 238, 2019
E, -60, 0.9992899746612411, 91.0998866695, 86.5645382432, 1.04949670015, -0.0327332512236, 0.0430792368065, 238, 2019
Z, 100, 0.999756480413326, 148.699007658, 143.694300238, 1.05670633196, -0.021140375436, 0.0242389835598, 241, 2019
N, 100, 0.9639945995381243, 75.9532838113, 98.3816260016, 0.747317377251, 0.590356512566, 2.25657700176, 241, 2019
E, -100, 0.9998034580936369, 177.556920138, 175.537284446, 1.00641127557, 0.0379561530837, 0.022882084131, 241, 2019
Z, -69, 0.9997210604292203, 169.59148252, 164.864289129, 1.02788457647, -0.0139834275952, 0.0166760665264, 244, 2019
N, 100, 0.9834195839984151, 124.528026492, 123.189447125, 0.970475069752, -0.276286168613, 0.127654222234, 244, 2019
E, -100, 0.9999203248178126, 208.685497261, 215.757699978, 0.973957230051, 0.0194220893916, 0.00760716896129, 244, 2019
Z, -100, 0.9973547210659715, 115.906247545, 118.377906099, 0.969715366982, 0.0941946461501, 0.022669571262, 247, 2019
N, 100, 0.9880363981867746, 113.070906641, 98.21118113, 1.21941375032, 0.219978528481, 1.25236697917, 247, 2019
E, 15, 0.9997637142047178, 167.241435573, 170.190867135, 0.974028033549, -0.0216109980536, 0.0217874586681, 247, 2019
Z, -100, 0.9787500077327792, 43.1680109783, 47.0427606215, 0.900152769386, 0.0965751278632, 0.0539601579277, 250, 2019
N, -100, 0.8919792069457991, 84.0636484756, 44.1452075225, 1.82975367463, 0.313106287071, 1.21823876736, 250, 2019
E, 100, 0.9952971696710071, 73.4963658947, 74.6397475386, 0.999422751248, -0.113483379646, 0.0605748621999, 250, 2019
Z, 100, 0.9953245972811915, 94.9475531578, 88.8380693535, 1.07675714958, 0.38239183631, 1.83696688063, 253, 2019
N, -100, 0.8960059031616013, 37.5905794219, 59.6928053449, 0.636024148243, 0.984409475571, 0.777003314952, 253, 2019
E, -100, 0.999098819443412, 112.964242594, 106.622871372, 1.07678709182, 0.0502495276533, 0.0206600273337, 253, 2019
Z, 100, 0.9928381736700943, 132.013694615, 129.726195182, 1.00600622381, -0.1010084097, 0.0995619313687, 256, 2019
N, 100, 0.6759754526993196, 193.952618536, 95.3702664432, 1.82809111272, 0.0279170495649, 1.37869593967, 256, 2019
E, -100, 0.9977997036395317, 154.089561761, 163.010746858, 0.967182376257, 0.0304024341128, 0.0604721833059, 256, 2019
Z, 100, 0.6458157399519757, 75.7469830917, 138.036058057, 0.579103154633, -0.0637747550444, 0.466491480721, 259, 2019
N, 100, 0.4844429109367058, 954.531735817, 106.123023151, 6.77783617295, -0.45380798664, 1.70804681285, 259, 2019
E, -100, 0.8360476204263926, 107.024153441, 178.347707451, 0.583789650885, -0.262726242621, 1.0795246248, 259, 2019
Z, 100, 0.3267427011156084, 27.9460733581, 108.875389989, 0.246702052035, 0.241595827114, 3.07080696849, 262, 2019
N, -100, -0.8788052391930471, 404.902005543, 87.7961519223, 4.60232326636, 1.67879890173, 2.86274705654, 262, 2019
E, -100, 0.7674774148239496, 3.91644668732, 147.458185034, 0.0248326952985, 0.131946846426, 0.322665030906, 262, 2019
Z, -100, -0.7094790718867908, 98.1015014133, 54.8947403686, 1.48823971409, -2.7384552017, 0.298219559631, 265, 2019
N, -100, -0.8297029220198223, 345.551874829, 47.4259631518, 6.68188055621, 2.31386587765, 1.78173581693, 265, 2019
E, 100, 0.24289250395264664, 1.72628022316, 81.3436702021, 0.0173690894315, -0.567008317113, 2.02072327612, 265, 2019
Z, 100, 0.35472431358524686, 572.453997909, 104.552195602, 5.50177893692, -1.12737441935, 1.15731270595, 268, 2019
N, -100, -0.1775898545643753, 236.389232901, 65.386797093, 3.58997252935, 0.274701064747, 2.34297978046, 268, 2019
E, -100, 0.20204754927582455, 3.22285492393, 119.853014808, 0.0266004057011, -0.405917526547, 3.31324014479, 268, 2019
Z, -100, 0.3221986369240402, 593.551300896, 165.655228789, 3.20924004645, -3.15617195489, 2.52329006492, 271, 2019
N, -100, -0.6614971731763835, 229.928779171, 117.831833492, 1.86241551382, 1.32026058217, 3.08206330044, 271, 2019
E, 100, -0.4314516370042882, 2.10173555015, 207.441516047, 0.00934683672671, 0.51182242653, 2.77764355999, 271, 2019
Z, 100, 0.25469413179632877, 35224.6141513, 160.052035959, 187.919024588, -1.07971388452, 1.14112757393, 274, 2019
N, 100, -0.09826722640396443, 63946.2311864, 124.35003259, 438.370294871, 0.0733318079515, 2.9308643035, 274, 2019
E, 100, 0.08265694957865509, 1311.82970173, 214.509324976, 5.16142589632, -1.64217134608, 1.85235177156, 274, 2019
Z, 100, 0.8550088372611895, 162048.7158, 92.173643318, 1600.82820035, 0.181741893871, 1.7258919934, 277, 2019
N, 100, -0.7511263530621621, 295255.260381, 81.0010442347, 3301.22981267, 0.931128312107, 2.69906085174, 277, 2019
E, 100, 0.8186845888547128, 5968.61603791, 139.156667088, 41.4742564197, 0.233217384513, 1.63064720613, 277, 2019
Z, 100, 0.8261733356032023, 76.8856746215, 45.2520104181, 1.75390808329, -0.689797526985, 0.358776504685, 280, 2019
N, 100, 0.04425609825346297, 15380.060512, 26.2151270353, 446.601666271, -1.25752344311, 1.9529373954, 280, 2019
E, -100, -0.4207444282434856, 4859.38624489, 54.4954596786, 73.1683000758, -1.11539646045, 2.93887922993, 280, 2019
Z, 100, 0.9951860482841366, 108.493389251, 104.153967517, 1.01344899556, -0.248004230454, 0.141197326501, 283, 2019
N, 100, 0.9626767653800476, 44.2084643792, 71.9673072179, 0.53608407754, 0.0921251827286, 0.293418400898, 283, 2019
E, -100, 0.9969138846422546, 131.492447597, 125.248484854, 1.05769052063, 0.0515163136383, 0.037841068475, 283, 2019
Z, 99, 0.999886855529694, 146.564028548, 140.108953726, 1.04797560239, -0.0159358285581, 0.00496079608468, 286, 2019
N, 100, 0.9831056515035557, 84.2491598405, 103.227009042, 0.785506029313, -0.171228769374, 0.0721290749919, 286, 2019
E, -100, 0.9962835183018799, 171.824900597, 175.088382254, 0.992742793872, 0.0870518278831, 0.0179301863098, 286, 2019
Z, -100, 0.9997296021749071, 145.783890113, 138.734537002, 1.049353359, 0.0166640195875, 0.0111061449672, 289, 2019
N, 100, 0.9834731266334534, 110.482813747, 106.674923175, 0.99962276613, -0.148652226618, 0.0720186372789, 289, 2019
E, -100, 0.9983058302926684, 173.884612006, 179.30336745, 0.970179169221, -1.43636172763, 2.66564791413, 289, 2019
Z, -100, 0.9977531222900274, 106.289040697, 96.8437228207, 1.11717057415, -0.00624403903937, 0.034318427832, 292, 2019
N, 100, 0.9864108820680446, 95.1764848136, 79.24329894, 1.21528423109, -0.222660088877, 0.0652400174009, 292, 2019
E, 81, 0.9997302601680955, 124.809098923, 134.983933456, 0.92240887868, -0.0124009419605, 0.0111482250617, 292, 2019
Z, -100, 0.8943487643783203, 52.0309623998, 51.372865667, 0.996048463075, 0.0993130221701, 0.22247783735, 295, 2019
N, -100, 0.8706198213137403, 58.8547036868, 34.3470722185, 1.48746156953, -2.75386593698, 3.09448517796, 295, 2019
E, 0, 0.9947900670492945, 65.38313469, 62.9401242965, 1.00363463555, -0.0295478176224, 0.0561628749, 295, 2019
Z, 100, 0.9993766763922964, 129.852697738, 129.841601636, 0.982923479545, 0.210884861581, 1.32653649452, 298, 2019
N, -100, 0.99848309265674, 82.2681888328, 86.5136572312, 0.939370555545, 0.155077859257, 0.0517247059606, 298, 2019
E, -13, 0.9997590813106214, 160.010852893, 154.719999955, 1.02258102478, -0.0158561035749, 0.0152165286965, 298, 2019
Z, 37, 0.9999157723466106, 166.79132861, 165.497115863, 1.00331349835, -0.0179148708767, 0.00529196352439, 301, 2019
N, -100, 0.9937551385346999, 107.34605951, 122.136445039, 0.882411039337, 0.0969113208435, 0.0174259144829, 301, 2019
E, -100, 0.9995741116423368, 218.344766661, 212.624199386, 1.02932287888, 0.0239230936403, 0.00922377446052, 301, 2019
Z, -47, 0.9997627802522204, 136.827119525, 135.528917207, 1.00918630713, -0.00958190346598, 0.0107947231238, 304, 2019
N, -100, 0.9972842231210487, 95.9388005274, 109.434971034, 0.873155217626, 0.0742229037976, 0.0399081554083, 304, 2019
E, -100, 0.9989256559031022, 193.51987304, 186.935051277, 1.03472156276, 0.0780816652238, 0.0277342181301, 304, 2019
Z, -100, 0.997993173070673, 69.2415425197, 67.1949299331, 1.03546213849, 0.0337783503534, 0.0215020510705, 307, 2019
N, 100, 0.993406183870944, 51.1639868182, 61.1808841902, 0.852677724684, -0.0619126805539, 0.0711548223856, 307, 2019
E, -100, 0.9992796067909142, 108.792112238, 105.450364194, 1.02983605234, 0.029691471277, 0.0160912127165, 307, 2019
Z, 100, 0.9975277982032603, 56.1082549614, 57.324816401, 0.958552184249, -0.121250226414, 0.0590804158991, 310, 2019
N, -100, 0.9734651151386479, 44.4313347169, 35.553358713, 1.25038387149, -0.0156022842056, 0.192700650594, 310, 2019
E, 100, 0.9984873359139635, 75.0571176597, 69.134079568, 1.10627188619, -0.0146489960361, 0.04204668951, 310, 2019
Z, 100, 0.999956917738307, 111.320058543, 111.669076343, 1.00114085639, -0.0156747694937, 0.00802602245833, 313, 2019
N, -100, 0.9756118166456921, 70.8096610205, 77.9906193744, 0.944389471519, 0.28111449787, 0.0887517101799, 313, 2019
E, -100, 0.9990002810905055, 144.29687424, 134.77857084, 1.07527741086, -0.341847147521, 1.29496842728, 313, 2019
Z, 100, 0.9995011020822366, 140.641160841, 140.548892521, 0.988205539196, -0.0752781902213, 0.0300050049883, 316, 2019
N, -100, 0.9906541522172396, 96.7787873889, 103.394667082, 0.925512025737, 0.159883073131, 0.0234267397907, 316, 2019
E, -100, 0.9992856413950149, 181.583012537, 175.819505775, 1.04955150453, 0.0209242698715, 0.0264688675441, 316, 2019
Z, 0, 0.9998455044082791, 131.097379708, 130.141751633, 1.00418228295, -0.0158438417927, 0.0122689920777, 319, 2019
N, -100, 0.9974146305917149, 85.0655012013, 100.088122755, 0.85389669601, 0.0442458865191, 0.0372851828938, 319, 2019
E, -100, 0.9992671981298091, 172.863654464, 170.431870659, 1.00696511189, 0.0590792623877, 0.0194776969447, 319, 2019
Z, -100, 0.9993171510395544, 82.1552187678, 82.1452762941, 1.00185775562, -0.0107492968357, 0.0191620097169, 322, 2019
N, -13, 0.9996461837721097, 57.9411690726, 67.5905179958, 0.857849140902, 0.0386827734005, 0.0311612528096, 322, 2019
E, -100, 0.9991454761314635, 118.399854036, 119.039049633, 1.00287512178, 0.0502125424627, 0.0235233402672, 322, 2019
Z, 100, 0.9982041402109122, 72.9690777062, 74.7301280774, 0.979227360538, 0.0756308204954, 0.0501151180255, 325, 2019
N, 100, 0.9931949455155766, 49.1991305792, 45.7137206659, 1.00020237147, 0.0362687408404, 0.122083271851, 325, 2019
E, 100, 0.9994232598118501, 91.1359434409, 91.947861394, 0.974247699438, 0.0257997394071, 0.0271370099691, 325, 2019
Z, 100, 0.9998558497156081, 132.860113417, 132.307079297, 0.995533407277, 0.257493129911, 1.33551769387, 328, 2019
N, -100, 0.9924081848942228, 86.3602505456, 92.5238640229, 0.945597122132, 0.0583529957667, 0.0692663871777, 328, 2019
E, -4, 0.9997563529077017, 169.14062189, 164.210732604, 1.02161343207, -0.00947245304168, 0.00848496836316, 328, 2019
Z, 60, 0.9996351900353992, 146.537958864, 145.630372148, 1.00005620937, -0.0527901927317, 0.0189980172816, 331, 2019
N, -100, 0.9978703929361603, 103.523751814, 110.437248695, 0.931058554822, -0.215901103452, 1.33650415403, 331, 2019
E, -100, 0.9997437419926837, 196.515572592, 190.838636471, 1.03734822889, 0.0242776955469, 0.0101679306628, 331, 2019
Z, -3, 0.9996692959315597, 113.204267246, 111.506736963, 1.02057276237, -0.0333405083541, 0.024687786759, 334, 2019
N, -100, 0.9970067238595718, 84.6275833882, 91.5705761869, 0.925836552602, 0.0736720636736, 0.0374896482355, 334, 2019
E, -100, 0.9990791160195026, 160.913404604, 156.646561147, 1.02297774744, 0.0519710618714, 0.0146068342685, 334, 2019
Z, -100, 0.9973274165612059, 58.6315582181, 57.7073437481, 1.01359734102, 0.0408632499071, 0.0284334169727, 337, 2019
N, -100, 0.9965639817779459, 50.4644078539, 51.4016978656, 0.976258037307, 0.0656308183959, 0.0165223356865, 337, 2019
E, 0, 0.9996621247160721, 87.7589105482, 89.1176638857, 0.980707049088, -0.0209841504552, 0.0149085345958, 337, 2019
Z, 100, 0.9963865864343923, 59.9842166345, 60.8480588571, 0.966959020037, 0.138287385108, 0.113812318135, 340, 2019
N, -100, 0.9903038321664988, 38.2702201601, 39.3311566283, 0.953737240111, 0.0430261011723, 0.150016126947, 340, 2019
E, 98, 0.9976191296027505, 78.6485286972, 74.8943675232, 1.00267598589, -0.289155712717, 1.30508359172, 340, 2019
Z, 100, 0.999496867979312, 109.839969853, 109.935573697, 0.982842347787, -0.0805695933396, 0.0465794266958, 343, 2019
N, -100, 0.9892782267980377, 66.1900045033, 76.1540835773, 0.872475729776, 0.228907269597, 0.06963181624, 343, 2019
E, -100, 0.9996925093386176, 137.555497121, 132.686770856, 1.03757040883, -0.28860608381, 1.32574429002, 343, 2019
Z, 58, 0.999808173306381, 135.890437433, 135.7680674, 0.994686215564, -0.0388806246802, 0.0137511935107, 346, 2019
N, -100, 0.9982581164537052, 83.6559937465, 98.8839517431, 0.842695016996, 0.0818374751846, 0.0196984435445, 346, 2019
E, -100, 0.9995414203573079, 173.02964481, 170.990689768, 1.02067989603, 0.0246783497444, 0.0218535140489, 346, 2019
Z, 0, 0.999570286669506, 124.727081339, 123.495783922, 1.01487390861, -0.0456375339067, 0.0311531365469, 349, 2019
N, 50, 0.9993609299191525, 84.6463154006, 94.5280959792, 0.882397154787, -0.0834629634034, 0.0536752039592, 349, 2019
E, -100, 0.9996934275421235, 164.479993559, 164.605188275, 0.994230343455, 0.0372492968969, 0.0110292262524, 349, 2019
Z, -100, 0.9988417801091508, 80.6968272468, 80.756760531, 1.0080558994, 0.0387192635424, 0.0329229753296, 352, 2019
N, 100, 0.9977619969204691, 64.9439774495, 64.474190492, 1.01222362259, -0.0725456574295, 0.0356497119907, 352, 2019
E, -100, 0.9992390632242824, 115.356826386, 116.79819233, 0.993041324416, 0.0559764967394, 0.0273411212168, 352, 2019
Z, 100, 0.9983947294908901, 76.7469473151, 78.8273057992, 0.972841228908, 0.0562030586646, 0.0621848878126, 355, 2019
N, -100, 0.9850106234222228, 59.6839240449, 51.9844735375, 1.07896369354, -0.0584580134056, 0.660433287499, 355, 2019
E, 100, 0.9981557355236987, 118.205413472, 100.720954308, 1.12225229766, -0.313669772645, 1.24882462719, 355, 2019
Z, 100, 0.9999577970073121, 119.53129219, 118.756158551, 1.008816507, -0.0286780756606, 0.0119380142004, 358, 2019
N, -100, 0.990977100839237, 75.8273573316, 84.7129117151, 0.881128039129, 0.108116193102, 0.0563845420913, 358, 2019
E, -31, 0.9994821093678912, 157.234425631, 150.305534345, 1.04858098622, -0.352354287724, 1.30095870752, 358, 2019
Z, 35, 0.9996971562740612, 129.169164626, 128.898503179, 0.997781738608, -0.0477865691037, 0.0226192935089, 361, 2019
N, -100, 0.9971509796098997, 84.1734152066, 98.5152990329, 0.854833595573, 0.091645126774, 0.0126368468005, 361, 2019
E, -100, 0.9992295119718105, 174.240334248, 170.105498898, 1.03384365945, 0.0425164735341, 0.0227928274423, 361, 2019
Z, -36, 0.9992366830517682, 105.816575516, 104.063689674, 1.02985189973, -0.0542478279747, 0.0377274547792, 364, 2019
N, 100, 0.9975766485407639, 75.7278304136, 85.0413950457, 0.896047281876, -0.0143515439261, 0.0383821296354, 364, 2019
E, -100, 0.9991837841151472, 143.039122533, 145.299697037, 0.986585380892, 0.050183705821, 0.014806245552, 364, 2019
