Chan, Phase Shift, Correlation, ptp-data, ptp-synthetic, rat, phasem, phasestd, DOY, Year
Z, 100, 0.9950971355117667, 98.3749777175, 61.2220845915, 1.55021097111, 0.0155203244002, 0.100742363201, 1, 2019
N, -100, -0.42365839941860495, 18.7902961749, 42.6727397119, 0.467460364998, 1.16438503451, 3.19308349673, 1, 2019
E, 100, 0.06971023325085232, 35.3976212778, 8.90027016529, 3.07882976252, -1.41417515192, 0.356342499125, 1, 2019
Z, 100, 0.9979830444319892, 164.22972505, 100.24991768, 1.60222253809, -0.0306667748256, 0.0247831299025, 4, 2019
N, -100, -0.3259215879815523, 33.1225547698, 72.3109033028, 0.391345134283, -1.76615541201, 0.154796367365, 4, 2019
E, 100, 0.6303786944080928, 58.1388260295, 17.4458882909, 3.14950024528, -0.801363421331, 0.0789658441786, 4, 2019
Z, -100, 0.9850680868398813, 156.037996416, 104.954971932, 1.48181419971, 0.185827325747, 0.0160199830451, 7, 2019
N, 100, 0.4879946868049166, 73.7924020896, 80.759599849, 0.884509258692, -0.883544397631, 0.249443093862, 7, 2019
E, 100, 0.9583399027450069, 54.6505861287, 23.0996216933, 2.59873994262, -3.1556916558, 2.9564519406, 7, 2019
Z, -100, 0.956188188258205, 145.005629297, 79.3625736483, 1.85901399479, 0.321138700381, 0.0148767961204, 10, 2019
N, 100, 0.2557296646055493, 82.2719684674, 65.9735155082, 1.28506511546, -1.20973562032, 0.13496287499, 10, 2019
E, -100, 0.9594424373240507, 59.8654968029, 16.2265752037, 4.09944729809, 0.319349608586, 0.175484743436, 10, 2019
Z, -100, 0.9265961748477118, 106.838666786, 38.0157083347, 3.23941554082, 0.595355507731, 0.298317442941, 13, 2019
N, -100, -0.12286711403585927, 77.9064478985, 36.4739853502, 2.50579084837, -1.51319838263, 0.235212150034, 13, 2019
E, -100, 0.33156574596242405, 51.6968806612, 9.22258797879, 8.70616832935, 1.63226235331, 0.491652823175, 13, 2019
Z, 100, 0.9384416507182005, 117.29857316, 61.8181962772, 1.94042595934, -0.511459500574, 0.217049420312, 16, 2019
N, -100, -0.8065570855237957, 57.0619968007, 40.5277336223, 1.45609920985, -0.487489087129, 2.4602333989, 16, 2019
E, -100, -0.3865562894047408, 45.5021661949, 8.7471865841, 4.28761759449, -2.15328744317, 0.118341645891, 16, 2019
Z, 100, 0.9942192145537727, 171.654321961, 114.234835004, 1.48257816531, -0.119053440143, 0.011916154678, 19, 2019
N, -100, 0.7011664846887442, 65.8239229024, 81.3750607037, 0.630080006981, 0.821859986416, 0.567240658461, 19, 2019
E, -100, -0.6503533908491226, 63.5031847236, 18.9565501062, 2.48302901904, 0.288760357654, 3.67049914402, 19, 2019
Z, -100, 0.9932432298873775, 179.25875069, 126.111130694, 1.40861995428, 0.119276816048, 0.0271556131819, 22, 2019
N, 100, 0.8869335386989626, 109.411764122, 94.3871692799, 1.17529035282, -0.408186974225, 0.0281355904854, 22, 2019
E, 100, -0.23114366113154408, 71.2799102783, 29.6332308159, 2.11360860742, -1.38982045958, 2.99830614564, 22, 2019
Z, -100, 0.9190127664558597, 131.874154368, 70.4167801695, 2.01565312837, 0.542621543088, 0.162187826274, 25, 2019
N, 100, 0.20087473441161433, 78.9498233162, 58.5405210106, 1.53455755263, -1.20575188129, 0.252821563357, 25, 2019
E, -100, 0.8599321452626287, 58.6084758557, 19.3948198796, 3.59676288735, 0.594225364215, 0.177719624285, 25, 2019
Z, 100, 0.8622008088860801, 86.7635205056, 42.3918121105, 2.12420446001, -0.702543254357, 0.285172613321, 28, 2019
N, 100, -0.8109776357314423, 45.7267023809, 28.9211012556, 1.87541318599, -0.823770798872, 2.33679065447, 28, 2019
E, 100, -0.4235247784915626, 34.5207537809, 12.8707988627, 3.2040911932, 0.247764103584, 2.74506110127, 28, 2019
Z, 100, 0.9678470910350967, 134.547338129, 81.7030597628, 1.63161458848, -0.284465470724, 0.04225039992, 31, 2019
N, 100, -0.8303778627517898, 35.3451534648, 59.2308555081, 0.473007694059, -0.585956134025, 2.56303978701, 31, 2019
E, 100, 0.2045656797709831, 47.582553704, 13.0261821937, 3.32861838297, -1.38431015037, 0.0655069557794, 31, 2019
Z, 100, 0.9974080256272577, 153.687112908, 96.5090823943, 1.56961110377, -0.0310935011042, 0.0285875738765, 34, 2019
N, -100, -0.14624308322511947, 32.5358046319, 71.9040105586, 0.402080827393, -1.39271688283, 0.425519900087, 34, 2019
E, 100, 0.845503406530917, 54.1158307977, 18.6164329642, 2.99167429, -0.422570502292, 0.142385274698, 34, 2019
Z, -100, 0.9962324640245618, 137.638501394, 80.0047219538, 1.72336469073, 0.0849124392087, 0.0115553220276, 37, 2019
N, 100, 0.039760246456306214, 42.8815600351, 64.0612787973, 0.655317492243, -1.48807909614, 0.0407670304777, 37, 2019
E, 100, 0.9546063293079999, 54.6224596016, 20.7409949867, 2.97150006572, -0.121521678091, 0.138666482007, 37, 2019
Z, -100, 0.9311926782651229, 72.7112030521, 40.3684565375, 1.93984620179, 0.730943447902, 0.405637536574, 40, 2019
N, 100, 0.23665116908348147, 49.0857237406, 38.1289196845, 1.42200436125, -1.03271745587, 0.441328575705, 40, 2019
E, -100, 0.7468376584284894, 34.8560988546, 12.6273424439, 3.31197253701, -2.22809247984, 2.72451954926, 40, 2019
Z, 100, 0.7757183455093347, 73.6436542458, 39.0667041438, 1.88028685792, -0.65371268102, 0.0259431666223, 43, 2019
N, 100, -0.7917080548041802, 38.0184006653, 24.6443043236, 1.90710999119, -1.030763396, 2.31005064608, 43, 2019
E, 100, -0.49074532898520534, 30.2762674047, 10.1307561906, 3.27580144227, 0.189282568271, 2.74100797211, 43, 2019
Z, 100, 0.9140127097617619, 131.144544671, 86.8073001089, 1.46646638127, -0.463735210987, 0.0806929940594, 46, 2019
N, 100, -0.4594671855447314, 39.9044798944, 60.8670477666, 0.571895468641, -1.24647692991, 2.63564447333, 46, 2019
E, -100, -0.19520845386130023, 42.4425287759, 14.5523656154, 2.49603023793, -1.8464065034, 0.129236096736, 46, 2019
Z, 100, 0.9951264487298478, 171.071423337, 112.703186289, 1.49979082063, -0.111061048388, 0.0152935607121, 49, 2019
N, 100, 0.09229877419141908, 20.5674578664, 81.914918623, 0.199115727551, -1.1243070055, 0.32116815885, 49, 2019
E, 100, 0.7666532924432333, 56.0515505638, 21.3506524174, 2.5248880521, -0.672058936024, 0.0285914663987, 49, 2019
Z, -100, 0.9711171394908248, 110.960284483, 79.7241414058, 1.41080213219, 0.241863648681, 0.0133634937111, 52, 2019
N, 100, 0.5039862498347065, 53.2168633364, 60.6339819201, 1.00282140231, -0.872585092933, 0.317320565596, 52, 2019
E, -100, 0.928845769948605, 43.3422310955, 27.4033815101, 1.77092934172, 0.202273716635, 0.120349816908, 52, 2019
Z, 100, 0.4277389817828092, 49.6280545816, 27.657297963, 1.94521331306, -0.997575407473, 0.351962195572, 55, 2019
N, 100, -0.32520999259231126, 47.4492188958, 18.0845633088, 3.18935569155, -1.77625126249, 1.99239540752, 55, 2019
E, -100, 0.13425701668239176, 29.9167335633, 13.2649613112, 2.62763250399, 1.6446285657, 0.0421475185881, 55, 2019
Z, 100, 0.8219377132955678, 93.2715962879, 64.2166283482, 1.36487978437, -0.581852313948, 0.0153811237413, 58, 2019
N, 100, -0.05746857405660767, 38.9280129663, 46.9798339336, 0.783705692754, -1.69137137692, 2.88994646976, 58, 2019
E, -100, -0.32693093374042254, 34.9531904856, 13.3812662943, 2.24661680732, 1.22426934761, 2.82243413576, 58, 2019
Z, 100, 0.9647107284427135, 131.609735279, 77.4193260071, 1.660579541, -0.189874101217, 0.0857666391354, 61, 2019
N, 100, -0.816452529725614, 23.8223040595, 57.3019120722, 0.321575135415, 0.635735986888, 3.89979288161, 61, 2019
E, 100, 0.5315493772028264, 49.5242856247, 12.9013185866, 3.48402607945, -0.91463852077, 0.108873768805, 61, 2019
Z, 100, 0.9939915357175702, 143.388330653, 68.7236536469, 2.10045828112, -0.0640052908095, 0.0396855498293, 64, 2019
N, -100, -0.7920573338149215, 48.9735810678, 52.2396238501, 0.902125944793, -2.44465005282, 0.0570299526967, 64, 2019
E, 100, 0.897621744945344, 63.5437430923, 17.510541626, 4.14264376246, 2.90144869231, 3.34733781557, 64, 2019
Z, -100, 0.909272828947116, 95.5173744588, 35.7978976963, 3.08069464618, 0.526845562289, 0.188409217756, 67, 2019
N, -100, -0.34158408819390645, 64.2394188848, 31.3260398308, 2.26069811171, -1.67275196322, 0.398285823223, 67, 2019
E, -100, 0.8639214753532343, 51.4608090192, 17.3024893496, 3.8596940125, 0.371385565507, 0.240180317266, 67, 2019
Z, -100, -0.21462052399529452, 44.2220638058, 29.9670491672, 1.0677289836, 2.96873807725, 1.10281200262, 70, 2019
N, -100, 0.05987047583369116, 60.8316642841, 18.7013705464, 3.48871819396, -2.39044433735, 2.28467275482, 70, 2019
E, 100, 0.47950421380303637, 219.416707893, 9.91582688717, 21.1453704627, -0.92584973669, 0.129170923445, 70, 2019
Z, 100, 0.7379513949637574, 94.636273492, 71.8370587866, 1.20023132169, -0.663716756002, 0.116976682074, 73, 2019
N, 100, -0.8390449249275598, 118.705535172, 50.5002742829, 2.14030787136, -0.59091425143, 3.09757755008, 73, 2019
E, 100, 0.13308832413534685, 1444.18157942, 13.2790997427, 87.8134058977, 1.70216121345, 2.99099679871, 73, 2019
Z, 100, 0.9188179550736246, 140.927459793, 89.2844190339, 1.53074973815, -0.363918960447, 0.0440351428351, 76, 2019
N, 100, -0.6663782023028463, 50.4858195447, 64.8596634885, 0.666804869967, -0.946044163673, 2.93119940639, 76, 2019
E, 100, 0.08648008138245686, 132.144902832, 16.0316149101, 7.02979881617, -1.50661849279, 0.0681479109592, 76, 2019
Z, 100, 0.9821915539107053, 145.444740142, 74.2247369576, 2.07591947155, -0.027515810448, 0.104780973732, 79, 2019
N, -100, -0.7353721436532813, 58.1035623829, 50.7397027388, 1.13663516137, -2.26653518913, 0.355293388595, 79, 2019
E, 100, 0.8777525367337508, 64.7597948918, 21.8446532691, 3.44524807737, -0.22021407566, 0.202532186789, 79, 2019
Z, 100, -0.22952133469452565, 68.3059653465, 25.3746357685, 2.43697217752, 2.48446144102, 0.605255496319, 82, 2019
N, -100, 0.4376608106789949, 93.5437366984, 18.6569896108, 6.16193575636, -2.75811587452, 2.41488113474, 82, 2019
E, -100, 0.4883047669461358, 54.0410385849, 18.8721744117, 3.95852752679, 0.934130950169, 0.139288261443, 82, 2019
Z, 100, 0.38045232652364913, 68.8124795766, 67.5288012769, 0.843625097633, -0.988212475229, 0.334778455791, 85, 2019
N, -100, 0.45397402789876873, 92.9286235649, 48.7923415092, 1.83745231794, -2.17974327159, 2.92665051722, 85, 2019
E, 100, -0.7954612775279176, 54.154838051, 11.8510936813, 3.78338557536, 0.0050720743971, 3.17581140058, 85, 2019
Z, 100, 0.7122201575928192, 101.059002333, 71.4179706936, 1.36641915629, -0.716412227643, 0.0712656971826, 88, 2019
N, 100, -0.027960825217171772, 66.0616221753, 53.0631389365, 1.13904925926, -1.67824608416, 2.93898551761, 88, 2019
E, -100, -0.30897764670874783, 45.9838889007, 12.928237854, 3.13684851081, -1.82743265331, 0.148031168225, 88, 2019
Z, 100, 0.860137594984667, 111.743860492, 55.7154338851, 2.00634006232, -0.523798797995, 0.00563436907084, 91, 2019
N, 100, -0.7738643867253996, 55.2488014053, 41.5173724811, 1.21829507056, -0.761629989213, 2.97213937124, 91, 2019
E, 100, 0.5012816569268362, 51.7359439247, 10.1756705188, 4.84919515107, 2.11884099411, 3.12316018483, 91, 2019
Z, 100, 0.8238379538077539, 90.7642816047, 29.6202001029, 4.19366896725, 0.232898834068, 0.424080345351, 94, 2019
N, -100, -0.6608011646361871, 78.3480229905, 21.5361179603, 4.11141808351, -2.32152498638, 0.568778913182, 94, 2019
E, -100, 0.8097987660065823, 55.1187604259, 15.3271018628, 4.76581999609, -2.82659458683, 2.78196200057, 94, 2019
Z, -100, -0.6654664318925897, 46.6185304085, 39.8870807278, 0.854109217798, 2.60880432458, 0.717332122158, 97, 2019
N, -100, 0.7592801047775454, 101.750074831, 26.1150709922, 4.2252533304, -2.76793256997, 2.80162642409, 97, 2019
E, -100, 0.285684051592399, 50.821851647, 12.870679646, 4.74501984688, 1.23958429314, 0.0588868625691, 97, 2019
Z, 100, 0.42221904177748387, 52.581119427, 80.4898916397, 0.531307518558, 2.27197039789, 2.73486184251, 100, 2019
N, -100, 0.7183510934411326, 112.84279405, 55.9245794258, 1.94872943014, -2.49867635037, 2.94984894352, 100, 2019
E, 100, -0.7598774854629732, 42.5020419297, 12.3305886358, 2.83561171194, 2.71778392098, 0.205929401149, 100, 2019
Z, 100, 0.8426561755738138, 93.0420022029, 88.8202314269, 1.00783326036, -0.489386889468, 0.113845750402, 103, 2019
N, -100, 0.14535443709078363, 61.7104745768, 64.2320060682, 0.848739200694, -1.90012177078, 2.90224217837, 103, 2019
E, -100, 0.022784431332055825, 632.266525448, 16.2864497837, 29.6745157826, 1.72557189561, 0.597680713164, 103, 2019
Z, 100, 0.8769874951322528, 108.431203598, 63.0398726128, 1.90586373704, -0.309140150955, 0.226816597245, 106, 2019
N, 100, -0.6915323491979362, 91.732037221, 43.4224874708, 2.02790426275, -0.68656451726, 3.2332163316, 106, 2019
E, -100, 0.21337057888182998, 791.37571979, 12.4094988785, 50.8563128868, -1.78246738011, 2.97653878111, 106, 2019
Z, -100, -0.10888828289146202, 78.0105536683, 31.6829008051, 2.58905783397, 2.23349791936, 1.14798659716, 109, 2019
N, -100, 0.6643033527376259, 98.7682331239, 23.0815583882, 5.16804306271, -0.0378945007502, 0.679601436605, 109, 2019
E, -100, 0.6727137903678534, 58.4784065322, 18.6962482249, 4.45680769339, 0.50018191101, 0.112561097464, 109, 2019
Z, 100, 0.4482488419084739, 40.2882130273, 79.3500510141, 0.408427466024, 2.39381131195, 2.56115958214, 112, 2019
N, -100, 0.8008866642095309, 117.849498406, 58.9339023235, 1.97748192116, -2.60763448618, 2.98235957857, 112, 2019
E, 100, -0.41299014115282784, 46.0016198106, 11.99164063, 3.40767584984, 2.17939329677, 0.390443074542, 112, 2019
Z, 100, 0.592553469865914, 73.4264556558, 91.0462834789, 0.775803345955, -0.814908890523, 0.218475949931, 115, 2019
N, -100, 0.6085808683531513, 106.257401981, 65.0568586223, 1.5383447216, -2.27343451714, 3.05134920652, 115, 2019
E, -100, -0.764052496186912, 44.6750077814, 14.0262567111, 2.72973347774, 0.581834362243, 3.01110744714, 115, 2019
Z, 100, 0.6114745081431856, 73.6086854204, 64.3067974034, 1.15987069576, -0.893008820428, 0.0226756172253, 118, 2019
N, -100, 0.29254989444465707, 72.4391098206, 47.4035275999, 1.45670198245, -1.88557255457, 3.09241481297, 118, 2019
E, -100, -0.43078295089583296, 39.7211011649, 11.0664518113, 3.41384507698, -1.98515604136, 0.0631889092219, 118, 2019
Z, 100, 0.42795040135445445, 58.2712392167, 30.0608805972, 2.68805405234, -0.51841287658, 0.712521910502, 121, 2019
N, 100, -0.2465010325868106, 59.3781536018, 21.2959747049, 2.88043819718, -0.3572717933, 4.04725673847, 121, 2019
E, 100, 0.6460453974805443, 38.9151923272, 7.31193286844, 6.43899369834, -0.204052511994, 0.484106811827, 121, 2019
Z, -100, 0.09115470224621518, 44.7658053063, 48.1073884726, 0.705877080656, 1.62439010775, 0.670343141892, 124, 2019
N, -100, 0.9058730729212652, 89.9056686143, 32.0764743344, 3.1090729181, -0.168322591692, 0.434750820293, 124, 2019
E, -100, 0.629557645946404, 43.3842104681, 11.9964807145, 3.96444058898, 0.679466159665, 0.290495865981, 124, 2019
Z, 100, 0.892207033598969, 53.3546205033, 92.2289722161, 0.603772274691, -0.405224816743, 0.0657633186901, 127, 2019
N, -100, 0.8711732299736746, 98.5086504928, 66.1771065068, 1.37128202987, -2.60141308286, 3.20026260863, 127, 2019
E, 100, -0.6638367848803703, 25.9119478199, 13.6152989915, 1.69842507719, -0.419086075909, 3.12612216663, 127, 2019
Z, 100, 0.699612787089879, 84.1851032598, 108.465570548, 0.76831979227, 2.44706585088, 2.94062083595, 130, 2019
N, -100, 0.6574405616232509, 112.244362416, 77.1560140733, 1.39799091445, -2.33262677764, 3.05439558266, 130, 2019
E, -100, -0.7439938663346436, 42.8432076731, 16.3072593629, 2.32910121063, 0.658056487049, 3.01060801276, 130, 2019
Z, 100, 0.5570729469636031, 87.2733339043, 75.0859572954, 1.23791540498, -0.882878227922, 0.147554804236, 133, 2019
N, -100, 0.19697975765784745, 86.3097589296, 51.6428047688, 1.57966082012, -1.73350624642, 3.14308648411, 133, 2019
E, -100, -0.3252522660706727, 49.1639059201, 15.2775401033, 3.33498077689, 1.32780949565, 2.88892472521, 133, 2019
Z, -100, -0.09753755085882032, 58.4936804193, 32.7873142598, 1.87300237835, 2.32172163497, 1.58833589432, 136, 2019
N, -100, 0.7268130182486933, 86.9753003638, 22.7850999171, 4.65187505756, -0.276136419274, 0.915329364333, 136, 2019
E, -100, 0.47951193576112505, 44.940279818, 8.81013590052, 7.62048870309, -2.884658545, 3.09025608459, 136, 2019
Z, 100, 0.3458150285150283, 19.5196896702, 83.2654077768, 0.176542674513, 2.70552759442, 2.1895528462, 139, 2019
N, -100, 0.9219296174668575, 136.839489409, 63.666020847, 2.16120451022, 0.322560592711, 0.102485894796, 139, 2019
E, 100, -0.1253907895650021, 46.8865625243, 13.2874870194, 3.51030606388, 1.73181079159, 0.417869720718, 139, 2019
Z, 100, 0.7709253385934813, 51.4588585619, 106.379988413, 0.465164413151, 2.61589089049, 2.87874814521, 142, 2019
N, -100, 0.8437167739902547, 132.529240196, 78.2017496792, 1.63272488065, -2.62988985563, 3.0486553691, 142, 2019
E, 100, -0.8214899586090495, 39.2179462186, 14.161228497, 2.55681528959, -0.246876931854, 3.4218620908, 142, 2019
Z, 100, 0.6258203864845208, 67.0815559641, 89.1997283621, 0.784432882845, -0.816986800216, 0.168001350295, 145, 2019
N, -100, 0.6165824533556098, 98.050080298, 63.3132647504, 1.49080091589, -2.2124338678, 3.14718255122, 145, 2019
E, -100, -0.6554703884151001, 42.2505381373, 13.0861344853, 2.9392586495, 0.898760652749, 2.88606598996, 145, 2019
Z, 100, 0.10872394073776122, 51.4387712413, 48.8547471208, 1.24995611877, -1.28247132635, 0.307047735722, 148, 2019
N, -100, 0.38801705153448734, 85.8390643881, 34.4226202611, 2.56750439179, -1.72914230888, 3.40740538057, 148, 2019
E, -100, -0.4286760708676605, 44.8046675886, 8.76077920881, 6.28526334831, 1.22554884317, 2.68151132055, 148, 2019
Z, 100, -0.6365730357927516, 39.4799803545, 46.1926633566, 1.04552288747, 2.17105734164, 0.67792031914, 151, 2019
N, -100, 0.9388278778950705, 108.869211707, 30.4783028336, 3.9496092671, 0.0541110033535, 0.267159716492, 151, 2019
E, -100, 0.16306511217967504, 46.2847636698, 6.51230571472, 7.83075565103, -1.99469882049, 3.58642170178, 151, 2019
Z, -100, 0.7538984739883277, 36.0606220517, 94.3878084917, 0.382355076376, 0.426148095699, 0.143396444654, 154, 2019
N, -100, 0.960217849157365, 134.151321141, 69.0414449344, 1.92993453995, 0.147493458451, 0.143166824899, 154, 2019
E, 100, -0.040318487234964694, 42.4795347958, 14.4172931707, 2.71492910758, 1.49124456405, 0.585244796661, 154, 2019
Z, 100, 0.8826185325801412, 72.1092727665, 121.730984679, 0.593887840958, 2.73667203758, 2.98916498004, 157, 2019
N, -100, 0.8753942224026047, 123.997107528, 89.4249041272, 1.35004764749, -2.67728341266, 3.06879927853, 157, 2019
E, -100, -0.8032380593345424, 29.3198908624, 16.7980513867, 1.75330411284, 0.0336702440964, 3.30841014688, 157, 2019
Z, 100, 0.7039737363919988, 71.5907021713, 99.947177661, 0.77428142294, 2.40722682264, 2.9825905916, 160, 2019
N, -100, 0.6343587945863649, 97.783063501, 68.7875553629, 1.37179711216, -2.1807689956, 3.22373762295, 160, 2019
E, -100, -0.6057107603302258, 42.5650387826, 15.7148217686, 2.4701623505, 0.940439162582, 2.82117028364, 160, 2019
Z, -100, -0.3525856525236684, 41.2560216892, 42.6632174682, 1.3724940315, 1.60574704158, 2.3179952504, 163, 2019
N, -100, 0.725608499496149, 92.4991258187, 24.2418782254, 4.31248855432, -1.47381789179, 4.13141250808, 163, 2019
E, -100, -0.35709469738950084, 43.1890672114, 10.2028048962, 6.83444222028, 1.1141725244, 2.06034696687, 163, 2019
Z, -100, 0.23299556752062897, 35.5509840203, 78.1529096576, 0.46850004487, 1.24289895544, 0.276691319584, 166, 2019
N, -100, 0.9839519752751671, 141.060517776, 59.3826167885, 2.42695282786, -0.00299811677577, 0.158105949418, 166, 2019
E, 100, -0.024268335603633527, 47.2862860721, 11.9961630684, 4.06309829055, 1.40184755791, 0.558330986954, 166, 2019
Z, 100, 0.9535190685177054, 50.4242754516, 106.285128955, 0.474664623184, -0.0992728638689, 0.151190287062, 169, 2019
N, -100, 0.9406513064128048, 133.74270547, 81.9032292493, 1.59710008598, 0.304852259146, 0.0651752684837, 169, 2019
E, 100, -0.6107759663883604, 31.8292244063, 14.7612221914, 2.06093280803, 2.31893755365, 0.527262430959, 169, 2019
Z, 100, 0.7466762647814255, 53.9478778027, 103.662079054, 0.546135911037, 2.46574689723, 3.0144490197, 172, 2019
N, -100, 0.8261603855108882, 122.470725686, 74.8343225821, 1.56793100302, -2.52511768968, 3.14931350077, 172, 2019
E, -100, -0.8957558688317768, 37.12250429, 12.6318753304, 2.77391128203, 0.303494652074, 3.10547090226, 172, 2019
Z, 100, 0.28805812492082933, 40.9620162163, 71.4331381944, 0.648202499129, 1.96113826595, 2.8723702636, 175, 2019
N, -100, 0.6607802893212261, 94.0048711029, 48.5500061584, 1.89072288555, -2.25287224893, 3.16227750783, 175, 2019
E, -100, -0.7093288483159041, 36.8392822605, 10.8910626634, 3.52405905657, 0.744594699428, 2.82831949479, 175, 2019
Z, 100, -0.6825753511632814, 31.2751071776, 37.4959018003, 1.06759475265, 2.58536705579, 0.163175079108, 178, 2019
N, -100, 0.8867332010906522, 96.626573877, 23.972268604, 4.43258733244, 0.526228140724, 0.122200911421, 178, 2019
E, 100, -0.4083557867990111, 41.2727820113, 6.69978831007, 9.26946205037, 0.693170058159, 1.70556270614, 178, 2019
Z, -100, 0.5043125889411286, 35.7769838989, 85.0352053314, 0.46852481754, 1.01050986225, 0.0314603069399, 181, 2019
N, -100, 0.9954130323192691, 134.842681401, 60.9088873113, 2.21924364287, 0.0259050395183, 0.0660456271974, 181, 2019
E, 100, -0.16347734455764937, 38.6454900725, 12.7267735208, 3.18226762877, -1.61721541442, 3.51257295633, 181, 2019
Z, -100, 0.9278455957727415, 48.860063601, 119.462343847, 0.42812287817, 0.274588395109, 0.0445950035032, 184, 2019
N, -100, 0.9728891674332135, 160.093590922, 91.3284843546, 1.70915904933, 0.199811167766, 0.0459670622792, 184, 2019
E, 100, -0.48179449977319205, 36.616243584, 17.7851677111, 2.06032213212, 1.99309326143, 0.488867159393, 184, 2019
Z, 100, 0.8723681107090546, 59.0135167783, 114.895315334, 0.549751339015, 2.74063214367, 2.96403850269, 187, 2019
N, -100, 0.8533189612866414, 124.552769144, 82.4518137347, 1.44033728607, -2.63071545597, 3.07792894596, 187, 2019
E, -100, -0.7831717509593461, 32.2767132134, 14.5626363661, 2.10886022281, 0.418756664767, 3.10569942096, 187, 2019
Z, 100, 0.012830566332091349, 27.2385869946, 66.0061658293, 0.514368586179, 1.59071854923, 2.75717713437, 190, 2019
N, -100, 0.6888607197809642, 87.243991975, 35.5366955233, 2.69214131462, -2.00665148675, 3.51858781295, 190, 2019
E, -100, -0.5831137985127782, 38.8265292858, 13.5717691766, 3.93494779799, 0.62795962603, 2.53229712138, 190, 2019
Z, -100, 0.2915314204587123, 29.4153551968, 66.5337941903, 0.467858142227, 1.30767215202, 0.0175475792498, 193, 2019
N, -100, 0.9986288963782912, 119.282398624, 48.9649046559, 2.46182817689, 0.0224960883199, 0.0319295949308, 193, 2019
E, 100, -0.36118352492470196, 35.3135234197, 9.55943440102, 4.0816110856, -1.52847331104, 3.58421840984, 193, 2019
Z, -100, 0.6820558612140282, 37.4074029391, 97.2910983335, 0.412377439087, 0.703743009696, 0.0828563591673, 196, 2019
N, -100, 0.9869558801394158, 154.079209483, 75.9021610461, 1.99301967579, 0.103799032839, 0.0671263649692, 196, 2019
E, 100, -0.4129404982866669, 38.6770019487, 14.592025863, 2.65238034658, 1.80950574631, 0.472753824516, 196, 2019
Z, 100, 0.902985303037203, 25.3114274605, 100.365383593, 0.265061149838, -0.139574590051, 0.20938974918, 199, 2019
N, -100, 0.9195604662125858, 143.868819784, 76.9157222661, 1.81576015129, 0.380463069953, 0.0483140054563, 199, 2019
E, 100, -0.7775623971672797, 38.8869783198, 12.7522047398, 3.14596495581, 2.59066670837, 0.429734307628, 199, 2019
Z, 100, 0.46260260913897294, 34.1875717174, 79.6330661247, 0.46911799586, 2.12641040962, 2.8794316188, 202, 2019
N, -100, 0.7636921900119301, 106.599242019, 56.2486209349, 1.85540049494, -2.36937946588, 3.21470284099, 202, 2019
E, -100, -0.8513248702535835, 38.7015889871, 8.67037575231, 4.2084726373, 0.417012692069, 3.05200700159, 202, 2019
Z, -100, -0.6240679011263589, 31.6261947114, 46.9786978736, 0.801554937109, 0.89974417135, 2.2788225825, 205, 2019
N, -100, 0.7694708031441987, 87.6057632499, 25.6971948811, 3.83981834203, 1.20227647064, 0.580458155374, 205, 2019
E, 100, -0.4492151336605309, 40.0441626332, 8.33265153065, 7.37106503826, 0.522942931992, 2.15739433886, 205, 2019
Z, -100, 0.27331018006159974, 54.2156479097, 67.0604893958, 0.910444335496, 1.17396017269, 0.147505159797, 208, 2019
N, 100, 0.9713240186881523, 128.744311026, 46.3938955367, 2.88063631459, -0.357016299678, 0.213318084265, 208, 2019
E, -100, 0.045469896421306014, 45.4295528366, 9.24594042605, 5.25510196118, -2.05924520162, 3.65947463449, 208, 2019
Z, -100, 0.9046225597984004, 63.4670260216, 107.482375335, 0.628444191342, 0.371775885374, 0.00732715261082, 211, 2019
N, -100, 0.9886315859276805, 131.619550764, 81.2178211165, 1.56921304431, 0.0187947810634, 0.0905662210645, 211, 2019
E, 100, -0.12445856526935224, 28.3363148973, 17.0455390935, 1.55136063, 1.40429194557, 0.511303141867, 211, 2019
Z, 100, 0.9734249320033282, 61.2448843008, 110.371146941, 0.558519451779, -0.0918252669684, 0.14857629447, 214, 2019
N, -100, 0.9355870885521403, 123.714250216, 85.3457449763, 1.41096453181, 0.31729167254, 0.084255024301, 214, 2019
E, -100, -0.5986598527316618, 29.9256638089, 15.3710733618, 1.64557391447, 2.58083309933, 0.80038047862, 214, 2019
Z, 100, 0.5685511687637408, 42.2703391662, 74.8570684678, 0.59745741026, 2.18255768999, 2.87528185488, 217, 2019
N, -100, 0.5919472375719496, 73.5741864647, 44.5043166181, 1.6763062715, -1.78106063559, 3.64809932589, 217, 2019
E, -100, -0.39425475310093855, 35.5851096992, 6.39156372897, 5.35987926755, 1.06734702501, 2.85312295865, 217, 2019
Z, -100, 0.1814867110064064, 38.5414044273, 50.1906292081, 0.797240169073, 1.47829833487, 0.0849579474433, 220, 2019
N, 100, 0.9705221649865389, 98.3461369672, 36.6658327274, 2.86202599958, -0.375126476481, 0.206155025704, 220, 2019
E, 100, -0.11328432453350756, 32.5257290185, 11.2105319129, 4.40560290514, 0.3544183842, 1.41134226871, 220, 2019
Z, -100, 0.7778641721002328, 58.6616465816, 83.5836409922, 0.742314194282, 0.595983315841, 0.0871350631641, 223, 2019
N, 100, 0.9906509324111875, 118.671286635, 64.8397192176, 1.77250481722, -0.151399660954, 0.0720075606269, 223, 2019
E, 100, -0.09737073617238429, 27.9353702034, 13.1622400857, 2.03069196213, 1.43594116918, 0.302241369659, 223, 2019
Z, -100, 0.8401898498079136, 29.5265551927, 86.7568439759, 0.320171957535, 0.393246022078, 0.216495093851, 226, 2019
N, -100, 0.9721532719649678, 134.259786714, 70.0008882113, 1.8727833443, 0.259253476832, 0.0342286568632, 226, 2019
E, 100, -0.6433127699791613, 33.6174438045, 12.464796564, 2.76938550553, -0.942364295424, 3.43991206712, 226, 2019
Z, 100, 0.12996923634014126, 17.4078843904, 70.8478876933, 0.218558877482, 2.00738059607, 2.22520569201, 229, 2019
N, -100, 0.8546388749672369, 113.394682591, 54.4321259962, 2.04159165101, -2.59869800606, 3.11605272533, 229, 2019
E, -100, -0.701965961878554, 36.9269318216, 7.88422651254, 5.19944802704, -0.178346562257, 3.6205272143, 229, 2019
Z, -100, -0.5486536349964178, 39.559514353, 45.906285896, 1.01460189766, 0.929785620324, 2.20584730776, 232, 2019
N, -100, 0.639976540698151, 82.2816742043, 24.7127342932, 3.73605877665, 1.18178970985, 0.375587546122, 232, 2019
E, -100, -0.1823079616561901, 40.4131917343, 3.43818040602, 17.5586556101, -2.09315959325, 0.306684737211, 232, 2019
Z, -100, 0.13433316620094252, 61.8937653124, 46.7710822658, 1.42812945641, 1.30264687037, 0.164579764936, 235, 2019
N, 100, 0.8890390332358693, 103.530551783, 32.1575526652, 3.44824673688, -0.694158045271, 0.319980272302, 235, 2019
E, -100, 0.25712223544176915, 44.5351214443, 7.22401645563, 7.83856910066, 0.412583480996, 0.929033742764, 235, 2019
Z, -100, 0.6234224110428387, 71.7511037269, 88.1228042122, 0.820490276861, 0.834679071225, 0.0812839838369, 238, 2019
N, 100, 0.9778666905889705, 137.445955438, 65.4481638783, 2.05360289682, -0.231757188657, 0.0398797698956, 238, 2019
E, -100, 0.06732695099809452, 39.8578006254, 14.0744943486, 2.73248318129, 1.37320568933, 0.194167493363, 238, 2019
Z, -100, 0.7389891450041586, 41.1205382176, 95.7013144512, 0.434378505902, 0.599131748716, 0.143822713064, 241, 2019
N, -100, 0.9851167826741539, 148.286777026, 77.1109646388, 1.86304700463, 0.122493491045, 0.0390072327575, 241, 2019
E, 100, -0.5880101772497471, 34.4828863304, 15.6498390812, 2.15218152981, 2.06126727695, 0.378610790558, 241, 2019
Z, -100, -0.061620534312678256, 25.9518424339, 60.7654003618, 0.416789269312, 1.46332763329, 2.20485413132, 244, 2019
N, -100, 0.7335263794666389, 99.3943502838, 46.8820543004, 2.17765353965, -2.31300593326, 3.23871041986, 244, 2019
E, -100, -0.16680812057387864, 37.8988870203, 7.05934981184, 6.88612890671, -2.62207637099, 0.899668090438, 244, 2019
Z, -100, 0.39571634619377094, 55.4581149528, 40.3662004871, 1.64046953775, 0.453941562079, 0.725221681804, 247, 2019
N, 100, 0.6492756115368282, 75.0591326002, 29.1953573801, 2.6661339637, -1.11977725527, 0.371198714302, 247, 2019
E, -100, 0.8044986618654228, 38.8381928586, 7.21242052248, 6.22390298968, 0.0215711065241, 0.55066942335, 247, 2019
Z, -100, 0.7443672287511574, 57.1431997667, 72.1939425203, 0.771733710326, 0.736981222675, 0.00592898763835, 250, 2019
N, 100, 0.962071613891387, 121.816647366, 55.9613474589, 2.09775756024, -0.259474647443, 0.0233563789743, 250, 2019
E, -100, 0.2541937060749733, 25.5162681399, 11.6771695623, 1.98159526739, -1.56490983229, 2.91071971419, 250, 2019
Z, -100, 0.6523708216596815, 47.2530997513, 72.4803765841, 0.62239028518, 0.718596016083, 0.197964683724, 253, 2019
N, 100, 0.9933740549742917, 119.910618372, 59.4185946859, 1.97732611142, -0.0180474106716, 0.00969826556115, 253, 2019
E, 100, -0.42383694141542927, 28.10178161, 11.9106216471, 2.27116480381, 1.9086505009, 0.168300738773, 253, 2019
Z, 100, -0.4111973740693591, 20.3729855931, 52.0179641571, 0.282115611185, 1.61383165475, 0.733607456409, 256, 2019
N, -100, 0.9324928342379125, 110.908239033, 45.2933065424, 2.44228876364, 0.375429995651, 0.00497361964045, 256, 2019
E, 100, -0.4973354893969218, 37.9202161863, 7.08224000849, 5.82692259021, 2.42213420148, 0.649811331499, 256, 2019
Z, 100, -0.3898570390839992, 43.7027113448, 27.8772762453, 1.97958509393, 0.803447153224, 2.01659258419, 259, 2019
N, -100, 0.5170446932041713, 74.8328350484, 18.439769061, 4.62786025278, -1.9388735361, 3.3925887663, 259, 2019
E, 100, 0.606677804433402, 26.5080060107, 6.93353469024, 6.62691116227, -1.94029142284, 1.29390194899, 259, 2019
Z, -100, 0.7013781395893751, 88.3686811574, 39.8464083384, 2.35748988166, 0.522097937817, 0.298398041895, 262, 2019
N, 100, 0.2429720175021386, 77.37496825, 28.6283185533, 2.60598244897, -1.51150714701, 0.244094970853, 262, 2019
E, 0, 0.9817011337254912, 43.3273973965, 6.97659651515, 6.13080813205, -0.0938761753452, 0.125485101061, 262, 2019
Z, -100, 0.8499639472363156, 88.7116741106, 75.1840336257, 1.17685348115, 0.461603967706, 0.110512757424, 265, 2019
N, 100, 0.8391608426345254, 90.753444297, 56.0735129695, 1.51299820413, -0.594009352309, 0.0600179083603, 265, 2019
E, -100, 0.7409108881089317, 34.9739880089, 11.8149777953, 2.84954940579, 0.499052980112, 0.274294895289, 265, 2019
Z, -100, 0.8479863860706713, 58.5706101256, 82.4437853626, 0.669726750049, 0.457559097722, 0.141680178535, 268, 2019
N, 100, 0.9938122148869873, 114.344307951, 64.965981771, 1.74279941371, -0.0189136450458, 0.0517396198317, 268, 2019
E, 100, -0.14488497053384794, 21.5973205208, 14.4268089148, 1.30100056131, -1.3483196067, 3.08992417026, 268, 2019
Z, 100, -0.41278856749630766, 26.0914762221, 43.0660547752, 0.544364859562, 0.918858413255, 1.60418689936, 271, 2019
N, -100, 0.8911154596802914, 97.5095011681, 41.3725486726, 2.46832618219, 0.468089604422, 0.103171405708, 271, 2019
E, -100, -0.5932319275679077, 31.5563533654, 6.99757185284, 5.25158395867, 0.0766735835368, 3.72767665853, 271, 2019
Z, -100, 0.8572825366550565, 91.7771663395, 40.2738226075, 2.48339967709, 0.186283868826, 0.371231279599, 274, 2019
N, -100, -0.1789034019470676, 60.977960687, 31.9965521592, 1.78921602125, -1.9438245529, 0.164388565099, 274, 2019
E, 100, 0.9134025610010982, 47.2413164622, 15.3605636714, 4.06133776344, -0.0242738495135, 0.279407743197, 274, 2019
Z, -100, 0.8211795606984159, 105.39196, 73.8760024988, 1.39829875336, 0.550578518715, 0.0834109283807, 277, 2019
N, 100, 0.6929506299422956, 96.9386972955, 59.5940633867, 1.56088754263, -0.756888141628, 0.0462428779154, 277, 2019
E, -100, 0.8610687942429075, 43.0403534848, 13.3048666523, 3.12330210791, 0.505759268896, 0.0543482711382, 277, 2019
Z, -100, 0.6595192742564547, 87.2860284929, 70.766379924, 1.16958205601, 0.838461753286, 0.0335008060989, 280, 2019
N, 100, 0.8740486315509759, 121.916945393, 56.9531199344, 2.10445834836, -0.45722049079, 0.0572833273361, 280, 2019
E, -100, 0.20787619072263686, 41.5052497839, 11.8820160397, 3.32406445151, -1.66500477803, 3.04887249322, 280, 2019
Z, -100, 0.31381925936441923, 57.573545546, 41.5912335381, 1.33062139097, 1.21819432053, 0.0757166258451, 283, 2019
N, 100, 0.9652539661930686, 104.648196591, 37.8735084416, 2.67752912216, -0.274783878216, 0.0310675135796, 283, 2019
E, 100, -0.3363977131011853, 35.3945491819, 6.64878887003, 5.1375985326, 1.80525480532, 0.328883161323, 283, 2019
Z, -100, 0.762345430627088, 59.8532300474, 13.4819622298, 4.31726591953, -0.259547648212, 0.867481201452, 286, 2019
N, 100, -0.05529302798157398, 58.5557849307, 10.4747327164, 8.79965275095, 1.3456521136, 1.0566713312, 286, 2019
E, 100, 0.41120860055716546, 35.6730758039, 8.89887840469, 6.73374549475, -2.3019022243, 1.52168754366, 286, 2019
Z, -100, 0.956570743509068, 107.451821792, 51.8018979174, 2.1337045288, 0.125872707299, 0.178112579622, 289, 2019
N, -100, -0.21712673434262028, 57.6558357174, 37.2074813114, 1.41364578024, -1.93538344842, 0.17125970637, 289, 2019
E, 100, 0.9145890478036207, 49.5722359389, 14.1288455212, 4.28424147609, -0.187855599942, 0.186815518852, 289, 2019
Z, -100, 0.90055514071106, 119.773959307, 81.1432023192, 1.44443752277, 0.422892075788, 0.0505974589581, 292, 2019
N, 100, 0.6206346254285121, 91.8622820648, 62.5456583802, 1.38053409152, -0.835042766301, 0.0762700146914, 292, 2019
E, -100, 0.9764476272532685, 48.4453986632, 14.0357620346, 3.348787621, -2.88671233094, 3.07582837075, 292, 2019
Z, -100, 0.7909186799532721, 100.318175081, 83.6041836951, 1.13602396485, 0.612195610438, 0.082133451141, 295, 2019
N, 100, 0.5747573461125308, 1389.78151918, 64.9532326348, 16.7169099351, -0.146344019313, 0.753229561355, 295, 2019
E, 100, -0.08121445888185079, 1901.2225488, 13.7117287343, 108.629619884, -0.885469883339, 2.36067054078, 295, 2019
Z, -100, 0.14220991238690137, 54.9660057957, 43.080900068, 1.3020248703, 1.65352429648, 0.210455326127, 298, 2019
N, 100, 0.6761342536162361, 3619.8466858, 38.6034597342, 94.0812207978, -0.700965220137, 0.223791815334, 298, 2019
E, 100, -0.3764727450514827, 5068.86648888, 7.91274098101, 587.474080362, 1.95240754902, 0.0752810197599, 298, 2019
Z, -100, 0.9936214630775467, 104.007415456, 50.2596545166, 2.14464157037, -0.0446373969282, 0.125698609291, 301, 2019
N, -100, -0.5156230935738814, 50.6994910569, 36.8133206986, 1.32360923031, 0.267788700642, 2.50883805214, 301, 2019
E, 100, 0.7572989309347603, 43.8214219717, 15.259973325, 3.94167790461, -0.510055827517, 0.177457452505, 301, 2019
Z, -100, 0.9664645790905774, 141.426487644, 91.4476304141, 1.53710285477, 0.231084479614, 0.0488394448855, 304, 2019
N, 100, 0.4343434671128743, 76.2232456615, 72.609191087, 0.985757240441, -1.00970548639, 0.14225736825, 304, 2019
E, 100, 0.9808142305304126, 53.9475709223, 22.4901986813, 2.62806975078, -3.10988131332, 3.00722620927, 304, 2019
Z, -100, 0.869732553986185, 124.97277178, 86.5961040679, 1.39930010653, 0.496566663294, 0.0462955809453, 307, 2019
N, 100, 0.6867606101926572, 108.585393581, 70.274250409, 1.51347964354, -0.731766114492, 0.0870968261904, 307, 2019
E, -100, 0.8071727461069736, 48.6233496516, 14.8879654583, 3.20309734107, 0.655238988783, 0.00396815321258, 307, 2019
Z, -100, 0.6768539579601364, 84.1389257384, 54.3752289116, 1.52375155586, 0.86483825437, 0.0186072070261, 310, 2019
N, 100, 0.8066149509277071, 104.005935234, 45.1805925906, 2.36458442549, -0.5707051538, 0.0712580182207, 310, 2019
E, 100, -0.06165499117778007, 38.5178380902, 8.48257716588, 4.65777354417, 1.78574455182, 0.138809011622, 310, 2019
Z, -100, 0.9095017076360438, 80.2781108231, 23.3505734523, 3.65861102591, -2.21209956842, 2.53128522543, 313, 2019
N, 100, 0.1128766820730605, 76.436906828, 14.2567344307, 6.32050314552, -0.120151580328, 1.33777771038, 313, 2019
E, -100, -0.09564113399065895, 108.323745999, 3.50870650643, 25.7088758597, -1.34941578082, 0.0384660586198, 313, 2019
Z, -100, 0.9977453302096272, 131.093937024, 65.5372063114, 2.0025478681, -0.00363526277918, 0.0655057380634, 316, 2019
N, -100, -0.8747253835261147, 141.112410869, 44.5441285985, 3.03501686159, 0.338366411554, 2.94885900993, 316, 2019
E, 100, 0.3943664689358049, 913.083978837, 15.4491570968, 64.4806971936, -0.776250117684, 0.390139493635, 316, 2019
Z, -100, 0.9802577623913571, 159.118632422, 99.2072988585, 1.58285484431, 0.168018095338, 0.0490508267915, 319, 2019
N, 100, 0.289879878453579, 73.8114307296, 75.0023857838, 0.91511376376, -1.17895372435, 0.117520856083, 319, 2019
E, 100, 0.9881493866425904, 63.3051949738, 20.5804038754, 3.28430698847, -0.0673216815248, 0.0575325555584, 319, 2019
Z, -100, 0.9396684336112829, 136.280947688, 100.296925393, 1.33653431693, 0.327564223135, 0.0443188856541, 322, 2019
N, 100, 0.6949474706414775, 91.7720752139, 78.569044349, 1.14119830126, -0.747899939587, 0.0525662132434, 322, 2019
E, -100, 0.9524069786520146, 49.6592442395, 17.3446893941, 2.76756204165, 0.277418081575, 0.05892005745, 322, 2019
Z, -100, 0.7967292339652539, 82.3852715229, 61.2406816287, 1.34755123743, 0.740866803915, 0.0887313501713, 325, 2019
N, 100, 0.7875884957518522, 88.7536833891, 49.7943236548, 1.95289625103, -0.539160036074, 0.161554838018, 325, 2019
E, -100, 0.14668109903501814, 29.9276090969, 11.0448986423, 2.87305531288, 1.69805069873, 0.236793097745, 325, 2019
Z, -100, 0.9983154504543469, 87.2064336686, 50.6042764534, 1.7589276966, -0.0108950374954, 0.0536792480705, 328, 2019
N, -100, -0.24431882972997507, 41.8327341711, 34.6446790205, 1.1163713037, -0.007963341744, 1.95361963981, 328, 2019
E, 100, 0.37128826764032735, 29.4907312231, 8.09242690198, 3.49432329158, -1.31515036675, 0.17882151797, 328, 2019
Z, -100, 0.9940900682215665, 161.575702537, 105.578618222, 1.48878787908, 0.134993721537, 0.0420564259995, 331, 2019
N, 100, 0.29362194282527343, 61.2329204865, 78.2743863268, 0.742927471155, -1.1719873165, 0.160017040309, 331, 2019
E, 100, 0.9040781280971953, 55.4966329915, 24.4552663568, 2.51199875585, -0.170980459089, 0.247592800283, 331, 2019
Z, -100, 0.9740744769382128, 165.405044074, 109.515991839, 1.49946546047, 0.212851498003, 0.033437537115, 334, 2019
N, 100, 0.5345822429354481, 81.2025641361, 86.810453862, 0.895642471568, -0.934465302973, 0.0804884094213, 334, 2019
E, 100, 0.9891995287863931, 59.8350432419, 23.1776998711, 2.65944688843, 0.01718952787, 0.0695398524933, 334, 2019
Z, -100, 0.9239007300717041, 105.413957179, 77.0228466216, 1.3592886407, 0.443086425869, 0.0415821278789, 337, 2019
N, 100, 0.7228000576060254, 82.0494739164, 63.4412949105, 1.35907856052, -0.680005499516, 0.109666647182, 337, 2019
E, -100, 0.7614227429058034, 35.7686642639, 12.3675571109, 3.02112036841, 0.8877942746, 0.188953710902, 337, 2019
Z, -100, 0.9497203135720143, 73.5780413874, 36.9996011396, 2.09367132826, 0.483713832004, 0.199848676117, 340, 2019
N, 100, 0.4082624959023657, 60.6112956053, 29.9959543008, 2.20901317622, -1.02359587988, 0.181720755856, 340, 2019
E, 100, -0.31791800144033916, 28.4652729076, 5.51515958857, 7.33163741853, 2.49927548986, 0.399164514512, 340, 2019
Z, 100, 0.9966114891250775, 122.437295231, 64.6441789078, 1.85183487133, 0.0190728444842, 0.0473331708499, 343, 2019
N, -100, -0.4712539022291248, 41.6487048336, 42.5492724886, 1.05392383899, 0.877928565675, 2.90493431993, 343, 2019
E, 100, 0.5649358181451767, 43.086101368, 9.21196108669, 4.36110879607, -0.93508176923, 0.022979957821, 343, 2019
Z, -100, 0.9993634878552713, 169.759510846, 109.356076087, 1.52380604821, 0.00395943193539, 0.0284701894487, 346, 2019
N, 100, 0.12034339827658638, 42.5374787165, 79.0797268007, 0.479223312531, -1.401020316, 0.0481821536968, 346, 2019
E, 100, 0.8531802714708021, 58.0884372438, 21.2362956389, 2.82341570682, -0.46956020286, 0.0840017097462, 346, 2019
Z, -100, 0.9854395151231877, 161.746623166, 120.499689219, 1.32545558018, 0.180475756096, 0.00693411382186, 349, 2019
N, 100, 0.7096632478571517, 82.5073955857, 93.0386337295, 0.883978972741, -0.666038370993, 0.175889238384, 349, 2019
E, 100, 0.9719676590739816, 50.9033537985, 24.5102246273, 2.14873240658, 0.000938700769488, 0.138653692321, 349, 2019
Z, -100, 0.9395489051049539, 122.404172331, 82.8743705743, 1.47246772, 0.363923925876, 0.00128629537074, 352, 2019
N, 100, 0.6226279734124102, 79.6595033521, 66.6025155027, 1.24805071909, -0.858813960195, 0.0477434937538, 352, 2019
E, -100, 0.8355106724792271, 44.5869142126, 14.9803461695, 3.0448484115, 0.60600124464, 0.000584153385645, 352, 2019
Z, -100, 0.9802234261085493, 87.3513335941, 42.1794337562, 2.29188837692, -0.251671244351, 0.299221511527, 355, 2019
N, -100, -0.19862694401805805, 53.7133528718, 27.6254312458, 2.28203159748, -0.251965668059, 1.71022409337, 355, 2019
E, -100, -0.4450564970108472, 33.5582718326, 8.9445084002, 4.25655815354, 0.667237525613, 2.88056538821, 355, 2019
Z, 100, 0.9993943339788922, 136.347936198, 100.067663649, 1.35704515062, -0.00522322786801, 0.0026715426493, 358, 2019
N, 100, 0.49561898240060015, 37.2874567443, 71.8938379793, 0.441260204236, 2.51805773163, 3.62300986783, 358, 2019
E, 100, 0.7385918749515984, 38.3536605449, 16.3284426818, 2.27418025989, -0.747574236557, 0.0227377424204, 358, 2019
Z, -100, 0.9950416328006527, 170.091271727, 121.729993162, 1.39279754613, 0.10585420447, 0.00825101053364, 361, 2019
N, 100, 0.67054213443701, 69.0744057403, 92.4018270089, 0.741169266683, -0.700211101848, 0.210880254912, 361, 2019
E, 100, 0.9463656582365998, 49.4219892164, 26.7190528992, 2.04042974707, -0.117683093294, 0.170921242516, 361, 2019
Z, -100, 0.9807573230444384, 145.754491961, 95.5616853211, 1.51946095205, 0.196474414612, 0.0143543783801, 364, 2019
N, 100, 0.5226092584355857, 68.2561829471, 78.2261019697, 0.874669947833, -0.961747889619, 0.0692581759724, 364, 2019
E, -100, 0.9857237805062966, 53.6275269896, 19.432067239, 2.89205024159, 0.123813569889, 0.0899737145488, 364, 2019
