Chan, Phase Shift, Correlation, ptp-data, ptp-synthetic, rat, phasem, phasestd, DOY, Year
Z, 100, 0.031223391623960612, 1.8320737949, 122.081067472, 0.0112617185716, 0.95433769639, 2.35170997041, 43, 2019
N, -100, -0.7500291996147169, 1.40752451876, 10.3226439171, 0.122942014191, -0.190789906638, 2.47088386991, 43, 2019
E, 100, 0.9347391265493198, 1.6805641344, 63.0532156103, 0.0210030098403, -0.595643142691, 1.9313952853, 43, 2019
Z, -100, -0.6484648751452179, 28.3186218903, 111.672587579, 0.199361212852, -1.32718321213, 2.9581474386, 46, 2019
N, -100, 0.9141344661629072, 30.4537591968, 31.258609502, 0.808342029639, -0.136323821546, 1.41649296936, 46, 2019
E, -100, -0.7875986244744668, 32.2996474758, 84.0104446935, 0.284387956769, -0.374007161247, 2.74151616958, 46, 2019
Z, -100, -0.19013929562000578, 38.1794742007, 230.427548682, 0.173069810143, -1.6152871718, 1.20271471424, 49, 2019
N, -100, 0.5724461908079783, 39.7606383679, 47.286948304, 0.855621872685, 0.455403240029, 0.511362630968, 49, 2019
E, -100, -0.4770062737936667, 41.9627154277, 83.4915594885, 0.488650652895, -0.604904098561, 2.56484324198, 49, 2019
Z, -100, -0.40501703109924275, 1.31424034285, 274.172176666, 0.00373342879394, 1.7212416296, 2.53363320981, 52, 2019
N, -53, 0.8299146679028903, 1.07211161036, 43.7579731124, 0.0191661566309, -0.761764354668, 1.56237767183, 52, 2019
E, 100, 0.027473793542808815, 0.824086188827, 63.8800124397, 0.00906930320283, 1.17280316721, 2.49428129597, 52, 2019
Z, 100, 0.396027169234464, 2.24024796344, 207.548666894, 0.0101524614577, 2.74445757258, 2.57516227128, 55, 2019
N, -100, 0.024008858810673, 1.82938274027, 19.7598909954, 0.0853379988157, 0.661028672719, 1.13579298945, 55, 2019
E, -100, 0.9152405270503593, 1.69056863431, 84.6553101181, 0.0193552250904, -0.0790334883643, 0.252683282144, 55, 2019
Z, 100, 0.9204568496680507, 1.81560305039, 86.7377620835, 0.019840863689, 0.0404820435366, 1.2469385293, 58, 2019
N, -100, -0.33867258278954343, 1.59323323761, 26.26249676, 0.0692687720014, -0.494313937239, 2.84275554847, 58, 2019
E, -100, 0.4147443898580537, 1.38354271462, 93.3778509127, 0.0144966749348, 0.615223185793, 1.32494896584, 58, 2019
Z, 100, -0.36657146845252325, 0.596699307171, 133.58921527, 0.005119756285, 0.92198998738, 1.29054759344, 61, 2019
N, -100, -0.24298497795680687, 0.585744611507, 36.176392321, 0.0166289478974, -0.332850953659, 2.97987740338, 61, 2019
E, -100, 0.07327275325057664, 0.648313556834, 73.4663257873, 0.00785365384745, 0.824175186918, 1.29017044037, 61, 2019
Z, -100, -0.9816434024615681, 0.754004936355, 212.40937848, 0.00329727316845, -0.785170461806, 2.46602563202, 64, 2019
N, 100, 0.5962758315396156, 0.563553412198, 34.5347861361, 0.0138285850517, -0.906170823044, 1.94358496829, 64, 2019
E, 100, -0.7854955746370911, 0.454480891319, 41.3879646917, 0.0100179727178, 0.56510602465, 2.69422316482, 64, 2019
Z, -100, -0.894346499894299, 1.0556603287, 238.763557312, 0.00386603345895, 0.87242621865, 2.92635076378, 67, 2019
N, 100, 0.6755563193504687, 0.951079952559, 26.7235111437, 0.0291702605835, -0.30859592743, 0.388688273154, 67, 2019
E, 100, 0.03784470351089416, 0.858170088406, 20.1383186796, 0.0339073011189, 1.92956772687, 2.6239496643, 67, 2019
Z, -100, -0.24632267389093454, 1.34604374511, 198.894761027, 0.00608702054441, 1.73510054511, 2.52788053747, 70, 2019
N, 100, 0.7978764679609416, 1.09851666343, 15.0032432291, 0.0672690362389, -0.849992170377, 1.06485793545, 70, 2019
E, 100, 0.9402602401028547, 1.06205766152, 48.1594444277, 0.021114764394, -0.541172557714, 0.282028994595, 70, 2019
Z, 100, 0.6714953732331839, 1.31345209247, 105.862778249, 0.0115983350767, 1.99409544877, 2.79273422223, 73, 2019
N, -100, -0.3232538116301737, 1.00986661428, 17.9599195115, 0.0678293119683, 0.142765894952, 2.89239993627, 73, 2019
E, -100, 0.5744386380450179, 0.810151202314, 78.5667423574, 0.0103340534814, 0.247119354976, 1.26716415603, 73, 2019
Z, 100, -0.5883421189621472, 1.32271623243, 154.147811131, 0.00882896764796, 1.04040590398, 1.34621452857, 76, 2019
N, 100, 0.11499373662720032, 0.974134467641, 41.7061535659, 0.022965098379, -0.281637611315, 3.03714705891, 76, 2019
E, 100, -0.11068578650809298, 0.993422735102, 94.1631734388, 0.00882573920745, 0.764136091004, 1.35854640905, 76, 2019
Z, -100, -0.9426761190785857, 0.941227012318, 265.13504713, 0.00317275452474, 1.38528881119, 2.69619878762, 79, 2019
N, 100, 0.6455257510171621, 0.599077311316, 51.5731660791, 0.0105201831166, -0.444859936563, 2.6004586994, 79, 2019
E, 100, -0.5768950032221167, 0.661912702739, 78.9804091154, 0.00807770387308, -0.305863706886, 3.07097303022, 79, 2019
Z, -100, -0.7147301316205539, 1.16535694479, 271.854250788, 0.00358763134197, 1.25154513459, 2.692467249, 82, 2019
N, 100, 0.9421496899257042, 0.737409113797, 37.6913796108, 0.0159499906073, -0.521386828524, 1.25094220334, 82, 2019
E, 100, 0.3120783257120069, 0.872986676965, 62.5723109114, 0.0109831929258, 1.31762963379, 2.53187777323, 82, 2019
Z, -100, -0.14780553774786598, 0.644046867395, 173.119501202, 0.00339619375236, 1.11408344091, 2.56154403989, 85, 2019
N, -100, -0.40556514550637845, 0.494876761534, 12.2007959357, 0.0378531044802, 1.39319865476, 3.1289595267, 85, 2019
E, -100, 0.7841077301066898, 0.464982687219, 87.3371568918, 0.00410308165488, -1.49050364209, 2.52797335777, 85, 2019
Z, -100, 0.1472630538260017, 1.38343486173, 54.8495362374, 0.015204544558, 0.0637688493876, 1.59080313047, 88, 2019
N, 100, 0.12163686409999593, 1.17020749323, 29.9932328542, 0.0298205213305, -1.48178146795, 1.07119292141, 88, 2019
E, 100, -0.03452903183485935, 1.05359300159, 86.7084743653, 0.00875192185529, 0.750292185545, 1.42554580706, 88, 2019
Z, 100, -0.863286615988736, 0.510165586201, 157.024477326, 0.00306780625694, 1.43390456978, 2.52692036212, 91, 2019
N, 100, 0.5115158001122221, 0.571900185793, 36.4334018254, 0.01327221628, -0.559461953383, 0.300892703816, 91, 2019
E, 100, -0.6292249867803593, 0.500915392658, 62.7042150067, 0.0064248418827, -0.963825142247, 2.9322057269, 91, 2019
Z, 100, -0.8947350355636094, 0.312007848895, 230.000202551, 0.00123543907791, -0.227940522584, 1.4642369718, 94, 2019
N, 100, 0.338825711029025, 0.333550080565, 34.1692773498, 0.00867718181516, 0.654703877399, 1.90585306655, 94, 2019
E, 100, -0.8333596250250511, 0.428121930067, 33.3064586939, 0.0113047266241, -1.58985167686, 1.35321287936, 94, 2019
Z, -100, -0.08744153867835659, 0.456823619196, 179.081079278, 0.00236729261187, 1.65016480495, 2.58697123466, 100, 2019
N, 100, 0.47484479585481026, 0.355406760203, 10.6451841496, 0.0333192689966, -1.34227980701, 0.904064217083, 100, 2019
E, -100, 0.7894343276527567, 0.234874085018, 64.4107582382, 0.0034427163641, -1.30686076117, 0.919025868315, 100, 2019
Z, 100, -0.14989145491805902, 0.346170994989, 198.266554246, 0.00171550787475, 0.303728242499, 1.84083948683, 106, 2019
N, -100, -0.44142966853932836, 0.29062263036, 47.6354254391, 0.00528928398569, -0.0696523591986, 1.78196007612, 106, 2019
E, 100, -0.16748966484451694, 0.23502882072, 91.5873311754, 0.00229744943962, -0.146423901129, 2.79153334172, 106, 2019
Z, -100, -0.8570708638723032, 0.406389205134, 269.268159153, 0.0013204855418, -1.33362343596, 2.10591959936, 109, 2019
N, 100, 0.28693841646520835, 0.322989107543, 46.29783579, 0.00637284798943, 1.25596668848, 2.91623753757, 109, 2019
E, 100, -0.8107327131717176, 0.259251482236, 64.3721156737, 0.00434922735615, 1.13745898031, 3.07383252499, 109, 2019
Z, -100, -0.5549100230821041, 0.652155653179, 235.808129888, 0.00285367720432, 2.36031408716, 3.10712162789, 112, 2019
N, -100, 0.8046920066348415, 0.328995802838, 24.3873916748, 0.0164577217209, -0.659296353842, 2.96907019064, 112, 2019
E, 100, 0.5910520229358133, 0.298184659936, 66.3898784128, 0.00457209630187, -0.787265548453, 1.21950955628, 112, 2019
Z, -100, -0.5528103468901057, 0.319564278567, 130.189671173, 0.00277879515225, 1.41979841585, 2.56658989312, 115, 2019
N, -100, -0.9421643547085397, 0.270245874009, 16.2396026722, 0.019822345847, -1.6161093369, 2.99096850462, 115, 2019
E, -100, 0.8182011152447219, 0.409146977395, 82.1235100014, 0.00411963451754, -1.90254390251, 2.39384269871, 115, 2019
Z, -100, 0.6910678882379095, 0.594888332422, 76.9988390446, 0.00713554103466, -1.13086434047, 1.03917721999, 118, 2019
N, -100, -0.8921040965114608, 0.457140707489, 29.4624043215, 0.0143631045579, -1.59415272552, 2.91635222533, 118, 2019
E, -100, 0.8910960371673613, 0.469582511494, 74.2901684252, 0.00663211521655, -0.182608766444, 0.303731228512, 118, 2019
Z, -100, 0.25291953064305744, 0.428946630035, 173.701327382, 0.00281438175876, 0.544742050975, 0.463399125754, 121, 2019
N, -100, -0.7548672107872324, 0.465655202204, 33.8621264086, 0.0131171293507, -1.22137087875, 2.89175210899, 121, 2019
E, -100, 0.6117242778972899, 0.394584592568, 52.545439112, 0.00650351968433, 0.326881497206, 0.296470765764, 121, 2019
Z, 100, -0.5252414955685075, 0.480544036708, 234.106125061, 0.00180100184658, -0.113858387358, 3.05932209621, 124, 2019
N, -100, -0.26251392011524216, 0.443158907661, 32.2300341335, 0.0143847323486, -1.03823043591, 2.47450470496, 124, 2019
E, 100, -0.45360214055861664, 0.405852292487, 30.5037317504, 0.0104358394438, -0.468624741979, 2.61876139773, 124, 2019
Z, -100, -0.8268851630328029, 0.51326351618, 225.61418305, 0.00209843920488, -1.24337294499, 0.887777481373, 127, 2019
N, 100, 0.5271485638148347, 0.399086396717, 22.0137955422, 0.0185014878734, 0.506930612309, 2.02362443269, 127, 2019
E, -100, -0.0628925804578822, 0.351395476037, 45.7389075728, 0.00886632474353, 2.37059426686, 3.05989323469, 127, 2019
Z, -100, -0.40504011025382913, 0.493794709523, 146.323610814, 0.00252071892113, 1.7937224433, 2.02127028822, 130, 2019
N, 100, -0.4912853146068596, 0.306030415857, 14.0576228756, 0.0239264138083, 0.32963921971, 1.44840985512, 130, 2019
E, 100, 0.702554491698703, 0.375929883586, 79.908709071, 0.00394647604918, -1.65526953138, 2.35617120057, 130, 2019
Z, -100, 0.7632909907920232, 0.325059349765, 112.398537986, 0.00281805535363, -1.1013152805, 2.47260038624, 133, 2019
N, 100, -0.9152002859206185, 0.451038707567, 35.569491254, 0.011235916385, 0.612047056513, 1.29116441871, 133, 2019
E, 100, 0.923509356717172, 0.503552114787, 94.5619597028, 0.00449366879005, -1.00205321462, 0.360632691747, 133, 2019
Z, -100, 0.38870408014873115, 0.396427261181, 211.836565946, 0.00182688704923, 0.929796459367, 2.70655431731, 136, 2019
N, -100, -0.8318821336782326, 0.421239608446, 44.522446025, 0.00794477743252, 1.74786922268, 1.4012480101, 136, 2019
E, -100, 0.6761136054159237, 0.338882449964, 79.4321068105, 0.00389642785924, 0.605793798853, 2.87750178619, 136, 2019
Z, 100, -0.6152366930678833, 0.243262716094, 241.329725816, 0.00109690929022, 0.0141090694691, 3.16988045889, 139, 2019
N, -100, -0.34872125411800503, 0.287299876211, 34.8410421112, 0.00799044306666, -0.500746288716, 2.74375322073, 139, 2019
E, 100, -0.7693148128181346, 0.290153815845, 53.4187797073, 0.00443120495959, 0.394717319373, 2.93571401033, 139, 2019
Z, -100, -0.8998478143464177, 0.709484896749, 192.877898859, 0.00353284650291, 0.589817634403, 2.92433825283, 142, 2019
N, 100, 0.3044127619548567, 0.507364131853, 12.7797380514, 0.0387038548215, -1.58767588686, 0.694615802499, 142, 2019
E, 100, 0.16137198378890014, 0.568530627304, 63.0226647366, 0.0080960837276, 1.20688428091, 3.02783203919, 142, 2019
Z, -100, -0.5644658425187734, 0.687264892509, 104.763999348, 0.00655990526698, 1.36062416905, 2.93465134016, 145, 2019
N, 100, -0.9180284642915925, 0.571365888824, 15.8187182729, 0.0363581373199, -1.64447110966, 2.82536333567, 145, 2019
E, 100, 0.8945616026022745, 0.490528661983, 70.1911523001, 0.00581763921429, -0.121354789794, 1.3397027009, 145, 2019
Z, -100, 0.9203577102738968, 0.351531818013, 93.3064148705, 0.0039008036434, 0.63840918114, 1.40170553874, 148, 2019
N, 100, -0.9596769675819402, 0.380380052058, 25.5044734366, 0.0160128191557, -1.96443448799, 2.78694316242, 148, 2019
E, -100, 0.8416575001032525, 0.277683632042, 62.1395582065, 0.00458494730616, 1.18127488633, 1.26422726691, 148, 2019
Z, -100, 0.28881075922501515, 0.451788188699, 178.735162704, 0.00245944350982, 0.111446398342, 0.642651302179, 151, 2019
N, -100, -0.8933331192707762, 0.395666319256, 30.8504604118, 0.0117849101529, -1.09881136976, 3.13749012995, 151, 2019
E, 100, -0.11809647539130572, 0.421202095503, 49.0829403449, 0.00706468416143, -1.2268754709, 2.5941029942, 151, 2019
Z, 100, -0.47005013835994924, 0.433337634744, 225.891042487, 0.00216668900123, -0.0181666535069, 3.07455079053, 154, 2019
N, -100, -0.3362152221123426, 0.346812376456, 30.1913345154, 0.0124099019225, -0.970296862435, 2.64339071586, 154, 2019
E, 100, -0.8725895712258858, 0.317066688923, 38.6229263693, 0.00844832217814, 0.60124970657, 2.97750716383, 154, 2019
Z, 100, -0.9213881399191636, 0.525134691085, 205.510955396, 0.00270341880444, 0.684309725231, 3.08369565189, 157, 2019
N, 100, 0.4385910016215546, 0.413139292528, 18.3685260338, 0.0249990679191, -1.64256036361, 0.467361726369, 157, 2019
E, -100, -0.451400353729528, 0.362093390296, 62.9446012271, 0.0068418986223, 0.393934089327, 2.93951769657, 157, 2019
Z, -100, 0.5457865561688694, 0.324868426362, 128.921047563, 0.00250108538184, 1.70708543565, 1.53749026608, 160, 2019
N, -100, -0.3892676223980893, 0.345786667843, 21.0509800364, 0.0158504298069, 0.156325777948, 2.26970192494, 160, 2019
E, -100, 0.03458690023452566, 0.439076661053, 88.0170498479, 0.00402067900068, -1.18093409354, 2.53255675247, 160, 2019
Z, -100, 0.7643512261089023, 0.624534583824, 131.886105014, 0.00477542730173, 0.140873727362, 0.486227848246, 163, 2019
N, 100, -0.9772121204765261, 0.412934618104, 35.2045201677, 0.0112722838868, -1.58139716719, 2.81039525941, 163, 2019
E, -100, 0.8824682089386585, 0.333570461399, 89.560167644, 0.00395000584644, 0.400724834841, 0.208957496199, 163, 2019
Z, -100, 0.37390402088605484, 0.483193685535, 196.565260281, 0.00310187046795, 0.835134400891, 0.359554269637, 166, 2019
N, -100, -0.8347636200906718, 0.526130543568, 36.8948091652, 0.0147780604104, -1.13842384009, 3.09730257516, 166, 2019
E, -100, 0.17665642530926634, 0.443712014436, 68.9664056354, 0.00633069429259, 0.690515484861, 0.502046837715, 166, 2019
Z, 100, -0.1349867211287369, 0.527603875752, 210.869050988, 0.00195704225533, 1.0617568899, 3.19034770471, 169, 2019
N, -100, -0.7826949990341538, 0.379891934888, 25.7377354086, 0.0121560223735, -0.221457529632, 2.67792808195, 169, 2019
E, 100, -0.6189130618007735, 0.459003114835, 47.4827873213, 0.00833400729696, 0.545862208596, 3.06586361538, 169, 2019
Z, 100, -0.7328776453474597, 0.345250141826, 171.181826958, 0.00191308707232, 0.454310441251, 3.02079644869, 172, 2019
N, -100, -0.6250009921359383, 0.0887434285895, 7.98839926695, 0.011677168784, 1.47016499543, 2.99068460864, 172, 2019
E, 100, 0.1513544459377626, 0.201215702428, 53.1835520654, 0.00322714819984, -1.68024952186, 1.52861077985, 172, 2019
Z, -100, -0.7828336326699227, 0.293481121174, 104.509615757, 0.0027377841646, 1.10601316967, 2.96846840836, 175, 2019
N, 100, -0.15946356316018256, 0.159931946532, 12.0356537835, 0.0130503262817, -2.33140884568, 2.59247327575, 175, 2019
E, 100, 0.8337051117147724, 0.228542684241, 58.4562035564, 0.00382075986675, -0.214422652847, 1.3691498926, 175, 2019
Z, 100, -0.3627791203654402, 0.664604710977, 184.370140193, 0.00294291793571, 1.49588753465, 2.73322206245, 196, 2019
N, -100, -0.5547680504015687, 0.445138057482, 32.996207107, 0.0117674653919, 2.23077700195, 1.50842478803, 196, 2019
E, 100, -0.1075332328032325, 0.624758627685, 61.6987368235, 0.00904203311848, -0.578454289989, 2.98372965874, 196, 2019
Z, 100, -0.3425894601238289, 0.739706628982, 204.272422997, 0.00408975575683, -0.349924501253, 3.12037861588, 199, 2019
N, -100, -0.5456510228623168, 0.495136587898, 22.7850178274, 0.025125673435, 1.53774490245, 3.10061414615, 199, 2019
E, 100, -0.5594733870278984, 0.762988733872, 37.3585842112, 0.020095088586, 1.61642939511, 0.361402356489, 199, 2019
Z, 100, -0.46549273772981076, 0.616655310419, 174.877493859, 0.00319008144041, 0.596635806961, 2.72044561477, 202, 2019
N, -100, -0.3349599266970012, 0.51485790905, 8.34624726828, 0.060417194157, -1.529311893, 1.94197172305, 202, 2019
E, -100, -0.3887865804311941, 0.498726060062, 43.7108519229, 0.0102301450193, -2.01987578703, 1.56361960827, 202, 2019
Z, 100, 0.20483695362337392, 0.169608001849, 113.245672434, 0.00116460458252, 1.07340242273, 2.58335376066, 205, 2019
N, 100, -0.8438554199572547, 0.154400261785, 9.22246812842, 0.0213566236105, -1.78456558602, 2.58609277283, 205, 2019
E, -100, -0.36208673032434946, 0.15020611155, 54.7148447263, 0.00300570041157, 0.0079250685755, 2.78835870881, 205, 2019
Z, -100, 0.21370456986032768, 0.482340361805, 98.8065628612, 0.00442946076055, 0.219620360475, 1.48541760012, 208, 2019
N, -100, -0.2225715448994018, 0.380013748795, 23.2771270636, 0.0154966665051, 0.129737713686, 2.82641036326, 208, 2019
E, 100, -0.25416831167531184, 0.24893409917, 65.9392083429, 0.00367063220137, 1.04014083067, 1.63943681253, 208, 2019
Z, -100, 0.8276047586171487, 0.242482540779, 193.52867891, 0.00123182603742, 0.0905657610723, 2.42975071002, 211, 2019
N, 100, -0.13505588466314272, 0.119860896179, 37.013833548, 0.00309829091515, 1.25948173528, 1.38698849521, 211, 2019
E, 100, 0.20603958384100857, 0.0690741741794, 70.0576965619, 0.000997895271539, -0.487320821991, 2.40240246204, 211, 2019
Z, -100, 0.17292894026963673, 0.140622240203, 245.662880264, 0.000567131970633, 0.890762156168, 0.541322604859, 214, 2019
N, 100, -0.4063193318598098, 0.0901598604625, 37.4003989942, 0.00250386582172, 2.15756390319, 0.314605165341, 214, 2019
E, -100, 0.6938294511871382, 0.0893818441214, 62.9330174649, 0.00147253675611, 0.269317221514, 0.307381275354, 214, 2019
Z, -100, 0.22328260548202586, 0.176300195564, 212.070690314, 0.000744779800991, 1.25481910098, 3.12694520885, 217, 2019
N, -100, 0.3488142317899002, 0.214076471203, 21.4331878321, 0.0102379495363, 1.34818886911, 0.442124230442, 217, 2019
E, -100, -0.34213544095918147, 0.0750887525662, 79.3997573741, 0.000977233937762, 1.68329127852, 1.98537485195, 217, 2019
Z, 100, -0.561069312471964, 0.0948316861049, 115.864968465, 0.000945938548096, -1.82868223592, 2.90482473836, 220, 2019
N, -100, 0.22418701649643089, 0.227298932279, 22.3526676402, 0.0113769698974, -2.60345929682, 2.58756275345, 220, 2019
E, -100, 0.5554427846954844, 0.134164817434, 94.1353407517, 0.0014204839435, 0.145800261084, 1.5725776765, 220, 2019
Z, 100, 0.28229695690821144, 0.14110984318, 125.118696412, 0.00110335290834, -0.135351119263, 3.13984108682, 223, 2019
N, -100, 0.1856139208527309, 0.0819848309154, 34.3343068516, 0.00234395538543, -0.197866916954, 1.29581314388, 223, 2019
E, 100, 0.18691605272511097, 0.137672069824, 81.5897128844, 0.00135679074708, -0.20989388756, 2.85955582963, 223, 2019
Z, 100, -0.07404862937669952, 0.162052105716, 195.765079638, 0.00096845761867, -1.32723671911, 1.91836086023, 226, 2019
N, -100, -0.5944727371385217, 0.205706928663, 33.4098176201, 0.00485992173004, 1.55764495916, 1.29534992232, 226, 2019
E, -100, 0.40309281762146465, 0.0861831876829, 51.0919220651, 0.00148113788932, 0.82726453351, 3.02918357519, 226, 2019
Z, 100, -0.5623273996821694, 0.187657362573, 218.242620605, 0.000924890499763, 0.418889321057, 2.94400171508, 229, 2019
N, -100, -0.19377301271467925, 0.155429479512, 23.1459992724, 0.00692133555326, -1.56917865093, 2.02654169805, 229, 2019
E, 100, -0.6791062630932675, 0.219379243882, 25.1091525818, 0.00835022030158, 0.601318646564, 2.73623622805, 229, 2019
Z, 100, -0.9180688780053764, 0.172413450421, 185.212934633, 0.00100619338482, 1.86445561228, 2.67970306656, 232, 2019
N, 100, 0.6520232538703419, 0.224840584349, 10.8582635993, 0.0203580298831, -0.418659357003, 0.179405351584, 232, 2019
E, -100, -0.21943421677021474, 0.26870126828, 42.2447354189, 0.00567362550642, -0.47654897773, 1.23986787073, 232, 2019
Z, 100, 0.17842420571178116, 0.171001324879, 109.91757019, 0.00145694831969, -0.107256623411, 2.41862252337, 235, 2019
N, 100, -0.6228952529529674, 0.173569584874, 11.9850220007, 0.0191618462361, 1.09177472228, 2.65264426483, 235, 2019
E, 100, 0.1874630036246437, 0.229821255049, 62.6292913354, 0.00372696814786, -2.25983463939, 2.82955721326, 235, 2019
Z, 100, 0.918972767737143, 0.307326864259, 119.618786265, 0.00246204317886, 0.0503961795775, 0.638691348086, 238, 2019
N, 100, -0.839101549845041, 0.237505468483, 31.7003166016, 0.00776345996435, -1.29643456028, 3.0358670438, 238, 2019
E, 100, 0.856668064008819, 0.412193994473, 80.278503135, 0.004344859107, -0.468347390204, 0.361468832465, 238, 2019
Z, -100, 0.7191120720344698, 0.32593520188, 234.427867155, 0.00161256279415, 0.289709201625, 1.1305905251, 241, 2019
N, 100, -0.56831139263706, 0.195133020905, 46.2073824671, 0.00445597200343, 1.72536242423, 1.61694332105, 241, 2019
E, -100, 0.7869195875266232, 0.274192862826, 78.2984092192, 0.00319627557355, 0.436551725275, 2.6121306701, 241, 2019
Z, 100, -0.5998137759005614, 0.262137907143, 272.101449798, 0.000860929099408, 0.79773606694, 2.96477065041, 244, 2019
N, -100, -0.13226623341989138, 0.15362181794, 39.9061906483, 0.00436130117956, -0.990142832225, 0.601756109201, 244, 2019
E, 100, -0.5054276188607778, 0.299721002332, 61.6861123638, 0.00379867352835, 0.172327806296, 3.05927781941, 244, 2019
Z, 100, -0.5615471136187535, 0.195790226691, 198.007847776, 0.00128188042619, 1.39805425353, 1.78061829615, 247, 2019
N, -100, -0.4144098075386901, 0.10814325796, 15.5336583701, 0.00769509458915, 1.67160705145, 2.79613792497, 247, 2019
E, 100, -0.10989412828187027, 0.14693532544, 88.1303807709, 0.00164121907172, -1.83931640858, 2.78574294381, 247, 2019
Z, -100, -0.013310084991427064, 0.537064232777, 76.8176738794, 0.00657949021141, -1.50966321126, 1.91357461867, 250, 2019
N, 100, -0.697507554662831, 0.367571939784, 28.5731131057, 0.0157482865845, -2.48432299774, 2.41276372525, 250, 2019
E, -100, 0.6737633995774656, 0.308870174128, 95.4115968291, 0.00347292119247, -0.679668020762, 1.02837069438, 250, 2019
Z, 100, 0.7826738837061338, 0.0499229179527, 148.803744786, 0.000410522408638, -1.33087593753, 2.3957949488, 253, 2019
N, 100, 0.28573722510036165, 0.160267049026, 37.6284015592, 0.00458215207769, 0.161052623998, 2.93026841828, 253, 2019
E, 100, -0.4787802174648497, 0.109615378127, 72.4726590872, 0.00165595032629, 1.27780288582, 1.23876067571, 253, 2019
Z, 100, 0.6429226554693733, 0.183498185259, 218.952067278, 0.00076584724973, 0.115593094553, 1.70967860259, 256, 2019
N, -100, 0.5670791678387158, 0.153119362216, 33.9426574881, 0.00487837685685, 0.875543832098, 0.402151754692, 256, 2019
E, 100, -0.1347160533023999, 0.0565898381162, 37.9189126131, 0.00159713666708, 0.0889817667619, 3.08463967136, 256, 2019
Z, 100, -0.7050254276478998, 0.388090894168, 232.697852618, 0.00138912833528, -1.04302074696, 1.15896095762, 259, 2019
N, -100, -0.155986052423073, 0.283342361212, 23.7893679104, 0.0090857602432, -0.910184566424, 2.40572395294, 259, 2019
E, -100, -0.46033978258341546, 0.274338736012, 24.6546858245, 0.00982563103831, 0.955387720415, 2.9361248741, 259, 2019
Z, 100, -0.7083819993306795, 0.283888786676, 182.481896546, 0.00144414443129, 1.34959911172, 2.87352796152, 262, 2019
N, 100, 0.6343680565604296, 0.21572325955, 11.8125893058, 0.0187618628405, -0.29094057273, 0.264859682601, 262, 2019
E, -100, -0.01450545717400294, 0.266119846706, 50.536297677, 0.00520008678489, -0.664107915657, 1.36802364062, 262, 2019
Z, 100, -0.09246455395418322, 40522.7784677, 87.8424130607, 340.848761308, -0.508075114862, 2.60540750465, 265, 2019
N, 100, -0.5120316108942237, 676.998084041, 20.192180253, 32.1969016461, -1.18338996621, 2.82884915003, 265, 2019
E, 100, 0.37780808143574357, 817.167163689, 77.1480644102, 8.37529421116, -0.732785300291, 1.45567741722, 265, 2019
Z, -100, -0.6965218605162873, 71069.7023932, 168.680164203, 584.455113732, 0.95853907543, 2.8177736284, 268, 2019
N, 100, -0.8443152017609029, 1242.56339917, 42.5829956579, 23.7159020091, -0.436400779944, 3.20520586637, 268, 2019
E, 100, 0.8400229010538725, 1389.45817857, 90.1437449308, 11.7077676832, -0.155138637128, 1.50280726414, 268, 2019
Z, -100, -0.3131435051416879, 1006307.85253, 273.540251352, 2627.6058031, 0.292626480163, 2.64659693196, 271, 2019
N, -100, 0.8797750254373973, 8120.03109051, 50.510325292, 114.469206619, -0.600605607069, 1.62148274897, 271, 2019
E, 100, 0.6629274665180414, 617.162937527, 74.466865798, 6.47343095624, -0.388018211239, 2.88361161473, 271, 2019
Z, -100, 0.9352490457991508, 225.16889943, 267.846254176, 0.708956791122, 1.04841547179, 2.72151056079, 274, 2019
N, 100, 0.30585668866380966, 651.103125743, 34.0321589402, 17.0196266065, -1.64402192318, 0.556537955153, 274, 2019
E, -100, -0.05631238131124699, 231.894089201, 68.3641920968, 2.51260321172, 0.402283169235, 2.53765188087, 274, 2019
Z, 0, 0.9999779955856802, 159.944598447, 155.554514406, 1.02698228061, -0.00315023909388, 0.00428453496349, 277, 2019
N, 100, 0.8290453675917049, 32.6022538774, 15.9361207115, 2.74413105021, -0.681417010649, 1.05710686718, 277, 2019
E, 100, 0.9966754848599277, 95.4018634036, 92.9791679214, 1.01463464112, -0.0984047467511, 0.0132859882382, 277, 2019
Z, 19, 0.9999480642160671, 75.6827974819, 74.2722388877, 1.01581755396, -0.031671720639, 0.0165394803676, 280, 2019
N, 100, 0.9932539967111017, 42.4354901738, 33.1950527806, 1.33314114813, 0.08463771735, 0.0843083602427, 280, 2019
E, 97, 0.9986110747833923, 91.1201322142, 88.0572328038, 1.03439390245, -0.0805608349691, 0.041499026903, 280, 2019
Z, 34, 0.999997907785521, 179.141029541, 174.506901202, 1.02757966253, 0.000205759552131, 0.00404187613237, 283, 2019
N, 100, 0.9822679935002621, 38.851563565, 37.7437227314, 1.02479735862, -0.155597778014, 0.0318512706456, 283, 2019
E, -100, 0.9895177946989933, 59.0472809403, 59.1315546861, 1.00061299206, 0.0977296748299, 0.0283623916695, 283, 2019
Z, 17, 0.9999706750654275, 241.701863219, 235.270416228, 1.02297242201, -0.0145019115649, 0.00650537886254, 286, 2019
N, 100, 0.943438570123639, 29.0437221267, 32.738180528, 0.879360242725, -0.39800591472, 0.147867090325, 286, 2019
E, -100, 0.9029205073056257, 24.0376867189, 27.1830166628, 0.843248625505, 0.325765839031, 0.101173073656, 286, 2019
Z, 0, 0.9999451420157253, 237.926901613, 231.902154609, 1.02510724339, -0.023671079958, 0.0131358173062, 289, 2019
N, 100, 0.7037630219829599, 11.7957148211, 22.5158857165, 0.514532645955, -0.0262068306526, 1.74982334946, 289, 2019
E, 100, 0.9352612029675208, 30.2362512847, 32.5030217049, 0.848074276852, 0.307297365941, 1.68704574417, 289, 2019
Z, 0, 0.9999735526434137, 166.433327885, 160.277115807, 1.04056235401, -0.0148305892113, 0.00707847830502, 292, 2019
N, -100, 0.38834416524446985, 20.592161644, 8.51524809835, 1.730977285, -0.993285392594, 2.26289989815, 292, 2019
E, 100, 0.9919342151517658, 63.6786967365, 64.5048019098, 0.983464457311, -0.175861892693, 0.0302669687335, 292, 2019
Z, -32, 0.9999795213824594, 82.0505152366, 79.4510135472, 1.03954718878, 0.0108356787706, 0.00988652625936, 295, 2019
N, 100, 0.9736844353549842, 39.4387635507, 30.1671448749, 1.43624559016, -0.0500129504017, 0.120751233333, 295, 2019
E, 100, 0.9979700574221302, 89.7453443415, 89.0006150179, 1.00553256657, -0.116412385833, 0.0636963296259, 295, 2019
Z, -4, 0.9999991043378624, 219.609234688, 213.002920966, 1.03092802296, 0.00501912940946, 0.00216523460836, 298, 2019
N, 100, 0.9709028037480987, 50.5954698195, 48.1740819906, 1.0598332503, -0.220024866497, 0.0479245960851, 298, 2019
E, -100, 0.9952043482951489, 88.3368537548, 88.0755589542, 1.00730820217, 0.0312825074362, 0.0260545403735, 298, 2019
Z, -100, 0.9820932080263847, 208.20011468, 229.147409293, 0.894888014926, -0.00770773323314, 0.140466167633, 304, 2019
N, 100, 0.6750758708618685, 21.5432013379, 23.2756051532, 0.970944927326, -0.551195964334, 0.190125111071, 304, 2019
E, 68, 0.980972441730163, 46.0058996372, 73.6580951002, 0.71616342634, -0.159869022086, 0.514217886238, 304, 2019
Z, 10, 0.9999927791762233, 97.5979796055, 94.5350094405, 1.03220624154, -0.00369373974543, 0.00104614792285, 310, 2019
N, 100, 0.9925093715852499, 39.2248983165, 32.4287287655, 1.23611292714, -0.0297098332543, 0.0472330572617, 310, 2019
E, -44, 0.9987682311722496, 75.3925720439, 74.5770531479, 1.01432449117, -0.0527257294587, 0.0311912020546, 310, 2019
Z, 17, 0.9999988180572136, 191.786596705, 186.182866236, 1.02888764368, -0.0037244520585, 0.00233016658002, 313, 2019
N, 100, 0.9714163834064536, 35.4620959929, 34.494459403, 1.02813391721, -0.228165477535, 0.0444998049681, 313, 2019
E, -100, 0.9798082954548184, 50.1457128912, 47.9863671471, 1.0429816495, 0.147636242158, 0.0362605823661, 313, 2019
Z, 11, 0.9999736642174899, 239.717972889, 233.90606129, 1.02213813704, -0.0154389290772, 0.00729682672433, 316, 2019
N, 100, 0.9155922730459141, 24.4754627977, 30.082397279, 0.819913500048, 0.70127669497, 2.5837468705, 316, 2019
E, -100, 0.8943927171742072, 21.7336219294, 24.434769346, 0.832335237729, 0.389302337562, 0.115734985073, 316, 2019
Z, 0, 0.9999325373733262, 221.890461438, 215.167199132, 1.03005962139, -0.0256647277397, 0.0143224974283, 319, 2019
N, 100, 0.2608063140242922, 11.2955324439, 19.3659969373, 0.654434192588, -0.747526493167, 0.318567964391, 319, 2019
E, 100, 0.9734651919152916, 39.3811556874, 45.1605455678, 0.821116916081, 0.2178841324, 1.29555959681, 319, 2019
Z, 0, 0.9999739264030713, 138.080919769, 132.646949221, 1.0435209821, -0.0123179102035, 0.00496412610125, 322, 2019
N, 100, 0.8448341253604685, 26.4799346954, 14.9579569098, 1.79540178331, 2.09519094864, 2.73333200048, 322, 2019
E, 100, 0.9930439492563373, 75.6165308769, 77.2897350095, 0.962794029822, -0.173130900077, 0.0376961871251, 322, 2019
Z, 0, 0.9999938190282024, 124.664276648, 119.713825214, 1.03841215148, 6.57987540186e-05, 0.00383803485601, 325, 2019
N, 100, 0.9646298949557904, 44.6549479622, 35.7633459886, 1.29182554073, -0.247594028107, 0.110831568521, 325, 2019
E, 0, 0.9987160010281282, 92.8925441806, 91.5246705277, 1.01304146883, -0.0662483460094, 0.043444408597, 325, 2019
Z, -4, 0.999999380961551, 227.422390032, 220.463754399, 1.03127125764, 0.00236205080875, 0.00163765160871, 328, 2019
N, 100, 0.9628602759143355, 46.9299469411, 44.3292887705, 1.05602198718, -0.270339588703, 0.0410885397208, 328, 2019
E, -100, 0.9906205540639678, 77.5127171396, 78.2617260424, 0.993747292924, 0.0986850759235, 0.0329157597236, 328, 2019
Z, 0, 0.9999886615570911, 252.054936088, 245.58458461, 1.02432882604, -0.0081723814664, 0.00390233847839, 331, 2019
N, 100, 0.8928473232553912, 33.6691460221, 34.6047232527, 0.992525523694, 1.10436187841, 2.71240276899, 331, 2019
E, -100, 0.9941931440098821, 45.5363869344, 56.234253602, 0.834875443002, 0.138131535429, 0.0604350691361, 331, 2019
Z, 66, 0.9998185235809892, 194.56904423, 189.167987626, 1.02958807721, -0.037304792252, 0.0188133203131, 334, 2019
N, 100, 0.46546003829078414, 17.6563940494, 16.3487652429, 1.29367597787, -0.733855224751, 0.362909142241, 334, 2019
E, 100, 0.9951562930091665, 62.8234942144, 68.4448497749, 0.897331569024, 0.19426583445, 1.33747836548, 334, 2019
Z, 28, 0.9999340810552783, 99.9036858534, 95.641322325, 1.04938607709, -0.0107928734792, 0.00931842085196, 337, 2019
N, 100, 0.9823951478153503, 28.3902111691, 18.5274582656, 1.72258466364, -0.292702742702, 0.272401111003, 337, 2019
E, 100, 0.9979907205815286, 73.2370195997, 73.7734400737, 0.979439723959, -0.0885243735286, 0.0235733926154, 337, 2019
Z, 0, 0.9999887783336574, 103.231768154, 99.7621522438, 1.03376756725, -0.00781319874925, 0.00804234344712, 340, 2019
N, 100, 0.9866746981341615, 33.5312184255, 27.372774531, 1.24652666066, -0.108235316551, 0.0560968971844, 340, 2019
E, -100, 0.9979708840654667, 63.419098411, 62.1927090361, 1.02130585598, -0.0315383985517, 0.0323201764236, 340, 2019
Z, -18, 0.9999983791781144, 186.988816366, 181.372371506, 1.0291499896, 0.00435131828098, 0.00278165205068, 343, 2019
N, 100, 0.952287073271545, 31.4523250152, 30.6525685193, 1.02977301702, -0.303834508878, 0.065174446678, 343, 2019
E, -100, 0.9819243106123081, 45.4395101259, 45.5254018557, 0.997810051314, 0.177427591669, 0.0464339401638, 343, 2019
Z, 0, 0.9999750666648138, 230.169393342, 223.3889079, 1.0258751123, -0.0130919847847, 0.00624536201063, 346, 2019
N, 100, 0.8440000662203034, 23.2541521905, 28.5556039153, 0.84531100279, 0.940182586046, 2.77586097519, 346, 2019
E, -100, 0.9689288737447468, 27.0666942606, 33.8504472569, 0.818618381989, 0.243204078549, 0.0775258644442, 346, 2019
Z, 100, 0.8346666605080666, 368.783574065, 201.729321204, 1.99883828322, -0.947103170719, 0.444636075563, 349, 2019
N, 100, 0.23916700609749655, 751.357171801, 19.5677025466, 31.0857034299, 0.145954012205, 2.08736757658, 349, 2019
E, -100, 0.024061334234905075, 254.80258013, 58.5236031065, 5.13725524958, -1.11756152553, 1.33431381584, 349, 2019
Z, -100, 0.3971959804011424, 303.887879569, 126.983913815, 2.07523504327, 0.721246015296, 1.5104826246, 352, 2019
N, -100, 0.8508791030283481, 3028.98192435, 19.6104166241, 135.512420204, 3.00477873698, 2.61969723062, 352, 2019
E, -100, -0.8904711381678276, 671.600754872, 84.1406776693, 7.02271235108, -1.50464888389, 2.64196025169, 352, 2019
Z, -100, 0.9067588710449319, 134.682159766, 129.355023765, 1.19004441987, 0.844837164385, 1.04631152043, 355, 2019
N, 0, 0.5406087789100615, 2855.32667308, 34.100372594, 81.0521648677, -0.190945286489, 0.688422385907, 355, 2019
E, -100, -0.400030454198048, 611.677406909, 88.9257356407, 6.09222763828, -1.12583431635, 2.609413392, 355, 2019
Z, 11, 0.9999993403370333, 206.385683496, 200.00508647, 1.03144150899, -0.00113014046945, 0.00126915015398, 358, 2019
N, 100, 0.9621486156483985, 40.4324157346, 37.385162917, 1.09519373305, -0.329902289137, 0.0896230700326, 358, 2019
E, -100, 0.9908775309718735, 68.8086693432, 72.0579575373, 0.957699982459, 0.15094566334, 0.0558869126166, 358, 2019
Z, 0, 0.9999705757127921, 224.410369037, 217.978529091, 1.02664893308, -0.0155365358598, 0.00734773889939, 361, 2019
N, 100, 0.8941092258213608, 28.1909829616, 28.8193040207, 0.990882360778, -0.0331084268658, 1.30696520065, 361, 2019
E, -100, 0.9944234245459226, 39.3800685368, 50.4414544148, 0.809513717467, 0.107886729201, 0.0981395771302, 361, 2019
Z, 0, 0.9999300670519428, 182.033518327, 176.277234896, 1.03626134823, -0.0229813980923, 0.0136399266306, 364, 2019
N, 100, 0.5191072938313015, 15.2660304028, 14.2588644848, 1.25098273752, -0.638145923768, 0.314818012523, 364, 2019
E, 100, 0.9903886893617363, 51.7177554358, 55.9038977675, 0.889942988776, 1.3422318061, 2.66007731275, 364, 2019
