Chan, Phase Shift, Correlation, ptp-data, ptp-synthetic, rat, phasem, phasestd, DOY, Year
Z, 100, 0.7686479340004544, 121.759400468, 98.1569900193, 1.05355102984, -2.93831721413, 2.32708697188, 1, 2019
N, 100, 0.9890196996152906, 135.829299097, 94.339804053, 1.37826429993, 0.036262947496, 0.168076832594, 1, 2019
E, 100, 0.954217527581452, 120.874280419, 29.9490611384, 3.95349408665, -0.369779582726, 0.0697058371308, 1, 2019
Z, 100, 0.9360016351648184, 178.151440767, 162.120743616, 1.07464024346, -0.372558979862, 0.0451719322626, 4, 2019
N, 100, 0.9961893758592038, 263.697653854, 179.511482224, 1.45279230452, -0.0763435036129, 0.0210349959615, 4, 2019
E, 100, 0.9977630009839946, 235.109342874, 63.3675799534, 3.69415022008, -0.0729890158641, 8.49620999913e-05, 4, 2019
Z, 100, 0.9926665509772298, 204.756736022, 176.9875933, 1.21817788239, -0.0518060557326, 0.0196297963799, 7, 2019
N, 100, 0.9963199305264446, 303.405297494, 210.74188774, 1.42934763137, -0.0752488745754, 0.0210272318547, 7, 2019
E, 0, 0.999871095133811, 269.015567089, 73.7499256463, 3.63306095377, 0.00304487337765, 0.000578504125109, 7, 2019
Z, 100, 0.9670954477559672, 183.808818452, 142.615579475, 1.28864729226, -0.120316166961, 0.117909907588, 10, 2019
N, 100, 0.9976259826885678, 255.514428476, 178.602601046, 1.41929366926, -0.0703802132545, 0.00176791094581, 10, 2019
E, -100, 0.9966697497549543, 229.838892871, 61.8724026248, 3.69008811211, 0.0832517156024, 0.0111700826768, 10, 2019
Z, 100, 0.9326720042768788, 111.741862815, 77.336874171, 1.53859005515, -0.225439195846, 0.152176888676, 13, 2019
N, 73, 0.9995276922610454, 148.557311276, 104.762302366, 1.41710432447, -0.0206167615106, 0.00584219404615, 13, 2019
E, -100, 0.9794138655457044, 135.806565356, 33.4440029767, 4.0477849618, 0.219494262638, 0.0240054883258, 13, 2019
Z, 100, 0.7435614099404984, 119.456111211, 92.8963919209, 1.14465401964, 0.155405868259, 0.798473828568, 16, 2019
N, 100, 0.9952948294923556, 136.847610926, 90.02317649, 1.53668582099, -0.115623678369, 0.0274288980598, 16, 2019
E, 100, 0.9029660018419924, 109.803816236, 29.6701332642, 3.79215435826, -0.651679915536, 0.236983644788, 16, 2019
Z, 100, 0.9506028798935923, 231.324312923, 182.440379484, 1.23638078909, -0.28512867099, 0.272774394356, 19, 2019
N, 100, 0.9929424245417725, 279.49349424, 199.445525102, 1.38271829914, -0.124017966466, 0.000356103372865, 19, 2019
E, 100, 0.9947886392946104, 248.410754775, 73.5000802189, 3.27768276754, -0.0407149908142, 0.0462899342143, 19, 2019
Z, -100, 0.9787047146660258, 155.12404466, 205.299919659, 0.76884660835, 0.196233572501, 0.172343197583, 22, 2019
N, 100, 0.9976507272344642, 357.264523872, 253.390085819, 1.40867626046, -0.0484902022429, 0.032660074219, 22, 2019
E, -100, 0.998442628193284, 339.700162095, 92.9347282963, 3.61013394104, 0.0646242088089, 0.0155582478993, 22, 2019
Z, 100, 0.8226469345091314, 134.758425101, 122.013463049, 1.06372372851, -0.688457826218, 0.126312420173, 25, 2019
N, 100, 0.9930584299291803, 257.665863923, 176.465552868, 1.46730046388, -0.116872236405, 0.0102681519987, 25, 2019
E, -100, 0.9923588764284001, 225.202974045, 61.576776262, 3.65225880441, 0.132139255038, 0.00317209589316, 25, 2019
Z, 100, 0.546544422609361, 45.6843816788, 67.345918643, 0.615569070096, 0.109200995675, 1.11660582977, 28, 2019
N, 100, 0.9949335398982816, 92.3699307367, 61.5685022577, 1.50050028945, -0.0503925347293, 0.0614292445108, 28, 2019
E, 100, 0.8641076626717633, 69.5418940563, 17.6318894725, 3.91974508683, -0.34381735445, 0.167650164124, 28, 2019
Z, 100, 0.953531324939607, 83.9241158155, 133.849524295, 0.622297262001, -0.308190669051, 0.0659400057693, 31, 2019
N, 100, 0.9964284659694462, 218.008256691, 144.569036084, 1.49679012049, -0.0915192947373, 0.000804833255228, 31, 2019
E, 100, 0.9947464892686675, 187.019761092, 51.5723610636, 3.54837260536, -0.0846341687711, 0.0226876386909, 31, 2019
Z, -100, 0.9947208909990392, 153.929806907, 159.089457133, 0.994339954354, 0.0500889224132, 0.00176218285, 34, 2019
N, 100, 0.9969142848651878, 275.063864665, 189.353364463, 1.44457302265, -0.0766014518246, 0.0118796334579, 34, 2019
E, -100, 0.9997021236695093, 241.728872211, 66.634128538, 3.60400072402, 0.0202811459227, 0.00119310649851, 34, 2019
Z, 100, 0.5957906492786833, 246.427482231, 137.540454279, 1.22659751862, -1.20182832923, 0.604787807073, 37, 2019
N, 100, 0.997195095067551, 249.279919527, 175.24345875, 1.41593087406, -0.0832831426365, 0.00154738488532, 37, 2019
E, -100, 0.9957814697569871, 212.118756637, 60.4944411814, 3.40820220215, 0.0626695763905, 0.00630139397477, 37, 2019
Z, 100, 0.8859202193387308, 392.784748892, 78.3492865536, 4.06437403729, 0.109465126776, 0.342373827388, 40, 2019
N, 0, 0.9928658583349568, 144.212119999, 110.142429087, 1.23449747931, -0.127032420871, 0.140789280252, 40, 2019
E, -100, 0.9490781407303538, 216.777730704, 37.5167243362, 5.81250308386, 0.39849172013, 0.170675099182, 40, 2019
Z, -100, 0.43674757515597373, 337.019820708, 55.8947866897, 4.97318133691, 2.80224943485, 2.09107509812, 43, 2019
N, 100, 0.987469074933963, 80.0849700273, 50.6737030187, 1.59523466575, -0.229332873235, 0.220983006466, 43, 2019
E, 100, 0.5743659446534608, 69.2201318998, 16.1433545097, 5.18424868781, -1.22506270494, 0.904466824758, 43, 2019
Z, -100, 0.9310642620323508, 197.066056147, 138.49233904, 1.5153586852, 0.051737788181, 0.240060374413, 46, 2019
N, 100, 0.9966642288164759, 220.655412215, 148.959804093, 1.48422688977, -0.0930759309577, 0.00938584990798, 46, 2019
E, 100, 0.9948119736699574, 199.372972094, 54.8806618547, 3.62924039935, -0.118228307535, 0.0221963132949, 46, 2019
Z, 100, -0.013332601282849448, 16881.2734127, 181.708011141, 82.1534436637, -1.44476248607, 2.92493423519, 49, 2019
N, 100, 0.8135272879526748, 214.648319522, 215.767592255, 0.985775448117, 2.48134598403, 3.05411004873, 49, 2019
E, 100, 0.9995265633241758, 308.128165787, 81.4218321755, 3.79888338663, -0.0274491209172, 0.000242095450482, 49, 2019
Z, -100, 0.32761237627681883, 10205.0224208, 125.90036085, 52.3391366483, 0.94718717499, 0.431421988761, 52, 2019
N, 100, 0.9626156228685576, 216.56388547, 183.096966927, 1.15337181382, -0.076307169271, 0.160167459533, 52, 2019
E, 0, 0.9850054656500246, 229.838062379, 65.8389163168, 3.34261148015, 0.0285645989084, 0.0131401339901, 52, 2019
Z, -100, -0.05145696892903696, 140.534536031, 41.6926490813, 2.78583166027, -1.04745038476, 1.48715026333, 55, 2019
N, 0, 0.9903516748069939, 75.5393282132, 53.123938547, 1.52264848344, 0.0246118513546, 0.000641242734462, 55, 2019
E, -100, 0.6165939570145484, 70.3427952408, 22.2010509741, 2.87667461147, 1.06500053705, 0.935352745116, 55, 2019
Z, -100, -0.5225871448822244, 25.1357124947, 106.437799403, 0.203717609573, 0.0424181553348, 2.18344902462, 58, 2019
N, 100, 0.9818699956535217, 164.4663667, 113.408650916, 1.45220586198, -0.204652449839, 0.0245819400914, 58, 2019
E, 100, 0.9586555220512923, 162.674610918, 41.7224315103, 3.79566490068, -0.286606688663, 0.000468495046133, 58, 2019
Z, 100, 0.8151474722599875, 74.3408528682, 129.957736634, 0.554324175148, -0.482344044425, 0.161670379249, 61, 2019
N, 100, 0.9892711953732769, 214.946825838, 152.776852432, 1.40230621336, -0.148453604969, 0.00471995542698, 61, 2019
E, 100, 0.9974260272822985, 216.647077208, 55.7630503411, 3.83544673533, -0.0521936483968, 0.0115793950252, 61, 2019
Z, 100, 0.7498845109181653, 115.871536233, 112.9344601, 1.04713194527, -0.74397584096, 0.0144844423144, 64, 2019
N, 100, 0.9919692183379063, 217.996190625, 148.056872251, 1.46611902934, 3.03095623461, 3.17090470162, 64, 2019
E, -100, 0.9919568155127259, 214.232160418, 51.7643662893, 4.12655108734, 0.116075759222, 0.0278327681469, 64, 2019
Z, -100, 0.7344266718643073, 70.6087635749, 62.2123734267, 1.21904917466, 0.306536204082, 0.120731547857, 67, 2019
N, 100, 0.990473914366618, 147.729849489, 95.2574701958, 1.54328158789, -0.147714907261, 0.00157797429713, 67, 2019
E, -100, 0.9601659125907634, 132.31312618, 33.3138583254, 3.86299129841, 0.271772449618, 0.0416256223195, 67, 2019
Z, 100, 0.1117638539440246, 102.408529963, 45.0156639238, 2.03482872823, -1.4981888537, 0.125699721266, 70, 2019
N, 100, 0.3778279421322029, 63.823392898, 33.0641055044, 1.9176742081, -1.36878291057, 0.14638067083, 70, 2019
E, -100, 0.82791619603842, 293.494253329, 15.0845765736, 15.8966820013, 0.425634176046, 0.10277893143, 70, 2019
Z, 100, 0.24111778242819842, 148.864769261, 112.670904543, 0.800634837037, 1.24875534612, 2.16956576985, 73, 2019
N, 100, 0.9700676987635763, 173.733761646, 120.540470074, 1.32789857646, -0.0288857150934, 0.178729675634, 73, 2019
E, 100, 0.8866438824812328, 309.484332986, 46.3741957058, 5.94594679899, -0.18580549065, 0.344743889872, 73, 2019
Z, 100, 0.7942760868877113, 89.4642885471, 147.921174106, 0.580196955572, 2.60770305007, 3.31556029853, 76, 2019
N, 100, 0.9972042711135765, 253.903809169, 175.0955752, 1.45419573577, -0.0900514045419, 0.0248439381165, 76, 2019
E, 100, 0.9886517225460598, 267.675811573, 66.199279302, 3.94542917662, -0.117191953566, 0.0406411636161, 76, 2019
Z, 100, 0.549323006460914, 81.9013049768, 108.409841743, 0.841706083346, -0.71675002426, 0.378978524969, 79, 2019
N, 100, 0.9968714727150201, 225.227020119, 156.60660811, 1.47109471203, -0.0465383490796, 0.0462546543365, 79, 2019
E, -100, 0.9935275182086936, 256.715872336, 59.3005748612, 4.27402169263, 0.0951223273934, 0.0120428944726, 79, 2019
Z, -100, 0.5479880700386102, 96.1175514305, 43.3054327916, 2.79531135418, -2.25973111516, 2.45639253338, 82, 2019
N, 100, 0.9758284304071437, 90.4834315051, 55.9705120761, 1.74725120651, -0.304881364225, 0.166439995573, 82, 2019
E, -100, 0.7335764345395747, 102.405792629, 26.2524875992, 3.01823397716, 0.812097766859, 0.28463944182, 82, 2019
Z, -100, 0.8791753673691239, 102.46960233, 109.285926359, 0.997017620598, 0.374107610009, 0.132832121273, 85, 2019
N, 100, 0.9869669326122059, 164.733871931, 114.538192174, 1.41476093747, -0.156493057651, 0.0145117193924, 85, 2019
E, 100, 0.9284207333973619, 142.905370297, 45.5392370133, 3.11325834289, -0.344211210093, 0.0745949649488, 85, 2019
Z, 100, 0.9802198896846543, 106.075529134, 120.987628057, 0.893342529115, -0.16182062583, 0.0861105655361, 88, 2019
N, 100, 0.9893664993585871, 197.182036019, 144.190142478, 1.34939833863, -0.162200183743, 0.0668087541882, 88, 2019
E, 100, 0.9731373193289142, 202.235457971, 53.0899401339, 3.64382288465, -0.146410978995, 0.08329765034, 88, 2019
Z, 100, 0.9165780001341193, 64.9002326483, 94.3873510637, 0.687229327883, -0.338817301131, 0.114380021646, 91, 2019
N, 100, 0.9959585429716623, 157.096424707, 123.860646261, 1.25286439254, -0.0641857501289, 0.0516044143091, 91, 2019
E, 100, 0.9950192246824949, 201.288665854, 44.6564780101, 4.39054510277, -0.00525864151706, 0.0611923220085, 91, 2019
Z, 100, 0.632892000240778, 43.6273081428, 41.0424166287, 1.32779509857, -0.816455149654, 0.336523942829, 94, 2019
N, 100, 0.9236087952440426, 84.6857866991, 75.2445049188, 1.16385600736, -0.332710289234, 0.0835212806553, 94, 2019
E, -100, 0.885035009246484, 203.620429733, 25.4353401264, 6.60817432029, 0.299750241296, 0.206054323347, 94, 2019
Z, -100, 0.8269750001469124, 63.1799348121, 62.3456637804, 1.17551974001, -2.61168482788, 3.00472630885, 97, 2019
N, -100, 0.6875368866064397, 112.88025029, 50.5775315691, 2.25258532048, -0.0300637326075, 0.684969562064, 97, 2019
E, 100, 0.5047282103411662, 83.857217624, 23.5126068941, 3.17539229229, 2.12275983101, 3.01423660206, 97, 2019
Z, -100, 0.928894044958322, 181.685942139, 126.86987791, 1.35481547464, 0.300977394766, 0.0949956255713, 100, 2019
N, -100, 0.9760446047985865, 184.688057609, 134.256031262, 1.39198124784, -2.93713483295, 3.21975572181, 100, 2019
E, 100, 0.9525715625252936, 165.320260458, 52.7149131931, 3.06710836644, -0.139032412729, 0.102830475823, 100, 2019
Z, -100, 0.9496843208212088, 116.896269227, 145.295781303, 0.845166236501, 0.281452219299, 0.0811425029844, 103, 2019
N, 100, 0.9880346018565167, 249.841971695, 174.851281626, 1.43053468174, -0.150851575622, 0.0334554541801, 103, 2019
E, 100, 0.9759864609361778, 221.449546277, 65.5812394336, 3.37626534918, -0.190067643849, 0.0391353700792, 103, 2019
Z, 100, 0.9711513440205738, 106.873823358, 100.814354579, 1.00715345517, -0.208281550493, 0.0208913057645, 106, 2019
N, 100, 0.9885376709728224, 235.247776895, 137.897758477, 1.74232479177, -0.131593531143, 0.0356304010927, 106, 2019
E, 100, 0.9908429673796071, 236.246487867, 53.4978376602, 4.44544759649, -0.111751783886, 0.0147671430522, 106, 2019
Z, -100, 0.8724476114870805, 128.494344159, 52.650072101, 2.62107228636, -2.71445694823, 3.02190011958, 109, 2019
N, 100, 0.8056255997271028, 78.1285130068, 53.8351669926, 1.81075440228, -0.521890739449, 0.189708635114, 109, 2019
E, -100, 0.6292603438511096, 86.2300574215, 20.0052315561, 2.73054257431, 0.993895930935, 0.808758978476, 109, 2019
Z, -100, 0.9618601678359182, 213.261612234, 133.860704909, 1.56542579236, 0.19011663863, 0.101767414458, 112, 2019
N, 100, 0.8049173452583145, 236.907980643, 135.305407831, 1.62363888476, 2.52170067306, 3.13542318256, 112, 2019
E, 100, 0.8312135919996907, 160.164237858, 54.8767326798, 2.65051509517, 2.63444181992, 3.00064058542, 112, 2019
Z, -100, 0.8320066305413236, 172.284112693, 145.891996918, 1.15279656779, 0.545593568513, 0.06507180022, 115, 2019
N, 100, 0.9715904741495857, 238.756260179, 174.445552527, 1.37441071618, -0.224103449956, 0.0266953586005, 115, 2019
E, 100, 0.9541916423644153, 202.621089855, 64.527205, 3.13888825037, -0.288981374612, 0.0137408500773, 115, 2019
Z, -100, 0.8239778928974906, 144.204975461, 108.438486378, 1.21343637095, 0.474768184264, 0.148342329631, 118, 2019
N, 100, 0.979831341397957, 218.388141916, 141.228548488, 1.52555479322, 0.0543663009876, 0.137336152589, 118, 2019
E, 100, 0.980243691389769, 200.186573814, 49.7584152154, 4.02304091051, 0.0383814185686, 0.142680395364, 118, 2019
Z, -100, 0.5212403017981475, 152.024240863, 48.4295675251, 3.03602397927, -0.776105337675, 1.7797895904, 121, 2019
N, -100, 0.953350468857607, 212.353322797, 76.401283304, 3.00270172313, 0.383299211691, 0.227399608283, 121, 2019
E, -100, 0.8089213814321282, 204.684127627, 25.4749796596, 8.76828190366, -2.46259034415, 2.95076625356, 121, 2019
Z, -100, 0.9521142603914952, 168.093318075, 75.3188602102, 2.27064788653, -0.126796684795, 0.176951386389, 124, 2019
N, 100, 0.5896167019617956, 112.902577231, 65.277547297, 1.55480943842, 0.682083466986, 4.79423503312, 124, 2019
E, 100, 0.04401036904598988, 209.884107117, 25.6576136758, 7.6784186722, 1.59330484514, 3.08509945292, 124, 2019
Z, -100, 0.9683124081763196, 287.394283975, 151.861534665, 1.78725223889, 0.187423592248, 0.000126172930633, 127, 2019
N, -100, 0.9680258351028246, 220.122162951, 157.760536181, 1.45366042954, 0.224933320485, 0.0407219263823, 127, 2019
E, 100, 0.5874688633658498, 328.449527102, 61.1824254767, 5.06780006355, 2.17078704739, 3.19815274707, 127, 2019
Z, -100, 0.8961685364199915, 288.419800807, 173.021816012, 1.62613405505, 0.405936990924, 0.0824697208601, 130, 2019
N, 100, 0.9979340926787306, 261.006630466, 206.525104303, 1.27231781251, -0.04299535105, 0.0115850852751, 130, 2019
E, 100, 0.9199716200974674, 310.750547272, 77.4374735399, 3.92391220528, -0.384280727157, 0.000620965148472, 130, 2019
Z, -100, 0.7465820088107252, 189.161059177, 122.393028676, 1.28050392778, 0.369353356294, 0.380778573451, 133, 2019
N, 100, 0.9653080049439136, 175.765944686, 163.721104643, 1.0666218773, -0.288099785498, 0.0423776939514, 133, 2019
E, 100, 0.9833276325478498, 238.407883095, 59.1114596317, 4.07098500519, -0.173756103331, 0.0154833675335, 133, 2019
Z, -100, 0.8834135003772644, 166.877076485, 52.4213557183, 3.29499883561, -0.949213120949, 1.12679721177, 136, 2019
N, -100, 0.6918707016456143, 66.4069567565, 63.4935219473, 1.06706309415, -3.14726072579, 2.2765831009, 136, 2019
E, 100, 0.5488029387448748, 87.7826397565, 23.1063230017, 4.9493719475, 0.200719863442, 0.217258397714, 136, 2019
Z, -100, 0.40301837789797607, 2691.20647774, 145.367239073, 11.3914843794, -2.56395986951, 2.38726090328, 139, 2019
N, -26, 0.9986688585386281, 217.168167813, 141.547445005, 1.53533995124, 0.0369869292406, 0.0460609360444, 139, 2019
E, 100, 0.8589474048757687, 176.542116101, 55.318068041, 3.11125340886, -0.506776847002, 0.0512656493442, 139, 2019
Z, 100, -0.810169341503158, 18198.8934456, 176.821059128, 89.952773671, -0.451266455012, 3.3470697866, 142, 2019
N, 100, 0.9936368159306889, 316.003166234, 201.27322492, 1.50040195983, -0.0740775891126, 0.0243423899632, 142, 2019
E, 100, 0.8836291139238478, 224.770515724, 76.2829078939, 2.52839898378, -0.425641267707, 0.146056837186, 142, 2019
Z, 100, -0.19081809111792297, 858.086189152, 143.253770667, 4.03277234826, -1.48942961621, 2.7638571013, 145, 2019
N, -100, 0.9963260120004621, 351.430108642, 182.315363827, 1.87941097972, 0.0507962397682, 0.0160723971278, 145, 2019
E, -100, 0.9066946817779021, 360.569325256, 64.1243110853, 5.59577701642, 0.460417742691, 0.0720281316382, 145, 2019
Z, -100, 0.9261184787273208, 171.817803995, 80.5793422657, 1.89093760263, 0.132215423483, 0.249681323259, 148, 2019
N, -100, 0.9245709854228702, 210.23467296, 111.909557333, 1.92043381298, 0.485392563428, 0.191702443207, 148, 2019
E, -100, 0.8525508234630178, 208.851596533, 36.1502448418, 6.22913010722, 0.719631190327, 0.329972041248, 148, 2019
Z, -100, 0.8966521075699015, 147.327379825, 70.8886433552, 2.41975654633, -3.09567525274, 2.79281330028, 151, 2019
N, 100, 0.8673410175922505, 100.800016456, 62.8500324479, 1.70186456579, -1.13923181386, 0.617725167128, 151, 2019
E, 100, 0.2060972944589349, 152.264602932, 20.6901969843, 8.72517714263, 1.06192206441, 3.87124857862, 151, 2019
Z, -100, 0.9749493421048787, 217.364751527, 158.507554275, 1.34414949285, -2.91780473747, 3.13167678477, 154, 2019
N, 100, 0.9609297713858231, 222.174099744, 160.34916727, 1.25618688771, -0.115289266368, 0.153927201406, 154, 2019
E, 100, 0.6688519617497166, 218.825668301, 60.3284877666, 3.25937511988, 2.29105346816, 3.18614655368, 154, 2019
Z, -100, 0.9074307745037652, 255.91097007, 202.315825361, 1.23805966948, 0.329230823359, 0.147283131254, 157, 2019
N, 100, 0.9971993466114024, 345.545120638, 230.12046131, 1.48695914197, -0.0255900837089, 0.0485122294153, 157, 2019
E, 100, 0.9842540269118875, 317.407264872, 87.6702177491, 3.5193023961, 3.12759905484, 3.04651915233, 157, 2019
Z, -100, 0.7942688495185414, 147.952841896, 155.719305472, 0.946883335281, 0.68103010319, 0.0409838303723, 160, 2019
N, 100, 0.9804872393513504, 292.425083998, 206.542419169, 1.37247813975, -0.212526319654, 0.0328568347775, 160, 2019
E, 100, 0.9954081909670784, 336.098394377, 74.1875079369, 4.41726828087, -0.0857575136136, 0.00638146615445, 160, 2019
Z, -100, 0.657794859511702, 80.8207174819, 62.1139322104, 1.34484311275, -0.868244536623, 4.54190455454, 163, 2019
N, 0, 0.9931001743911835, 123.332811294, 97.3555022486, 1.29137795299, 0.0373861810395, 0.0616893030008, 163, 2019
E, -100, 0.8355621545167912, 125.41946632, 31.9188551107, 4.60776629197, 0.531946789016, 0.3440411409, 163, 2019
Z, -100, 0.9703248349636043, 272.741989536, 134.172502008, 2.05945794732, 0.231801679338, 0.019257852286, 166, 2019
N, 100, 0.991786926420581, 201.167494359, 132.161778311, 1.48772837823, 0.0299702978178, 0.106434518987, 166, 2019
E, 100, 0.7845945661294478, 161.213833337, 47.7256637937, 2.94562136225, -0.543612752947, 0.0990720493322, 166, 2019
Z, -100, 0.971532004458131, 237.043441321, 186.401388767, 1.20269576603, 0.0315372570771, 0.128702404729, 169, 2019
N, -100, 0.9865421252214239, 497.171855346, 201.480214825, 2.29774851309, 0.164384684931, 0.0459019102394, 169, 2019
E, -100, 0.9424512312588434, 418.731491818, 76.7115662648, 4.95150750187, 0.366875699678, 0.116806306849, 169, 2019
Z, -100, 0.9647450999904662, 220.543790293, 169.526265379, 1.22576228979, 0.162822779032, 0.127399865144, 172, 2019
N, 100, 0.9964918959714174, 270.448573232, 205.757848405, 1.2950785298, -0.0667830972822, 0.0223479257301, 172, 2019
E, 100, 0.9974248572469663, 286.245381796, 75.2496467838, 3.88075473737, -0.0417586086091, 0.0130043704453, 172, 2019
Z, -100, 0.023192646356852954, 15836.961445, 110.431235724, 135.610896401, -1.32151420748, 3.58201951656, 175, 2019
N, 100, 0.8431161522232709, 166.962456306, 150.019909925, 1.05099229342, -0.628246848904, 0.154219249256, 175, 2019
E, 100, 0.8840912064538857, 222.544702995, 49.3236002887, 4.57498213314, -0.509430339966, 0.041927766784, 175, 2019
Z, 0, 0.6351465709001551, 15808.7686219, 55.7421923613, 210.158387518, -1.02640314855, 0.71182366649, 178, 2019
N, -100, 0.7811766196020475, 224.892773237, 71.7210392966, 3.3417743559, 1.3677485363, 0.855184231506, 178, 2019
E, -100, 0.5773529956518694, 193.283344892, 17.3536047536, 12.6458371216, -4.07314470927, 1.60495207455, 178, 2019
Z, 100, 0.9326205424774664, 227.833582667, 138.397073465, 1.45118244608, 0.0683086710287, 0.283756881615, 181, 2019
N, 100, 0.9779876682372388, 207.125402338, 140.669894485, 1.46637818187, -0.226880137222, 0.0102391071748, 181, 2019
E, 100, 0.5574578640111368, 174.8281563, 50.3231116965, 3.56135034415, 1.99042596893, 3.35592917757, 181, 2019
Z, -100, 0.9377721610646775, 328.482016542, 207.593219474, 1.5504528532, -2.93572617416, 2.95259205489, 184, 2019
N, 100, 0.9884042157526153, 333.87912853, 227.078160157, 1.4516954418, -0.139592116638, 0.0290803016767, 184, 2019
E, 100, 0.9080168832827541, 316.025283292, 85.4380809247, 3.522137024, 2.75582612918, 3.09105138927, 184, 2019
Z, -100, 0.7747112502041927, 473.021529018, 185.854613682, 2.45539458008, -2.43550067528, 3.19675784791, 187, 2019
N, 100, 0.975522932713812, 318.22460598, 231.822078176, 1.33940019691, -0.193290600336, 0.00900926613492, 187, 2019
E, 100, 0.9631972765430473, 364.648934275, 87.3326759407, 3.98956329161, -0.203053906824, 0.0073465132228, 187, 2019
Z, -100, 0.6638698530650826, 90.0532976441, 86.898892546, 1.14185964098, -1.90210577067, 3.6142756021, 190, 2019
N, -100, 0.9421674584324532, 187.476112316, 134.315414302, 1.35652626135, 0.340313974449, 0.0480527635103, 190, 2019
E, -100, 0.8876343428040077, 153.498719701, 43.4324907064, 3.29115820205, 0.463459052115, 0.0464260747442, 190, 2019
Z, 100, 0.9694845211034651, 153.262671028, 108.024889152, 1.44637600796, -0.337680815472, 0.135220491544, 193, 2019
N, 100, 0.7840433314784288, 153.619413936, 107.716568548, 1.45858708159, -0.853105541215, 0.238562697277, 193, 2019
E, 100, 0.0955299449785839, 188.740771824, 36.3749527489, 5.3027705213, 1.46758588248, 3.34677318821, 193, 2019
Z, 100, -0.5686074320659302, 6432.92832612, 170.966766599, 30.9984482063, 2.69821809178, 0.585754853455, 196, 2019
N, 100, 0.9555675954393268, 218.287750148, 184.953691842, 1.06525874868, 0.0160006269607, 0.247980087146, 196, 2019
E, 100, 0.759782511500259, 236.566259768, 67.7316126266, 3.29580204124, 2.56317071111, 2.96491963075, 196, 2019
Z, 100, -0.3072581337914899, 7584.88630459, 173.776871098, 34.568012663, -1.40303095036, 2.73670958784, 199, 2019
N, 100, 0.9900075937154078, 270.70399129, 203.9366033, 1.30193296592, -0.100832634627, 0.0443210337629, 199, 2019
E, 100, 0.7998604155870115, 330.004156821, 75.9173671217, 4.18638564354, 2.5337245889, 3.09890484683, 199, 2019
Z, 100, 0.21469061160629208, 2014.91660495, 127.172101373, 9.68618699065, 1.53453697216, 2.53992390857, 202, 2019
N, 100, 0.9989833406754831, 217.231669122, 166.961610121, 1.27624380462, -0.042984702696, 0.0344863216143, 202, 2019
E, 100, 0.9128895979176201, 280.579801995, 58.4008647668, 4.76925452087, -0.3682876399, 0.0386532803034, 202, 2019
Z, -100, 0.6291776259354733, 23970.5207603, 59.8786133003, 439.307784236, -1.92092186574, 3.95134383439, 205, 2019
N, -100, 0.3227250635597724, 217.456789991, 91.7944482658, 2.20385551156, 2.28781707355, 1.19441592278, 205, 2019
E, 100, 0.3681567088078546, 146.200851459, 25.8474168687, 4.96151663057, 1.71345806815, 3.46313585467, 205, 2019
Z, 100, 0.26639543233700314, 21487.5023093, 103.053813576, 133.17209945, 1.38719772468, 4.00758240722, 208, 2019
N, 100, 0.5362146688255734, 320.516858871, 103.845592945, 3.11251409579, -1.05496958405, 0.659434315258, 208, 2019
E, -100, -0.007813738664455443, 223.194562782, 35.7806453096, 7.54388040716, -1.51216984413, 0.325087516194, 208, 2019
Z, 100, 0.9849583270322414, 214.203822786, 181.388435607, 1.09641410814, -0.00625866837913, 0.108974317561, 211, 2019
N, 100, 0.859514590642541, 220.69772272, 199.070389214, 0.937495676246, 0.380466709618, 0.528201518373, 211, 2019
E, 100, 0.25398705369893565, 201.465522114, 73.7030208326, 2.05857378732, 3.78611404634, 1.31743651539, 211, 2019
Z, 100, 0.9818701481142762, 230.749383743, 192.96722862, 1.15717120713, -0.0550887142399, 0.0208349597675, 214, 2019
N, 100, 0.994130002061897, 322.69828586, 229.83694695, 1.39240491211, -0.0973609534753, 0.0235662784478, 214, 2019
E, 100, 0.9532657936321404, 314.335510278, 87.7931611562, 3.52401494013, 2.88306099343, 3.06536297506, 214, 2019
Z, -100, 0.9786688220330806, 145.01029359, 103.938290355, 1.51674627967, 0.249062700907, 0.17170621857, 217, 2019
N, 100, 0.9945134755237439, 212.128229104, 151.487595841, 1.391775504, -0.109748961716, 0.00292530749694, 217, 2019
E, 100, 0.9637885984828026, 251.352852869, 55.2248358968, 4.80841064397, -0.156655237433, 0.104320284295, 217, 2019
Z, 100, 0.9153688226430247, 78.8773340148, 80.7753585904, 1.02521744973, -0.596846906332, 0.230274767719, 220, 2019
N, -100, 0.328200047334503, 91.8335951588, 76.5282422041, 1.1434945611, -1.27932185209, 2.17293769446, 220, 2019
E, 100, -0.718871180961823, 92.5407567845, 26.2870943802, 4.74296302439, -0.149731260657, 3.73679633288, 220, 2019
Z, 100, 0.9425581206058354, 193.01766374, 141.873584555, 1.23032016055, 0.0729215925162, 0.298844030327, 223, 2019
N, -100, 0.8201679152843664, 257.172409525, 156.680645011, 1.79789447402, 0.499204547917, 0.00402973924786, 223, 2019
E, 100, 0.7115606857130123, 122.93676236, 56.2072823478, 1.85874894126, 0.00762729663532, 0.475269041686, 223, 2019
Z, 100, 0.9664157918634088, 239.539821057, 157.057912587, 1.44877611398, 2.87208795076, 3.23964370948, 226, 2019
N, 100, 0.9975864203094831, 259.030153219, 179.582461207, 1.42813507185, -0.0610802102658, 0.00412806169804, 226, 2019
E, 100, 0.8721808852808819, 213.657950272, 67.4332663735, 3.1281402973, -0.44445615869, 0.111504614434, 226, 2019
Z, -100, 0.9540127941028691, 176.248110091, 123.594903592, 1.45457686804, 0.24941022196, 0.00556457690164, 229, 2019
N, 100, 0.9966466839353684, 215.670430032, 154.357739292, 1.37220107851, -0.0823873907063, 0.0164131542686, 229, 2019
E, 100, 0.9091032170230784, 221.468004782, 57.8615536796, 3.74514706275, 2.74314984356, 3.12083627355, 229, 2019
Z, -100, 0.823982131781991, 77.5855741165, 58.0709435703, 1.54520954899, -2.36928010061, 3.533232611, 232, 2019
N, -100, 0.9902016273853007, 117.005212932, 90.4181558389, 1.28368242103, 0.0896797248121, 0.0295952206868, 232, 2019
E, 100, 0.95574588442206, 143.758042921, 29.4946692672, 5.46626745097, -0.137980997193, 0.163902546591, 232, 2019
Z, 100, 0.893456886231284, 94.6599244049, 71.7966119062, 1.41008076537, -0.688300855958, 0.307940770532, 235, 2019
N, 100, 0.9929292439030002, 115.340615187, 68.3084211758, 1.76772282961, -0.202432558536, 0.130084803123, 235, 2019
E, 100, 0.3863497948048651, 55.8916098099, 24.5399397626, 2.02953642142, -0.420757659947, 1.16644795382, 235, 2019
Z, 100, 0.9797247567826612, 168.476963772, 143.973585447, 1.2343458003, -0.216930689327, 0.170559742477, 238, 2019
N, 100, 0.9787436874038662, 213.6850458, 159.050586938, 1.31997347864, -0.263355196518, 0.119725772773, 238, 2019
E, 100, 0.8290219477962288, 227.401470488, 58.6165614895, 3.75658114001, -0.6302017364, 0.0758153950899, 238, 2019
Z, 100, 0.9513945107378673, 207.209937691, 171.40150435, 1.10751713576, 0.00214038228828, 0.212255963548, 241, 2019
N, -100, 0.9813604141142258, 297.941861051, 200.523062282, 1.52114209816, 0.083085153078, 0.0146369081111, 241, 2019
E, 100, 0.917655544088112, 217.801366702, 76.1668010709, 2.68239635246, -0.261947019728, 0.189944564797, 241, 2019
Z, 0, 0.9909371331669732, 160.955642565, 107.596114932, 1.52267466355, 0.0181293926636, 0.0353924587148, 244, 2019
N, 100, 0.9862277515277597, 217.957108094, 143.282789783, 1.5384810379, -0.163781396437, 0.0212070700248, 244, 2019
E, 100, 0.9127485660698593, 216.696133346, 57.1410432416, 3.8791532139, -0.333328292707, 0.0953315618908, 244, 2019
Z, 100, 0.813700449784031, 78.4726808033, 64.714099979, 1.22044096623, -0.802953555342, 0.227964371202, 247, 2019
N, 100, 0.9754297983883099, 90.2785393838, 51.7926373992, 1.72418521005, 2.85906095137, 2.85304093345, 247, 2019
E, -100, 0.4662585320660347, 74.7235102128, 21.058275458, 3.32302247783, 1.4815658511, 1.09516520305, 247, 2019
Z, 100, 0.959533662980462, 125.861804022, 120.468418309, 1.00927025424, -0.300468259828, 0.0859520300168, 250, 2019
N, -100, 0.9945759355857926, 185.11772602, 133.711929057, 1.33782956185, 0.0265433771303, 0.0143057259041, 250, 2019
E, 100, 0.9755120897313999, 74.3637864588, 49.457634313, 1.36107252614, -0.164453957678, 0.151593147426, 250, 2019
Z, -100, 0.9930146174160427, 155.076887469, 130.013500243, 1.22503543079, -0.0372768499887, 0.067577276029, 253, 2019
N, -100, 0.9636926665030197, 329.387518479, 153.253169259, 2.07028063023, 0.28831374827, 0.073053701607, 253, 2019
E, -100, 0.7492312939483863, 181.792704278, 55.7454810367, 3.05937880543, 0.752789936818, 0.175792430422, 253, 2019
Z, -100, 0.9747214052832054, 189.13799585, 102.76097547, 1.94279367782, 0.150796370429, 0.00229715188481, 256, 2019
N, -100, 0.9982412597326247, 184.554305179, 124.554701179, 1.45287523744, 0.0518301541544, 0.0289004146272, 256, 2019
E, 100, 0.8744866242285372, 145.274884276, 48.4120770405, 2.94604609676, 2.71753316173, 3.03171889654, 256, 2019
Z, -100, 0.9310706187279537, 83.1709012706, 45.0977490992, 2.17496833744, 0.233269848266, 0.268357698975, 259, 2019
N, -100, 0.9760053518479745, 87.538269351, 66.3497411464, 1.27478346638, 0.176495902199, 0.0103997775663, 259, 2019
E, 100, 0.8953295497420959, 102.75740958, 26.182196732, 4.17023406335, -0.304576597117, 0.0952507007939, 259, 2019
Z, 100, 0.7554021654526275, 54.4041837285, 65.6368641507, 0.737220082887, -0.0323258491695, 0.380881286151, 262, 2019
N, 100, 0.9884672617932011, 100.027602417, 56.1410169343, 1.83590073086, 2.96931699269, 3.05155131545, 262, 2019
E, -100, 0.72740347160759, 59.8126859543, 23.5349155725, 2.81934744455, -2.45436223325, 3.3115561955, 262, 2019
Z, 100, 0.9687297488856175, 135.89233471, 123.304993353, 1.11015209782, -0.260617725506, 0.0196645401792, 265, 2019
N, 100, 0.9906679940606675, 222.634745003, 135.557592177, 1.66954327284, -0.0528120183721, 0.0237067667729, 265, 2019
E, -100, 0.9445682076477111, 133.810187216, 51.742661512, 2.6832123445, 0.165736163295, 0.0625963707364, 265, 2019
Z, 100, 0.9554620745496878, 125.151661978, 141.567128188, 0.769153579747, -0.251638759825, 0.273613355124, 268, 2019
N, 100, 0.38230483486241856, 282.218068585, 171.912558472, 1.57407506988, -1.20041639592, 0.0866749728707, 268, 2019
E, 100, 0.6573529524327507, 449.886782317, 63.8458959636, 6.22827510002, -0.78402115909, 0.125181615024, 268, 2019
Z, -100, 0.9381839209218351, 98.9533661543, 94.3485985147, 1.16894847997, 0.261718315413, 0.223599529013, 271, 2019
N, -100, 0.9061036246257677, 163.984695873, 120.776509528, 1.41572710324, 0.331797939854, 0.202567884114, 271, 2019
E, 100, 0.9636192373338633, 174.026523472, 48.0578726929, 3.79149168186, -0.252857962495, 0.0376978705255, 271, 2019
Z, 100, 0.89277877394536, 72.1888913725, 71.2468655935, 0.996009893497, -0.34279777975, 0.0893548575849, 274, 2019
N, 100, 0.8931233692562276, 85.4780379491, 56.2588434811, 1.44557089913, -0.336467536982, 0.287247074519, 274, 2019
E, -100, 0.8992301711626288, 87.2411135922, 26.1549941936, 4.02367312087, 0.355560057461, 0.34914961999, 274, 2019
Z, 100, 0.9673631418795042, 119.493153463, 129.208787776, 0.909397295995, -0.170480148667, 0.0240836504584, 277, 2019
N, 100, 0.9752633053204451, 202.876448648, 139.659295506, 1.38395444538, -0.266365640209, 0.192846231002, 277, 2019
E, 100, 0.9664852583618728, 140.0147989, 53.7057119494, 2.49925453746, -0.199395512141, 0.241792037316, 277, 2019
Z, 100, 0.9708581291050823, 251.196812877, 122.165034367, 2.06077872741, -0.150130041277, 0.154001502027, 280, 2019
N, -100, 0.8809077384627579, 299.538583872, 150.106514295, 1.91634841393, 0.558845371193, 0.153644780871, 280, 2019
E, -100, 0.18835465871347967, 117.359308346, 54.469639192, 2.00354695204, 1.44806724318, 0.340259589446, 280, 2019
Z, -100, -0.1440220180316029, 154.04002719, 83.5766782097, 1.18324648354, 0.991549263782, 3.75581953564, 283, 2019
N, 100, 0.9913006196152561, 205.243667963, 105.561943437, 1.99312968283, -0.138893863709, 0.0280807741665, 283, 2019
E, -100, 0.9810593414331944, 168.525301722, 38.4860008508, 4.42243508148, 0.183923981082, 0.0176032239289, 283, 2019
Z, -100, 0.7396138040627074, 169.050589815, 31.5076323767, 6.44135594856, -0.0436573986279, 0.753832477092, 286, 2019
N, 100, 0.9920299892279406, 79.9215291005, 35.9530813635, 2.17507059309, -0.0877809837096, 0.0742779351882, 286, 2019
E, 100, 0.8482318889258547, 55.2985981685, 17.4813895102, 3.66849337303, -0.664059991869, 0.260497325935, 286, 2019
Z, 100, 0.807615050830308, 101.24160897, 84.2278467191, 0.97644017252, -0.949209767861, 0.586172544131, 289, 2019
N, 100, 0.9714822981137182, 129.415572616, 78.3787709785, 1.75836029848, 2.84208894392, 3.0239541654, 289, 2019
E, -100, 0.9901389073166751, 125.946213923, 31.5562381616, 4.15498668241, 0.0117830798, 0.108478636978, 289, 2019
Z, 100, 0.9750975600042809, 127.662538003, 138.72471984, 0.933997010827, -0.056173546408, 0.0401473882245, 292, 2019
N, 100, 0.9824929977888418, 227.65364186, 149.007791714, 1.53622598128, -0.198474774524, 0.00584775750243, 292, 2019
E, -100, 0.9976595515072112, 192.865747169, 57.0909866562, 3.38222134632, 0.0620899085305, 0.0158791560487, 292, 2019
Z, 100, 0.5359770055554104, 41.9254145135, 83.7196588109, 0.319917936874, -0.931064693754, 0.26638031346, 298, 2019
N, 100, 0.9472650151997088, 87.2579271587, 116.152139758, 0.669296667201, -0.304649983912, 0.16942901245, 298, 2019
E, 100, 0.9315229805559627, 74.3697862227, 41.05859723, 1.56182454302, -0.107193203298, 0.157104689199, 298, 2019
Z, -100, 0.9913833310309949, 155.434737735, 157.951008421, 0.975450724402, 0.0687270786937, 0.0591811020458, 304, 2019
N, 100, 0.8926228467488536, 298.308599132, 170.034054896, 1.88096125126, -0.339728788889, 0.142071570822, 304, 2019
E, 100, 0.9849429311232902, 245.236256241, 64.0422822411, 4.08517110973, -0.0539211495625, 0.070053299792, 304, 2019
Z, 100, 0.9869830999971198, 195.326603283, 151.827162051, 1.26190885212, -0.170448830489, 0.0381972436622, 307, 2019
N, 100, 0.601306767666891, 342.35441871, 183.313856206, 1.55768710901, -1.19580807036, 0.478752468378, 307, 2019
E, -100, 0.9640251597962998, 342.643779934, 67.1457016003, 4.60012990462, 0.236610219225, 0.082837270192, 307, 2019
Z, 100, 0.9207676683273446, 85.0046037789, 96.9295257531, 0.824425288331, -0.448142271118, 0.151211463235, 310, 2019
N, -100, 0.9788405191787469, 185.415520221, 128.915662195, 1.50268570973, 0.160793230001, 0.0460556577727, 310, 2019
E, 30, 0.9825046244539698, 152.054907571, 44.2041859252, 3.26062712607, -0.0985423650139, 0.140200124543, 310, 2019
Z, 100, 0.774754258061919, 132.995329507, 36.8320927966, 3.58182260027, -0.16717130393, 0.505295842923, 313, 2019
N, 100, 0.6789620947646555, 84.955360088, 47.7861444799, 1.6802434444, -0.806797884172, 0.126294004078, 313, 2019
E, 100, -0.26634849747855505, 71.3534717503, 14.1831140407, 6.15774087494, 0.209034536094, 2.07393788704, 313, 2019
Z, 100, 0.9899874088911302, 106.901788866, 101.097026404, 1.11222472657, -0.163539894144, 0.107274163608, 316, 2019
N, 100, 0.979461885551974, 146.835267966, 98.5611439652, 1.53965231879, -0.221500764072, 0.0402696313645, 316, 2019
E, 100, 0.9772621826277327, 137.741945421, 36.4539069478, 3.79501118115, -0.206380260048, 0.0196707738618, 316, 2019
Z, 100, 0.9919130465357937, 182.564850523, 166.211009035, 1.06833397723, -0.0691833734475, 0.0653499461319, 319, 2019
N, 100, 0.982444427340415, 322.769275891, 179.570229074, 1.70827952315, -0.0796480179154, 0.113140637266, 319, 2019
E, 100, 0.9846625289835654, 195.775147205, 66.7667647125, 2.88838003143, -0.198483023083, 0.12055864592, 319, 2019
Z, 100, 0.9592717622243155, 184.691509176, 171.766628025, 1.03191681663, -0.315549542517, 0.148520593268, 322, 2019
N, 100, 0.9737197116959909, 324.489496875, 207.046413195, 1.53192454132, -0.2560857202, 0.0914030242423, 322, 2019
E, -100, 0.9907677982418749, 259.982595682, 76.2228499669, 3.31531554011, 0.130763827143, 0.0979468108843, 322, 2019
Z, -100, 0.930088877481783, 96.3069088296, 106.648790102, 0.930050819532, 0.338134963273, 0.198943690693, 325, 2019
N, 0, 0.9994199374761557, 230.962560186, 148.480660499, 1.558909213, 0.0269388422623, 0.031623601389, 325, 2019
E, -100, 0.9611364004483262, 201.140434187, 50.3995526128, 3.8908193356, 0.285589247013, 0.0254131592414, 325, 2019
Z, -100, 0.12565297846409867, 4988.91983961, 80.0941294408, 58.1956288194, 1.80349070531, 0.356275879962, 328, 2019
N, 100, 0.9596999138201343, 79.956228549, 67.9532547803, 1.1847768009, 0.063154543292, 0.349255381565, 328, 2019
E, 100, 0.7893434009300379, 106.280813614, 24.2401874435, 4.43948573513, -0.660298491518, 0.0502694339715, 328, 2019
Z, -100, 0.5766697957071831, 17667.0565883, 172.895423656, 90.4015541053, -2.28452876615, 3.27771160872, 331, 2019
N, 100, 0.9965423813145897, 257.020459011, 185.371239838, 1.3634572798, 0.0302326656457, 0.083066612003, 331, 2019
E, 100, 0.8824926706685492, 239.567503033, 68.2187406127, 3.39862854967, 2.59790617499, 3.0579179397, 331, 2019
Z, 100, 0.811993555625577, 303.546493886, 189.122644938, 1.26953655372, -0.822888000927, 0.461363078653, 334, 2019
N, 100, 0.9966615881530868, 330.190699659, 224.253661353, 1.49294476626, -0.0857603943819, 0.0101143041124, 334, 2019
E, 100, 0.9872526982854574, 291.188584464, 81.0542607566, 3.53633685898, -0.139512873964, 0.0347353439928, 334, 2019
Z, 100, 0.9902357647639253, 179.521880034, 137.629387747, 1.36215304469, -0.0598643004123, 0.0829090849614, 337, 2019
N, 100, 0.9942171896165991, 248.98087751, 175.773593789, 1.40182529639, -0.121276082185, 0.0124521248615, 337, 2019
E, -100, 0.9973097220293768, 225.511083738, 61.5290009808, 3.66971802951, 0.0685157140295, 0.0170201448178, 337, 2019
Z, 100, 0.6815258785791084, 96.9072021458, 66.8111997485, 1.32985423499, -0.972409108717, 0.18245499495, 340, 2019
N, 100, 0.9990903999564255, 122.880587524, 89.9306478338, 1.37500550755, -0.0255987490568, 0.0074876386394, 340, 2019
E, -100, 0.9908773499262933, 110.91156534, 26.7675598384, 4.08976189922, 0.107447297574, 0.02130256815, 340, 2019
Z, 100, 0.9145552118739506, 76.1697140188, 97.4036305845, 0.741151650415, -2.85058175134, 2.57132226806, 343, 2019
N, 100, 0.9974074964975036, 147.212329702, 95.3436179878, 1.52285423039, -0.00296927042772, 0.0609735073818, 343, 2019
E, 100, 0.9742711211111047, 132.680926194, 31.8378887399, 4.20981482311, -0.273758454333, 0.045063392929, 343, 2019
Z, 100, 0.9796139774515249, 188.783411261, 176.701649001, 1.09204567209, -0.198004315146, 0.00701465094211, 346, 2019
N, 100, 0.9951915989237495, 280.805572291, 191.092947186, 1.45085356651, -0.0859036448416, 0.02303926967, 346, 2019
E, 100, 0.9914879841308976, 248.485594199, 69.3681165894, 3.5531219442, 2.99974042613, 3.12028537019, 346, 2019
Z, 100, 0.9931845066383874, 220.762598642, 204.033669653, 1.10001913273, -0.123834690873, 0.0205273343409, 349, 2019
N, 100, 0.9961767909801438, 350.522941485, 240.668385154, 1.44210071112, -0.0840646887936, 0.0105201695298, 349, 2019
E, -1, 0.9998471057884705, 323.071323459, 87.853543509, 3.6791315948, 0.0195703957843, 0.0117102677574, 349, 2019
Z, 100, 0.9323335927958364, 208.977668169, 144.121409015, 1.53979454299, -0.238410850249, 0.111112600327, 352, 2019
N, 100, 0.9974952062877029, 276.091402138, 193.911645234, 1.4284403336, -0.0631413713224, 0.0166864898035, 352, 2019
E, 100, 0.9988097550267759, 246.775157194, 67.8158434685, 3.61274965495, -0.055157357813, 0.0338770450443, 352, 2019
Z, -100, 0.027343278883959436, 1678.01767478, 66.9312429779, 24.3409674355, -0.92561688814, 2.54266675317, 355, 2019
N, 100, 0.9915264613959972, 103.416182949, 74.1097165799, 1.39978718983, -0.291784867064, 0.176681518753, 355, 2019
E, 100, 0.9640145161372436, 61.7392304798, 16.6979549946, 3.81569222411, -0.172669124331, 0.129581043806, 355, 2019
Z, -100, 0.7771656190185212, 5608.419845, 161.533541731, 31.8852547025, -2.62841189317, 3.31610946282, 358, 2019
N, 100, 0.994436631870023, 232.9539116, 167.703753905, 1.38529895702, -0.0981410028237, 0.0161764216203, 358, 2019
E, 100, 0.9930403541875363, 209.860843429, 60.5320431375, 3.47939444192, -0.140917819761, 0.0269382257003, 358, 2019
Z, -100, 0.756734371993041, 350.387924131, 202.433176968, 1.65575030759, 0.381832386704, 0.175485606769, 361, 2019
N, 100, 0.9956820301219864, 351.202358906, 236.530660857, 1.47258351242, -0.0754039924591, 0.029633098305, 361, 2019
E, 100, 0.9983820693378052, 295.441803684, 84.5855607206, 3.43641935215, -0.0379114171581, 0.0104123718699, 361, 2019
Z, 100, 0.2989872478328832, 491.196932241, 168.968397626, 1.74713457764, -1.428216009, 1.38568574788, 364, 2019
N, 100, 0.9935223126767259, 317.888721732, 211.236828499, 1.50201710113, -0.129101266425, 0.0258109350737, 364, 2019
E, -100, 0.9278069210104123, 296.75522152, 74.3107958541, 3.67449761219, 0.475897551891, 0.278062300451, 364, 2019
