Chan, Phase Shift, Correlation, ptp-data, ptp-synthetic, rat, phasem, phasestd, DOY, Year
Z, -100, 0.7214896295880928, 753.4538198, 111.180268845, 7.15345073765, 0.502152106527, 0.350160218236, 1, 2019
N, -100, 0.9526430849486004, 189.183604671, 45.0879196333, 3.60876123144, 0.967057602299, 1.1613160562, 1, 2019
E, -100, 0.8147701416824732, 338.361751874, 54.8258061523, 6.64090726123, -0.372500301821, 0.648085870107, 1, 2019
Z, 100, -0.12183644475836625, 674.786382371, 159.551610388, 4.23673301167, 0.121466774261, 2.35450564125, 4, 2019
N, -100, 0.7631750884118498, 70.6036124493, 41.2040413863, 1.53564871432, -0.755347305364, 2.76559494639, 4, 2019
E, -100, 0.09270304112822104, 411.021463286, 96.7240334786, 4.20344643281, 1.45238602066, 0.226475890396, 4, 2019
Z, 100, -0.9159838175852516, 549.696055498, 175.903800985, 3.10035289821, 0.0932801036879, 2.84811434033, 7, 2019
N, 100, 0.4593243986085892, 98.5234842225, 29.745881238, 3.40209635912, -1.17006493231, 1.60953224919, 7, 2019
E, 100, -0.7191030676983157, 481.20427609, 115.029194184, 4.10911872052, 0.573311441671, 3.0913218461, 7, 2019
Z, -100, -0.7256337233251312, 559.805492868, 152.509047925, 3.78349679996, -1.9376249373, 1.3452478479, 10, 2019
N, 0, 0.8894015325470298, 154.1991123, 18.5808186553, 8.43380717531, -0.382314604511, 0.214820580365, 10, 2019
E, 100, -0.98243016244918, 438.964039211, 103.075371945, 4.33352481621, 1.18234853465, 2.8905662757, 10, 2019
Z, 100, 0.2423034174404685, 663.43068336, 101.70067915, 5.92979530105, -1.20267484693, 1.42524955675, 13, 2019
N, -100, 0.6704308255119358, 88.3141804101, 22.8671633659, 4.49556566686, -0.248020371388, 3.04991205759, 13, 2019
E, -100, -0.7032331394813744, 412.666708335, 66.6832997966, 6.00585819737, 1.82367917771, 2.76629904162, 13, 2019
Z, -100, 0.8448447462474705, 699.724918321, 87.8082153266, 8.13630995847, -0.297000850103, 0.83212547177, 16, 2019
N, -100, 0.5621470130886708, 95.6447412925, 35.8296084796, 3.11809254403, 0.382588852377, 2.60223728377, 16, 2019
E, -7, 0.7662839797340604, 392.699186815, 40.4826524494, 9.25062073931, -0.606618895976, 0.752645911666, 16, 2019
Z, -100, 0.09848244810165922, 691.974433788, 163.14564808, 4.54618854721, -0.834242761846, 2.99600986845, 19, 2019
N, -100, 0.9432700634111957, 154.563914213, 47.653799252, 2.66732502251, 2.51302800839, 1.6040973543, 19, 2019
E, -100, 0.08578428864553053, 467.921488507, 96.9695116114, 5.18775994657, 1.15627106657, 0.308011554353, 19, 2019
Z, 100, -0.8593236187413225, 471.24406602, 209.754092233, 2.3335900773, -0.112806386257, 2.81662136875, 22, 2019
N, 100, 0.9635379675200847, 144.114222147, 47.4635378644, 3.21813729069, -0.62033603955, 0.286759063184, 22, 2019
E, 100, -0.8136178516145637, 550.452737153, 129.070914401, 4.17328990301, 0.600784809859, 3.06363525349, 22, 2019
Z, -100, -0.42656421078558004, 547.596501563, 184.412298186, 2.73784598379, -1.6592400422, 1.37921100704, 25, 2019
N, -100, 0.9743206003626372, 206.60025738, 37.2317666839, 5.89492991522, -0.127291090198, 0.248084609371, 25, 2019
E, -100, -0.9663102588113207, 566.250305776, 113.702381346, 4.85555054946, 1.35948876328, 2.81817461242, 25, 2019
Z, 100, 0.6010664199013983, 657.348521826, 104.826894196, 5.86381624485, -1.13422142355, 0.378757194296, 28, 2019
N, -100, 0.7633134687451469, 150.580157846, 38.1305187208, 4.04929549349, -0.115857138038, 2.77385824601, 28, 2019
E, -100, -0.45991486823757827, 400.375669387, 60.6315060207, 6.80662774323, 1.64754664897, 3.06410490973, 28, 2019
Z, -100, 0.5131974180255063, 718.745715353, 102.396846974, 7.37231154949, -1.04819517281, 2.88470446768, 31, 2019
N, 100, 0.8873899582662967, 144.587050848, 42.9537178453, 2.85965804127, 1.83472108671, 1.72014738718, 31, 2019
E, -100, 0.5108672820612105, 399.55181139, 52.5039071879, 8.53831447212, 0.128576027142, 0.607714892045, 31, 2019
Z, 100, -0.4328127407057204, 631.685960971, 160.575049886, 4.09183875879, -0.329017084738, 2.83883462774, 34, 2019
N, 100, 0.705432181959234, 119.291813999, 39.2905553982, 3.24869348607, -1.13821647021, 0.432841896731, 34, 2019
E, 100, -0.2911325700103169, 492.499268737, 100.506242357, 5.08654576913, 0.67173248034, 2.71424642306, 34, 2019
Z, 100, -0.965908981124364, 482.806532279, 184.560922663, 2.70982112318, 0.186692009606, 3.05192216671, 37, 2019
N, 100, 0.4843491766813591, 207.173334473, 28.658883187, 7.77568422999, -1.01499907355, 1.50851183712, 37, 2019
E, 100, -0.7795942773973298, 489.605679962, 123.485157494, 4.06285809582, 0.696335832339, 3.07972959089, 37, 2019
Z, -100, -0.6490888640856359, 617.12903443, 163.748817395, 3.50156898542, -1.85611423547, 1.35098809959, 40, 2019
N, 65, 0.9295818752631817, 179.428442153, 17.4785757712, 12.7608238448, 0.0092232242122, 0.398113895016, 40, 2019
E, 100, -0.9727212646712171, 523.607801166, 113.125559956, 4.36084846944, 1.19990140379, 2.86894622813, 40, 2019
Z, 100, 0.30219564072933847, 667.560025147, 106.239230489, 6.06269443078, -1.24231464831, 0.409201240537, 43, 2019
N, -100, 0.9876337594346262, 332.835691743, 23.7567241323, 15.7694863391, 0.515366182593, 1.19637649516, 43, 2019
E, -100, -0.7168656142060121, 390.457707476, 71.8642487542, 5.59706563161, 2.03420690344, 2.78083545451, 43, 2019
Z, -100, 0.7243626172790492, 693.959242604, 94.3471442513, 7.79799249933, -0.331138136139, 0.823674303267, 46, 2019
N, -100, 0.8683402072894896, 332.899487929, 41.7287351059, 8.43341983341, -0.0313746215146, 1.02093173723, 46, 2019
E, -100, 0.6031234940661184, 273.56924592, 46.0285610863, 5.72527311573, -0.506994421612, 0.790496686305, 46, 2019
Z, 100, -0.18410193237974667, 576.841634748, 188.23637641, 3.42364341354, -0.330216152378, 2.77989576314, 49, 2019
N, -100, 0.8127618187209478, 225.039681072, 54.1975110494, 3.82636116154, -0.232481953371, 1.97292148823, 49, 2019
E, 100, -0.49913277359982694, 324.129864111, 114.257795468, 2.95188515957, 0.960168127736, 2.40150343427, 49, 2019
Z, -100, -0.9260302963062048, 430.285187913, 228.81062972, 1.94253922532, 0.0184345267572, 2.93413816262, 52, 2019
N, 100, 0.6750012725627317, 203.295081067, 48.7377609728, 3.54626632732, -0.509896462388, 1.43028106945, 52, 2019
E, 100, -0.9562042083223338, 535.163927063, 144.387363071, 3.54707770149, 1.00444719274, 2.94965058797, 52, 2019
Z, -100, -0.3294756378226069, 585.785600193, 180.690564905, 3.09258840074, -1.44546683346, 1.37729660585, 55, 2019
N, -100, 0.9165729760959843, 230.756422122, 32.4894719368, 7.09856345514, -0.0963080375796, 0.165710765896, 55, 2019
E, -100, -0.966955666129471, 480.757098443, 115.568001592, 4.18688244199, 1.5045198316, 2.77165501924, 55, 2019
Z, 100, 0.6310863294218133, 750.861001415, 80.6467719904, 8.33963459694, -1.19257644317, 0.429501220061, 58, 2019
N, -100, 0.7277766769741411, 137.977397325, 37.5973625861, 3.89575907807, 0.662748216681, 0.225253440237, 58, 2019
E, -100, -0.5469407921197718, 423.617306279, 49.9699040934, 8.76142567252, 2.13920829271, 2.80979710758, 58, 2019
Z, -100, 0.332068796600827, 664.580874287, 111.546069906, 7.00461874895, -1.110180448, 3.08567713028, 61, 2019
N, -100, 0.13783508070860534, 52.4888529363, 42.5831632451, 1.43836763245, 1.68848073779, 0.946548950341, 61, 2019
E, -100, 0.30922012603974847, 350.284845916, 63.5855354619, 7.01128490953, 0.578805396453, 0.530823059997, 61, 2019
Z, 100, -0.30672973812323084, 594.652379505, 175.277217354, 3.60689468402, 0.208790362094, 2.65431611695, 64, 2019
N, 100, 0.7220215279089712, 311.49225697, 38.3923214687, 6.05040313611, -1.40429687611, 0.665362552238, 64, 2019
E, 100, -0.2988274651147919, 307.944051715, 114.259215983, 2.78406809047, 0.394078364863, 3.00394161061, 64, 2019
Z, 100, -0.4006223608045342, 137.98611139, 196.995912529, 0.80793176472, -0.612282285918, 1.96746733217, 67, 2019
N, 0, 0.9397505160353997, 335.207774871, 27.9512959799, 12.2636875279, -0.351086127628, 0.19837837995, 67, 2019
E, 100, -0.8690636961121232, 202.011798666, 135.193639797, 1.45048131495, 0.760624114573, 3.03092336147, 67, 2019
Z, -100, -0.11166709455971734, 198.404868933, 166.526312689, 1.01152563333, -0.57249916067, 1.37824611531, 70, 2019
N, -100, 0.46756296045919504, 295.260191888, 16.6856258345, 16.0836683132, 0.29049429042, 1.26010068814, 70, 2019
E, -100, -0.9789279103752332, 245.80754652, 116.606390009, 1.98171022695, 1.38354559759, 2.79819351104, 70, 2019
Z, 100, 0.5073627153079675, 251.660201688, 93.1764191974, 2.35633382337, -1.06195783901, 0.547847531362, 73, 2019
N, 100, -0.4964956559623847, 97.6174087837, 30.0778816779, 3.8521909296, -0.467848844377, 3.38452908505, 73, 2019
E, -100, -0.8942310894281694, 151.774519648, 62.9408481569, 2.35800171705, 1.68454678567, 2.80361327276, 73, 2019
Z, -100, 0.6950661296766505, 253.159484936, 125.158343386, 2.29153004901, -1.29291772991, 2.81350078995, 76, 2019
N, 100, 0.5640284085062162, 172.612417749, 50.1203610295, 3.09981443664, 1.96746803548, 2.51703861508, 76, 2019
E, 100, -0.21829949714855787, 57.1140815744, 69.904233172, 1.17801187762, 0.0736402467202, 1.3626165662, 76, 2019
Z, -100, 0.5905484595528158, 166.538024099, 217.682243725, 0.806158884539, 0.623962028717, 1.08092707261, 79, 2019
N, 100, 0.9447898262233522, 272.180272651, 56.3639898937, 4.8164068448, 0.55874380057, 2.32299750697, 79, 2019
E, 100, -0.8828628382563141, 112.068021725, 136.029949676, 0.813143717663, 0.694289292431, 2.91205795434, 79, 2019
Z, 100, 0.836302036074962, 69.8317285376, 228.405515213, 0.321652843581, 2.43327292071, 3.42793515865, 82, 2019
N, -100, 0.8539201852817523, 318.977454519, 42.7500989036, 7.20277789957, -0.427785797506, 1.22264736186, 82, 2019
E, 100, -0.9764958679061614, 152.284219157, 147.943986478, 1.05694564649, 1.23260460684, 2.86596453258, 82, 2019
Z, 100, 0.13107580341041902, 218.519581974, 152.776291277, 1.30831723405, -0.777910108534, 1.40364258252, 85, 2019
N, 100, -0.26736015541763397, 207.004321172, 28.6355172725, 7.21089572833, 0.711566760319, 1.18589568606, 85, 2019
E, 100, -0.9590235646644786, 175.81690945, 101.048869949, 1.65570223998, 1.37171799267, 2.79240442062, 85, 2019
Z, 100, 0.7911731787417756, 301.122634841, 53.3595307217, 4.15846403114, -0.741868529567, 0.684709346169, 88, 2019
N, 100, 0.25837734803577805, 142.599936262, 38.2056783643, 3.21205962176, 1.4311658142, 2.83257715687, 88, 2019
E, -100, -0.261784016546724, 111.963175229, 32.5716679445, 3.748235323, 2.46311574423, 2.68635644961, 88, 2019
Z, -100, 0.5635591623282861, 229.322765798, 129.42491356, 2.08293330742, -0.407045419133, 2.34942688836, 91, 2019
N, 100, 0.8010798777188762, 196.867938159, 41.5690630692, 4.43911267204, 2.89245265961, 2.72502669881, 91, 2019
E, -100, 0.13143097892511665, 72.2381434189, 78.8578068336, 1.13266143566, 1.35951259607, 0.594817868036, 91, 2019
Z, -100, 0.6928576291652074, 895.9989884, 188.743919308, 3.63832454712, 0.315282224895, 1.83728900903, 94, 2019
N, -100, 0.8440671524926358, 253.800612584, 37.0846947519, 5.28978214133, -2.07581937186, 2.71614053756, 94, 2019
E, -100, 0.882225896856769, 192.493281232, 125.884088219, 1.12626786921, -1.00893172951, 2.58088664664, 94, 2019
Z, -100, 0.9513624622178788, 92.1993292714, 199.001228129, 0.408510384504, 0.53603426217, 1.34729444011, 97, 2019
N, -100, 0.8738007226566239, 308.480037671, 26.979005825, 10.9746285487, 0.028230878944, 0.145234198283, 97, 2019
E, 100, -0.6785318638258271, 63.8612445674, 137.026699059, 0.450845494267, 1.03577534873, 2.90523443862, 97, 2019
Z, 100, 0.5463714380490882, 124.243313928, 151.441247469, 0.850841287258, -0.100171144712, 1.38831746181, 100, 2019
N, 100, -0.11190477892696507, 185.406348565, 20.8714740631, 8.81945062073, 0.586620310737, 1.22253254856, 100, 2019
E, 100, -0.8644060756609432, 101.608110039, 104.794353001, 0.835039243137, 1.15774802426, 2.79828038825, 100, 2019
Z, 100, 0.8934589079471394, 164.921811231, 69.0381427247, 1.82746132442, -0.416134392841, 0.957859205145, 103, 2019
N, 100, 0.23425372922261742, 115.594811739, 39.689013492, 2.55435027341, 0.416624538429, 3.06130877098, 103, 2019
E, -100, -0.8825454663909228, 49.8663497675, 41.5571000621, 1.17087552678, 2.03835001616, 2.80159529426, 103, 2019
Z, -100, 0.8406333350133534, 220.506687848, 161.732366957, 1.52397370138, -0.153038362889, 2.31375879178, 106, 2019
N, 100, 0.8764662326429931, 286.31128636, 54.6093410898, 4.67920700998, 2.71767286185, 2.61859440527, 106, 2019
E, 100, 0.3817906306579553, 49.5657253994, 95.6696962378, 0.557716377009, 1.8273346775, 1.35055926585, 106, 2019
Z, -100, 0.7571932570192758, 194.055393383, 224.115696009, 0.907547093636, 0.6591656755, 1.36718012166, 109, 2019
N, -100, 0.9700125834457163, 317.23629042, 51.2138204359, 5.8219438009, -0.241073936895, 0.186141518414, 109, 2019
E, -100, 0.2170951146026806, 80.4887733109, 141.954119555, 0.526926440535, -0.0869751402872, 1.52042730439, 109, 2019
Z, -100, 0.617394787234534, 110.526066353, 200.684981496, 0.544754233631, -1.12896588079, 2.32022511109, 112, 2019
N, -100, 0.622119794069285, 210.747262841, 33.6504786388, 6.29325135201, 0.00148251780351, 1.20501998279, 112, 2019
E, 100, -0.7279569725735772, 172.767240489, 132.015958603, 1.13553168397, 0.932432876592, 2.89776559626, 112, 2019
Z, 100, 0.13536703488840496, 218.677818403, 117.307863209, 1.53288278492, -0.363287320351, 1.35252525887, 115, 2019
N, 100, -0.6122590390715814, 126.903170507, 28.8965442741, 4.76780785543, 0.401273731092, 2.81444921256, 115, 2019
E, 100, -0.9335719008358736, 169.074958073, 78.3961877067, 1.87300031676, 1.24212105719, 2.73753232878, 115, 2019
Z, -100, 0.8883711236644268, 219.307086792, 69.9466221696, 2.73942668285, -0.247854104427, 0.935604203075, 118, 2019
N, 100, 0.3996711070686586, 105.785990711, 37.1371741791, 2.7584673856, 2.22382153934, 2.72011108663, 118, 2019
E, 100, 0.2926701046785903, 83.1126464061, 30.5697755736, 2.97401799828, -1.30459496828, 1.46300163909, 118, 2019
Z, -100, 0.9102169069346127, 151.371230385, 142.446101838, 1.07987157682, 0.00494875759476, 1.33835520975, 121, 2019
N, 100, 0.6909774265132906, 256.097672892, 39.506254028, 5.49690781849, 2.31621570585, 2.68337862813, 121, 2019
E, 100, -0.4303902183815877, 46.2816516164, 88.9875343008, 0.625536827332, 1.10485396819, 1.28808417791, 121, 2019
Z, -100, 0.777186850327704, 179.960687806, 191.480379253, 1.09332739786, 1.44853634419, 0.721997322229, 124, 2019
N, 100, 0.9747214072888349, 349.554813983, 35.7181686879, 9.18169663045, -0.432196511092, 0.215954511557, 124, 2019
E, -100, -0.036862444908846416, 37.5647703023, 127.332252294, 0.260209683435, 1.42595540689, 2.8583193778, 124, 2019
Z, -100, 0.9742515664652688, 155.272695846, 186.890845379, 0.851204650637, -0.451358222288, 1.72431369426, 127, 2019
N, -100, 0.80514753031867, 280.013716682, 26.9222849286, 10.3685170212, -0.180030450984, 1.23423788328, 127, 2019
E, 100, -0.025397795227801695, 69.4166932979, 126.281974446, 0.481029137417, -1.28737467288, 1.00950026382, 127, 2019
Z, 100, 0.4826232902201573, 142.085940732, 127.383040916, 1.04459005479, -0.438307757812, 1.4912118127, 130, 2019
N, 100, -0.3444432265283573, 169.925923663, 30.3130393793, 5.94543336184, 1.07746471064, 1.38112445028, 130, 2019
E, 100, -0.5772676344491079, 166.767753558, 82.8186282558, 1.62096645401, 0.185389029637, 2.48322979693, 130, 2019
Z, -100, 0.9376192966433001, 240.895244286, 99.2873230383, 2.33201467424, -0.540815149848, 0.876868911035, 133, 2019
N, 100, 0.39983079789592274, 161.001133128, 46.4910237878, 2.76038718608, 1.47110150747, 2.7229086649, 133, 2019
E, -100, -0.1845727195505019, 137.948775881, 44.6670839711, 2.98419762329, -2.68220244299, 0.884252203198, 133, 2019
Z, -100, 0.4677086769968532, 95.7188481865, 203.79233143, 0.45827164473, 0.343015277819, 1.03360441109, 139, 2019
N, 100, 0.8234310671804866, 164.120753263, 42.5363287049, 3.67263229974, -0.280193707936, 0.258609713735, 139, 2019
E, 100, -0.7779974496435168, 56.3890319575, 129.074243044, 0.434689934588, 1.02575661597, 2.90818139038, 139, 2019
Z, -100, 0.8932773661487531, 112.726518926, 95.4858987693, 1.15441517238, 0.253817026455, 1.15175479319, 145, 2019
N, 100, -0.742722815298228, 141.989479382, 27.9304085331, 5.01167703954, 0.555597354917, 2.9374036385, 145, 2019
E, -100, 0.38029486016504205, 70.4061482645, 61.6298103573, 1.02432715265, 0.00700165050747, 0.872270472621, 145, 2019
Z, 100, 0.9669717661519738, 106.231634775, 82.9585883072, 1.11403652015, 0.545482657451, 0.931637481551, 148, 2019
N, 100, 0.3800749713616355, 162.966660812, 34.5684697217, 3.61941978357, 0.365236113826, 1.84218036883, 148, 2019
E, -100, -0.858505146930206, 68.2631521752, 39.754630589, 1.97899982582, -1.80240618296, 2.73683266451, 148, 2019
Z, -100, 0.9831580809699544, 162.701814103, 146.736092701, 1.14927253641, 0.445126944955, 0.203045956436, 151, 2019
N, 100, 0.7875460036038266, 224.174935555, 37.9377254989, 5.80928847717, 2.50699448278, 2.74213945937, 151, 2019
E, -100, -0.7323907358356281, 41.4064426454, 90.7406732176, 0.508347543998, -0.701188156215, 2.69573332445, 151, 2019
Z, -100, 0.9925502531227507, 197.419956059, 186.350453242, 1.0533059606, -0.416640495771, 1.26352550739, 154, 2019
N, 100, 0.9794379903507433, 314.002649561, 36.1516291237, 8.1348762551, -0.216018436314, 0.140361161919, 154, 2019
E, -100, -0.8828519422416088, 73.6500506156, 120.267607463, 0.521464901917, -0.584660042333, 2.83354415766, 154, 2019
Z, -100, 0.9679167029900775, 146.10733925, 172.548075465, 0.681174786817, 0.143787771625, 1.52568662645, 157, 2019
N, -100, 0.631886671428775, 288.204389418, 30.7181808054, 9.04227464461, -0.208041240161, 1.18042787412, 157, 2019
E, -100, -0.9436380336156388, 50.5289009801, 111.250189297, 0.484911168065, 1.1412027733, 3.04595722158, 157, 2019
Z, -100, 0.9878192710071605, 129.445026685, 114.922183822, 1.12810281694, -0.200874944905, 1.34733697595, 160, 2019
N, 100, -0.3225751044545193, 150.030137298, 37.7695459887, 4.10964511388, 1.50157071378, 1.35081580093, 160, 2019
E, 100, -0.5511491881341811, 74.5408381736, 66.5566133522, 0.89346246957, 1.03082787804, 2.71527716916, 160, 2019
Z, 100, 0.9694620301093446, 131.410338014, 116.254968496, 0.967860793264, 0.413877180871, 0.75469120591, 163, 2019
N, 100, 0.3758891547724798, 162.707563555, 47.0856927919, 2.79886206543, 2.25956966707, 2.57979006113, 163, 2019
E, -100, -0.9003196935379957, 85.8088850394, 56.057578061, 1.65760549419, -1.83355106197, 2.61975411727, 163, 2019
Z, 74, 0.9667411320422457, 196.035917967, 166.940531297, 1.22657349488, -0.582070772194, 0.425647695779, 166, 2019
N, 100, 0.9122191994077248, 232.121735981, 46.0607245322, 4.95541465543, 2.49184992412, 2.85578897061, 166, 2019
E, -100, -0.7907405347898456, 70.3884732598, 98.2696911855, 0.798019770281, -0.819147855868, 2.80768052518, 166, 2019
Z, -100, 0.9715277315574534, 190.405119926, 180.077214429, 1.00007257952, 0.376625275034, 0.146011387932, 169, 2019
N, -100, 0.8907861038937674, 243.211289708, 36.1563154456, 6.37409405222, -0.00177125921697, 0.181475355421, 169, 2019
E, 100, -0.9433122514177673, 49.6151928226, 113.606639116, 0.412818931636, 0.759423354284, 3.02296273143, 169, 2019
Z, -100, 0.922379781312276, 138.790392097, 148.451564014, 0.795931674662, -1.0512694319, 0.863566327843, 172, 2019
N, -100, 0.07728122747165486, 174.603123104, 24.0493739669, 7.28331845382, 0.36940705965, 1.16103551244, 172, 2019
E, -100, 0.34985165727787887, 40.7038440712, 97.3109690966, 0.455547644624, 0.721286870744, 3.26187678692, 172, 2019
Z, -100, 0.9502345677024074, 90.0633722275, 93.3814934972, 0.970426103735, -0.141954770332, 1.32557685635, 175, 2019
N, -100, -0.24730869556140178, 172.160945035, 25.2592086521, 6.01564302032, 0.286484508951, 3.19693308885, 175, 2019
E, 100, 0.7477991432223963, 117.856303185, 59.3501427044, 1.71147655423, 0.528199769549, 1.12693306616, 175, 2019
Z, 100, 0.8878001405489379, 104.042471863, 87.3343127907, 1.05166156417, -1.19134974269, 2.28403162484, 178, 2019
N, 100, 0.6848420711385792, 231.053200592, 32.5788852768, 6.58482903599, 0.00748634450471, 2.34467858508, 178, 2019
E, -100, 0.12133430647446437, 153.595865956, 42.0842263035, 3.51312028615, -0.0872336395091, 1.39322390356, 178, 2019
Z, 100, 0.9728656953581721, 170.112241084, 146.663643616, 1.14994482599, -0.672039022458, 0.436638341795, 181, 2019
N, 100, 0.8509381677686526, 284.155215273, 39.2706966802, 6.83749381005, 2.47481963661, 2.70641228114, 181, 2019
E, -100, -0.8354109369340991, 121.042084616, 88.0229217412, 1.54776197043, -0.826280712894, 2.97276015388, 181, 2019
Z, -100, 0.9446307749572357, 246.892763592, 186.656349625, 1.48712601709, -0.497787559434, 1.10578831124, 184, 2019
N, -100, 0.9966211974529849, 207.147842363, 40.5065852249, 5.22181203642, 0.0863466081154, 0.0789104152958, 184, 2019
E, -100, -0.7615302899698084, 98.3430309409, 115.741404799, 0.889901530365, 1.91609794084, 3.08476039285, 184, 2019
Z, -100, 0.9954770415144193, 159.786597877, 172.730136803, 0.877330745305, 0.195752006919, 0.103126428084, 187, 2019
N, -100, 0.7132646682954563, 201.906099145, 36.6798840503, 5.40434392118, 0.0656097891768, 0.219207841744, 187, 2019
E, 100, -0.9607453226586301, 71.684500152, 106.647449404, 0.665078693268, 1.06387331438, 2.95366923396, 187, 2019
Z, 100, 0.8050427112041467, 194.779137161, 116.987066265, 1.65027622564, -0.911616265788, 0.357063213478, 190, 2019
N, 100, -0.05609846944948059, 130.500959473, 39.6005944803, 3.30097638839, -0.0486780932541, 3.14335762603, 190, 2019
E, 100, -0.617528154589138, 68.230427592, 65.4685374493, 1.08801589876, 0.826365429008, 3.0595049637, 190, 2019
Z, -19, 0.9707086604952772, 156.332294263, 110.653882999, 1.66676573596, 0.464651454949, 0.960704011203, 193, 2019
N, 100, 0.7401880477907152, 179.460299361, 44.6015276131, 3.25697169448, 0.633463257998, 1.63929615241, 193, 2019
E, -100, -0.9515346600653533, 88.4690568967, 52.8567203777, 1.65806474148, -1.46727432033, 2.73893493709, 193, 2019
Z, 100, 0.9908195083976239, 180.940529547, 157.095775755, 1.15237147474, -0.321158330728, 0.229433364363, 196, 2019
N, 100, 0.9458683279619883, 286.555378505, 42.1663023978, 6.35432736424, -0.505944449593, 0.252097122378, 196, 2019
E, -100, -0.8829362431161074, 83.7191732163, 93.1901472165, 0.978590935317, -0.0623138204746, 3.10064336535, 196, 2019
Z, -100, 0.9247396463776121, 321.365724051, 173.500943998, 1.9256203734, -0.79555916778, 1.57400695744, 199, 2019
N, -100, 0.9323541589326693, 351.169763132, 32.4263893437, 9.84970525608, 0.260793258326, 0.100488579769, 199, 2019
E, 100, -0.8250908626083594, 74.7965263289, 111.553749012, 0.683934388761, 1.57039854961, 3.22620143429, 199, 2019
Z, -100, 0.6446422214984922, 95.5116129932, 104.3031118, 0.853858880645, 0.147644458514, 0.972128411374, 220, 2019
N, 100, 0.4773010988763128, 107.771606538, 38.6152853245, 2.28678524973, 0.352039077824, 3.02480102785, 220, 2019
E, 100, -0.12837950227150624, 227.355830564, 60.6368741676, 2.89668753401, 1.24170585548, 2.57156624235, 220, 2019
Z, -100, 0.9530513366310991, 274.396551627, 164.497469077, 1.49412213136, -0.401345429951, 1.47095525126, 226, 2019
N, -100, 0.30705499397666547, 404.772476372, 40.1901368054, 8.14783895191, 0.296803830569, 0.562333985828, 226, 2019
E, 100, 0.7131707292840104, 173.314311361, 102.348925751, 1.3851784157, -0.857299905083, 1.57502028817, 226, 2019
Z, 100, 0.8522275293402106, 1009.85175536, 182.609772696, 4.37725003876, 2.50908053792, 2.54963169987, 229, 2019
N, -100, 0.2322985118587514, 1478.27584254, 29.3072119491, 37.0301677116, 0.952545505618, 0.488816060975, 229, 2019
E, -100, 0.4952649716196499, 451.266498025, 122.219083181, 2.86504909997, -0.389468415443, 2.27145338484, 229, 2019
Z, 100, 0.9540657514111743, 110.765540433, 114.150155479, 1.01331154958, -0.325726663143, 1.4642096288, 352, 2019
N, 100, -0.4801682315682247, 194.5727767, 36.0806216699, 5.94343970148, 1.24888464047, 1.2892873938, 352, 2019
E, 100, -0.4937699407283052, 77.1712056585, 65.7038372917, 1.09502552484, 1.30130912796, 1.71272630015, 352, 2019
Z, -38, 0.9922763824826937, 122.31989718, 114.819017182, 1.17991434572, 0.373725387169, 1.26693187822, 355, 2019
N, 100, 0.14909200853094595, 223.890732362, 46.6597449797, 4.04248433237, 1.87409140057, 2.6002118617, 355, 2019
E, -100, -0.6915039768850876, 101.834907731, 54.9168695445, 1.82120737136, -1.30632054568, 2.83944097868, 355, 2019
Z, -100, -0.8457217595362188, 498.247884315, 169.543168399, 2.21131868981, -0.605520904881, 1.38228912762, 358, 2019
N, 100, 0.7585208516763193, 179.89026045, 47.4603264967, 4.31977952848, 2.58919585657, 2.9036396815, 358, 2019
E, -100, -0.8612329455423945, 204.548478976, 99.94546884, 1.56676877914, -0.153387187267, 2.9542336357, 358, 2019
Z, -100, 0.8987110907314587, 340.056743242, 185.315607612, 1.96764948436, 0.126490537705, 1.04480516011, 361, 2019
N, -100, 0.9259490864566164, 338.031656034, 36.9645209287, 8.65242832796, 0.0124867517332, 0.181619888698, 361, 2019
E, -100, -0.8845769729138082, 106.931594787, 116.844020051, 0.958074551531, 0.601980493288, 3.1767754951, 361, 2019
Z, 100, 0.9881667464220781, 137.353663637, 152.98098214, 0.884402171155, -0.413573895286, 0.173298566435, 364, 2019
N, -100, 0.15119802529553772, 299.532695227, 24.0957379235, 12.574966897, 0.36227469522, 1.18726485241, 364, 2019
E, 100, -0.3391688372837591, 25.1354298126, 99.5235713235, 0.271035976614, 1.28071714124, 3.09344271316, 364, 2019
