Chan, Phase Shift, Correlation, ptp-data, ptp-synthetic, rat, phasem, phasestd, DOY, Year
Z, -100, 0.9989418697360312, 120.225717391, 116.962193506, 1.03107014438, -0.0478211143048, 0.101929993919, 1, 2019
N, -100, 0.6857908277898921, 37.2650101864, 22.8712340261, 1.70881031824, 0.519361176877, 0.145867925909, 1, 2019
E, -100, 0.9964345517591007, 76.5215177232, 68.4937503888, 1.06056719753, -0.0469139848747, 0.0743345238621, 1, 2019
Z, -100, 0.999257928876659, 169.363949138, 172.016493922, 1.00442915993, 0.049536270413, 0.0269321871132, 4, 2019
N, -100, 0.33089086103145754, 21.428345115, 19.1939892562, 1.05540891574, -0.219628548783, 3.14702314525, 4, 2019
E, -100, 0.9946926518536239, 94.6807556614, 92.2783324368, 1.05909944629, 0.0866438642872, 0.0530850762005, 4, 2019
Z, -100, 0.9998071205105381, 183.833926733, 188.815718538, 0.976859711341, 0.0519184065672, 0.0234094128964, 7, 2019
N, -100, 0.6536100017239301, 15.2844740679, 20.3675147637, 0.752872443946, 0.611906421623, 1.10354539735, 7, 2019
E, -100, 0.9966234096970774, 94.2082300976, 98.2310203917, 0.977641755441, -0.233898926604, 1.30378428813, 7, 2019
Z, 100, 0.9995727379553789, 155.147287316, 161.414565228, 0.958936413995, 0.0027974754873, 0.0188344623912, 10, 2019
N, -100, 0.8810389301048296, 24.1873928915, 22.4372133222, 0.988054032977, 0.384053645306, 0.13866636397, 10, 2019
E, -100, 0.9971438058377574, 73.8988824605, 83.3883434084, 0.89706243347, -2.23913086919, 3.00101741805, 10, 2019
Z, 100, 0.9980854597311942, 104.499253683, 103.27398982, 1.00295646209, -0.0562823085099, 0.0270233867301, 13, 2019
N, -100, 0.8141961713401861, 28.9270514056, 22.375786859, 1.30519241252, 0.398273496262, 0.111654940977, 13, 2019
E, 100, 0.996620553617407, 48.1204310476, 56.0473565747, 0.864437974813, 0.0239916472855, 0.0421926448993, 13, 2019
Z, -100, 0.9987397246297148, 99.3724314708, 95.2417685922, 1.04337852593, -0.0753778469474, 0.0869760744827, 16, 2019
N, -100, 0.6954211508659357, 33.7786124415, 20.8370879957, 1.69318367143, 0.65429740643, 0.198008981592, 16, 2019
E, 100, 0.9978554218819894, 63.816356747, 59.4320559334, 1.03325393506, -0.0829087039576, 0.116764193893, 16, 2019
Z, -100, 0.9997781335470463, 186.472357888, 186.010372999, 1.01536737393, 0.0146209572354, 0.0227755163121, 19, 2019
N, -100, 0.7443872312700472, 59.4164749277, 21.8687108555, 2.59238954941, -0.509012409994, 3.31287602883, 19, 2019
E, 100, 0.9336208074112824, 80.1595909828, 102.214367287, 0.793998833893, -0.235337178207, 0.43577519441, 19, 2019
Z, -28, 0.9998944416301252, 230.947646562, 234.320600705, 0.990300025517, 0.0274796191344, 0.0154142484416, 22, 2019
N, -100, 0.630877877075607, 73.935668163, 27.6840747047, 2.5685890282, 0.184722731807, 0.970338245422, 22, 2019
E, 100, 0.9306208731303821, 109.736144709, 124.549390489, 0.741315881002, 0.00516555455706, 1.0655804644, 22, 2019
Z, 100, 0.9996868629106376, 195.704575975, 199.212718234, 0.981097719166, -0.00848772034593, 0.0130723518587, 25, 2019
N, -100, 0.8400855830105955, 36.1126645098, 31.5085121682, 1.08468915091, -2.29054848296, 2.92164551259, 25, 2019
E, -100, 0.9988163026377814, 94.2338886198, 104.734994761, 0.901414953869, 0.0991950636292, 0.043036085427, 25, 2019
Z, 100, 0.9987407707418999, 104.032373255, 104.016160012, 0.994514754672, -0.036922000661, 0.0288113318584, 28, 2019
N, -100, 0.8919171114319776, 38.1024635386, 28.1605301125, 1.35938819624, -0.11244756619, 1.2801056269, 28, 2019
E, 100, 0.9951062421295812, 50.5126492314, 58.2175556535, 0.89263642676, 0.0639095356012, 0.0825852562343, 28, 2019
Z, -100, 0.998595757701685, 109.810631415, 108.765602178, 1.03014718359, 0.060412146725, 0.0258636451523, 31, 2019
N, -100, 0.7039348538058976, 34.0249201406, 20.5253794952, 1.62389914292, 0.920637936921, 0.134228868391, 31, 2019
E, -78, 0.999204649809387, 66.5770660991, 62.7706642666, 1.0828134956, -0.0408468910108, 0.0701068244676, 31, 2019
Z, -100, 0.9998251607271963, 171.086181685, 174.591262883, 0.991210061603, 0.0429326352528, 0.0208657409781, 34, 2019
N, -100, 0.44441545355746565, 24.4335681159, 17.0007857728, 1.32507272611, -0.721415755162, 2.91326060955, 34, 2019
E, -100, 0.9987306584786818, 91.8785967813, 92.4198521448, 1.00716170952, 0.0158868022115, 0.0333564467351, 34, 2019
Z, 18, 0.999903490121414, 195.955008769, 199.582480575, 0.979934636477, 0.0235764935456, 0.0162217332859, 37, 2019
N, -100, 0.5153539513388783, 17.5699749362, 20.055604507, 0.84993906664, 0.731574848224, 1.35571647483, 37, 2019
E, -100, 0.9977969942422316, 97.8160756487, 103.311008294, 0.96840062214, 0.0617888106834, 0.0373281983214, 37, 2019
Z, 42, 0.999596624507741, 172.775365159, 175.78088247, 0.988634354786, 0.0322332661618, 0.0248472713544, 40, 2019
N, -100, 0.7418406739485441, 20.4800794459, 23.3841252126, 0.712851020452, -1.78524107689, 2.66475812043, 40, 2019
E, -100, 0.9976618292026141, 82.8583428393, 90.5217052157, 0.936277914276, 0.108941330838, 0.059788651238, 40, 2019
Z, 100, 0.9988578903664402, 110.896643573, 110.118110687, 1.00012196926, -0.0387947680848, 0.024305043524, 43, 2019
N, -100, 0.871081037587654, 27.7177213577, 23.7333904953, 1.14520352939, -0.02792325901, 1.2922581126, 43, 2019
E, 0, 0.997208381381229, 51.2158766425, 59.1922169397, 0.873341029713, 0.0701665890278, 0.0587410839955, 43, 2019
Z, -100, 0.9968119339866987, 104.599731878, 105.177653239, 1.02841672583, -0.00889152182445, 0.0364455298678, 46, 2019
N, -100, 0.7135285218927813, 32.4724002033, 21.7530745159, 1.52174499143, 0.734396356857, 0.134160401102, 46, 2019
E, -100, 0.9975452065716162, 68.6730096026, 64.8267384938, 1.0390359546, -0.0943304953481, 0.122250709888, 46, 2019
Z, -67, 0.9997478989592142, 211.256286557, 215.239304082, 0.977142445902, 0.0627961002422, 0.0416863545942, 49, 2019
N, -100, 0.5810585638752065, 32.4609105909, 23.0088284075, 1.23050747572, -0.708624968581, 2.93371550644, 49, 2019
E, -100, 0.9975165144347057, 112.954472521, 116.110241181, 0.987792446106, -0.217292281476, 1.32254107235, 49, 2019
Z, 88, 0.9999225147087228, 253.914512767, 253.644772118, 0.991197267067, -0.0233840617849, 0.0106563708528, 52, 2019
N, -100, 0.6090148337977882, 35.1495242564, 29.7251488093, 1.23360706572, 0.362223025613, 0.984868332611, 52, 2019
E, -100, 0.9990886053649007, 125.171966544, 133.097942795, 0.94296464201, 0.0669233592677, 0.0139914462973, 52, 2019
Z, 53, 0.9996618510427021, 189.605913343, 190.405264785, 0.99437270077, 0.00930948310961, 0.0130435259051, 55, 2019
N, -100, 0.8521715140788482, 32.7054753305, 31.6110878704, 0.890975596051, -0.842907624591, 2.47987456049, 55, 2019
E, -100, 0.9983198486588102, 90.9611063033, 99.3126154055, 0.923272418549, 0.0977616403755, 0.0461599447431, 55, 2019
Z, 100, 0.9978354251462144, 77.7163360428, 76.4213608676, 1.01777216486, -0.068466101215, 0.0280892488977, 58, 2019
N, -100, 0.9231699607073859, 34.3740735568, 25.4692222587, 1.36563223075, 0.138472307054, 0.110571963326, 58, 2019
E, 100, 0.9922335520494636, 36.0453044242, 42.8485438229, 0.890978525027, 0.0448634688619, 0.0807629605768, 58, 2019
Z, -100, 0.9994548789668041, 120.523993529, 121.453661046, 1.01158675673, -0.0199192732739, 0.0436850411486, 61, 2019
N, -100, 0.7654468769996898, 31.5180560265, 17.804308496, 1.81222798287, 0.761056871016, 0.190654051971, 61, 2019
E, -100, 0.9992627880243107, 69.4686477097, 67.4826073038, 1.02811930007, -0.0539805104951, 0.0614320767093, 61, 2019
Z, -71, 0.9999155991417613, 188.042660931, 192.257631032, 0.984887518726, -0.258170580257, 1.33539972416, 64, 2019
N, -100, 0.3989008298840495, 23.0100345044, 16.4470065307, 1.33884224075, 0.408733593839, 1.81649575109, 64, 2019
E, -100, 0.9984955754502356, 98.4821709401, 100.672816804, 0.992934520616, 0.0205576473699, 0.0322485713949, 64, 2019
Z, 34, 0.9999792780161829, 210.978641465, 215.544322224, 0.973358837583, -0.00418846633009, 0.00603176736224, 67, 2019
N, -100, 0.43690192281394585, 18.1615179237, 21.564998291, 0.86436322013, 0.55346908614, 1.67958824887, 67, 2019
E, -100, 0.997597198972172, 104.81644758, 111.018693895, 0.959870565076, 0.0705400487533, 0.0308498458106, 67, 2019
Z, 100, 0.9997366624850604, 176.443159198, 180.482222927, 0.973090873677, -0.0120673780554, 0.00941098399237, 70, 2019
N, -100, 0.8430463611938978, 20.0844046363, 25.1025859568, 0.677257545387, -1.13490119986, 1.33404556574, 70, 2019
E, -100, 0.8790995946914929, 194.238099816, 92.6666776984, 2.40833439836, -2.9714361597, 2.90669576404, 70, 2019
Z, 100, 0.9985081505876368, 97.5718195308, 96.4922305135, 1.00841142371, -0.0526356613429, 0.0203896854684, 73, 2019
N, 100, 0.9424488921975617, 78.5180648735, 24.456321291, 2.50537324717, 0.0451280750513, 0.349774810207, 73, 2019
E, 100, -0.4656592415747907, 779.087320941, 52.6098692761, 9.81468452061, 0.438745079527, 1.62530259133, 73, 2019
Z, -100, 0.9998188118758731, 143.690475522, 142.918664931, 1.01520390748, -4.70032432757e-05, 0.0227756061069, 76, 2019
N, -100, 0.650166554225673, 38.2508815663, 21.7691357735, 1.73921985791, 0.777053291301, 0.0787023939571, 76, 2019
E, 100, 0.9831110584260898, 114.105905392, 82.7066690982, 1.36288567719, 1.00984237829, 2.51084945475, 76, 2019
Z, -72, 0.9999290624568, 242.785455385, 245.393738293, 0.995138879927, 0.0285389251666, 0.0135543665003, 79, 2019
N, -100, 0.49576304569652524, 34.6575937654, 24.8889215772, 1.39665803179, 0.729435849629, 1.38578228027, 79, 2019
E, -100, 0.9983958704371366, 127.899421835, 130.407259863, 0.998472514392, 0.0192020823075, 0.0449936858939, 79, 2019
Z, 82, 0.999886475229439, 245.760071247, 248.817349593, 0.987554710241, 0.00287828461523, 0.00941703600566, 82, 2019
N, -100, 0.6718571475994087, 28.8797717893, 30.468960795, 0.9547544137, 0.410829268402, 1.74388941367, 82, 2019
E, -100, 0.9988846300298251, 120.517618707, 128.784729627, 0.956041665569, -0.237164445356, 1.3382867656, 82, 2019
Z, 100, 0.9993519169359293, 156.584297811, 156.917000486, 0.995035833423, -0.0352152201331, 0.0146960618576, 85, 2019
N, -100, 0.9084462571496528, 28.5040377465, 29.1708109559, 0.898132243918, 0.379943711851, 0.155631152844, 85, 2019
E, -100, 0.9992659539733549, 77.6618798203, 81.2749772058, 0.93799695645, 0.0463333651373, 0.0220828176646, 85, 2019
Z, -100, 0.9959113786017854, 54.2168783604, 52.384313351, 1.07775583946, -0.0943695576359, 0.0601336613636, 88, 2019
N, -100, 0.8973999169796154, 30.6368563293, 21.9328154753, 1.42374771008, 0.318314140709, 0.138473573147, 88, 2019
E, 100, 0.9904747167938601, 39.5128364267, 35.0353063966, 0.994459290666, -0.403151287358, 1.2350042985, 88, 2019
Z, -100, 0.9996216382953412, 141.953582432, 141.859550971, 1.00636374281, 0.0638102154563, 0.0207353490554, 91, 2019
N, -100, 0.6072695975152362, 28.3251908375, 16.08800532, 1.65675999739, -0.109774381079, 2.65503511188, 91, 2019
E, -100, 0.9977093484126692, 78.1461165958, 77.4152980087, 1.03301049484, 0.0309266539026, 0.0367706454517, 91, 2019
Z, -100, 0.9999158924838852, 206.168619656, 208.332376037, 0.998835559872, -0.258507342914, 1.33514476728, 94, 2019
N, -100, 0.21891925771157766, 23.9468053379, 17.9845436025, 1.40646949538, 0.684123853581, 1.89703892719, 94, 2019
E, -100, 0.9984667291299969, 106.066012458, 108.965276538, 0.990282424057, -0.00514766767232, 0.0457812865877, 94, 2019
Z, 0, 0.9999540583049352, 217.148716122, 218.998169313, 0.991567669262, 0.019133691887, 0.00894038481268, 97, 2019
N, -100, 0.30652871202473825, 17.0834479777, 23.775220425, 0.802924041023, 1.10313774734, 1.51489871405, 97, 2019
E, -100, 0.9983920222343824, 106.821026528, 113.041693808, 0.965182002673, 0.057409317715, 0.0328758683984, 97, 2019
Z, 88, 0.9996801617322681, 162.851139847, 164.489807123, 0.987014914697, -0.0067577982329, 0.00925315856595, 100, 2019
N, -100, 0.8462907280927487, 23.0961134766, 26.2667446302, 0.727667290385, 0.545708508364, 0.365232185181, 100, 2019
E, -100, 0.9985415401207512, 78.0186909073, 84.7978844446, 0.92542521923, 0.123594297941, 0.0531403703961, 100, 2019
Z, 36, 0.9992012559172506, 73.842979171, 71.5750241618, 1.02291809613, -0.0675267515557, 0.0361413176128, 103, 2019
N, -100, 0.7722290952442502, 54.9868175469, 24.1489400419, 2.00386467846, 0.139069273271, 1.35245428162, 103, 2019
E, -100, 0.09843488071676916, 405.96354474, 47.0021919349, 5.90667361464, 0.739906081848, 1.68942755409, 103, 2019
Z, -100, 0.9998941854070394, 182.973811734, 182.645040825, 1.00720581082, 0.0166824009061, 0.0106020959066, 106, 2019
N, -100, 0.43546276087969293, 62.5235798643, 22.3306242242, 2.77367049591, 1.16739006285, 0.337570558815, 106, 2019
E, 100, -0.3021457761272209, 475.720047346, 101.353734769, 4.70386181672, 0.45617097967, 3.07402542622, 106, 2019
Z, -69, 0.9999801996876847, 245.187684974, 246.633154679, 0.995983693667, -0.266848976674, 1.33614975219, 109, 2019
N, -100, 0.4380778178449792, 30.661778079, 26.2082807392, 1.18923305877, 1.01134456902, 0.178331971423, 109, 2019
E, -100, 0.9984891085410948, 126.078492005, 130.0532025, 0.982046568657, 0.0475228432451, 0.027185604318, 109, 2019
Z, 0, 0.9999712412963607, 213.805369243, 214.492868256, 0.990590343388, -0.00646751413559, 0.00589501042011, 112, 2019
N, -100, 0.6548734470492596, 20.4563778174, 28.5911952835, 0.779633099857, 0.326490284078, 1.95905277083, 112, 2019
E, -100, 0.9985762763103706, 103.841170495, 109.985244711, 0.9481963821, 0.0864110887309, 0.0285091630512, 112, 2019
Z, 100, 0.998748713557699, 117.030510885, 117.320783644, 1.00062815398, -0.0430115229336, 0.0189131640429, 115, 2019
N, -100, 0.9033494569009114, 26.4581554978, 25.4085279617, 0.942782259343, 0.126318513564, 0.182422825403, 115, 2019
E, -78, 0.9972317615747491, 53.6530517734, 61.438083306, 0.877391718897, 0.0838061307837, 0.043991666668, 115, 2019
Z, -100, 0.9975810849874676, 73.859977562, 71.9168729344, 1.06301924192, -0.034499287296, 0.0618391439324, 118, 2019
N, -100, 0.8275961196138728, 28.9570634557, 19.2552913953, 1.52994115619, 0.428816690597, 0.163627692639, 118, 2019
E, 77, 0.9970961287425006, 48.0023613294, 44.7536164477, 1.03246367992, -0.111093802279, 0.115282943092, 118, 2019
Z, -100, 0.9997430693125205, 154.809828918, 156.864520867, 1.00282650532, 0.010177326063, 0.0195760330825, 121, 2019
N, -100, 0.5835111292929193, 28.4097023388, 16.3539856793, 1.79843679757, -0.402128441599, 2.94929349039, 121, 2019
E, -100, 0.9989876416643461, 84.8662026177, 85.5460600935, 1.00069580967, -0.0148202047647, 0.0433326042186, 121, 2019
Z, -41, 0.9999839460755809, 209.837725108, 212.545450835, 0.992300688268, -0.27444960866, 1.3361789508, 124, 2019
N, -100, 0.26141132272441486, 24.0228377128, 20.3761652438, 1.26280437718, 0.582847706134, 1.76472563406, 124, 2019
E, -100, 0.9987380695002432, 108.347572632, 111.787742054, 0.980556211868, 0.0187561099648, 0.0260441363622, 124, 2019
Z, 0, 0.9999697707261449, 204.591036417, 206.707308713, 0.986227120881, 0.00952248554357, 0.00421678558354, 127, 2019
N, -100, 0.38492200765919243, 15.8794505476, 25.6087921343, 0.797758355064, 1.03374119964, 1.78842003583, 127, 2019
E, -100, 0.9981226632862689, 103.759060204, 107.054470275, 0.985370594442, -0.236286933045, 1.32786056812, 127, 2019
Z, 100, 0.9992727701003647, 136.388773453, 137.226083998, 0.993567546755, -0.0676491620383, 0.0320769980445, 130, 2019
N, -100, 0.8913817824092193, 27.2029903813, 26.6434876548, 0.947459133563, 0.486780610926, 0.234726032488, 130, 2019
E, -100, 0.9993991250304565, 65.6219513686, 72.6954791905, 0.900747603864, 0.0610550905598, 0.0243758994099, 130, 2019
Z, -100, 0.9993771018283514, 110.643713616, 108.210765114, 1.02602021074, -0.0491234107131, 0.052447346535, 133, 2019
N, -100, 0.839568038028824, 35.5235989152, 24.0630521856, 1.49849717869, 0.339968777766, 0.128500528585, 133, 2019
E, -33, 0.9989095128356525, 68.3089876065, 65.9976801108, 0.993288034658, -0.0133366313188, 0.0758121596646, 133, 2019
Z, -52, 0.9999292513497087, 194.222026122, 194.145687449, 1.00827819409, 0.0176695661688, 0.0107882206628, 136, 2019
N, -100, 0.6176306744497401, 36.8228309994, 23.321984612, 1.56771752845, -0.421671992549, 2.93052989767, 136, 2019
E, -100, 0.9994111208979716, 103.949352298, 106.061433006, 0.991463929501, 0.0104528164788, 0.0275567721222, 136, 2019
Z, -60, 0.9999828343186559, 218.47194458, 219.142924477, 0.996765899834, 0.0253050087531, 0.0125104938558, 139, 2019
N, -100, 0.44551366576516077, 27.5496370029, 25.0659445685, 1.16966535662, 1.09376069242, 0.327631563387, 139, 2019
E, -100, 0.9987185715323363, 110.598523767, 115.24460425, 0.973748761338, 0.0218512292312, 0.0332370754346, 139, 2019
Z, 100, 0.9997668006621815, 172.173108669, 175.041795799, 0.980693250292, -0.00780107458848, 0.00786768789567, 142, 2019
N, -100, 0.7392771236288552, 22.7036812842, 25.3684245111, 0.809143428768, 0.150033338078, 2.41352936628, 142, 2019
E, -100, 0.9982364780594053, 83.2092323065, 89.9786905283, 0.937673089494, -0.190993537131, 1.33568381111, 142, 2019
Z, 100, 0.9982420579927395, 94.8782299052, 94.4991166986, 1.00693698508, -0.0690313601857, 0.0245861860314, 145, 2019
N, -100, 0.9084453190665439, 27.9864412019, 22.3976908948, 1.15657825153, 0.233064726715, 0.152848334742, 145, 2019
E, 100, 0.9959259612129159, 43.3568596041, 51.0319286979, 0.866407977684, 0.0572962046975, 0.0743548935043, 145, 2019
Z, -100, 0.9990333377199483, 87.295936915, 87.0909166818, 1.01563987322, -0.381026491547, 1.31892535042, 148, 2019
N, -100, 0.7933539706288372, 28.9839943847, 18.44414668, 1.67885790936, 0.421612223371, 0.126764718937, 148, 2019
E, -4, 0.9980246411310876, 55.9361877726, 52.8047638672, 1.03005506491, -0.105240509962, 0.120980881064, 148, 2019
Z, -88, 0.9998776934580286, 162.980942244, 162.708040215, 1.01043068779, -0.00486067775637, 0.0216427803712, 151, 2019
N, -100, 0.5149384703181116, 30.6567114385, 18.1142194812, 1.76578466361, -0.39858103089, 2.96974500231, 151, 2019
E, -100, 0.9990452544020444, 89.8327642024, 89.49100142, 1.00513757232, -0.316065076358, 1.32516013496, 151, 2019
Z, -32, 0.999904720293524, 204.603604289, 207.648761975, 0.993838812246, -0.561132411303, 1.83938453981, 154, 2019
N, -100, 0.4273636936117201, 23.9960972087, 22.5692434556, 1.22006005127, 1.09186144115, 0.731364580275, 154, 2019
E, -100, 0.9986502377997873, 106.027777517, 110.21395991, 0.982454270685, 0.0159391090025, 0.0395293678369, 154, 2019
Z, 85, 0.9998022200747104, 189.916046909, 191.122577167, 0.983198364812, -0.0368529122212, 0.0143490622044, 157, 2019
N, -100, 0.7309181981250157, 23.7356979168, 26.960552739, 0.877582092475, 0.0653459286592, 2.1745563536, 157, 2019
E, -100, 0.9986179186814541, 94.0768158849, 99.8752542627, 0.941795753969, -0.200320975816, 1.33600802544, 157, 2019
Z, 100, 0.9995554789840476, 123.932762946, 122.793898807, 1.00597650087, -0.0293567950785, 0.0139907629656, 160, 2019
N, -100, 0.8360279952782996, 32.4460521974, 27.1918902564, 1.07644036443, 0.287550835856, 0.173381676634, 160, 2019
E, -21, 0.9982755577482281, 61.7164490446, 68.1364113436, 0.924448895397, 0.0874625932344, 0.0735395561909, 160, 2019
Z, -100, 0.9996513087391355, 126.377162057, 124.093029905, 1.01997115796, -0.0148900875367, 0.0562738074118, 163, 2019
N, -100, 0.7848200056447759, 35.2158646798, 24.5802197943, 1.50742788956, 0.478218680036, 0.117784847501, 163, 2019
E, -100, 0.9996140824191816, 74.5418855878, 73.2620181446, 1.00184653163, -0.0174014792414, 0.0625082853554, 163, 2019
Z, -100, 0.999760542979671, 175.872512507, 179.333261819, 0.993239625338, 0.0373664793395, 0.0110186343327, 166, 2019
N, -100, 0.6194263497695138, 32.006386003, 22.3864238721, 1.42272953995, -0.721764069041, 3.11437429639, 166, 2019
E, -100, 0.9988146943332747, 95.4261755302, 97.6904808818, 0.989665083709, 0.0211558369417, 0.0345826859471, 166, 2019
Z, -33, 0.999970931668622, 188.647855074, 191.05316475, 0.986410761244, 0.016843905266, 0.0105061321285, 169, 2019
N, -100, 0.54801483767266, 21.666339107, 22.4425172227, 1.063266308, 0.734310463021, 1.03618111247, 169, 2019
E, -100, 0.9986516485488711, 95.6077528606, 100.325721738, 0.963850345935, 0.0417315344792, 0.0269038222157, 169, 2019
Z, 73, 0.9998717979743982, 154.560651517, 155.307864577, 0.98948478284, -0.0176227550611, 0.00571761655554, 172, 2019
N, -100, 0.7875042400679265, 20.9821941695, 22.8794852228, 0.808605661828, -2.25150374215, 2.82237603362, 172, 2019
E, -100, 0.9990678630102321, 73.9016466676, 80.490411861, 0.928693772649, -2.28323161342, 3.01330281615, 172, 2019
Z, 100, 0.998858023498791, 95.3115702223, 94.4630447369, 1.00979149761, -0.0457572020507, 0.026363722983, 175, 2019
N, -100, 0.813398404210293, 25.5166389898, 21.2584145298, 1.12394524159, 0.223661665394, 0.195689069174, 175, 2019
E, 100, 0.9974765925902003, 46.6595586182, 51.633974603, 0.909997887808, 0.0384749538692, 0.0391161397227, 175, 2019
Z, -100, 0.9990555861986433, 95.806965391, 92.9896198189, 1.05147216926, 0.00227891171931, 0.0404825024462, 178, 2019
N, -100, 0.7068015914900132, 26.6682947728, 19.2972859934, 1.44415753502, 0.596287269487, 0.147008462572, 178, 2019
E, -94, 0.999196167001265, 59.0610379127, 56.7528375095, 1.02786803595, -0.0456257081143, 0.0852354628714, 178, 2019
Z, -100, 0.9998117019406043, 162.569312789, 164.462432414, 1.00169508287, 0.00622257302715, 0.0217549225204, 181, 2019
N, -100, 0.5873134034408625, 27.8660124892, 19.8843507893, 1.52737273733, -0.401136689016, 2.99177320682, 181, 2019
E, -100, 0.9986723639296435, 90.1923861304, 91.1403720566, 0.992607319384, -0.00868817593986, 0.0465671229082, 181, 2019
Z, -11, 0.9999531540439318, 206.044994713, 208.415454299, 0.985272300816, 0.0247864594363, 0.0179374213038, 184, 2019
N, -100, 0.5163739178009199, 25.5741526355, 24.4378188702, 1.20557760661, 0.940679537444, 0.664596269856, 184, 2019
E, -100, 0.9985660679852917, 106.360328278, 111.286619516, 0.972166930133, -0.264087160153, 1.2945948358, 184, 2019
Z, 100, 0.9996569562890817, 189.400257761, 190.62079338, 0.989598092266, -0.0317590439144, 0.0113825687699, 187, 2019
N, -100, 0.7582972651146701, 31.6246006864, 28.7213022733, 1.02740135304, -2.4697551016, 2.85552909538, 187, 2019
E, -100, 0.9996505832738712, 91.9910448566, 100.472201248, 0.922388000911, -2.01051109088, 2.93422225362, 187, 2019
Z, 100, 0.9996893384120334, 126.443387711, 123.764998686, 1.01848440472, -0.0454759203104, 0.0178453356354, 190, 2019
N, -100, 0.8654479616055535, 34.6527689365, 28.1907475042, 1.1829932731, -0.0296108446486, 1.28875339733, 190, 2019
E, 37, 0.9992028588917873, 62.9785539072, 68.9940643406, 0.916556536302, 0.0218938900949, 0.0375132319585, 190, 2019
Z, -100, 0.999404506440329, 116.435217594, 114.958634432, 1.02359709209, -0.00170175808487, 0.0602497715373, 193, 2019
N, -100, 0.7705110545950515, 33.9769801521, 23.8050944974, 1.52390987392, 0.538198320534, 0.101792552135, 193, 2019
E, -100, 0.9994045897850476, 68.7273657636, 67.8905867937, 1.00156454312, -0.0534472222167, 0.0910520212254, 193, 2019
Z, -100, 0.9997748493654018, 164.908683208, 167.86738771, 0.991370457192, 0.0478643360033, 0.0142239247738, 196, 2019
N, -100, 0.5838814209149572, 27.048642471, 19.606818299, 1.40250336045, -0.742041633114, 3.10478939964, 196, 2019
E, -100, 0.9987969145159268, 88.759303983, 90.5553204212, 0.99342527538, 0.0183031430802, 0.0368541582575, 196, 2019
Z, 4, 0.9999852148687587, 181.204375541, 184.94557602, 0.975526257856, 0.00507309023976, 0.00767057411807, 199, 2019
N, -100, 0.5331964612578123, 18.0641391682, 20.5939080027, 0.9946931956, 0.986684563182, 0.862590966676, 199, 2019
E, -100, 0.9985193706403688, 91.3192002896, 96.3809168178, 0.962536733468, 0.0560875612472, 0.0256174775592, 199, 2019
Z, 52, 0.9997811787339583, 156.313496134, 158.15721612, 0.9842747004, 0.000252493613821, 0.0132867909377, 202, 2019
N, -100, 0.7513224941105453, 19.7778367114, 22.2640487001, 0.751787905644, -1.31618138869, 2.50905026806, 202, 2019
E, -100, 0.9985041794385188, 75.8003232179, 81.8094000897, 0.936261476465, 0.132277987257, 0.0628740365267, 202, 2019
Z, 100, 0.999512346338335, 104.926072776, 102.242783524, 1.01819119854, -0.0387794067937, 0.0249477659181, 205, 2019
N, -100, 0.7885824833201958, 25.3782831212, 21.8559347978, 1.10427176937, -0.00895751905066, 1.26912400688, 205, 2019
E, 100, 0.9982924108712666, 50.0596583668, 55.525294575, 0.904130395413, 0.0438595773217, 0.0285192117119, 205, 2019
Z, -100, 0.9994314544513218, 95.3286053423, 93.9341223505, 1.01235428432, -0.0540675864212, 0.0627399390108, 208, 2019
N, -100, 0.7832719409302724, 28.5956725286, 20.4688400057, 1.4663524496, 0.477395740109, 0.120936633197, 208, 2019
E, -65, 0.9985189470301087, 59.9606842928, 58.3346675737, 0.989503673564, -0.0296450877866, 0.0993199291137, 208, 2019
Z, -31, 0.999897901599742, 178.989577072, 180.062292222, 1.00337075291, 0.0141363330047, 0.0130323398854, 211, 2019
N, -100, 0.6569156551047765, 29.3614384307, 21.0675396675, 1.55155795672, -0.680877196004, 3.23553580992, 211, 2019
E, -100, 0.9986645316331478, 99.0774954263, 98.9249686037, 1.00528790976, -0.00263594010734, 0.0523207561004, 211, 2019
Z, 42, 0.999903296542216, 226.932899404, 228.581345087, 0.980139776284, -0.028215237627, 0.0195970735351, 214, 2019
N, -100, 0.6009236980404158, 28.3402417084, 26.9180903512, 1.16522543307, 0.463140396746, 0.933032603465, 214, 2019
E, -100, 0.9986254934846376, 117.044617669, 121.38065888, 0.959992660222, 0.0831698585492, 0.0169642089617, 214, 2019
Z, 100, 0.9996873797568249, 196.981919211, 197.842145035, 0.994622596488, -0.0279367104945, 0.012936028099, 217, 2019
N, -100, 0.7425570373943399, 35.6996358926, 30.7487567773, 1.0188642341, -2.39826379289, 2.75785738495, 217, 2019
E, -100, 0.9990573872484593, 96.366331594, 103.675822199, 0.940362763756, 0.100585149669, 0.0463423758936, 217, 2019
Z, 79, 0.999680842370718, 113.199779206, 106.239274103, 1.06101653043, -0.060521316202, 0.0204063310995, 220, 2019
N, -100, 0.8086879014520202, 33.1737048211, 28.0035481934, 1.22305618903, 0.218571432355, 1.32464381905, 220, 2019
E, 74, 0.9995586282877239, 56.8410789319, 58.9120471476, 0.959455437229, -0.0283474318163, 0.0260056304361, 220, 2019
Z, -59, 0.9994040253554617, 114.812188705, 114.584302659, 1.01448759551, -0.0529483946415, 0.0607799961751, 223, 2019
N, -100, 0.8384402640620668, 34.9726587831, 20.9768931156, 1.75205161972, 0.390558512854, 0.102700690232, 223, 2019
E, -100, 0.998920879192914, 66.5302482258, 65.8569112699, 0.994386133614, -0.0836275445909, 0.0967406593008, 223, 2019
Z, -86, 0.9999857344725991, 174.864508425, 177.666103634, 0.989486870813, -0.280037472273, 1.33682431384, 226, 2019
N, -100, 0.5951179550082737, 25.1009676056, 17.3076618866, 1.54743109981, -0.906976100446, 3.03578694146, 226, 2019
E, -100, 0.9985686609588351, 89.4365198278, 93.9319631815, 0.967121007377, 0.0195679247024, 0.0301095839027, 226, 2019
Z, 0, 0.999961542948313, 193.649812412, 197.095597247, 0.975840745001, 0.00072640635824, 0.00879880789037, 229, 2019
N, -100, 0.45720271527905826, 18.7934426092, 20.6079256477, 0.98167438292, 0.576283424912, 1.76240544819, 229, 2019
E, -100, 0.9983959506676843, 95.7951898531, 101.683970733, 0.951884133234, 0.0764681564439, 0.0183872834078, 229, 2019
Z, 38, 0.9998951048761456, 165.640683458, 167.443169831, 0.986356520565, -0.0157759127711, 0.00703564605502, 232, 2019
N, -100, 0.7212354592746726, 18.2079455671, 23.2116838012, 0.711741698708, -2.09725500282, 2.74103341379, 232, 2019
E, -100, 0.9992091108991772, 79.9298111712, 86.1077573246, 0.927215753535, 0.094556185776, 0.0386603603288, 232, 2019
Z, 100, 0.9996169402882696, 101.322924291, 99.4167654776, 1.01713264137, -0.0462506068415, 0.0145649150741, 235, 2019
N, -100, 0.8462009816500312, 25.7981195594, 22.9708037247, 1.08605578222, 0.0911213018814, 1.30976456704, 235, 2019
E, 95, 0.9984199798700909, 48.3620203868, 53.9108624094, 0.907141634551, 0.323050552463, 1.32283968216, 235, 2019
Z, -100, 0.9992652289542351, 112.307233342, 111.883571035, 1.01559862376, -0.0475550853976, 0.046368165523, 238, 2019
N, -100, 0.7936642978174195, 31.8020250655, 20.856777612, 1.63586755313, 0.371251593134, 0.130065678157, 238, 2019
E, -100, 0.9986382190788851, 70.2171787143, 67.6533358678, 1.01058728946, -0.0601133716468, 0.0928432864412, 238, 2019
Z, -89, 0.9998643711313522, 216.245968761, 218.280842261, 0.996738092528, 0.0441853063771, 0.0212371802858, 241, 2019
N, -100, 0.5602235094838385, 33.064825943, 22.754215921, 1.58872732009, -0.887598053295, 3.11799582487, 241, 2019
E, -100, 0.998809680046357, 113.981863643, 117.365252526, 0.990156083916, 0.015248651798, 0.0431689771291, 241, 2019
Z, 83, 0.999918057681368, 249.001096032, 251.037365962, 0.992180633438, -2.17663080092e-05, 0.00910091035027, 244, 2019
N, -100, 0.6513357815047949, 32.6519977449, 29.919746154, 1.16836142905, 0.698597389318, 1.32147122236, 244, 2019
E, -100, 0.9993832259725365, 123.664590878, 131.152048127, 0.957784396356, 0.0442063720074, 0.0285298019188, 244, 2019
Z, 100, 0.9994416926680831, 184.829267594, 182.516714868, 1.00938908837, -0.0482586463111, 0.0210597937954, 247, 2019
N, -100, 0.8056505203675233, 33.5252383226, 31.3780809021, 1.04094254963, 0.671951902061, 0.179969341317, 247, 2019
E, -100, 0.999736553661815, 85.8349683327, 94.6060482869, 0.912614639038, 0.0502569178511, 0.0180668342492, 247, 2019
Z, -28, 0.9985582859839967, 71.0189944515, 68.2795873075, 1.02861954928, -0.0393473225506, 0.0390449358645, 250, 2019
N, -100, 0.8593029904458368, 33.5514187053, 25.6592426253, 1.29276959556, -0.0499781724488, 1.2840844359, 250, 2019
E, 0, 0.9979640385022555, 37.6709923859, 39.4307342569, 0.954837327957, 0.0395110257274, 0.0635904575718, 250, 2019
Z, -100, 0.9994835595231046, 135.085188883, 134.91539495, 1.0177857557, 0.0177390480313, 0.0278851759789, 253, 2019
N, -100, 0.7539148565443614, 31.292672642, 17.48382536, 1.84360272592, 0.528481729662, 0.11466571774, 253, 2019
E, -100, 0.9989240652476414, 75.3134892031, 74.2199398796, 1.02627032335, -0.0184707596933, 0.0535531348667, 253, 2019
Z, -81, 0.9999427409471946, 195.933812638, 198.077338577, 0.988351762426, -0.550401978612, 1.838417721, 256, 2019
N, -100, 0.46630494005260487, 21.6446096651, 17.171265685, 1.3998523051, -1.0185685086, 3.11355167733, 256, 2019
E, -100, 0.997823458533329, 99.4314350668, 103.294018588, 0.977077958925, 0.0553689834513, 0.0245514268975, 256, 2019
Z, 85, 0.9999587693565648, 207.280116455, 210.073625241, 0.983395515119, -0.0122054519754, 0.00525305459734, 259, 2019
N, -100, 0.47068783727296243, 22.9801594158, 22.0542090169, 1.05960917727, 0.624765158608, 1.75996617557, 259, 2019
E, -100, 0.9967360894678876, 100.836550236, 107.845810974, 0.953992734524, 0.0801759070269, 0.0324665507837, 259, 2019
Z, 100, 0.9996350341894845, 163.55027933, 165.671169615, 0.986124155514, -0.0103096498948, 0.00972244884626, 262, 2019
N, -100, 0.7794584390258701, 23.1296647413, 24.5630900199, 0.813112297904, -1.5861664492, 2.80278720294, 262, 2019
E, -100, 0.998441704506068, 77.8191142963, 84.7925573338, 0.923648467745, 0.113602364823, 0.0536390920115, 262, 2019
Z, 100, 0.9977468143834416, 80.8617453559, 79.9753242456, 1.00534698271, -0.0343343807573, 0.0248809313992, 265, 2019
N, -100, 0.832149652213684, 28.4161699666, 23.4357735684, 1.18304042989, 0.017412251108, 1.28357550287, 265, 2019
E, 100, 0.9957795111783541, 39.4960680873, 44.6534295634, 0.929394438113, 0.0465462413699, 0.064156992724, 265, 2019
Z, -100, 0.9997901772748966, 153.332692019, 155.560200742, 0.993851472464, 0.0137595245038, 0.0152966234685, 268, 2019
N, -100, 0.7616249233493533, 30.0446801679, 20.8163597772, 1.48402805982, 0.467666055513, 0.392562666538, 268, 2019
E, -100, 0.9985851255686664, 89.762259271, 88.9939907382, 1.01154357271, 0.00579139979818, 0.0448188494099, 268, 2019
Z, -29, 0.9999656344433758, 250.205648304, 252.414969687, 0.997439916003, 0.0197222049755, 0.0124079190205, 271, 2019
N, -100, 0.5344948712118343, 31.9415678005, 25.5315124374, 1.38548466311, -0.981363296451, 3.04991648884, 271, 2019
E, -100, 0.9987574323477227, 128.547066419, 133.672302289, 0.976901758943, 0.0166148867643, 0.0385212321205, 271, 2019
Z, 0, 0.999909942177973, 244.075534519, 244.96476525, 0.998057078518, 0.0177011838941, 0.00916353402569, 274, 2019
N, -100, 0.6310144619080256, 27.4458224059, 31.1702677783, 0.91895424447, 0.822490900335, 1.4066739777, 274, 2019
E, -100, 0.9988901594959233, 119.232707095, 125.721462943, 0.965961851292, 0.0392847806827, 0.0383425946714, 274, 2019
Z, 100, 0.9992241336546047, 141.061076347, 141.78447057, 0.994266286277, -0.0350817146706, 0.0158775942426, 277, 2019
N, -100, 0.9112617822160703, 29.9190460037, 29.5440624726, 0.970038714045, 0.40732536633, 0.162511025481, 277, 2019
E, -100, 0.9983546413634542, 65.0790104838, 73.5713369978, 0.885149260547, 0.0677794489365, 0.0348530651207, 277, 2019
Z, -100, 0.9962314090417821, 71.3600332399, 69.603147577, 1.02449625636, 0.151932985487, 1.35969078547, 280, 2019
N, -100, 0.9073700550105627, 33.2758156702, 22.1349626457, 1.53114950106, 0.184466002047, 0.131621819613, 280, 2019
E, 100, 0.9943227931668539, 47.6337665922, 43.5170161967, 1.01647504804, -0.0810731168157, 0.145404458488, 280, 2019
Z, -100, 0.9997099597473487, 155.599606772, 157.384599723, 1.00177878957, 0.0385883071419, 0.0141841602742, 283, 2019
N, -100, 0.6503930253135264, 28.110143022, 15.4969106559, 1.92773287123, 0.787146377826, 0.171220891035, 283, 2019
E, -100, 0.9985797802228957, 85.1286431206, 84.8018776191, 1.01699947827, 0.0153138368908, 0.0369702002154, 283, 2019
Z, -51, 0.9997950653297716, 210.240850036, 212.296350329, 1.00528564786, -0.572545088111, 1.84076998247, 286, 2019
N, -100, 0.2463935120023195, 27.5066417574, 18.6628242145, 1.5955078363, 1.04704628952, 0.904631341109, 286, 2019
E, -100, 0.9985119230325307, 106.947067678, 110.37058159, 0.985932319086, -0.0235959421034, 0.0538982850244, 286, 2019
Z, 46, 0.9998842420235012, 207.035239852, 210.107522091, 0.985948995845, 0.0148154708482, 0.0137556685162, 289, 2019
N, -100, 0.5225364895287046, 18.7265183038, 23.7327302341, 0.742476895607, 0.730444980205, 1.87604816247, 289, 2019
E, -100, 0.9986369981319193, 101.138835003, 107.60909286, 0.958793245435, 0.0609341654271, 0.0278632974805, 289, 2019
Z, 100, 0.9995736075070147, 146.59654498, 146.975250307, 0.996967261449, 0.286642091904, 1.33282361415, 292, 2019
N, -100, 0.8478232486966867, 24.4001551892, 25.434421868, 0.855112199464, 0.607315750936, 0.291301849631, 292, 2019
E, -100, 0.9991276889249102, 69.427436115, 75.7550537006, 0.922623241284, 0.0937946397999, 0.0408942552429, 292, 2019
Z, -100, 0.9974180208504205, 82.4446546557, 79.1355957042, 1.03104290157, -0.0384532182316, 0.0530217493546, 295, 2019
N, 100, -0.1839783379929142, 1923.256828, 23.360885746, 59.6552619145, -1.3293839199, 2.93325712471, 295, 2019
E, 100, 0.684423217602293, 2778.99567898, 51.2922946009, 40.891702225, -0.799006297758, 0.63065706686, 295, 2019
Z, -100, 0.9996361086062293, 189.245252314, 195.364747612, 0.980823639311, 0.00636206572352, 0.0225245155899, 298, 2019
N, 100, -0.8004765639368435, 4058.08298088, 22.0852603423, 145.287349519, 1.84100924162, 1.39337629007, 298, 2019
E, -100, 0.7340891595628084, 5907.16328147, 107.906930806, 46.2394668204, -0.0198028336797, 1.85241848797, 298, 2019
Z, -16, 0.9998794560965127, 248.581453613, 252.259830284, 0.995938978864, -0.273855226246, 1.33600115354, 301, 2019
N, -100, 0.5419352454494809, 30.3930458613, 27.0898008667, 1.19709223726, 1.10167196049, 0.313326368763, 301, 2019
E, -100, 0.9981999181378953, 127.138296341, 132.680536064, 0.971465500008, 0.0264959788439, 0.03894532556, 301, 2019
Z, 100, 0.9998576447777504, 204.937246078, 208.266579614, 0.984033497147, -0.00279241927193, 0.00633683718527, 304, 2019
N, -100, 0.8292232214589802, 27.9655350082, 29.6033858456, 0.922976258204, 0.167293811072, 1.86277552439, 304, 2019
E, -100, 0.9983378672994287, 96.2289566661, 106.330518697, 0.918166799608, -0.221903037481, 1.32870996122, 304, 2019
Z, 100, 0.9976746435137913, 100.198930304, 102.292959302, 0.980653486447, -0.0407074218576, 0.0197246479642, 307, 2019
N, -100, 0.9303229435489763, 32.7404297682, 26.3005053202, 1.22806817258, 0.225584535932, 0.0907540938072, 307, 2019
E, 48, 0.9952958922753345, 45.951553077, 54.2167517484, 0.856414703891, 0.0695814031085, 0.0566773934235, 307, 2019
Z, -100, 0.9981270162775374, 87.9118854345, 87.3894646946, 1.0197249424, -0.102658135138, 0.0975862766029, 310, 2019
N, -100, 0.8386912735720653, 32.6135138065, 19.3334379209, 1.716253873, 0.311488118752, 0.155967161613, 310, 2019
E, -26, 0.9980086610743751, 55.641590424, 52.0980395948, 1.04400915522, -0.121270615516, 0.109161241407, 310, 2019
Z, -100, 0.999748743079117, 165.936597868, 168.224287133, 1.00282799414, 0.00907876427762, 0.0239687107707, 313, 2019
N, -100, 0.5250570246634836, 32.8611322119, 16.0790578754, 2.23320992076, 0.940632800276, 0.479529108376, 313, 2019
E, 100, 0.8631357142983339, 86.4490813615, 90.7957546796, 1.09010367836, -1.4388681144, 1.19418155612, 313, 2019
Z, 25, 0.9998643482669536, 191.520977573, 196.560496607, 0.975939089821, 0.0157698419415, 0.0094141084029, 319, 2019
N, -100, 0.8036462453114822, 21.3493758206, 25.0283609068, 0.799854186542, 0.173186388256, 1.88869252987, 319, 2019
E, -100, 0.997591105372078, 93.0612066391, 101.597186905, 0.902675440043, 0.0932119201038, 0.0133364969085, 319, 2019
Z, 100, 0.9984312059711702, 121.393952869, 123.771826254, 0.981219531238, 0.00824288742334, 0.0212189650259, 322, 2019
N, -100, 0.8663073798747492, 31.3629064059, 26.0808057478, 1.10814020928, 0.240320949622, 0.147388453098, 322, 2019
E, 17, 0.9974606833699289, 58.4247005181, 66.0695134473, 0.899586577103, 0.0956630393277, 0.0662494353085, 322, 2019
Z, -100, 0.9992677308807535, 118.693909471, 114.132212468, 1.04253245075, -0.042760356809, 0.0577034866161, 325, 2019
N, -100, 0.7643251697334823, 38.2488983519, 23.7334835687, 1.61597182084, 0.44532544923, 0.232760583195, 325, 2019
E, 0, 0.9991387207765919, 73.1637854074, 69.0615904834, 1.0377008464, -0.059341697303, 0.070400676803, 325, 2019
Z, -100, 0.9996144730501539, 199.775238725, 201.511867513, 1.01034558174, 0.0138772817569, 0.0291170384685, 328, 2019
N, -100, 0.5144393623877774, 35.0363834978, 23.2913435267, 1.58918378473, -0.268723461326, 2.95969420982, 328, 2019
E, -100, 0.9984291544124864, 111.103684168, 109.985105868, 1.01890565993, 0.0197623939099, 0.0400830171865, 328, 2019
Z, -58, 0.9998254502341654, 219.491999992, 222.940073649, 0.997537228555, 0.0327240958017, 0.0226369469331, 331, 2019
N, -100, 0.5787543649941769, 24.3339272104, 25.9099168706, 1.00029971609, 1.07249322622, 0.427265437248, 331, 2019
E, -100, 0.9975475548795533, 112.73195991, 117.167694676, 0.977271478807, 0.020744503517, 0.0441650048298, 331, 2019
Z, 100, 0.9996813456111625, 167.094107311, 171.640679153, 0.973036840804, -0.00520577858905, 0.00828973358109, 334, 2019
N, -100, 0.9099850821344851, 27.3744844206, 26.5449033486, 0.9524412432, -1.03885567915, 2.68071451446, 334, 2019
E, -100, 0.9973197800443921, 79.5056535622, 88.13670968, 0.912690946326, -0.171722588843, 1.33565119998, 334, 2019
Z, 100, 0.9973313508893826, 83.4223948553, 85.7334602702, 0.974378966714, -0.000588111356217, 0.0296376698121, 337, 2019
N, -100, 0.9043482738460444, 31.8804620429, 23.5941459947, 1.30631961372, 0.19253474418, 0.132710057253, 337, 2019
E, 100, 0.994897060322032, 40.4809863891, 47.0962399521, 0.885735825358, 0.064929008786, 0.0850315795039, 337, 2019
Z, -100, 0.9988266924638138, 94.1449715225, 92.7341768546, 1.02313990611, -0.0873324278799, 0.0837295224522, 340, 2019
N, -100, 0.7604485988003963, 30.4912543185, 18.4408129229, 1.71603963133, 0.414716618669, 0.164933375864, 340, 2019
E, -10, 0.9987863068527867, 58.74070403, 55.5476191002, 1.03664782361, -0.0657148093512, 0.0813730173248, 340, 2019
Z, -100, 0.9997535263156745, 164.155902197, 165.345896346, 1.00682333292, 0.00935438633608, 0.0218906004458, 343, 2019
N, -100, 0.42930714821790295, 25.9437161686, 17.5031693183, 1.47995483641, -0.1671263361, 2.96621043003, 343, 2019
E, -100, 0.998172812028357, 90.7484461094, 90.364789566, 1.01258440087, 0.0205106917965, 0.0340936135584, 343, 2019
Z, -100, 0.999755078237392, 200.533223701, 205.583679456, 0.98851045768, -0.549575431454, 1.84010130593, 346, 2019
N, -100, 0.4941805930605518, 15.9818452895, 21.8330116405, 0.819124671559, 0.96783378688, 0.793319696102, 346, 2019
E, -100, 0.9968771324536546, 105.340267934, 108.679944066, 0.983561023357, 0.0328449586308, 0.0447463094411, 346, 2019
Z, 40, 0.9996763627670483, 182.453973328, 186.85943206, 0.979233536627, 0.027519821725, 0.0147809848858, 349, 2019
N, -100, 0.8403546628171095, 27.0902443431, 26.3946707063, 0.900193076219, 0.145942954084, 1.90697805143, 349, 2019
E, -100, 0.9975551113607749, 90.9808352984, 97.7402143101, 0.948875351146, 0.0994079591675, 0.0589985202241, 349, 2019
Z, 100, 0.9985521297875581, 119.424084013, 118.998637781, 1.00344810998, -0.0454560047422, 0.0204734559629, 352, 2019
N, -100, 0.8581334189572195, 39.8289162768, 27.4723221598, 1.40148672452, 0.403314134665, 0.127698718462, 352, 2019
E, 100, 0.9983383445509505, 57.9376277669, 66.2970446808, 0.887379952029, 0.0219902374645, 0.0656483136615, 352, 2019
Z, -68, 0.9994028051596034, 125.020481604, 121.288113396, 1.03679219203, -0.0372354367046, 0.0811272257206, 355, 2019
N, -100, 0.7509782538580352, 42.132289656, 24.6525691418, 1.7497372623, 0.533264686448, 0.183383802997, 355, 2019
E, 10, 0.9990220405318122, 74.584997545, 72.2515201402, 1.01051151077, -0.0521821771483, 0.0941526452171, 355, 2019
Z, -82, 0.9999194062191495, 183.421585013, 182.585299854, 1.01194630281, 0.00612994741643, 0.0158592588797, 358, 2019
N, -100, 0.5043695433141007, 32.3644614695, 22.3521590168, 1.35647445147, -0.567940658689, 3.09702088286, 358, 2019
E, -100, 0.9989146786363658, 98.6774960708, 99.5018229117, 0.996019858946, 0.0361338641242, 0.0193569001588, 358, 2019
Z, -29, 0.9998907255827799, 195.566692895, 197.885529014, 0.99288616632, 0.0348124165826, 0.0189902139089, 361, 2019
N, -100, 0.6071594133192557, 19.6531688149, 23.1884970874, 0.849629049138, 1.04048345596, 0.482260124205, 361, 2019
E, -100, 0.9981829452317716, 99.12371243, 103.864041129, 0.974371591451, -0.267131794016, 1.30088509777, 361, 2019
Z, 76, 0.9993655652208214, 156.859336704, 159.619455298, 0.982295558572, 0.0304948953338, 0.0221771097976, 364, 2019
N, -100, 0.8495806150047268, 26.2187267389, 24.182405049, 0.937544678802, -2.44731774173, 2.97349940117, 364, 2019
E, -100, 0.9976359976514916, 75.0582375198, 82.7200975319, 0.923377301278, -2.26729835953, 3.01543140695, 364, 2019
