Chan, Phase Shift, Correlation, ptp-data, ptp-synthetic, rat, phasem, phasestd, DOY, Year
Z, -100, 0.7106200780086224, 193.359169449, 25.6368323087, 9.13937153554, -0.0873037991097, 0.630334998887, 1, 2019
N, 100, 0.17325945058585318, 525.397493218, 119.844183348, 5.06394705314, -1.3909998337, 0.0465008907849, 1, 2019
E, 100, 0.4954421091217678, 1231.45649908, 46.8927953412, 28.2037740478, -0.898877167914, 0.161513525389, 1, 2019
Z, -100, 0.8955351735223763, 244.585702731, 45.5213432254, 4.39237374465, 0.326239673182, 0.188665205076, 4, 2019
N, 100, 0.22389597180078902, 699.25219829, 197.747830944, 2.21888372731, -2.85351749482, 1.74110848104, 4, 2019
E, -100, -0.44443870062880786, 914.263175825, 63.4654255052, 12.5574182653, -2.43076643039, 0.497480298204, 4, 2019
Z, 100, 0.5570021240637515, 274.167228066, 50.9267698601, 3.11339711407, 2.07939541596, 2.08107254858, 7, 2019
N, 100, 0.32470937421224655, 429.849841908, 232.129038255, 1.87110169115, -1.24441606584, 0.0279533822214, 7, 2019
E, 100, 0.5558554722045483, 660.223016914, 75.9043149922, 7.89599341797, -0.657873436542, 0.409338917553, 7, 2019
Z, 100, 0.9653354869985036, 171.33821114, 33.680129853, 5.16671200362, -0.283598903738, 0.257271874016, 46, 2019
N, 100, 0.38584590074473357, 360.702892551, 162.766311791, 2.2697637189, -0.982411597549, 0.269233729463, 46, 2019
E, -100, -0.41950290062127427, 762.662199544, 50.6242744535, 14.6422334892, -2.06288183189, 0.0863465264613, 46, 2019
Z, -100, 0.8704895665659256, 176.020954039, 48.0040623428, 3.10209091222, 0.24011178017, 0.0452311420608, 49, 2019
N, 100, 0.09977783925268535, 562.377305537, 223.591541721, 2.44590859463, -1.58234356678, 0.158911979244, 49, 2019
E, -100, -0.09725926444331091, 1006.80305525, 68.1070030527, 14.7012292782, -1.82689031476, 0.232952942595, 49, 2019
Z, -100, 0.5925326249828415, 149.586032772, 43.7564349745, 3.68113876803, -2.18794251094, 3.19849219038, 52, 2019
N, 100, 0.610018671483004, 472.499092161, 180.752152424, 2.64249617094, -0.604482137752, 0.384979532919, 52, 2019
E, 100, 0.30601328601246486, 984.325715655, 61.148329049, 16.1376258061, -1.20767910668, 0.0321851709942, 52, 2019
Z, -100, 0.5302447036161232, 184.96392672, 23.9245427843, 11.8577523627, -1.05797171461, 1.40677789287, 55, 2019
N, -100, -0.1940028151780075, 553.753160923, 80.1649898003, 7.51067233693, -1.43249532309, 0.384578436577, 55, 2019
E, -100, -0.08822831306629626, 1318.64974025, 37.1184660523, 39.2014560576, -1.5344142986, 0.158282653553, 55, 2019
Z, 100, 0.8108712342042756, 154.420622498, 25.4129132258, 6.50988453551, -0.82917760102, 0.58862677502, 58, 2019
N, -100, -0.24281438550151976, 533.410843815, 123.120350081, 4.32898598984, 1.20018376801, 3.00037828791, 58, 2019
E, -100, -0.5412128043529738, 998.303886066, 37.0762164809, 28.096297639, -2.37318594831, 0.2579427071, 58, 2019
Z, -100, 0.9278024617268417, 152.954341389, 32.1672116066, 4.26935454304, 0.377951063002, 0.164513252529, 61, 2019
N, 100, 0.14986498595202286, 598.357052769, 161.078469906, 3.6803244725, -1.44239134354, 0.0198856256938, 61, 2019
E, -100, -0.18014805136179635, 1122.94956053, 50.3708866463, 21.7467888012, -1.66909662791, 0.101427688887, 61, 2019
Z, -100, 0.8812692722404172, 231.826526317, 36.0265310118, 6.42824722876, 0.485601704583, 0.0987506499415, 64, 2019
N, 100, 0.39730648824275205, 672.99770935, 152.457555589, 4.4221037151, -1.1042980379, 0.0598130446901, 64, 2019
E, -100, -0.02312964468104508, 1320.68942568, 51.6185838642, 23.2763849391, -1.48866942147, 0.135094440037, 64, 2019
Z, -100, 0.5892622102582621, 270.523300965, 28.9728024483, 10.0329517923, -2.16108930823, 3.16659588578, 67, 2019
N, 100, 0.3742879036449973, 536.467588902, 95.6693577026, 5.89518879741, -1.02849325901, 0.231625530923, 67, 2019
E, 100, 0.15627769518913903, 1139.07183948, 36.7150292551, 31.624748975, -1.28446384634, 0.15198224048, 67, 2019
Z, -100, 0.31178558635396514, 229.113099775, 16.1853369719, 17.7587048271, -1.87099804526, 1.66315146909, 70, 2019
N, -100, -0.7502437982792712, 429.758469813, 48.4388033133, 9.50874472431, 0.637405054637, 3.23310080247, 70, 2019
E, -100, -0.42000112956522156, 1031.90919894, 20.7455395077, 50.9744499043, -1.94031910094, 0.103454437979, 70, 2019
Z, 100, 0.6056967324592031, 172.223331904, 27.344184859, 6.80176899141, -0.849365633319, 0.855826576349, 73, 2019
N, -100, -0.2139794134622705, 926.538549468, 130.685762734, 5.94199436507, 1.63299353394, 3.65223502238, 73, 2019
E, -100, -0.426186956182443, 861.783176758, 38.9331002135, 20.1565929582, 1.37079601969, 3.45433895128, 73, 2019
Z, -100, 0.9369180577658842, 194.24408163, 34.3505495777, 5.74708474182, 0.00873830227411, 0.252790310627, 76, 2019
N, -100, -0.6616310111594983, 1576.85804918, 179.217813634, 7.80001399493, 0.553515709135, 2.79002483488, 76, 2019
E, -100, -0.6022073488313816, 923.490916936, 53.879371618, 15.8001766843, -2.40642351118, 0.238636161834, 76, 2019
Z, -100, -0.38768747710424056, 377.868576177, 37.9682627117, 6.14461022417, 4.10741517194, 0.931730652057, 79, 2019
N, 100, 0.05327074738351739, 456.178587024, 147.652406618, 2.97430371928, -1.2638718988, 0.376574946859, 79, 2019
E, -100, -0.5733155349344119, 740.702040196, 49.1204438487, 15.5447686241, -2.26094860149, 0.128173817646, 79, 2019
Z, 100, 0.6115358637182249, 153.931709385, 26.1423165064, 8.27161728818, 0.200210912476, 1.06920339198, 82, 2019
N, -100, -0.6670686499343934, 502.684028804, 61.986710117, 10.4250418388, -1.6784009487, 1.02803046353, 82, 2019
E, -100, -0.827021993341284, 467.462269053, 31.5821909419, 15.8197665223, -2.39957613469, 0.189699148786, 82, 2019
Z, 100, 0.6292568143059936, 152.442568506, 27.0667482615, 6.3955723782, -1.04937241382, 0.461139703806, 85, 2019
N, 100, -0.9847713108926837, 442.549537221, 124.001100511, 3.32693712856, -0.0969380369456, 3.18745504421, 85, 2019
E, -100, -0.992714002470226, 528.01655979, 36.1926878477, 15.3872548317, -0.0659059121357, 3.0417705699, 85, 2019
Z, 100, 0.8739674889378987, 182.743022351, 26.4228340196, 7.30414241798, -0.590816562714, 0.281581323891, 88, 2019
N, -100, -0.9471519230049191, 456.602246426, 150.524656487, 2.96013773099, 0.284113558148, 3.09805434168, 88, 2019
E, -100, -0.9656971054149315, 636.996768666, 46.1997669287, 13.4601766695, 0.0886412918658, 2.98160877294, 88, 2019
Z, -100, 0.8925111751488438, 139.822651748, 24.49543719, 5.35808745287, 0.430362413491, 0.326969246479, 91, 2019
N, -100, -0.4924173437920256, 644.693047478, 125.805796837, 4.9433519953, -1.85223932176, 0.350734667519, 91, 2019
E, -100, -0.6606855769034297, 727.224042352, 43.472140355, 16.2083032842, -2.12806827024, 0.256157530821, 91, 2019
Z, 100, 0.7616929537748091, 192.656764205, 28.4027676637, 10.0559259023, 0.20486790913, 0.498463854867, 94, 2019
N, -100, -0.5480877155979297, 1155.47144767, 69.3589260457, 17.6962554393, -1.99670462437, 0.319700955118, 94, 2019
E, -100, -0.8281883023211492, 880.948118734, 30.4431080405, 28.9177482459, -2.4384276611, 0.211125137841, 94, 2019
Z, 100, 0.24792874154406597, 141.001694709, 19.4382788936, 9.08176884815, 0.261500904103, 1.56826358636, 97, 2019
N, 100, -0.6657334462685588, 477.897476876, 66.1759169527, 8.02046384616, -1.0600306572, 2.76235230432, 97, 2019
E, 100, -0.8992027561809437, 450.18058698, 22.0295623899, 20.6018236085, -0.434846999686, 3.13044013674, 97, 2019
Z, 100, 0.367123190400838, 129.255118123, 30.9134251639, 3.92291967804, -1.13699012934, 0.108413324244, 100, 2019
N, 100, -0.850194188831551, 247.364063781, 147.925434753, 1.36696380049, -0.320251549994, 3.28296259754, 100, 2019
E, 100, -0.8288749379604563, 584.824293277, 44.0975115212, 13.0214812348, -0.68279660422, 3.01624002125, 100, 2019
Z, 100, 0.6646769947350494, 141.397885201, 31.7925585864, 4.14202500111, -0.728288145945, 0.117111033753, 103, 2019
N, -100, -0.7723600316230416, 339.282931411, 182.359858254, 1.72333653464, 0.839214973682, 3.35752917291, 103, 2019
E, 100, -0.9349866938517173, 554.22955013, 55.5489274703, 9.43623187672, -0.228248839129, 3.28442980596, 103, 2019
Z, 100, 0.8189696803976373, 183.353446961, 22.169249283, 8.04476418214, -0.215787566834, 0.276712326482, 106, 2019
N, -100, -0.3708935598204847, 600.761168416, 135.733738935, 4.48718469175, 1.3611066852, 3.37467911911, 106, 2019
E, 100, -0.9724085783604418, 615.826768354, 47.7304327661, 12.7513933655, -0.27587024299, 3.05815499419, 106, 2019
Z, 100, 0.20208473572815036, 166.668731449, 30.4327405064, 8.58190156858, -0.167508000923, 1.25962330805, 109, 2019
N, -100, -0.8802399021601033, 678.82697558, 51.658605489, 16.7612604298, -1.45667381754, 1.68565045856, 109, 2019
E, 100, -0.8381107460146725, 646.529378128, 29.8062440989, 22.8006295013, -0.264466696007, 3.45321595254, 109, 2019
Z, -100, -0.0431596962540848, 170.990352361, 33.1484041715, 5.48456736772, -1.8176427279, 0.243957733367, 112, 2019
N, 100, -0.9198535509900727, 686.09898548, 151.69999559, 4.38686598894, -0.471528759277, 3.04717138501, 112, 2019
E, 100, -0.5695617780030154, 839.848307521, 45.9754286329, 17.5989768892, -0.935509796971, 3.1670805296, 112, 2019
Z, 100, 0.17087943817022866, 145.186902783, 32.8171892602, 4.49218596296, -1.6429005462, 0.312991698288, 115, 2019
N, -100, -0.9986062158291551, 744.683135389, 186.130549737, 3.89647464681, 0.0220493437208, 3.11356169136, 115, 2019
E, 100, -0.7584471318016082, 805.353725112, 58.1889477529, 12.2659894987, -0.48609429779, 3.34793297762, 115, 2019
Z, 100, 0.5566946189331702, 205.364475286, 21.9308631816, 9.36415377701, -1.09287851812, 0.308055490659, 118, 2019
N, -100, -0.8877361396234087, 444.126676313, 148.695011215, 2.98080477782, 0.48173587877, 3.18816370533, 118, 2019
E, 100, -0.9488761529791403, 912.099580608, 51.0151595707, 17.2871927175, -0.307353723682, 3.10280673931, 118, 2019
Z, 100, 0.32452327552568383, 161.449440874, 18.0840585309, 11.1123941952, -0.52791744908, 0.773502694012, 121, 2019
N, -100, -0.8571918758547626, 831.723871374, 80.0301443401, 11.2017844614, 0.689310651007, 3.46992192486, 121, 2019
E, 100, -0.9871245209194438, 1008.43442882, 35.8479051897, 28.2773353324, 0.00371025927153, 3.28845861017, 121, 2019
Z, 100, 0.37835082736067205, 189.135688607, 24.5285524348, 7.74987389806, -0.194898478801, 1.18776582141, 124, 2019
N, 100, -0.5234061498255664, 446.214997379, 88.7138420384, 5.61230190985, -1.22769035311, 2.89176052903, 124, 2019
E, 100, -0.8481099961864679, 655.088005346, 32.0536885307, 21.6177103281, -0.537292076556, 3.16637925652, 124, 2019
Z, -100, -0.288685819413499, 114.668266602, 36.5549764127, 2.71424851701, -1.25600632973, 0.739100510482, 127, 2019
N, 100, -0.5006287207376657, 657.871172749, 179.584357692, 3.49293259778, -1.23806067507, 2.87555160493, 127, 2019
E, 100, -0.7389809777231552, 996.520248406, 55.2376357657, 17.4286277927, -0.792070802889, 3.06936431899, 127, 2019
Z, 100, 0.22024321470194966, 176.669584315, 39.2647127817, 4.32871009116, -1.41164864814, 0.0744797881396, 130, 2019
N, 100, -0.9397809324826135, 571.692140067, 220.295255914, 2.49384605264, -0.381372493937, 3.07144987923, 130, 2019
E, -100, 0.2261260847642128, 2663.58347948, 68.7239939573, 25.728264709, 0.507139404056, 1.02599852879, 130, 2019
Z, 100, 0.4960813052472742, 211.530868559, 21.1072055177, 10.4372268956, -1.04781558065, 0.0056698062221, 133, 2019
N, -100, -0.8485749814714034, 594.194319378, 171.721493397, 3.43752515589, 0.774504395491, 3.51962739004, 133, 2019
E, 100, 0.3299726901918798, 11809.4774918, 59.9227125628, 175.205879491, 1.96443388511, 3.25057391666, 133, 2019
Z, -100, -0.31796936124315656, 166.4209057, 18.3651442457, 11.7714392795, -0.514272046095, 1.55284101178, 136, 2019
N, 100, -0.750726362725644, 574.511801655, 73.5380115524, 8.76577548345, -0.579588297478, 3.26017660929, 136, 2019
E, 100, 0.10884604932693578, 2065.02710267, 38.9641980446, 24.7565166613, 2.31768345734, 2.12950407451, 136, 2019
Z, -100, -0.31468519120959854, 135.453718397, 36.126884497, 4.34792152689, -2.40392463556, 0.467043917896, 139, 2019
N, 100, -0.34906302725221744, 492.07468195, 168.709713182, 2.82246200735, -1.35444226745, 2.96365963632, 139, 2019
E, 100, -0.690329860180406, 955.909611972, 53.0142813235, 17.8821112259, -0.919247747154, 3.01035861917, 139, 2019
Z, -100, -0.30756917750242585, 70.9977265862, 41.0113378167, 1.70893313795, -3.18186041699, 1.32553590958, 142, 2019
N, 100, -0.43892544245215226, 469.958481586, 222.740895434, 2.12617427546, -1.1914296139, 3.02401633338, 142, 2019
E, 100, -0.7466500169667253, 729.198369193, 70.2613247078, 10.6706261932, -0.781411394395, 3.06901259414, 142, 2019
Z, -100, -0.19673568825310608, 321.75221555, 30.3748180911, 10.0676724889, -1.84745029179, 0.11795430146, 145, 2019
N, 100, -0.9142384725048732, 367.953197377, 195.840688431, 1.78205476736, -0.0445148892736, 3.4754759227, 145, 2019
E, 100, -0.7891846262144226, 717.145926623, 65.6797585653, 10.6827805242, -0.66042191612, 3.1250244283, 145, 2019
Z, 100, 0.027849119431133593, 93.9994522965, 14.9635053335, 6.29083012093, -1.45942616115, 0.0956378016414, 148, 2019
N, 100, -0.869469482620734, 407.246140852, 122.10360874, 3.38336962671, -0.25717836727, 3.37919434486, 148, 2019
E, 100, -0.9474723713563397, 737.237962404, 48.646033118, 14.8131907922, -0.123829187173, 3.30692717792, 148, 2019
Z, -100, -0.3454477008773679, 97.8085850234, 18.3354325428, 5.64947958375, 0.512221817443, 2.38536320757, 151, 2019
N, 100, -0.35740775682393744, 475.852368487, 97.2187305046, 5.10110599647, -1.4815544134, 2.82840287653, 151, 2019
E, 100, -0.8626263840636801, 899.590774074, 39.6737787928, 23.4343211886, -0.552345257952, 3.11962443321, 151, 2019
Z, 100, 0.00913588977063983, 270.444230992, 38.4753636344, 7.15090497955, -1.87975517024, 0.387000554605, 154, 2019
N, 100, -0.2771144277896682, 360.018407941, 191.183780046, 1.89301909183, -1.35418061753, 3.0574067045, 154, 2019
E, 100, -0.7515983383332864, 1005.64003002, 60.0942892073, 16.3556016853, -0.820843982249, 3.00943437482, 154, 2019
Z, 100, 0.6828961209831516, 197.237167979, 47.0810931209, 4.40079682744, -0.697944048623, 0.128361692175, 157, 2019
N, 100, -0.3859181811215121, 232.430653815, 254.232059875, 0.713517585461, -1.75263586121, 2.39481911274, 157, 2019
E, 100, -0.9465879819366151, 1057.34551422, 79.0900399506, 13.1103125993, -0.281646020582, 3.19459204062, 157, 2019
Z, 100, 0.29485063696157493, 286.769808345, 29.9119420473, 9.7433966914, -1.32209213441, 0.0685987351058, 160, 2019
N, -54, -0.9953156996019916, 331.803061778, 220.894229662, 1.5156843381, 0.0983623346716, 3.24441841105, 160, 2019
E, 100, -0.9732276359106417, 1141.59046355, 74.4863324813, 15.4668496573, -0.196594493028, 3.18180966219, 160, 2019
Z, -100, -0.8058201144971778, 228.760443258, 14.618732438, 14.4887214593, -2.51303027479, 0.0649830419797, 163, 2019
N, 100, -0.8894540599958061, 338.454410036, 108.094312844, 3.69856866832, 0.028350954781, 3.54847993958, 163, 2019
E, 100, -0.9116812113608004, 1185.919361, 49.6951843942, 25.4320985423, -0.28440969795, 3.28818363594, 163, 2019
Z, -100, -0.6339637643399769, 128.044056959, 43.8830197711, 2.46735218351, 0.113914690622, 3.61010538322, 169, 2019
N, -100, 0.10319685081941449, 279.164356832, 233.773578381, 0.984441477261, -1.93671185823, 2.73614604459, 169, 2019
E, 100, -0.12876197242903317, 694.232222586, 73.554940031, 7.86860190193, -1.71510782977, 2.7125238808, 169, 2019
Z, 100, -0.2720689284446489, 0.4172914961, 21.2754036542, 0.0162768141625, 1.58123612646, 0.493952915185, 175, 2019
N, -100, -0.12433046763805874, 2.46087031266, 162.354376414, 0.0109951119226, 1.15547008632, 2.78933885404, 175, 2019
E, 100, -0.4378078831789387, 1.30972592428, 59.6704740265, 0.0184512661834, -0.791312210562, 3.07148669877, 175, 2019
Z, -100, -0.8152945172419549, 144.821101508, 46.0844026084, 2.76282220691, -2.55989662611, 0.0290813786451, 211, 2019
N, -100, 0.37421668897018295, 563.806801319, 224.374912087, 2.50205152499, 1.09079652663, 0.160094053942, 211, 2019
E, 100, -0.4024889053054114, 983.938812291, 68.8216417302, 13.9234321655, -1.18559971581, 3.09930429043, 211, 2019
Z, 100, 0.08755087632335844, 207.553787514, 43.788150257, 5.09058235312, -1.57461026129, 0.0949749405241, 214, 2019
N, -100, 0.1380557663802825, 368.768403748, 255.128117594, 1.34306741836, -1.75101202107, 3.03976251426, 214, 2019
E, 100, -0.614817277019588, 1055.98872434, 79.9033826139, 13.2183944043, -0.911226691453, 3.13382152435, 214, 2019
Z, -100, -0.018168779765190546, 140.957230933, 12.6370187, 14.839579344, -0.877487020673, 0.731682359611, 217, 2019
N, 100, -0.6896976624069776, 366.964278685, 170.610575594, 2.21720820771, 0.0293057222501, 3.85446012877, 217, 2019
E, 100, -0.7634756818668256, 977.958971357, 61.6673552681, 16.8502500503, -0.404328102754, 3.43235587221, 217, 2019
Z, 100, -0.8328272508441487, 194.064020055, 32.5402969911, 5.46169418455, -3.73888803856, 0.0961303452828, 220, 2019
N, -100, 0.38879700025254266, 630.791281287, 92.7915088306, 8.42373628934, 0.868803938911, 0.33165042331, 220, 2019
E, 100, -0.15036844620381054, 1172.03268866, 36.8661576792, 34.9230423654, -1.40809787372, 3.16049609222, 220, 2019
Z, -100, -0.8619066043464197, 203.847683472, 39.9482379093, 4.5700875107, -2.89620089894, 0.277754834472, 223, 2019
N, -100, 0.8268308381662124, 647.575135608, 179.107874538, 3.49112882422, 0.532324231822, 0.100696429097, 223, 2019
E, -100, 0.4781417668428, 966.351384944, 56.1693244603, 16.4096687341, 0.914801487339, 0.224902085628, 223, 2019
Z, -100, -0.1342243679382154, 100.130003388, 36.4574222895, 2.55890928698, -1.39256707177, 0.403078459291, 226, 2019
N, -100, 0.39746645602281194, 465.044641608, 207.846853379, 2.0714766098, -2.02790124594, 3.05525297104, 226, 2019
E, 100, -0.12480323571134264, 857.90935431, 66.280509266, 12.5394175391, -1.36918287585, 3.21531798172, 226, 2019
Z, -100, -0.3023122633169027, 127.388304088, 25.8991978118, 4.44968711307, -0.878523579895, 0.951519478999, 229, 2019
N, 100, -0.3570933176265201, 456.766935372, 172.245082231, 2.53332443225, -1.26258754369, 3.03020023808, 229, 2019
E, 100, -0.4636663294922448, 947.616403191, 58.7685942814, 16.1279491019, -1.0481219017, 3.1642811495, 229, 2019
Z, 100, 0.0400001326212429, 192.248549586, 6.23092880362, 70.7571123705, -0.694864800982, 0.909564742752, 232, 2019
N, 100, -0.5789953013705584, 433.279375347, 96.4630325789, 5.24738742635, -0.67886046078, 3.44725049845, 232, 2019
E, 100, -0.587865962717708, 948.079192637, 37.9116732366, 27.0574273874, -0.753249061745, 3.34297296317, 232, 2019
Z, 100, -0.7527202010482159, 177.761337158, 22.8776308356, 6.85277459811, -0.672038129457, 3.16904965262, 235, 2019
N, -100, 0.5467102149190404, 446.703176367, 85.0937837154, 6.08868940199, 0.711267201681, 0.307514119397, 235, 2019
E, -100, 0.1271476544230916, 957.050899795, 31.2075211147, 34.1904052923, 1.33248333896, 0.121507141712, 235, 2019
Z, -100, -0.9132902189203981, 102.509905499, 40.6969432628, 2.00915093018, -2.92411755449, 0.217642975402, 238, 2019
N, -100, 0.7014542249327493, 473.178403932, 173.520727259, 2.65022949448, 0.74480004533, 0.0642980260493, 238, 2019
E, -100, 0.22089401188398056, 836.310025616, 52.885037274, 15.3647202151, 1.27759786695, 0.0966028871095, 238, 2019
Z, -100, -0.2000752408010775, 171.627744815, 40.5780018347, 4.30402495458, -1.96026079331, 0.25821327315, 241, 2019
N, -100, 0.47018237104194555, 428.899105588, 224.347718019, 1.81129155345, 1.12477350429, 0.0396469529058, 241, 2019
E, -100, 0.05538562279587011, 946.879821672, 68.327249654, 13.8967554849, -1.69720253968, 3.01996215443, 241, 2019
Z, 100, 0.39443194285932826, 183.973636721, 31.6743855987, 8.28058290295, -0.234455326671, 0.826168252159, 244, 2019
N, 100, -0.23741371748657802, 459.42361976, 167.854051718, 2.79977103464, -0.949473261269, 3.51084608152, 244, 2019
E, 100, -0.3421410108183105, 969.45562506, 57.0867122053, 17.5226486227, -0.952577890157, 3.42561551927, 244, 2019
Z, -100, 0.15618796932933984, 159.293125206, 22.8867271367, 5.95051181371, -1.71560417665, 3.10039563771, 247, 2019
N, -100, 0.35514303498244865, 545.733903256, 64.8713058995, 10.09935717, 0.0099070506061, 1.05776297305, 247, 2019
E, -100, 0.05283089084412696, 1013.97317293, 23.8271634021, 53.3986152243, 2.56611437563, 1.0639747794, 247, 2019
Z, 100, -0.7303712698540891, 153.593025566, 42.4269251919, 3.10297572541, -0.232771126087, 3.45733296267, 250, 2019
N, -100, 0.8500397851969136, 571.964925611, 144.469285049, 3.9783347366, 0.546244757625, 0.0190292029779, 250, 2019
E, -100, 0.5702339946448617, 896.132910517, 43.7945776963, 20.1951642085, 1.02262003917, 0.0728495197837, 250, 2019
Z, -100, -0.9149099864110292, 229.465420434, 33.0821231078, 6.68301211588, -2.83030969889, 0.14748366432, 253, 2019
N, -100, 0.6994988738670893, 484.427440073, 175.698216333, 2.52016119062, 0.702305449778, 0.13937353297, 253, 2019
E, -100, 0.46888441681233883, 900.97866576, 55.7203544358, 15.5218765735, 1.02160923972, 0.103573952656, 253, 2019
Z, -100, -0.16824179111468157, 194.131036008, 22.1186839798, 9.49696523691, -1.4309234865, 0.285463536512, 256, 2019
N, 100, -0.25280362895968134, 337.746007278, 145.273196126, 2.23474501952, 1.96144397768, 0.108531044392, 256, 2019
E, 100, -0.09681607421716086, 800.732722582, 48.4654432007, 17.3086971148, -1.39286020905, 3.23914341134, 256, 2019
Z, 100, 0.7822955591664436, 232.166412728, 20.5233311603, 18.5348389817, -0.12893954881, 0.353604278516, 259, 2019
N, 100, -0.6399904188702638, 399.690417856, 76.0581828003, 6.72361545221, -0.136538406618, 3.8165180904, 259, 2019
E, 100, -0.07759235230713665, 863.211773559, 28.5063780894, 36.1505579348, -1.14276687017, 3.53516510563, 259, 2019
Z, -100, 0.023797882331292864, 232.350301172, 19.2322534275, 10.1710733571, -1.66979272583, 2.93732224403, 262, 2019
N, -100, 0.8549766725275447, 499.819008199, 71.8844617938, 7.90689927429, 0.0430749626372, 0.399892958148, 262, 2019
E, -100, 0.8221678989314525, 924.106175882, 22.5774892091, 48.568511048, -0.107250845372, 0.566600868312, 262, 2019
Z, 100, -0.6452671186738971, 253.818923151, 37.4935752829, 6.63434711331, -0.705804481784, 3.35848155512, 265, 2019
N, -100, 0.7350817006640574, 453.610402387, 143.321948535, 3.11018210074, 0.653619348735, 0.0666038485362, 265, 2019
E, -100, 0.9471375346069489, 1067.73183351, 43.1859643512, 24.7016816917, 0.383515574798, 0.0757710364084, 265, 2019
Z, 100, -0.6954958724000011, 258.616910357, 38.9751913617, 5.29430451587, -0.893977468351, 3.38320040561, 268, 2019
N, -100, 0.5944748790830744, 765.311848542, 184.780555778, 4.06568800697, 0.919622635009, 0.0175980293725, 268, 2019
E, -100, 0.9381215850791921, 1061.80796645, 56.4747010183, 17.5855989239, 0.226971146443, 0.133454022248, 268, 2019
Z, -100, -0.40904799555000426, 108.577574408, 26.099285585, 5.03832707114, -0.759380868603, 1.16208064202, 271, 2019
N, -100, 0.37777490210513076, 481.810272906, 151.202483377, 3.35609242764, 1.31265182223, 0.122342227541, 271, 2019
E, -100, 0.6896292379362395, 879.641597522, 49.9126376738, 18.0984747101, 0.98918895813, 0.208673821915, 271, 2019
Z, -100, 0.6444332520374211, 195.526596457, 33.2541989221, 6.13329938909, -2.34403431871, 3.07671295011, 274, 2019
N, -100, 0.6207934656116241, 488.562224867, 67.6172713125, 8.46474483578, -0.486626437996, 0.779578182835, 274, 2019
E, -100, 0.7710457325350809, 972.43864133, 21.6840085246, 51.6903246725, -0.907910436693, 1.25207489585, 274, 2019
Z, 100, -0.42737862245353336, 167.405776395, 41.851018527, 3.83601250953, -1.14617898192, 3.0945681501, 277, 2019
N, -100, 0.9576565975896741, 677.093297467, 149.750381065, 4.40849951299, 0.228375594387, 0.044097169009, 277, 2019
E, -100, 0.9806214349027458, 821.487525016, 43.6825052924, 17.8741427801, -0.118866564595, 0.144134956957, 277, 2019
Z, 100, -0.8127160403143152, 118.17056025, 39.3684483814, 2.99744026623, -0.375885014693, 3.34648535486, 280, 2019
N, -100, 0.8936826010178769, 702.59981495, 165.486361457, 4.28527312044, 0.507746845137, 0.0612669774425, 280, 2019
E, -100, 0.879825289263832, 836.058051371, 54.2043772042, 14.9582666522, 0.592735896791, 0.142243643062, 280, 2019
Z, -100, -0.661389317235736, 173.868645804, 17.5725913311, 8.79499822538, -1.90698077918, 0.899548557111, 283, 2019
N, -100, 0.6869861291197483, 534.55865618, 129.79661395, 3.83464092897, 0.716805540823, 0.121802559142, 283, 2019
E, -100, 0.6823800456169848, 1184.32145648, 45.3281774676, 27.6173680689, 0.936238745069, 0.156770584907, 283, 2019
Z, 100, 0.549902512696212, 267.184093061, 21.6624311966, 16.9344456348, -0.401475933467, 0.273132196599, 286, 2019
N, -100, 0.31807673016417437, 703.403115369, 56.7340362806, 17.501261129, 1.68843800463, 0.641991664846, 286, 2019
E, -100, 0.7329183378458431, 1175.3941907, 22.5255281892, 64.9499728248, 1.04618825585, 0.407209701316, 286, 2019
Z, -100, 0.5820507979563975, 223.163855277, 30.027113402, 7.24408678673, -2.22099569402, 3.11515204802, 289, 2019
N, 100, 0.8718810570975479, 605.519062241, 95.0773698091, 6.71085604541, -0.585239393739, 0.261426390544, 289, 2019
E, 100, 0.9039603299772951, 1148.73219781, 29.6057616772, 42.2415679018, -0.640440275528, 0.36123133641, 289, 2019
Z, -100, 0.12026279080236492, 324.240777655, 39.8374299216, 7.37596222302, -1.76122836836, 2.98765338999, 292, 2019
N, -100, 0.9941063249024937, 729.233620486, 164.29825623, 4.16778795451, -0.00868511538873, 0.0512461021098, 292, 2019
E, 100, 0.9365863258656356, 1377.85256963, 49.4897354687, 27.6730191454, -0.480332985373, 0.231518615815, 292, 2019
Z, 100, -0.6764134132791305, 238.058634289, 43.6691692739, 5.07288626568, -0.771978764486, 3.18138191128, 295, 2019
N, -100, 0.8836554558549587, 823.135694633, 182.038962543, 4.28220277846, 0.484804052045, 0.00174787711086, 295, 2019
E, -100, 0.9606934755296597, 1178.8858624, 57.8960085405, 19.3584524995, 0.232122448979, 0.0313863967123, 295, 2019
Z, 100, -0.7919208727748491, 159.064138227, 20.3562609036, 9.0049804038, -2.47079244582, 0.705620107586, 298, 2019
N, -100, 0.534374056439368, 553.73481733, 144.881064625, 4.12873678485, 1.13480965418, 0.195000277902, 298, 2019
E, -100, 0.7986035582872846, 1364.22278838, 51.500146019, 28.0181489416, 0.839802373115, 0.278141450388, 298, 2019
Z, -100, 0.8782642539980494, 305.640606825, 34.7159110943, 7.41261478634, 0.0914482619056, 0.332525064508, 301, 2019
N, 100, 0.7346032155682708, 655.47438559, 82.3035226065, 9.87619656737, 2.12386291853, 2.23357173497, 301, 2019
E, 100, 0.9375635215574578, 1262.45189789, 30.2361831358, 49.5828718132, -0.382025406939, 0.363698974645, 301, 2019
Z, -100, 0.1931679229477042, 204.145698356, 48.8383305727, 3.65162186243, -1.83537913919, 2.91438595904, 304, 2019
N, 100, 0.8995483968683997, 497.579600579, 185.72006457, 2.60146357418, -0.438105143904, 0.0261237738509, 304, 2019
E, 100, 0.805157485553114, 1243.04573203, 55.3453957209, 23.3826615339, -0.773534226556, 0.241023215648, 304, 2019
Z, 100, -0.26050776906784257, 152.812365445, 46.6560791451, 2.71062362086, -0.277029746779, 4.09427698669, 307, 2019
N, -100, 0.9806929183558076, 806.187439799, 199.231851334, 3.85277921142, 0.0611503222647, 0.00375242652249, 307, 2019
E, 100, 0.9772393437663889, 1365.56048363, 64.7276902541, 19.8919591488, -0.114656073634, 0.065744610028, 307, 2019
Z, 100, -0.8075111162205842, 176.823276182, 30.245413706, 6.42101051211, -0.331104307471, 3.41983965376, 310, 2019
N, -100, 0.9432187958786102, 783.267921545, 151.470101889, 5.39232741512, 0.412344796539, 0.117390573648, 310, 2019
E, -100, 0.9775869095510789, 1150.69324057, 56.0442316377, 20.1743218772, 0.23004612324, 0.0300169390044, 310, 2019
Z, -100, 0.37461155301303234, 253.643072227, 7.47517976868, 33.8482592012, -2.9149043244, 2.31859507986, 313, 2019
N, 100, 0.9625090407506858, 447.901534802, 78.2138600033, 6.62747851126, 0.281600124989, 0.359011357952, 313, 2019
E, -100, 0.9283551840944269, 1032.22230991, 33.6546321291, 35.0986295761, 0.35776639502, 0.252643679037, 313, 2019
Z, -100, 0.42806442431904934, 212.19846663, 32.1233843308, 5.34637225424, 1.11598322295, 0.406771117617, 316, 2019
N, 100, 0.7320193639600673, 471.545804926, 119.707723645, 4.15476034236, -0.931072295336, 0.233504626779, 316, 2019
E, 100, 0.6933754907876918, 975.711126837, 40.2715529671, 25.7794996696, -1.0428694857, 0.294146826257, 316, 2019
Z, -100, 0.5942639467585207, 208.806598104, 48.2343133155, 3.2477776517, -2.4534557831, 2.96230885039, 319, 2019
N, 100, 0.9498153682036042, 784.629546828, 201.352555886, 3.93159037862, -0.0522109348813, 0.205721000134, 319, 2019
E, 100, 0.7823384628401702, 948.43902863, 62.3132915103, 15.300613723, -0.782402208173, 0.181204668724, 319, 2019
Z, 100, -0.24152633367325146, 256.59313213, 49.1212848695, 4.00159459121, -1.47905121758, 2.86027527377, 322, 2019
N, 100, 0.7450721882387668, 2439.49826099, 223.198128655, 9.82684727851, -0.71899859426, 0.00947178691528, 322, 2019
E, 100, 0.8328008376171163, 1294.08065444, 71.4787719501, 17.7403287338, -0.665368327479, 0.130950988209, 322, 2019
Z, 100, -0.7763368331552174, 162.065241504, 37.329227748, 5.28995538409, -3.5540351169, 0.2829709363, 325, 2019
N, -100, 0.9577860148293003, 761.497378564, 169.337575405, 4.3608387078, 0.215759432396, 0.0796013860264, 325, 2019
E, 100, 0.9473922622189221, 791.631552986, 62.4799103679, 12.8082333894, -0.28132494712, 0.0465155224166, 325, 2019
Z, -100, 0.6013446847832529, 175.365338969, 23.8802825167, 7.08587156148, 0.870268165521, 0.0689950088131, 328, 2019
N, 100, 0.9364665138504991, 611.120925564, 91.6524891175, 8.26521385161, -0.526315139459, 0.451756044149, 328, 2019
E, 100, 0.7873488151532559, 937.233649967, 42.8678643562, 23.7637571738, -0.497381064879, 0.1337056223, 328, 2019
Z, -100, 0.668681895986289, 192.950202395, 53.1377469857, 3.00253513265, -2.35148119221, 3.23862344159, 331, 2019
N, 100, 0.8817777060312801, 752.183125783, 202.526203202, 3.66846666154, -0.545432355938, 0.115438153589, 331, 2019
E, 100, 0.5504364851971218, 990.84995072, 62.6093436842, 16.0970211577, -1.15582000417, 0.21764547122, 331, 2019
Z, -100, 0.14545837750535695, 185.504642336, 54.1714834065, 2.81671138387, -1.38471860817, 3.54521768948, 334, 2019
N, 100, 0.974116510299298, 892.73562741, 244.693042336, 3.51114323548, -0.199912887297, 0.0750323888993, 334, 2019
E, 100, 0.7996711538245023, 1138.31799834, 77.9218647318, 14.1434792618, -0.595367736438, 0.0241149978773, 334, 2019
Z, 100, -0.3473371238227558, 203.066683616, 42.9779329303, 4.86268986512, -1.0137568996, 3.36577595186, 337, 2019
N, -100, 0.9836512591778394, 884.319987617, 198.08388836, 4.53424055455, 0.236580462121, 0.134293595567, 337, 2019
E, 100, 0.9217124615336832, 1480.26055647, 70.5035946434, 20.8880083343, -0.374986626804, 0.0271662069343, 337, 2019
Z, 100, -0.47681502602894016, 176.46310902, 21.2043203693, 11.4405642127, -3.52257842811, 0.700132942877, 340, 2019
N, 0, 0.986352078548853, 882.763609283, 120.831195084, 7.79286274082, 0.18664839272, 0.21668563765, 340, 2019
E, 100, 0.8984965068455535, 1277.29248427, 49.8965155145, 27.1757338919, -0.291677971896, 0.166154433713, 340, 2019
Z, -100, 0.8073058954187161, 200.074030705, 26.3696486998, 7.30170432224, 0.488254661449, 0.139737159938, 343, 2019
N, 100, 0.767590773797019, 853.265270742, 123.137520647, 7.65475265959, -0.849716829542, 0.195338112882, 343, 2019
E, 100, 0.6254933914598959, 1201.61407719, 45.2888489944, 27.2059154928, -1.05378774625, 0.185882403989, 343, 2019
Z, -100, 0.7390634182774365, 243.216929529, 50.5643530163, 4.35994395578, -2.4630023915, 3.03979241929, 346, 2019
N, 100, 0.6091588789493113, 788.407592391, 214.974984802, 3.81152474107, -1.00064232412, 0.119230271697, 346, 2019
E, 100, 0.6585743563890187, 1431.355496, 68.060882599, 20.3200449827, -0.992889902417, 0.197164206866, 346, 2019
Z, -100, 0.39876811704041226, 190.48462948, 56.7313208881, 3.20509628491, -1.98149441469, 3.0973495408, 349, 2019
N, 100, 0.8243017592799377, 686.484461925, 261.126302676, 2.35656220221, -0.453502556045, 0.066521810964, 349, 2019
E, 100, 0.8279105945442199, 1526.07506956, 82.6177917721, 18.6185856109, -0.587649240123, 0.00965155701964, 349, 2019
Z, -100, 0.08727771698321156, 172.735418559, 46.1055504793, 3.87006635508, -1.32987733346, 3.4740310112, 352, 2019
N, -100, 0.9849051940403803, 1019.28657121, 212.716065204, 4.75059058232, 0.187423920843, 0.128091654263, 352, 2019
E, 100, 0.7875367559883657, 1578.12098968, 74.9050309143, 20.8569223147, -0.677764700629, 0.0247697739341, 352, 2019
Z, -100, 0.3601904816231908, 176.992330343, 21.4904442186, 10.5056951891, -3.44944070766, 1.75922697562, 355, 2019
N, 100, 0.9546007528452611, 947.278108655, 119.546713879, 8.8150577995, -0.0495422600022, 0.200274684442, 355, 2019
E, 100, 0.7550427059063325, 1371.74286508, 53.7671681186, 26.6954239232, -0.520485318386, 0.197867057814, 355, 2019
Z, -100, 0.8966557918834359, 170.094508313, 44.6889531668, 3.40646229547, 0.294797023258, 0.0684159384068, 358, 2019
N, 100, 0.8343076372121706, 783.290039284, 187.105967193, 4.30807845211, -0.683075497003, 0.113523631749, 358, 2019
E, 100, 0.4207274136848571, 1310.75574158, 60.4708691966, 22.559405491, -1.27735546399, 0.171304700909, 358, 2019
Z, -100, 0.7239301490116274, 205.690966528, 58.4017672468, 3.33912917598, -2.40643353123, 3.05645159013, 361, 2019
N, 100, 0.8771202888554172, 728.654171852, 255.260891216, 2.85046524095, -0.533944210729, 0.0653230208278, 361, 2019
E, 100, 0.45759003394182507, 1392.27608939, 80.5171801114, 16.743199509, -1.14331799987, 0.0779870334903, 361, 2019
Z, -100, 0.3171377174359612, 148.709216221, 48.2106287438, 2.86965188279, -1.90170768854, 3.0774845857, 364, 2019
N, 100, 0.9759499716814886, 681.51468762, 231.488662733, 2.83299782919, -0.16574526682, 0.0167238895227, 364, 2019
E, 100, 0.6982249151664566, 1272.10537436, 78.8036388367, 15.787489754, -0.775587813023, 0.00360489455913, 364, 2019
