Chan, Phase Shift, Correlation, ptp-data, ptp-synthetic, rat, phasem, phasestd, DOY, Year
Z, -100, -0.7840230901003816, 203.232389509, 0.91368521364, 282.493453517, -0.100313483652, 3.50301214381, 1, 2019
N, 100, 0.9946460943915894, 50.0998589655, 44.9346219255, 1.15039096766, -0.109262879773, 0.111324687326, 1, 2019
E, 100, 0.9822126875579248, 66.1786154458, 49.4766730705, 1.41476998913, -0.284662969411, 0.187885427425, 1, 2019
Z, 100, -0.8055506369629986, 145.910809583, 1.71318778739, 79.1413322337, 0.116287115453, 2.5024220369, 4, 2019
N, 100, 0.9966107476363882, 71.7485838649, 70.268346918, 0.99908425661, 0.00866036891255, 0.0632520902599, 4, 2019
E, 100, 0.9931784104292545, 88.9802349145, 77.1880554047, 1.1535831665, -0.0104929704733, 0.100613035615, 4, 2019
Z, 100, -0.025324819415895174, 191.459412791, 2.12258852985, 63.1968829394, 1.21910483468, 0.456646786647, 7, 2019
N, 100, 0.8245390739092611, 110.643102697, 74.3550750669, 1.1256500252, -0.789873420771, 0.430316608395, 7, 2019
E, 100, 0.8485284469743885, 70.466308011, 82.5385395715, 0.723175827832, -0.0931948808961, 0.372867327075, 7, 2019
Z, 100, -0.03543113612394422, 108.690479478, 1.91867589375, 50.7943523274, 1.46522229626, 0.171072461371, 10, 2019
N, 100, 0.7828394816044263, 156.99348627, 58.219655967, 1.98304549842, -0.83951934455, 0.454266712392, 10, 2019
E, 100, 0.5098049927656139, 58.7469193368, 66.4975119098, 0.582140029881, 0.994439306895, 1.63226235293, 10, 2019
Z, -100, -0.11220179841747455, 129.340025572, 1.33841512283, 84.6060418364, 1.18321838499, 3.45130741741, 13, 2019
N, 100, 0.9732763511614756, 42.4698407745, 31.3202563244, 1.25167260125, -0.325826406418, 0.20761579303, 13, 2019
E, 100, 0.9741113216767152, 39.4302733353, 36.900621368, 1.00864299704, -0.167228949267, 0.0379375611639, 13, 2019
Z, -100, 0.6001744924656669, 104.388261922, 0.892706227524, 112.997802937, 1.18762325627, 0.355467557028, 16, 2019
N, -100, 0.9328748984083161, 52.7612411081, 46.5222593442, 1.29527437919, 0.0618999468417, 0.190213944916, 16, 2019
E, 100, 0.9458591373955346, 45.4614127113, 52.05284195, 0.958413736317, -0.499969786526, 0.424538803077, 16, 2019
Z, 100, 0.32730227397943207, 163.746911137, 1.86567962852, 57.3464117332, -1.03969907815, 0.745245258673, 19, 2019
N, -100, 0.9858085202465676, 89.2856521768, 82.5088208593, 1.10500697672, 0.0484680601388, 0.0362877228835, 19, 2019
E, -100, 0.9985731561553867, 90.9220805395, 90.7273788074, 1.0156561343, 0.0352229153499, 0.00344562374281, 19, 2019
Z, -100, -0.708527417797312, 55.841842589, 2.51553822402, 12.4694061595, 1.14212906543, 2.04303148777, 22, 2019
N, 100, 0.9916926989162914, 85.5068089296, 87.2374462609, 0.973193277349, -0.0449181461724, 0.0825186772417, 22, 2019
E, 100, 0.9987208646302231, 97.6778925987, 97.4911762814, 0.996717399783, 0.00273554379169, 0.0441048702006, 22, 2019
Z, 100, -0.08224401306538476, 238.738735995, 2.06040586944, 117.117022293, 1.8161641729, 0.341434349161, 25, 2019
N, 100, 0.9849420229506861, 52.9729846158, 51.4412344627, 1.04723857321, -0.0972036286141, 0.0592276773904, 25, 2019
E, 100, 0.9660558426420471, 69.0094379269, 61.1368177226, 1.08106535921, -0.242927898536, 0.108798711715, 25, 2019
Z, 100, 0.30638799125040944, 200.912061653, 0.93334333183, 302.272622772, 3.16741671135, 2.15565732269, 28, 2019
N, 100, 0.4399677732988487, 76.4633581667, 31.6376951229, 1.57783852354, 3.85951926342, 1.55075641814, 28, 2019
E, -100, 0.6451870136769241, 57.0801721402, 34.6962850664, 1.80667480483, 0.553320907783, 0.13580636336, 28, 2019
Z, -100, -0.6242809437548011, 257.195429172, 1.32613547354, 132.998989387, -0.175659884863, 3.90075520661, 31, 2019
N, 100, 0.9541718463623879, 45.7476957819, 57.6870059803, 0.778061919917, 2.82706575627, 3.27270762653, 31, 2019
E, -100, 0.9907149204517388, 72.9704723833, 64.0604867462, 1.13688852618, 0.0621569540202, 0.0423211080166, 31, 2019
Z, 100, 0.7404871627043045, 47.9580358419, 1.82474973992, 20.8567112285, -0.300461619364, 0.486670882466, 34, 2019
N, -100, 0.9606750211133427, 64.3283454097, 67.1910146044, 1.02769232988, 0.135162661374, 0.00332648854554, 34, 2019
E, 100, 0.9980767811783038, 65.3115583538, 73.3777700741, 0.893551091819, -0.0319307413914, 0.0287773522589, 34, 2019
Z, -100, 0.19804830462000877, 57.8363020869, 1.79089590658, 25.7637398774, 0.218555534271, 1.25160644772, 37, 2019
N, -100, 0.9461628807340413, 51.2039701717, 56.3295949907, 0.937073392137, 0.25820797555, 0.0432347820395, 37, 2019
E, -100, 0.9943022382344159, 60.4307419891, 62.7786565936, 0.967767455635, -0.0386174577142, 0.0749708843934, 37, 2019
Z, -100, 0.0879659596436343, 157.950533809, 1.30396734407, 85.1210547761, 1.18538140084, 0.322890073148, 40, 2019
N, 100, 0.7553564201816225, 84.6487734994, 30.6162707951, 2.00140346568, 2.23222721179, 2.76733466899, 40, 2019
E, 100, 0.45205311117078745, 28.1648026181, 36.1801201297, 0.470665224611, 1.1098415868, 1.77462818655, 40, 2019
Z, 100, 0.6475668164448422, 218.327331479, 0.615330324499, 407.252246714, 1.29926114941, 1.5591933386, 43, 2019
N, 100, 0.3207258706209381, 45.0669473532, 29.5496539831, 1.29897375102, 0.874501237384, 4.24439257307, 43, 2019
E, -100, 0.38177049788092043, 35.0625180492, 32.540648081, 1.08513918974, -1.93684361176, 3.03647541972, 43, 2019
Z, -100, -0.4027341295502101, 191.075006102, 1.34004581151, 131.032777478, 0.823903126417, 3.47281440857, 46, 2019
N, 100, 0.9864694946473229, 58.5805817988, 63.5035188504, 0.910775713241, -0.0908690260115, 0.0798033497052, 46, 2019
E, -100, 0.9917086993894395, 78.421285274, 70.5728399685, 1.1842836937, 0.0483147610694, 0.0396276524323, 46, 2019
Z, 100, -0.4344599718664786, 191.446672919, 2.0917099723, 61.494644612, 2.1683097029, 0.610473171445, 49, 2019
N, -100, 0.9395548303150655, 89.3660882991, 78.0616800618, 1.19575433475, -2.96086530334, 3.05707189006, 49, 2019
E, 100, 0.9651357632351589, 119.43170692, 85.2654759247, 1.34971338149, -0.285355308711, 0.216111181339, 49, 2019
Z, -100, -0.2702942073647197, 210.655568346, 1.87101821303, 60.0306931384, 3.60169065295, 1.05656089843, 52, 2019
N, -100, 0.27277250654965157, 142.500714129, 52.2670181438, 1.99927967326, -2.03818089995, 2.94943584034, 52, 2019
E, -100, 0.9040410888627944, 149.072611184, 60.4618875732, 1.93543547507, 0.0282243148211, 0.2953183092, 52, 2019
Z, -100, 0.2353851229712986, 479.861860348, 1.03260669026, 606.583181568, 1.62982945027, 1.13508481264, 55, 2019
N, -100, 0.22984001787047192, 122.874180071, 19.3727220958, 5.34624679631, -0.733146440156, 1.50845003081, 55, 2019
E, -100, 0.35765716551465515, 90.8924960937, 19.5478232257, 3.01482941521, 1.01917652198, 0.729003285489, 55, 2019
Z, 100, -0.09394918508750266, 494.182931547, 0.959711330859, 302.886006818, -2.98724930971, 1.32951070142, 58, 2019
N, -100, 0.7709361227415168, 158.454508616, 44.9401254174, 2.77242909371, -0.1592216988, 0.44749566467, 58, 2019
E, 100, 0.8849232009191863, 58.7848017154, 50.1783014948, 1.04405726348, -0.583910552651, 0.397284566336, 58, 2019
Z, 100, 0.8432556808888203, 508.858587884, 1.45159860955, 267.449287757, -0.329875654543, 0.494373265989, 61, 2019
N, 100, 0.9645549695315548, 57.6620805692, 54.109770261, 1.0220071611, 0.0824146564972, 0.21114523797, 61, 2019
E, 100, 0.9623313705564328, 70.1034740952, 59.6718679366, 1.19052541393, -0.315952769422, 0.0746144349903, 61, 2019
Z, -100, 0.6115096321647138, 230.485510902, 1.43448938538, 155.103616652, 0.985664517952, 0.471871756655, 64, 2019
N, 100, 0.6303349114284582, 104.447437533, 45.9767607046, 1.56463793947, -1.12387484554, 0.544228629945, 64, 2019
E, 100, 0.8380750823015957, 32.5001381774, 50.3679547131, 0.534109908724, -0.306769380186, 0.204292336648, 64, 2019
Z, -100, 0.9788726883941754, 397.917710381, 1.02674882424, 367.166762287, -0.0219156976786, 0.0275725147372, 67, 2019
N, 100, 0.8594200690861087, 38.5775557749, 23.0367536713, 1.25163658574, -0.48878998479, 0.372750923941, 67, 2019
E, 100, -0.713975834940818, 21.7940591342, 27.0212202518, 0.930864505153, 2.83620978042, 0.298088614152, 67, 2019
Z, 100, 0.17318021788822754, 223.838277706, 0.425864853928, 834.270167505, 0.685181731727, 1.38269036989, 70, 2019
N, 100, 0.9060448986161181, 24.7441448778, 23.9283093542, 1.0502600986, 0.0187303176414, 0.057135264851, 70, 2019
E, -100, 0.947143531501572, 40.6008879975, 23.7251516852, 1.94223871893, 3.12835994875, 2.89844738246, 70, 2019
Z, -100, -0.6365414208119553, 106.090100398, 1.02807165004, 64.1383657086, -0.548810928958, 4.02542388088, 73, 2019
N, 100, 0.9903218925845261, 51.6759453796, 50.9704008494, 0.975643237821, -0.0467381731537, 0.095042175651, 73, 2019
E, 100, 0.9955761742499848, 61.5951087692, 56.5509796518, 1.07719212851, -0.0692333190363, 0.0324560189796, 73, 2019
Z, 100, 0.32948013286464556, 33.3098898682, 1.70263242572, 11.8587732856, -1.27689923071, 0.648429983757, 76, 2019
N, 100, 0.9547441619907125, 61.310434172, 63.145346368, 0.959864318507, -0.300075838533, 0.000140720483216, 76, 2019
E, -100, 0.9983964091197857, 66.8529355792, 70.0410762048, 0.960949979754, 0.0585601966863, 0.0322037744899, 76, 2019
Z, 100, -0.7937899281152375, 13.7817185257, 1.47526491588, 6.21887156622, -0.369973338062, 3.13048386902, 79, 2019
N, 100, 0.8570741415091162, 48.7977516608, 45.0124453746, 1.00406001263, -0.532310633147, 0.105140021041, 79, 2019
E, -100, 0.9842211314743984, 40.6482241288, 49.7441027164, 0.789277700027, 0.140772218003, 0.0636642993671, 79, 2019
Z, -100, 0.8637511000101566, 40.6365242349, 0.832020111174, 55.5417844894, -0.250533793896, 0.36863509469, 82, 2019
N, 100, 0.7886442003918466, 25.2922856045, 19.3475030082, 1.3226877499, 0.143270237166, 0.311169673493, 82, 2019
E, 100, 0.585675506957904, 21.5641473536, 18.6163295264, 1.61033962512, -0.435068030166, 0.794664755242, 82, 2019
Z, -100, -0.4681258728455249, 112.680746989, 0.935876586676, 78.8865762155, -2.79702814196, 0.689701822916, 85, 2019
N, -100, 0.7612847343745309, 43.1990505968, 44.7841146985, 0.850606810718, 0.370849046279, 0.374825469972, 85, 2019
E, -100, 0.9657751201290781, 55.7540582397, 49.1705837742, 1.22677052287, 0.0260019238231, 0.110159314694, 85, 2019
Z, -100, 0.9199389247126201, 297.118478861, 1.3904392057, 182.062125022, 0.287006648065, 0.289979474269, 88, 2019
N, 100, 0.6889673672443336, 41.7626316713, 48.7025868112, 0.703822671341, 0.308919046798, 0.725265995608, 88, 2019
E, -100, 0.9172937723564116, 54.09722536, 55.0209841502, 1.02223221773, 0.248245876762, 0.0853153353074, 88, 2019
Z, -100, -0.42460679801635387, 135.292171679, 1.23189367579, 93.7513383088, 0.88362253469, 2.67262748276, 91, 2019
N, 100, 0.6649519016097521, 38.3004099579, 37.4374637813, 0.699099877983, 2.27944823331, 3.38379195267, 91, 2019
E, -100, 0.8447139192565386, 48.9102776262, 40.7430897875, 1.21698577613, 0.545335883201, 0.290207883843, 91, 2019
Z, -100, -0.5846000091791046, 144.747076556, 0.694916475816, 170.274107009, 3.1292739494, 1.01240335648, 94, 2019
N, 100, 0.8936620077177576, 27.4281461344, 15.2811521344, 2.25802314509, 3.07619319228, 2.72438211151, 94, 2019
E, 100, 0.9234578000928103, 50.9478017425, 15.9483752609, 2.64482657453, -0.153579828164, 0.366767198832, 94, 2019
Z, -100, 0.4903550556361524, 588.684872018, 0.437950315942, 825.786897201, -0.612701781046, 1.57545955491, 97, 2019
N, -100, 0.43011530238027845, 115.464475815, 31.5864761535, 2.45589583847, 0.707674979615, 0.552454832205, 97, 2019
E, -100, 0.5167168077952196, 33.3558534444, 32.8666536797, 0.775310110326, 1.82825872009, 1.63298871517, 97, 2019
Z, -100, 0.7750263459664888, 4778.1548388, 1.19469533194, 3622.69975423, -2.47244488883, 3.14396466555, 100, 2019
N, 100, 0.363316564183543, 316.35361398, 56.2435084726, 5.30546065554, -1.24095318068, 0.0976960377887, 100, 2019
E, -100, 0.5072334851135887, 128.531959326, 61.0290079701, 2.09660849927, -2.11350315794, 3.09693389297, 100, 2019
Z, 100, 0.43561652981075244, 996.871976853, 1.72896911988, 303.080025084, -1.06251640028, 0.729915187311, 103, 2019
N, -100, 0.8419482913650845, 65.1495014334, 60.5614584442, 1.15833987591, 0.399884347826, 0.0738666613496, 103, 2019
E, 100, 0.9537614730101609, 117.547561524, 68.6796439845, 1.66554660181, -0.347493631921, 0.132935200339, 103, 2019
Z, -100, 0.6922175127841176, 82.8946150106, 1.43469364656, 58.0342649871, 0.866975942929, 0.189623010793, 106, 2019
N, 100, 0.25400194115780844, 38.3703373651, 40.633147517, 0.511607260938, 4.01792119315, 1.48375235451, 106, 2019
E, -100, 0.917073059968035, 43.289561744, 44.93811311, 1.01178330843, 0.234774969783, 0.0150385447053, 106, 2019
Z, 100, -0.5156245275377606, 69.8172459761, 0.394800829379, 169.150113475, 2.68893330086, 0.898900335058, 109, 2019
N, 100, 0.8469609782042116, 26.9975888903, 24.4729692674, 0.987009215804, -2.69276126723, 2.33582661781, 109, 2019
E, 100, 0.867536995132673, 26.7632073483, 25.816393625, 1.046634624, -0.12072656089, 0.308662793405, 109, 2019
Z, -36, 0.8997604151827966, 29.1192442688, 1.1885960668, 21.1013133609, -0.139239718206, 0.0804242917143, 112, 2019
N, 100, 0.9963736294749278, 58.9962634657, 55.3971214855, 1.08542238011, -0.0494984078421, 0.01945247297, 112, 2019
E, 100, 0.9569281193339821, 57.6744542114, 60.4495060106, 0.935465244393, 2.80386936442, 3.04954846817, 112, 2019
Z, -100, -0.6070660425066402, 161.104483251, 1.67285307808, 77.6572526489, -3.08945084671, 0.136357670875, 115, 2019
N, -100, 0.916731818188954, 54.9037448165, 58.6134817416, 0.900175649269, 0.192788605424, 0.226254994368, 115, 2019
E, -100, 0.9759128966655366, 79.8510861299, 66.8890270513, 1.29547086389, 0.0703744803307, 0.00629600815082, 115, 2019
Z, -100, 0.4311974873709125, 211.864669254, 1.50664309094, 162.167373312, 0.968672022946, 0.204891854732, 118, 2019
N, 100, 0.3286387658909744, 35.7861289419, 42.453872542, 0.61147138058, 0.385852832877, 1.03331837397, 118, 2019
E, 100, 0.8719648528920126, 46.6813951854, 48.8699819373, 0.837035225761, -0.350037143249, 0.29767207436, 118, 2019
Z, 100, 0.4558718396638619, 411.828490119, 0.822078353895, 571.663593773, -1.01269830994, 0.17374518107, 121, 2019
N, -100, 0.8747103798703022, 18.2677695394, 18.6591156165, 0.952085320516, -1.07949486555, 1.29461635274, 121, 2019
E, -100, 0.30465875903506323, 47.6608922725, 19.9232503475, 2.987140606, -1.39973672837, 2.29346418844, 121, 2019
Z, -100, -0.848826315872586, 224.312795826, 0.637809171367, 353.796425366, 0.570110293515, 3.43262372927, 124, 2019
N, -100, 0.8485811009170474, 39.754455413, 38.2988401653, 1.17265228748, 0.325119572899, 0.144218052187, 124, 2019
E, 100, 0.9821296526475852, 59.3058695047, 41.6074196859, 1.4318403178, -0.131255160973, 0.040674204762, 124, 2019
Z, 100, -0.82142972584287, 322.198629937, 1.46785704841, 221.964861294, -0.608473370381, 2.87895840521, 127, 2019
N, -100, 0.9965807785415998, 68.035892568, 67.752365039, 0.982596435276, 0.0797082921873, 0.0444446513016, 127, 2019
E, 100, 0.9711262659893132, 109.591331609, 73.4730622526, 1.48994339277, 2.90809330329, 3.09756450087, 127, 2019
Z, -100, 0.2742624122200099, 82.619137748, 2.01794588527, 20.6984287893, 0.637983912906, 0.807008158244, 130, 2019
N, 100, 0.9877428967957467, 76.6493914376, 71.8457471136, 1.07449488296, -0.154236780412, 0.0943247994097, 130, 2019
E, 100, 0.9585581717002802, 77.1288155336, 81.704786236, 0.889857893084, -0.182109947218, 0.06640886944, 130, 2019
Z, -100, 0.7803643969914101, 19.4971633124, 1.78974633327, 10.2664542674, 0.591401731232, 0.155997354089, 133, 2019
N, 100, 0.9749662814954952, 89.3533479695, 48.5947115766, 1.72363916371, -0.169944935255, 0.134152559444, 133, 2019
E, 100, 0.8101265325571081, 58.3510613686, 56.2369645232, 0.80388352197, -0.733850013578, 0.317709680689, 133, 2019
Z, 100, 0.5704437694796078, 67.9262227529, 0.657685119419, 101.722653723, -2.24997945121, 1.83081945519, 136, 2019
N, 100, 0.9868775890268702, 24.3155056355, 25.987260607, 0.950451082901, -0.190701360423, 0.132474483648, 136, 2019
E, -100, 0.9491342511532442, 25.1686877443, 28.0110849396, 0.955124898866, 1.05820983102, 0.894300515953, 136, 2019
Z, -100, -0.09232821947542894, 127.224870962, 1.33777379271, 87.5800832273, 1.15849535505, 2.65072840518, 139, 2019
N, 100, 0.995437033508854, 61.5462965564, 62.0183976554, 0.967484224723, -0.0408981137693, 0.0366021867567, 139, 2019
E, -100, 0.9688320843448321, 68.7226121203, 67.4420069855, 1.03212198291, 0.26140758479, 0.0643900227282, 139, 2019
Z, -100, -0.11252617882158963, 60.5955409532, 1.90154157449, 14.8627533846, -2.73876987139, 1.25060456982, 142, 2019
N, -100, 0.9826683893118489, 73.5847812542, 72.0854535198, 1.01513912222, 0.193841756927, 0.0980124350776, 142, 2019
E, 100, 0.9937411735999072, 99.9249616335, 80.8289970573, 1.28923058745, -0.053703372276, 0.0287721687065, 142, 2019
Z, -100, 0.8768059359297571, 44.2940804805, 1.88455941844, 25.7865719797, 0.478322320474, 0.00981349174485, 145, 2019
N, -100, 0.9895390688425258, 57.2980806146, 56.6914917517, 1.02414665421, 0.143509438167, 0.064595825226, 145, 2019
E, 100, 0.999279748484354, 73.5669397957, 65.6767587457, 1.12455283097, -0.0383897559422, 0.00682658215028, 145, 2019
Z, -100, -0.6690202196137138, 183.767259834, 1.28231984381, 134.543334071, 0.381158277367, 2.553969226, 148, 2019
N, -100, 0.7820402355940259, 33.5766203904, 30.7808013185, 1.19545240773, 0.692069057677, 0.476616226707, 148, 2019
E, -100, 0.934728324775448, 62.0165309925, 35.8674211083, 1.89277192165, 0.23605061501, 0.0801280665459, 148, 2019
Z, -100, 0.08600898805571651, 259.114185552, 0.730463517159, 309.428386345, 0.840328214007, 0.573409311803, 151, 2019
N, 100, 0.9356178079182028, 36.8966142213, 37.1555580985, 0.891319052798, -2.9009887878, 2.64474432857, 151, 2019
E, 100, 0.9748037604772359, 48.412625666, 41.0386735399, 1.11106124475, -0.122765110745, 0.0970754421239, 151, 2019
Z, -100, 0.4915208023624429, 18.1722551066, 1.53452112675, 13.9644484056, 0.874156229683, 0.19466911451, 154, 2019
N, 100, 0.9064744592888992, 78.8660719762, 72.4427100862, 1.07739800352, -0.524987015076, 0.198265833218, 154, 2019
E, 100, 0.964677785979658, 66.0657286462, 78.7264885805, 0.756856046987, 0.0483063563464, 0.237420726271, 154, 2019
Z, 100, -0.17349043389091373, 12.3359274936, 2.20498008121, 5.12019891009, -1.24030132896, 2.74756702562, 157, 2019
N, 100, 0.9700045197316662, 87.4691274279, 85.1005862654, 1.01953566421, -0.232788433179, 0.0962499922714, 157, 2019
E, 100, 0.9770986292426606, 88.8378277685, 94.8343341586, 0.875753270612, -3.11732665366, 2.97019406723, 157, 2019
Z, 100, 0.9629622159172885, 20.35264363, 2.16616748631, 9.67358311135, -0.106265084982, 0.0248863628931, 160, 2019
N, -100, 0.989702912266179, 57.6682448019, 62.354442316, 0.926785346893, 0.162532079511, 0.104277732438, 160, 2019
E, 100, 0.9982254108071079, 81.4141074276, 73.8377970373, 1.12890960431, -0.0161611370637, 0.0294928253722, 160, 2019
Z, 100, -0.3207583480724275, 765.832694907, 1.12959037067, 630.090667004, -0.509078049323, 2.36951727305, 163, 2019
N, 100, 0.7670814225048094, 780.78921669, 26.1600214673, 29.3622543414, 0.685713492152, 0.840869467762, 163, 2019
E, -100, -0.23363202088761462, 560.688560088, 30.6748451984, 19.1605965279, -0.684764711353, 1.1136856425, 163, 2019
Z, -100, 0.6205785253669126, 882.236899256, 1.26314840058, 585.048389187, -0.0354548241075, 0.675261831331, 166, 2019
N, 100, 0.30104071343994215, 917.196015333, 59.2520348056, 12.1116676267, -1.63193344683, 0.672626817463, 166, 2019
E, -100, -0.6348393074479899, 641.866983754, 64.7456960865, 7.36587414875, -0.353208375803, 2.39776752304, 166, 2019
Z, 100, 0.4257968928316998, 23.9549519973, 1.93386561507, 11.3762124325, 2.20064514549, 3.39073265017, 169, 2019
N, -100, 0.9743068250563172, 81.9189872718, 77.5818035756, 1.0858649862, 0.116123121343, 0.0212676334732, 169, 2019
E, 100, 0.9909176233848386, 106.8985833, 85.2290922668, 1.2763399303, -0.105826878377, 0.130462271959, 169, 2019
Z, -100, -0.5264440620315134, 10.1076574544, 2.05863356277, 2.10730730474, -2.77153397605, 0.0535859138204, 172, 2019
N, 100, 0.987294573060698, 67.5916433116, 68.0694559176, 0.985459351982, 0.0229279881168, 0.0495816314777, 172, 2019
E, 100, 0.9798827428227914, 93.6905924784, 77.1071512841, 1.19397647945, -0.0540208885465, 0.136622743995, 172, 2019
Z, 100, 0.7583385894404837, 16.4687054702, 1.62661961101, 6.17781193106, -0.0897774821466, 0.0468568708692, 175, 2019
N, -100, 0.9917354034485577, 45.7314165763, 42.4454204721, 1.04706305671, 0.0805950185263, 0.0378368544422, 175, 2019
E, 100, 0.9814994751499124, 57.6554331206, 49.9880070608, 1.12671444274, -0.175006563621, 0.011735855304, 175, 2019
Z, -100, 0.21586056870581763, 192.813063157, 0.931267090353, 218.824644892, -1.55663298867, 2.75745016193, 178, 2019
N, -100, 0.9888357396866095, 42.1576880527, 29.9656720675, 1.39560175086, 0.228650350417, 0.18298951033, 178, 2019
E, 100, 0.8001562658942472, 37.5754013034, 33.1426407174, 1.08938556776, 1.74449028364, 2.33910244143, 178, 2019
Z, 100, 0.6176831557115018, 59.6419377664, 1.35404794734, 37.4535653524, 1.99930088751, 2.74709361101, 181, 2019
N, 100, 0.9529914499386434, 67.3686694638, 65.8325122386, 0.995837826337, -0.289850790242, 0.0776276590467, 181, 2019
E, -92, 0.9926831022194902, 67.6016179649, 72.1221596164, 0.905069625598, 0.110870211382, 0.127268634898, 181, 2019
Z, -100, -0.504170532396763, 71.2336150071, 2.17751478828, 21.5437777406, 0.0832655980216, 2.51797460733, 184, 2019
N, 100, 0.9988815093374734, 93.0082920757, 89.6684355675, 1.0415050031, 0.0116858349476, 0.0419834407201, 184, 2019
E, 100, 0.9972098877188443, 105.352077341, 97.5491377445, 1.10065998912, -0.0292449656354, 0.00729503580167, 184, 2019
Z, 100, 0.42958335680937987, 54.1774316416, 2.35703015823, 19.3265643758, -0.728724482587, 0.463504953472, 187, 2019
N, -100, 0.9488985063641633, 86.213974929, 75.3123607563, 1.17096932613, 0.173860495685, 0.0629752618897, 187, 2019
E, 100, 0.9684541764223407, 99.8179937287, 86.8541661805, 1.04783756037, -0.19412079061, 0.217741363293, 187, 2019
Z, 100, -0.6565550778137765, 64.2309106634, 1.46148644077, 30.9270142203, -3.84635594198, 0.270849577987, 190, 2019
N, -100, 0.9518435809022762, 31.0589678805, 34.2968104033, 0.887331062053, 0.711820707721, 0.554416904418, 190, 2019
E, -100, 0.9466322227390175, 56.1194408629, 42.1005114495, 1.49454711121, 0.311523055499, 0.142452056652, 190, 2019
Z, 100, 0.3499007283550637, 89.110693696, 1.02819654556, 83.3978426821, 1.95145153165, 3.16728402317, 193, 2019
N, -100, 0.9484661942768005, 56.9199386564, 49.7117316907, 1.29712401479, 0.0551405321233, 0.113825885747, 193, 2019
E, 100, 0.9618611216817143, 57.7692856263, 55.0856349359, 1.11324709773, -0.416763151664, 0.321215149396, 193, 2019
Z, -100, 0.6276452552341262, 20.2812096011, 1.74568369902, 11.6403667703, 0.443992505977, 0.0904478468561, 196, 2019
N, 100, 0.9949944637885179, 76.1647967866, 72.8670784635, 1.04470136544, -0.102567885064, 0.0147329774044, 196, 2019
E, 100, 0.9991176853899271, 76.0805348181, 80.2271900945, 0.946746600984, 0.00643498419315, 0.036670980158, 196, 2019
Z, -100, 0.5383037227395225, 13.9343542644, 1.98744008058, 6.09117786536, 1.93889188266, 1.43942288841, 199, 2019
N, 100, 0.9847184664706189, 82.4088986182, 70.4812655115, 1.15464979993, -0.148930623382, 0.0132865988105, 199, 2019
E, 100, 0.9915064784075402, 63.7194779206, 79.327936534, 0.783314972677, -0.0426466005715, 0.0785268822451, 199, 2019
Z, 100, 0.16700242493969977, 131.4794005, 1.70439962538, 68.87828307, -1.08941845229, 0.644111808273, 202, 2019
N, 100, 0.9647913025414337, 55.8202264643, 48.9786545028, 1.04094481997, -0.321886091804, 0.238016326798, 202, 2019
E, -100, 0.9372845801195736, 49.1052912972, 57.0911276722, 0.813341864803, -2.71387587845, 2.90307588031, 202, 2019
Z, -100, -0.8948391086711189, 238.237096143, 1.04093952534, 236.52906446, -2.65061456712, 0.210366430053, 205, 2019
N, -100, 0.9730596979560002, 24.2117741599, 22.601167472, 1.05133282136, 0.644979926466, 0.424065108284, 205, 2019
E, 100, 0.9901568578659958, 38.6136692175, 26.2700095734, 1.48749908442, -2.90766546532, 2.81268398372, 205, 2019
Z, 100, -0.18001973867926035, 88.1036770929, 0.98912472419, 47.910016385, -2.34828321199, 2.00480632823, 208, 2019
N, 100, 0.9977318233859956, 57.5284631285, 50.7154692306, 1.1049510623, 0.0107545604492, 0.0366115112766, 208, 2019
E, 100, 0.986502878677966, 64.0788263052, 56.7060255817, 1.14429205657, -0.216686592967, 0.0723595193113, 208, 2019
Z, 100, 0.24799391102885546, 21.466740703, 2.27296544374, 7.69652324857, -0.263914997577, 1.06692296117, 214, 2019
N, -100, 0.9760730061922528, 73.2198895818, 79.466545294, 0.89106819334, 0.176933901615, 0.0305970678805, 214, 2019
E, 100, 0.995027321514117, 96.0789573466, 89.1851588077, 1.07416453173, -0.0689555355448, 0.0429249189789, 214, 2019
Z, 100, 0.26852098196904045, 101.356290985, 0.694337898667, 82.4602875926, 2.16294889299, 2.5512151076, 220, 2019
N, 100, 0.9285157172022424, 36.3906401668, 36.9560079438, 0.873241363195, 0.119274253385, 0.316127200645, 220, 2019
E, -100, 0.9724258488124029, 39.9851370905, 40.7355011338, 1.0951841819, -0.0478381693236, 0.211740088682, 220, 2019
Z, 100, -0.5842300742469446, 31.437468497, 1.41974940199, 18.053310586, -0.930505538386, 3.04089300272, 223, 2019
N, 100, 0.9756317021762189, 54.9660234075, 61.6187959201, 0.838426767065, 0.0575967191508, 0.150028044699, 223, 2019
E, -100, 0.9867210219900316, 74.4825474323, 68.5451839471, 1.07984584632, 0.0272342739407, 0.0192397365706, 223, 2019
Z, -100, 0.24192218345465347, 38.4021911294, 1.71978367686, 20.6702426527, 1.34725518187, 0.286592406429, 226, 2019
N, -100, 0.9959844609366776, 71.9628316191, 64.3073018363, 1.11848429873, -0.00132494477657, 0.0335152600171, 226, 2019
E, -100, 0.9874213130205868, 66.4691142772, 71.3900720965, 0.895687536567, 0.156521402227, 0.158999625016, 226, 2019
Z, -100, 0.5400768243400658, 85.7278176195, 1.54239329668, 31.6526296508, 2.92352473517, 2.1457554712, 229, 2019
N, 100, 0.986797932310479, 51.0426469451, 47.2693225618, 1.07144475439, 0.102548519877, 0.149760394137, 229, 2019
E, 100, 0.9898164517637372, 52.723602431, 54.0687851675, 0.94974667878, -3.1207786903, 3.03935746777, 229, 2019
Z, -100, 0.0764486009473563, 23.9566067855, 0.933569628984, 27.4462534457, -1.62440258493, 2.57793655234, 232, 2019
N, -100, 0.9444346811619069, 28.3961222721, 19.0956842829, 1.58007835414, 0.485434377465, 0.248199537912, 232, 2019
E, 100, 0.930661405233213, 38.0625807175, 23.6627352142, 1.82419026776, -0.0255084887129, 0.313538844975, 232, 2019
Z, 100, 0.72258267104135, 96.7441966637, 0.595208709463, 152.60539174, 1.84328439641, 2.38982727481, 235, 2019
N, 100, 0.9443105396169476, 43.2781043069, 36.0246300492, 1.20560303914, -0.376874173455, 0.0755553342924, 235, 2019
E, -100, 0.9707086280969675, 32.2744915125, 39.1443060784, 0.81912520077, 0.270389283641, 0.057964730628, 235, 2019
Z, 100, 0.2924319525348213, 32.7679111182, 1.43703266517, 14.8558454908, 2.30368831795, 2.13533066461, 238, 2019
N, 100, 0.9596889835253861, 66.1053448112, 65.0614067904, 0.925140134049, -0.115865116523, 0.0788141999279, 238, 2019
E, -100, 0.9858744700818673, 70.8413766541, 72.2651220427, 0.952495208012, 0.190406876781, 0.104359747079, 238, 2019
Z, -100, 0.08807709086147152, 5.75001636873, 1.9284582712, 2.35176428948, 3.09485023653, 1.57155098217, 241, 2019
N, -100, 0.9951905097184578, 68.5230445869, 72.018090295, 0.967642047258, 0.0220806614705, 0.0133124452244, 241, 2019
E, -100, 0.9982994167462584, 88.8510949124, 79.9194255139, 1.12504597466, -0.0155382628702, 0.0413316580554, 241, 2019
Z, -100, 0.10402872787252365, 21.2851940195, 1.55923576608, 11.5002899976, -1.73862022793, 3.32477422237, 244, 2019
N, -100, 0.9759188022493126, 35.4755702345, 41.0370164987, 0.911443445764, 0.245653411496, 0.176029671165, 244, 2019
E, 100, 0.9824188555564628, 53.0791152028, 48.8114251897, 1.04899595503, -0.178063572397, 0.0811874152288, 244, 2019
Z, 100, -0.6370772445381018, 52.8239286866, 0.401279207, 163.916541791, -2.84597617996, 0.690681808992, 247, 2019
N, -100, 0.9926814213040813, 26.6786834507, 28.3705572455, 0.90302849284, 0.156408772581, 0.114612024814, 247, 2019
E, 100, 0.957137316166154, 42.6252884545, 29.6598418355, 1.57340140323, -0.356788778576, 0.166972016491, 247, 2019
Z, -100, 0.6122952631803731, 18.7453461658, 1.15687807986, 11.644774521, 0.479686371111, 0.218136512716, 250, 2019
N, 100, 0.9765803903453889, 54.3486676561, 51.3647095692, 0.981503436055, -0.0629169995291, 0.142114748699, 250, 2019
E, 100, 0.9899384672709657, 56.7559028917, 57.6066125728, 0.989057281723, -0.160580583718, 0.0594991402669, 250, 2019
Z, 100, 0.371647831986026, 57.4022361825, 1.41341804356, 28.6206082556, 1.98372797523, 3.01495251219, 253, 2019
N, 100, 0.8997019081713943, 50.5383869247, 53.61948688, 0.837150591397, -0.20699104646, 0.102251720259, 253, 2019
E, 100, 0.9759558939017352, 56.804049303, 59.3301552631, 0.937744531652, -0.0123395991435, 0.0628620576479, 253, 2019
Z, -100, -0.8256077647963564, 572.900435209, 1.23281664442, 433.88993729, 0.623073353495, 3.36871430102, 256, 2019
N, 100, 0.943897455082924, 36.1115964097, 38.6485447818, 0.889671322651, 0.0370490627209, 0.131147175723, 256, 2019
E, -100, 0.906722498928699, 88.4093316386, 43.1505030073, 1.95166625003, 0.478319270633, 0.248538641862, 256, 2019
Z, 100, -0.8707504039777206, 141.744956193, 0.661043577531, 145.033968598, -3.43317271717, 0.413620595108, 259, 2019
N, 100, 0.7851945698579971, 12.2751417048, 12.7389563913, 1.0717846252, 0.484134063057, 0.567099604166, 259, 2019
E, 100, 0.7970056374611385, 18.4463612617, 16.0057810614, 0.954982261951, -0.458892609896, 0.368722848978, 259, 2019
Z, -100, 0.3479365502400957, 65.6771913352, 0.448724589121, 138.416620194, -2.93419397231, 2.2611097909, 262, 2019
N, 100, 0.9753565137253369, 30.1039501731, 32.551225221, 0.894219213927, -0.101914053029, 0.119110923309, 262, 2019
E, 100, 0.9251093488904537, 28.4231949655, 33.3528918459, 0.902588711017, 2.67269238901, 3.32101852475, 262, 2019
Z, -100, 0.5608510257888035, 10.490116093, 1.20836545835, 7.19941576809, -2.45670743917, 2.7663867736, 265, 2019
N, 100, 0.9904842435593145, 56.6158593247, 55.2459726626, 1.05441094331, -0.145750688949, 0.101070924012, 265, 2019
E, 100, 0.9595280993961625, 58.3831517522, 60.9744498093, 0.887215151021, -0.06516647142, 0.136108744128, 265, 2019
Z, 100, 0.8413409244853359, 23.6064119505, 1.60001092334, 13.2488894415, -0.574793166751, 0.213859587319, 268, 2019
N, 100, 0.9952913609186699, 65.8627040866, 60.5748410282, 1.06556950149, 0.0309077973377, 0.0726418395133, 268, 2019
E, -92, 0.9954020516142544, 77.6906599718, 67.0932805101, 1.12392567531, -0.0380846479111, 0.0900664216262, 268, 2019
Z, 100, 0.04923384663365652, 15.9630856313, 1.37273552425, 9.18287001823, 1.49709414282, 2.89802214718, 271, 2019
N, 100, 0.9761282060587726, 38.2184892805, 36.3009365157, 0.973766791321, -0.165585504149, 0.118443286647, 271, 2019
E, -100, 0.9007824845560941, 36.5384270286, 40.4564293052, 0.931345887429, 0.40560375604, 0.233236147306, 271, 2019
Z, 100, 0.5956675075863993, 5.85684313017, 0.440539720776, 13.5997858285, -1.24401996358, 0.391989352446, 274, 2019
N, 100, 0.9181469532826052, 33.9897401843, 31.5248405764, 1.10399876696, -0.426192732881, 0.16803951877, 274, 2019
E, 100, 0.9676205611372861, 31.3500273136, 31.595136792, 0.996865094072, -0.0903548754137, 0.00868147685371, 274, 2019
Z, -100, -0.6929414166329115, 31.7074254234, 1.26289419806, 23.5288235804, 0.824822856679, 2.99603262421, 277, 2019
N, -100, 0.9960496287185526, 49.4438730878, 53.8887798492, 0.928835144723, 0.0111225898433, 0.000164199294897, 277, 2019
E, -98, 0.990634873766745, 69.4854077997, 59.7622259439, 1.10506294014, 0.0986206012884, 0.123794807686, 277, 2019
Z, -100, -0.41713703261712853, 43.542692975, 1.39248816121, 23.9871715895, 0.64398522869, 2.5350658877, 280, 2019
N, 100, 0.9815016601883202, 60.875406177, 50.2580921827, 1.15836616253, 0.077869392867, 0.133348725014, 280, 2019
E, 100, 0.9766673823999145, 63.1807365753, 56.9551007303, 1.07473480705, -0.135977885719, 0.127090194559, 280, 2019
Z, -100, -0.41661486328437414, 9.49869007153, 1.07087963036, 5.26223673001, -1.49451385366, 0.845135921835, 283, 2019
N, -100, 0.9756803030576666, 48.7356486427, 31.6635040309, 1.45091167369, 0.0791699287656, 0.124885611392, 283, 2019
E, 0, 0.9809437484462484, 30.8874404693, 35.0194499334, 0.816798310436, -0.0466047883868, 0.110110434959, 283, 2019
Z, 100, 0.48910527853987207, 17.9989412658, 0.496282961305, 42.523711528, 0.257162463405, 1.10036776466, 286, 2019
N, -100, 0.6280482349508982, 18.899066397, 11.5454351854, 1.58681165451, 0.80595854383, 1.2171599947, 286, 2019
E, 100, 0.8147459618063686, 20.7847342737, 12.3231270801, 1.49260059746, 2.88560765214, 2.45973101778, 286, 2019
Z, 100, -0.6086997353634067, 92.0040867972, 0.706455350554, 122.064111239, 2.12862410621, 0.244374368624, 289, 2019
N, -100, 0.9118874841772374, 42.0590705561, 41.5741495054, 1.0301567328, 0.146310847467, 0.00922116115582, 289, 2019
E, 100, 0.9712855489383464, 49.3936020029, 43.4243487228, 1.22050900303, -0.272882523186, 0.188486164804, 289, 2019
Z, -100, -0.08488736717414072, 29.0730339765, 1.42780599704, 13.9224043195, 3.64152120757, 1.08396080328, 292, 2019
N, 100, 0.9933603622727607, 60.7686744081, 61.3446161117, 0.98091366856, -0.0921155133924, 0.00117979634986, 292, 2019
E, 100, 0.9819430496112164, 71.6987140154, 67.0670054515, 1.03364681993, -0.157506807226, 0.0404451401268, 292, 2019
Z, 100, 0.42300129843514145, 34.1341227911, 1.69208060255, 18.4927126902, -1.22123294004, 0.375259658619, 295, 2019
N, 100, 0.9955714470581758, 47.7340338574, 59.8650216751, 0.818263977781, -0.0345317364307, 0.00974466656525, 295, 2019
E, 0, 0.9991169909149756, 70.2042882473, 67.8030676249, 1.04806002929, -0.00976401263523, 0.0109417408475, 295, 2019
Z, 100, 0.48941555659489405, 21.4270678258, 1.34582882643, 13.6342578145, -0.193577372471, 0.745146017253, 298, 2019
N, -100, 0.9846470870548617, 49.6740377296, 34.6904095719, 1.56730403245, 0.150661950588, 0.103329227785, 298, 2019
E, 100, 0.9537672196264574, 42.4841425608, 38.7338648711, 1.02666831636, -0.348819822152, 0.143661704652, 298, 2019
Z, -100, -0.31569877095319343, 28.8723573397, 0.700456985646, 34.994476955, 1.81470718273, 2.20582883875, 301, 2019
N, 100, 0.9673841436124608, 37.9519719372, 37.4464822303, 0.976129453588, -0.226634733385, 0.0171734349386, 301, 2019
E, 100, 0.9876183880516122, 37.4107311568, 39.3023895257, 0.925586188912, -0.0962293924821, 0.0392473130857, 301, 2019
Z, 100, -0.033657249750216243, 13.5554935167, 1.60335372761, 7.28553620874, 1.98803064716, 0.534121629716, 304, 2019
N, 100, 0.9971505173408602, 75.810818321, 66.9656483798, 1.12028338806, -0.0401429457209, 0.0306601116308, 304, 2019
E, 100, 0.9947720364885623, 81.3152914862, 72.6802572337, 1.12531256181, -0.0598981174982, 0.0198853716592, 304, 2019
Z, -100, 0.34613904943051016, 26.9706459291, 1.82887823493, 14.0048290298, 1.14317669574, 0.0904699828975, 307, 2019
N, 100, 0.9872337919343509, 71.4410028755, 62.3478352148, 1.11539915368, -0.193370121582, 0.136694747495, 307, 2019
E, 100, 0.9729719571972703, 70.4050987669, 71.3241938909, 0.942084863161, -0.206488919893, 0.0563901037123, 307, 2019
Z, -100, 0.7685157584714096, 34.2953315971, 1.37630676959, 29.223104026, 0.432418443181, 0.169365379143, 310, 2019
N, -92, 0.9817845384524396, 51.1035807839, 39.1247579471, 1.3133862164, -0.0602086267885, 0.0573047791713, 310, 2019
E, 100, 0.9824576320666039, 44.1490240288, 44.849576575, 0.896032684606, -0.198877979452, 0.190722223159, 310, 2019
Z, 100, 0.614700696542331, 75.7967047686, 0.761563699528, 108.665259576, -0.427330631697, 0.485555884317, 313, 2019
N, -100, 0.8971675902335012, 37.7428029536, 17.7392596544, 1.79686550571, 0.890281712995, 0.998871355782, 313, 2019
E, 100, 0.850020066151059, 25.6554527561, 19.0434570173, 1.41266123028, -0.45714101883, 0.345826524006, 313, 2019
Z, -100, -0.2131109185496596, 14.387856172, 0.935112053025, 15.2028294876, 1.03390558185, 3.45125199872, 316, 2019
N, 100, 0.9778785866607066, 57.5528288726, 49.9746000736, 1.21902542846, -0.212996670397, 0.075771802038, 316, 2019
E, 100, 0.9852170296170044, 50.8389858266, 53.8767130549, 0.999980782033, -0.217875629269, 0.14132991557, 316, 2019
Z, -100, 0.028418428103822075, 26.7265784393, 1.76669393204, 7.65742993966, -0.170542328559, 1.64205569638, 319, 2019
N, 100, 0.9742447273453699, 66.821868403, 74.3971676845, 0.871031759698, -0.213724161837, 0.0549200530394, 319, 2019
E, -84, 0.9909108531327512, 77.892297075, 80.4742742165, 0.935205308985, 0.11118154403, 0.137430340231, 319, 2019
Z, 100, 0.7434747541023458, 37.2587502188, 2.11435286725, 16.4402590584, -0.41293880402, 0.130850887306, 322, 2019
N, -75, 0.9991624391870217, 74.1759899313, 72.6402756438, 1.0336607569, 0.0332063980226, 0.0304701587781, 322, 2019
E, 100, 0.9979284147786833, 87.2332609217, 82.2472836929, 1.02810546143, -0.0616864440232, 0.0510556157815, 322, 2019
Z, 100, -0.8174751649869088, 19.9159620085, 1.70954731095, 9.00380096894, -0.504820718919, 2.57244299312, 325, 2019
N, 100, 0.9979393997030888, 49.5086220659, 44.9768893, 1.1093895221, -0.0340368661214, 0.0351837241807, 325, 2019
E, 0, 0.9975601309265563, 58.2886696183, 52.7221670563, 1.136917368, 0.0308327554314, 0.0645853364094, 325, 2019
Z, -100, -0.930233411600165, 9.40355546509, 0.996429147321, 9.91910320282, 3.31260190191, 0.120776976981, 328, 2019
N, -100, 0.9706629178751525, 42.2046553857, 37.6462017471, 1.07821097931, 0.3386508873, 0.181492694175, 328, 2019
E, 100, 0.9909470768778998, 41.4496009603, 40.9458426118, 0.975579689436, 0.171129593929, 0.208585837715, 328, 2019
Z, 100, -0.10997386941742085, 15.4176507962, 1.71906079103, 5.03997339216, 1.44008205209, 0.250166560691, 331, 2019
N, 0, 0.9988372871081653, 81.0513109815, 74.8044711486, 1.08384153796, -0.0328243877546, 0.0373489605583, 331, 2019
E, 100, 0.9958515170005923, 77.2318601294, 81.8273083433, 0.964785277084, -0.118948337597, 0.0632114677147, 331, 2019
Z, -100, 0.33961876091230886, 24.7484822411, 2.27029964448, 7.42618286463, 0.586584202294, 0.893671503808, 334, 2019
N, -100, 0.9951215463511813, 73.820355066, 78.2148384449, 0.920560270435, 0.0841651643812, 0.0374338390553, 334, 2019
E, -100, 0.9956266691174477, 89.3883918616, 88.3583287319, 1.05835921756, 0.0559087846, 0.0286453395013, 334, 2019
Z, -100, -0.8369159930189938, 47.1207065328, 1.89430566806, 25.9811377975, 3.57976473028, 0.0503503169136, 337, 2019
N, 100, 0.9901776777383083, 68.4023177469, 55.4662202228, 1.24150592395, -0.0957191146334, 0.0513732938066, 337, 2019
E, 100, 0.969721667518684, 65.6622498751, 64.9866665085, 0.940256166685, -0.291496932178, 0.0940730739761, 337, 2019
Z, 100, -0.6782901441714059, 137.698740159, 1.20176742723, 116.742153537, 2.51449809981, 0.235413477328, 340, 2019
N, 100, 0.9406583709120365, 31.3492572505, 27.6783106654, 1.11222974545, 0.373672789951, 0.464276245114, 340, 2019
E, 100, 0.9916566483493859, 30.9620544735, 32.3705487589, 0.982452332101, 0.0313513359104, 0.121942130064, 340, 2019
Z, -100, -0.4501259698180637, 28.6090128042, 0.953260006808, 25.3361438594, 2.95092063488, 0.575800640774, 343, 2019
N, 100, 0.9968763991547136, 45.8466275865, 48.8932785805, 0.934239841477, 0.00400424789916, 0.0710893807163, 343, 2019
E, 100, 0.9957863770619909, 53.456043219, 53.8104699053, 0.978744385342, -0.0988684154432, 0.0147035942511, 343, 2019
Z, -100, 0.2878778221495844, 26.7688269799, 1.8476535077, 12.5293255555, 1.59385300817, 0.485761474423, 346, 2019
N, 100, 0.9881241929966943, 76.7431483696, 80.2897346619, 0.946603638098, -0.154134030231, 0.00500635665178, 346, 2019
E, 100, 0.9973713970215058, 83.8727242367, 87.5572663819, 0.975623606983, -0.0518336511941, 0.0357146504634, 346, 2019
Z, -100, 0.27586676614643124, 40.1389832801, 2.44332539094, 14.4343650145, -0.131485846493, 1.4140673295, 349, 2019
N, 100, 0.9972632205949827, 87.6542391031, 86.5147067113, 0.998059551645, 0.0277588949383, 0.0678388457797, 349, 2019
E, 100, 0.998136995807776, 86.8430097843, 97.0355337897, 0.908103149004, 0.00858729457767, 0.0599174144764, 349, 2019
Z, 100, -0.16707450459864237, 100.053508665, 2.16110374819, 44.0529534159, 1.71342428613, 0.0398146709981, 352, 2019
N, -100, 0.9953091820360829, 61.4374138271, 60.2048855234, 0.971647458467, -0.0036281270884, 0.076608119758, 352, 2019
E, 100, 0.9906596746549658, 77.1742544364, 70.9965193117, 1.05662040116, -0.167417816351, 0.0683822795374, 352, 2019
Z, -34, 0.8076294434363527, 60.1673107672, 1.32371926342, 55.0486519958, 0.762772351638, 0.741984528581, 355, 2019
N, 100, 0.9679620629752693, 41.4783013049, 32.6794230465, 1.40693949187, -0.517366216684, 0.374360900921, 355, 2019
E, -100, 0.9322218941631047, 38.0222239276, 35.5625851759, 1.01565199415, 0.68920978621, 0.433774266118, 355, 2019
Z, 100, 0.10905445570502889, 88.9748793783, 1.54433350054, 49.7319667209, 1.25187167156, 3.59510688571, 358, 2019
N, 100, 0.9806197089055453, 69.010619548, 70.9854063859, 0.940629761357, -0.145205893489, 0.0448253532176, 358, 2019
E, -100, 0.9975685208927786, 79.4774372181, 77.4938396423, 1.04489140634, 0.063854664324, 0.00530426785718, 358, 2019
Z, -100, -0.20937559336382144, 43.8827963405, 2.32327495472, 12.181515809, -0.80007808401, 1.70736911056, 361, 2019
N, 100, 0.9974264892709902, 91.8367189133, 85.3416969297, 1.07515153385, 0.0267081184109, 0.0649537277479, 361, 2019
E, 100, 0.9948482106127765, 99.0010867584, 94.1760570566, 1.0708116318, -0.0886954328519, 0.0559453522477, 361, 2019
Z, -100, 0.24989639860059523, 101.100108163, 2.22265442982, 28.0859783742, 1.01736541328, 0.453543950628, 364, 2019
N, 100, 0.973401203671617, 92.5336762893, 68.9005175536, 1.27809024864, -0.284437569692, 0.171241105317, 364, 2019
E, 100, 0.9748420284596127, 72.2742589977, 78.7889735693, 0.882995825224, -0.0589823170393, 0.115826887942, 364, 2019
