Chan, Phase Shift, Correlation, ptp-data, ptp-synthetic, rat, phasem, phasestd, DOY, Year
Z, 100, -0.039259844565478146, 79.8527077921, 0.696929229446, 96.4240187434, 1.29322311166, 1.7070306743, 1, 2019
N, -100, 0.7343262667969517, 7.03082315213, 4.60424939152, 1.67118306087, -3.45765122087, 2.71249065099, 1, 2019
E, 100, -0.1333125770149447, 5.19278339978, 2.9131607451, 1.24244918303, 1.75781180684, 1.3533688491, 1, 2019
Z, 100, -0.4353516587625959, 120.822901696, 0.866267852645, 125.631660306, -2.2940347089, 2.46090053734, 4, 2019
N, 100, 0.930285964880802, 6.13800718721, 6.03156398917, 1.19963142396, -0.342184150162, 0.279843062735, 4, 2019
E, 100, 0.06471340592077375, 11.1037215137, 1.19533755029, 8.22970226085, -0.276837169811, 0.862748160256, 4, 2019
Z, 100, -0.6971002798190967, 182.095834837, 0.864618836483, 203.845673, -2.22369396128, 2.73266409184, 7, 2019
N, -100, 0.7371207490398622, 51.9151049819, 6.85050782486, 6.24572251482, -0.335547491047, 3.0060172201, 7, 2019
E, 100, 0.21118815678460282, 46.3936673094, 3.2671570207, 13.0842397731, -0.741072169977, 1.72821457313, 7, 2019
Z, -100, -0.6895709267514157, 43.0994525205, 0.673118838399, 67.2101309837, -0.939535549426, 2.6358979684, 10, 2019
N, -100, 0.42030038046029533, 66.2863550776, 6.69383648998, 7.85900690159, 0.0121257001063, 2.69984497763, 10, 2019
E, 100, 0.5479666489994959, 45.7005967811, 3.92754663829, 9.39439036964, -0.666669323794, 1.19615461779, 10, 2019
Z, 100, 0.6706232518213767, 29.1395080604, 0.388070723586, 78.9589044834, 0.523932956902, 1.58598848377, 13, 2019
N, -100, 0.14658261201525552, 6.55333359285, 4.6380821492, 1.15150798016, 1.65316311258, 0.246761375011, 13, 2019
E, 100, 0.8782344137654814, 13.3462029558, 3.48520456635, 3.37149236412, -0.079809368082, 1.24708745561, 13, 2019
Z, 100, 0.7503746839885436, 23.3337137299, 0.363062077397, 75.2917418806, 1.17332368161, 2.98196947442, 16, 2019
N, -100, 0.21537756320404156, 17.4045279196, 3.50884686227, 4.93036369447, -1.12495954178, 2.17180666564, 16, 2019
E, -100, -0.3245715913180876, 11.8467330738, 2.60784104082, 3.88199700261, -1.31344404036, 2.65856425953, 16, 2019
Z, -100, 0.7841757336570596, 46.5400962211, 0.716991526056, 76.5551207778, -0.154011795017, 0.496765026751, 19, 2019
N, 100, 0.465743523231479, 8.58858918946, 5.91258626549, 1.85635299262, -1.39241883399, 2.43101215169, 19, 2019
E, -100, 0.22965805071547793, 8.31153426308, 1.36362212609, 5.63853490146, -1.35224225287, 2.92673895546, 19, 2019
Z, 100, -0.11412016743610527, 20.879618824, 1.01878416546, 18.3926519444, 0.126858186874, 2.72179890709, 22, 2019
N, 100, 0.9669764277016357, 11.1827267643, 7.99654706722, 1.4345500464, -0.00911738647127, 1.35619861242, 22, 2019
E, -100, -0.38199902429964105, 6.44749619832, 3.39561612769, 2.05518377615, -0.987221692364, 1.68382596909, 22, 2019
Z, 100, -0.5282047516231165, 32.854590967, 1.00662214703, 32.88527023, 1.79055276517, 1.79148219885, 25, 2019
N, 100, 0.9309445182989567, 11.9442661967, 8.56540702012, 1.4243080119, -0.594771265826, 0.326159240363, 25, 2019
E, 100, 0.292797501685279, 8.22450468262, 4.19033631434, 1.42115848171, 0.44957490404, 1.39737866915, 25, 2019
Z, 100, -0.3339810997191825, 68.0220696899, 0.675284291154, 80.8112032978, -1.04366369996, 2.06902759069, 28, 2019
N, 100, -0.3521296118286643, 36.0527662828, 4.98405099, 5.70936981374, 1.95789639791, 0.27220070112, 28, 2019
E, 100, 0.329243480964864, 23.3498348843, 3.91166849763, 4.93679297181, 0.362869690949, 2.13232654528, 28, 2019
Z, -100, -0.547231927965381, 114.216963425, 0.66378984147, 171.049660453, 1.77455710072, 1.76137090387, 31, 2019
N, 100, 0.4609095655492488, 5.88017143635, 4.18183571811, 1.29641748833, -0.403296013268, 1.71941634891, 31, 2019
E, -100, -0.08766943366104503, 6.26789897061, 2.63608705477, 2.55268799592, 1.69666790413, 1.02470943192, 31, 2019
Z, 100, 0.134288833121557, 13.9239929398, 0.834135025716, 13.9297865871, -1.24811185186, 1.45861911403, 34, 2019
N, -100, -0.053454139156183904, 14.091826991, 6.04976953653, 2.03545511988, -1.56880956171, 2.59030048909, 34, 2019
E, -100, 0.08029100466453233, 4.86929853564, 1.62136604533, 4.23779566484, 0.606359540918, 1.81539103257, 34, 2019
Z, -100, -0.7329414451669028, 27.5247521764, 0.834434142057, 32.9775774411, -1.87795956349, 2.51758688197, 37, 2019
N, 100, 0.22507248367207436, 17.4358927491, 7.00988417502, 2.27070400419, -1.70626960356, 1.03568185797, 37, 2019
E, 100, -0.3450327029772487, 5.16276960515, 2.98456955072, 1.57177072191, -2.70116175277, 2.6419844439, 37, 2019
Z, -100, -0.7448030856660481, 75.4051364066, 0.650843779739, 106.946323333, -1.19453828388, 2.64305301334, 40, 2019
N, -100, 0.4727222897999917, 42.5934139189, 6.50053703862, 5.2977460635, 1.10459418106, 0.380651235425, 40, 2019
E, 100, 0.6235853643354007, 23.3321894399, 3.22683268004, 5.63929134899, -0.493022619844, 1.23455591453, 40, 2019
Z, 100, 0.4371001127754089, 48.2821791167, 0.387309749152, 99.0331192573, -0.325082402578, 2.83126502607, 43, 2019
N, 100, -0.2590723189711986, 13.4025823834, 4.03237213024, 2.71623930715, 0.610542352491, 2.84280380726, 43, 2019
E, -100, 0.9144082297428249, 10.2561617632, 3.44834037825, 2.63680477565, -0.164482675489, 0.27045277963, 43, 2019
Z, 100, 0.3006519085922568, 38.5075820557, 0.415640561688, 82.4367226314, 1.94735970955, 1.38620429411, 46, 2019
N, 100, 0.40261148283071685, 6.07994167923, 3.60581591177, 1.83983937116, -0.390566943829, 1.285759653, 46, 2019
E, -100, 0.9096120877662175, 8.06991389022, 2.82428716989, 3.04876317647, 0.107534015907, 0.311197147349, 46, 2019
Z, -100, -0.7271599331133481, 98.3585413857, 0.85479470567, 116.074165686, -1.55229763302, 1.68477186113, 49, 2019
N, -100, 0.012026631155788142, 27.427143607, 6.86762789848, 3.38323711934, -1.9540626926, 2.6792204225, 49, 2019
E, 100, -0.39972641856925734, 23.8891550954, 1.63100839975, 12.7692735358, -2.87600924989, 2.7561269686, 49, 2019
Z, 100, 0.5289944453603124, 108.164357549, 1.14727565959, 83.1254640528, -0.424604342602, 1.60037706238, 52, 2019
N, -100, -0.33741959482421163, 78.7712431154, 8.86829595576, 7.2802550211, -2.09749538305, 1.07498955703, 52, 2019
E, 100, -0.14380572256201266, 55.0907475195, 3.05726563295, 15.4942355963, -2.47551748581, 2.84690372245, 52, 2019
Z, -100, 0.28691917978205805, 106.023347428, 0.987554216266, 117.701952086, 0.333979690356, 0.543434412235, 55, 2019
N, 100, 0.31522099698302125, 75.7063833681, 7.67724393956, 8.27332599785, -1.46473186673, 0.46071357589, 55, 2019
E, 100, -0.5637390761891452, 43.1845741904, 3.77932610066, 8.95785907688, -2.11665572112, 2.69228390339, 55, 2019
Z, 100, -0.2971708451400541, 129.283756876, 0.598196456545, 219.32231182, 0.630598580357, 2.9932514727, 58, 2019
N, 100, 0.664245005419235, 77.1233927736, 3.54847275004, 19.6892335618, -0.564676606636, 1.18977498906, 58, 2019
E, -100, -0.46067680290397156, 45.2366478943, 3.96453696154, 10.4678975233, -1.54635759272, 2.6743202781, 58, 2019
Z, 100, 0.7485283871301762, 156.293746376, 0.661320728548, 245.943431339, -0.272272699068, 0.636315846146, 61, 2019
N, -100, 0.29841616186004816, 4.11127854787, 4.40930142504, 0.814480205404, -1.9836171168, 2.45859309017, 61, 2019
E, -100, 0.7845440232852028, 6.42689817948, 2.39244177714, 3.50773212341, -0.947993513364, 2.49279351822, 61, 2019
Z, -100, -0.254554418559105, 84.4689890151, 0.834362313702, 77.5822427125, -0.764307603022, 1.80162231906, 64, 2019
N, 100, 0.6707986587541173, 47.0373010088, 6.50879832608, 6.35728757994, 0.121984709455, 1.15625918297, 64, 2019
E, 100, 0.2388176131348584, 19.1152980917, 1.43310491579, 14.5019978939, -0.738655754944, 1.8430398367, 64, 2019
Z, -100, -0.49672029872681966, 133.104950814, 0.821060415314, 131.547190039, -0.682613979154, 3.14191348242, 67, 2019
N, 100, 0.6573926444733258, 12.40607323, 7.20184193534, 1.62239442962, -0.211135272384, 3.06598942024, 67, 2019
E, -100, 0.7879249371936632, 11.8246796026, 2.17528992864, 4.46933847252, -0.606309852448, 1.21976713512, 67, 2019
Z, -100, -0.692551281723812, 28.5819014607, 0.637984749297, 44.0002535555, -0.314099349647, 2.85082634595, 70, 2019
N, -100, 0.9072209166212865, 9.88058769156, 5.95543351667, 1.62717005023, 0.760746673942, 0.357063415051, 70, 2019
E, 100, 0.8151919699742527, 6.48608251037, 3.37411527534, 1.94584627529, -0.2492747395, 0.543039507798, 70, 2019
Z, -100, -0.6011416371067451, 21.686178149, 0.396519100418, 53.3965721527, 0.451230637989, 3.11908417803, 73, 2019
N, 100, 0.8749137669542528, 3.35841480052, 3.15048776303, 0.970948017915, 1.54352548882, 0.911664626919, 73, 2019
E, 100, 0.8370908211544298, 6.40774956572, 3.68172158344, 1.59021665623, -0.914061805059, 2.14934798635, 73, 2019
Z, 100, 0.5680421779085385, 16.6486166907, 0.567990836581, 31.1690524078, 2.16201569802, 3.39197154799, 76, 2019
N, 100, 0.44026033070000964, 8.06168280874, 4.6412780471, 1.71848585052, -1.00581872862, 0.48074122656, 76, 2019
E, -100, 0.9524436757544157, 6.55271750625, 2.75815255385, 2.59610735337, -0.401830741831, 0.370624739921, 76, 2019
Z, -100, 0.4769327736817632, 8.23939054879, 1.02138108546, 8.15937571802, 0.149094766404, 0.86158597925, 79, 2019
N, 100, 0.8659007119084585, 19.4386602226, 8.03641546912, 2.40596865984, -0.534148066508, 0.399350237395, 79, 2019
E, 100, 0.10949640899249853, 13.2338041888, 1.39433958396, 11.3346397512, -1.44730943096, 1.54856115649, 79, 2019
Z, 100, -0.31895243242130045, 20.7400546172, 1.17562733021, 14.7355646101, -2.33765892418, 2.7261160592, 82, 2019
N, -100, 0.9201112715734384, 20.9656032139, 8.77160741576, 2.29108612024, -0.634636032465, 3.27070276294, 82, 2019
E, 100, 0.1540884116163102, 14.227399965, 2.64236953598, 4.42643595472, -1.09636763868, 1.12397085551, 82, 2019
Z, -100, -0.6561639998672693, 62.1288480457, 0.858981054918, 62.8847161386, -2.01574777896, 1.6188589279, 85, 2019
N, -100, 0.25567579345094515, 26.6973919032, 5.72180944952, 4.135961192, 1.35655310117, 0.449129969601, 85, 2019
E, 100, 0.7733276032376817, 15.1841824792, 4.06546967062, 4.04032559393, -0.748044133529, 0.489098248602, 85, 2019
Z, -100, 0.5185627351674047, 43.2240309448, 0.492697440148, 85.3799421217, -1.17832460355, 0.821110970704, 88, 2019
N, -100, -0.39005322101256984, 31.6479122123, 2.82505791121, 8.78335385103, -1.64318303163, 1.60031034113, 88, 2019
E, -100, 0.7494210478183366, 24.1203487416, 3.68058297063, 6.73301391888, 0.269383535131, 1.24664621522, 88, 2019
Z, -100, -0.34998374407892613, 78.4427002206, 0.676497696441, 99.1066726276, -0.362724827753, 1.42390792153, 91, 2019
N, 100, 0.40623988467445177, 26.5973953339, 5.02381729212, 4.51774317487, -0.649574186262, 1.15588538611, 91, 2019
E, -100, 0.3311719606070356, 12.5460191705, 1.89294965946, 7.12413066271, 0.402990926271, 1.92070963316, 91, 2019
Z, -100, -0.08469848007448323, 105.281682809, 0.824891079489, 131.395282422, -1.04446920422, 2.68655641793, 94, 2019
N, 100, 0.4334014282129682, 11.1114206369, 6.88144613788, 1.29487030602, -1.42420820505, 2.77977546641, 94, 2019
E, 100, -0.1902141046700946, 14.7231218162, 0.807329338393, 17.4645556427, 1.25936444253, 0.835929453183, 94, 2019
Z, -100, 0.05553402646639057, 229.777252361, 0.797881311653, 256.325500702, 0.621313699686, 2.16334680809, 97, 2019
N, -100, 0.7324131059383451, 71.5048794503, 6.99896166647, 9.20574028834, 0.98237992559, 1.66955986936, 97, 2019
E, 100, 0.137887259145166, 11.0023197464, 2.50474470149, 5.05364584777, -1.75065947785, 2.26919728037, 97, 2019
Z, -100, 0.5556502407294004, 3055.44127739, 0.618465484458, 3496.8818932, 0.995211796118, 1.18260283626, 100, 2019
N, 100, 0.8572848010210903, 198.806541527, 4.98820169554, 30.5975560883, -0.774047878227, 1.59388155041, 100, 2019
E, 100, 0.9306647991502978, 56.0237561311, 3.57949657287, 13.8586951643, -0.467026852474, 1.23996952607, 100, 2019
Z, 100, 0.5101179609882484, 441.259556662, 0.420327529412, 857.03540687, -0.971014582223, 0.471247034508, 103, 2019
N, -100, 0.3990045559339285, 23.2244452265, 2.96335441832, 6.89290426384, -2.15101028351, 2.50009661409, 103, 2019
E, -100, 0.07946041681031958, 18.293252695, 3.5873209026, 5.94542495033, -0.697026002477, 2.3297198022, 103, 2019
Z, 100, 0.5404373677889786, 5.8683095898, 0.763652232696, 9.50047224668, 1.18197415796, 2.31407431552, 106, 2019
N, 100, 0.37339814190450477, 33.8199445609, 6.05956588248, 4.66090193925, -1.04449564518, 1.13266847902, 106, 2019
E, -100, 0.782825259524415, 20.8516803895, 2.1478248322, 10.7478862932, 1.08468982002, 2.94615427321, 106, 2019
Z, 100, 0.29725960819476405, 46.4976981308, 1.10691029214, 36.6512143748, -0.580867332037, 1.79042338984, 109, 2019
N, 100, 0.8886884497867136, 12.2980554028, 8.36638019313, 1.34240495688, 1.15509934553, 1.18351819572, 109, 2019
E, -100, -0.48513008237590405, 8.19681851634, 1.19074496546, 9.1289297835, -2.92409215016, 2.71775909901, 109, 2019
Z, -100, -0.4794297133422311, 12.125403446, 1.03923598293, 10.8956816281, -1.40601553163, 2.56268800858, 112, 2019
N, 100, 0.9917176295445997, 12.101312365, 7.38684976473, 1.75519143875, 0.167195118639, 1.34060441739, 112, 2019
E, -100, -0.06559585121450061, 4.67702110013, 3.12759349956, 1.84135862678, -1.95455165895, 2.59769532283, 112, 2019
Z, -100, -0.37151621929748857, 96.2697098876, 0.697004890619, 119.55782211, -2.15006206498, 0.454314038851, 115, 2019
N, -100, 0.24860215474243888, 21.2767073959, 4.00527115058, 5.2734263111, 1.67178713737, 0.619316968031, 115, 2019
E, 100, 0.5871117703403478, 14.6434036562, 3.82858816653, 4.26748883373, 1.1044709825, 2.22017793585, 115, 2019
Z, -100, 0.8955583887477313, 80.5964425969, 0.455589408905, 151.918296155, 0.926262304595, 1.06788650263, 118, 2019
N, -100, -0.13065327163546392, 39.2159059074, 3.20189143297, 9.12924180043, -1.19684761401, 1.65143856575, 118, 2019
E, -100, 0.7654187813426865, 16.1541283782, 3.05913068361, 5.95532090395, 0.549015281521, 0.56908558238, 118, 2019
Z, -100, 0.7009248054833844, 96.1705622238, 0.66593919464, 144.194022503, 0.331439527179, 0.922522966868, 121, 2019
N, 100, 0.9476967766589263, 8.97890063945, 5.45404077296, 1.72080352534, -0.399193154191, 0.171397819857, 121, 2019
E, -100, 0.6751097047047161, 7.09878129061, 1.3484147288, 6.42420108107, -0.311404597692, 2.65544930588, 121, 2019
Z, -100, 0.3060779902703647, 80.7301235167, 0.794226801, 81.7164817067, -0.405435032317, 1.19780260674, 124, 2019
N, 100, 0.8200912974611259, 23.642327895, 6.86684781258, 3.53603151651, -0.357742427771, 0.472747341136, 124, 2019
E, -100, -0.37496165712059987, 11.4719697112, 1.24185680927, 9.60796115646, 0.872287327165, 2.5061874172, 124, 2019
Z, -100, -0.5365021650506308, 66.0296472024, 0.774175313066, 67.3347847418, 0.893362233436, 1.53471151245, 127, 2019
N, 100, 0.47269107457921444, 4.71887036371, 6.41409967748, 0.83337437426, 1.80419699716, 2.47637991685, 127, 2019
E, -100, 0.8963655495292653, 6.61319586983, 2.72778643429, 2.01959645475, 2.05608702229, 2.93477467279, 127, 2019
Z, -100, 0.5717473336460125, 50.2140904502, 0.614685949912, 73.7345833005, -0.418781895961, 3.30371600884, 130, 2019
N, 100, 0.5797994724259261, 16.5582249181, 4.15039784196, 4.62361383585, -1.23852989231, 0.841415610192, 130, 2019
E, -100, 0.21648596317793922, 16.2153305176, 3.50444765355, 4.75376988735, -1.22542653777, 1.0478158463, 130, 2019
Z, -100, -0.07157560961128144, 4.04624875206, 0.536302565439, 7.74871262279, 1.17395800408, 2.99948421758, 133, 2019
N, -100, 0.48298144411951066, 24.4280917348, 4.19631474488, 4.6537280413, -3.13310339664, 2.56724059673, 133, 2019
E, -100, -0.2758137492004415, 18.7404173896, 3.08255699175, 6.17875715136, -0.997892640584, 2.12265146451, 133, 2019
Z, 100, 0.5106166868460122, 54.091807155, 0.887764676094, 52.4404578592, -2.76070893989, 2.58338577843, 136, 2019
N, 100, 0.88705692988727, 5.88793190874, 6.76469210233, 1.00456296003, -0.800848360239, 0.47738865915, 136, 2019
E, -100, 0.6897235279462091, 6.61152147944, 1.53451716441, 5.6807959446, 0.823562537446, 1.569658122, 136, 2019
Z, 100, 0.7879096790497733, 86.8220536086, 1.04160314597, 70.6268431928, -0.752925591879, 0.380428473805, 139, 2019
N, 100, 0.9798203247623819, 11.998215633, 7.55894268553, 1.60844329741, -0.163874239335, 0.123387840193, 139, 2019
E, -100, 0.3646119494882177, 9.62712492853, 1.81218245318, 4.17907674002, -0.471420261155, 0.501172468523, 139, 2019
Z, 100, -0.49938816471522157, 38.6152463428, 0.857704750655, 39.7979816377, -1.45009724918, 2.61897972132, 142, 2019
N, -100, 0.8583302397044786, 11.6912721606, 5.82981926879, 2.21357915765, 0.510758306514, 2.75512626205, 142, 2019
E, 100, 0.1365810564064655, 10.4429170701, 3.0568134556, 3.29617988262, 1.69079613767, 1.37303698826, 142, 2019
Z, -100, 0.07654629155094571, 9.39956393169, 0.561923922083, 16.6841361104, 0.382435839305, 1.12085206783, 145, 2019
N, 100, 0.6575814595898085, 5.15229587733, 3.40090132915, 2.07632722805, 0.197976261847, 3.18201257278, 145, 2019
E, 100, 0.7103319905642843, 3.95900542916, 3.28372425398, 1.63841143246, 0.363839264068, 1.83124748037, 145, 2019
Z, -100, -0.07691910377930064, 95.5506604637, 0.442007868144, 176.662031164, -0.0289398362662, 2.25452649545, 148, 2019
N, -100, -0.30563851490699356, 14.2504842825, 3.67808956404, 2.96880259488, -1.33556221234, 1.41617421915, 148, 2019
E, 100, 0.7797860929102682, 22.3702696001, 2.43740617296, 10.4781988116, -0.0525776218335, 3.09130208334, 148, 2019
Z, 100, 0.18508648111331025, 126.514979589, 0.628209080203, 189.897628236, -1.1267373629, 1.49296206392, 151, 2019
N, 100, 0.48532468423229835, 3.73269244637, 5.50930853485, 0.649405291765, -1.97151645447, 2.33168328556, 151, 2019
E, 100, 0.8841640811789184, 13.0943563562, 1.46308371182, 8.02717837366, -0.38573505858, 0.208126320914, 151, 2019
Z, -100, 0.7211324549326787, 4.80546658532, 0.777753731659, 6.54397112746, 0.141227453103, 1.28828149192, 154, 2019
N, -100, -0.1290687180422494, 19.8312063204, 6.60968626257, 2.82396148197, -0.526314075503, 2.80676292734, 154, 2019
E, 100, 0.4658103796639535, 17.0245778785, 2.05003992336, 6.69904033847, -0.72065965257, 0.400376710269, 154, 2019
Z, 100, -0.7314623353523743, 8.4218988411, 0.785529618148, 11.6986583183, -1.66657429791, 2.88992705287, 157, 2019
N, 100, 0.4695189345480561, 13.622217975, 5.95411163819, 2.53655840698, -0.614306806359, 2.29509206348, 157, 2019
E, 100, 0.2964300293914429, 14.7619843938, 2.74086189206, 4.21087316518, -0.517998762847, 0.644202641859, 157, 2019
Z, -100, -0.2941088192566051, 7.67597532341, 0.655535722823, 12.1903177379, -1.51016468786, 0.466053426619, 160, 2019
N, 100, 0.722496088350037, 7.61532966974, 4.35752040125, 2.0643769027, 0.854064745714, 2.58944873154, 160, 2019
E, 100, 0.7024359533558826, 5.83152529351, 3.23262654531, 2.0246990196, 1.03071615516, 1.32847750038, 160, 2019
Z, 100, 0.053785449820889175, 878.849821596, 0.668224783725, 977.650820391, 0.738492667741, 2.04241764881, 163, 2019
N, 100, -0.7193921625298356, 920.585384916, 5.03903645325, 113.387944021, -0.737399376238, 1.62760050239, 163, 2019
E, 100, 0.5388379875730501, 784.755936201, 2.62697634656, 232.935865768, 0.514374183024, 3.00887066634, 163, 2019
Z, 100, 0.5596434995266835, 969.508691664, 0.895279816293, 1033.52681036, -0.825054305493, 0.483632553137, 166, 2019
N, -100, -0.6460954647602479, 1023.76981888, 6.42068709465, 147.328127412, -1.26906970879, 2.7590318143, 166, 2019
E, -100, 0.9153429780646497, 873.720944665, 2.47897137455, 315.006415019, -0.057135823742, 0.153034310496, 166, 2019
Z, -100, 0.3604445128943916, 8.46278336692, 0.917945043569, 9.48639311777, -2.15978370228, 2.51669751861, 169, 2019
N, 100, 0.9084257520764694, 19.7549093537, 6.57196343296, 3.16634454235, -0.325407901855, 0.521728007075, 169, 2019
E, 100, -0.5914928918598089, 17.9763937854, 2.96769396115, 5.08750299595, 1.94635777256, 0.341137571216, 169, 2019
Z, -100, 0.27564713038210215, 10.4359469644, 0.7353132923, 14.2393462126, 1.19426925486, 0.419466524738, 172, 2019
N, 100, 0.7506727143700148, 6.87479410731, 5.11495624303, 1.84323539256, -1.89257025512, 1.58521031755, 172, 2019
E, 100, 0.2165649454094792, 13.4017460867, 2.72264431966, 4.1870240416, -0.900064380819, 0.719145014735, 172, 2019
Z, 100, 0.4826562354533315, 7.27034629961, 0.465631791166, 17.0921625996, -1.24183903164, 0.753740131183, 175, 2019
N, -100, 0.6108808710240302, 4.23079652862, 3.5301562666, 1.46950671083, -1.42927001192, 2.32928937538, 175, 2019
E, 100, 0.8946766943190894, 5.42919986627, 2.84934254165, 2.57978598259, 0.950721880018, 1.40110242593, 175, 2019
Z, -100, -0.4994867394364193, 30.5691063455, 0.397803198177, 56.4342041857, 0.309172191873, 1.88733070241, 178, 2019
N, -100, 0.7079431409134811, 11.034437853, 3.75743751329, 2.42358435429, 0.0347823879274, 1.57184817265, 178, 2019
E, 100, 0.7480188015287317, 5.71444910632, 2.29924963944, 2.35736277822, -1.24284973905, 0.699939151614, 178, 2019
Z, -100, 0.03580486459223015, 29.047054632, 0.613347931959, 45.9451827389, -2.41996361394, 2.43893675197, 181, 2019
N, 100, 0.44575491780374693, 11.6914589914, 5.38146354028, 2.13687011136, -2.51734937349, 2.47893379194, 181, 2019
E, 100, 0.41336448985436147, 6.83359486807, 2.60321807172, 2.47586441955, -1.08623925364, 0.501399045566, 181, 2019
Z, -100, 0.02431754617330434, 35.8173658779, 0.82540503845, 41.8939681779, -2.67149324806, 2.38650987737, 184, 2019
N, 100, 0.9095658147515646, 6.97753026297, 6.67303156304, 1.03078707681, 0.936060599267, 0.971265150168, 184, 2019
E, 100, -0.2697076305091783, 3.77258903143, 3.37766241623, 1.12917837215, 1.33490336535, 1.23681988655, 184, 2019
Z, -100, -0.6064341455916546, 23.3571482449, 0.866704912683, 23.6528325329, -1.45767274137, 2.56165091206, 187, 2019
N, -100, 0.6639220864241839, 26.132612085, 6.18882651478, 4.57035183948, 0.73109891495, 0.796094882877, 187, 2019
E, -100, -0.03695632426103218, 15.8224125106, 2.68175247324, 4.64532572429, 1.81706706569, 0.798294522851, 187, 2019
Z, -100, -0.5265648732965179, 28.3771034663, 0.69988235402, 36.3316154815, 1.04287233118, 3.12785823115, 190, 2019
N, -100, 0.1149813980329713, 4.34209771336, 4.90453030135, 0.916020691333, 0.745090052481, 3.02769810564, 190, 2019
E, 91, 0.7887596408361842, 10.464819469, 3.1823750647, 4.15349092608, 0.483320883448, 1.83817564412, 190, 2019
Z, 100, 0.1517225102406355, 10.3807531531, 0.695200450728, 14.6791984646, -0.0410673609308, 1.3416508138, 193, 2019
N, 100, 0.24530545694714456, 13.0204101969, 4.81332384085, 2.42019677204, -1.37051511321, 1.86447064457, 193, 2019
E, -100, 0.715062661540261, 9.1379269326, 2.97296806972, 2.7682193794, 0.942813840186, 0.2988050311, 193, 2019
Z, 100, 0.7004996497685456, 9.57494966391, 0.851107833482, 11.39405592, -0.401831503711, 0.606575186179, 196, 2019
N, 100, 0.9841457791930566, 6.54366060974, 5.94139084913, 1.09607351454, -0.231341747317, 0.290132760679, 196, 2019
E, -100, 0.7447793076547059, 5.6340303399, 3.79685030259, 1.49198813189, 0.68068294652, 0.200664147275, 196, 2019
Z, -100, -0.2302116565958187, 3.36395513607, 0.845204586187, 4.53522244595, -0.307890206663, 1.67894775204, 199, 2019
N, 100, 0.47410207788019576, 9.03269498449, 6.2541858461, 1.7947254177, 1.55907731844, 1.62708683931, 199, 2019
E, 100, 0.5642832239291641, 14.1860187164, 3.07649171269, 4.15549130506, -0.820545430954, 0.380245908405, 199, 2019
Z, 100, 0.5394531261654562, 28.6150555795, 0.665157409509, 37.3219885496, 1.35792977919, 2.64740687071, 202, 2019
N, 100, 0.9366118848443717, 4.12982764445, 5.12859033632, 0.887197821405, -0.574124787866, 1.20349160959, 202, 2019
E, -100, 0.12369524900236974, 9.45020093285, 2.58825669454, 3.39131723272, -0.938722983881, 0.811756864766, 202, 2019
Z, 100, 0.902565819828839, 36.1709131983, 0.399408283464, 80.5802860023, 0.353092005938, 0.345850433013, 205, 2019
N, -100, 0.6600297835646785, 5.31662150735, 3.67496095586, 1.50002197104, 3.06213151491, 3.03943966321, 205, 2019
E, 100, 0.26371233266609817, 6.77982199518, 2.88088342647, 2.57131947726, -1.13940719344, 1.25502309582, 205, 2019
Z, 100, 0.4493098674096197, 22.9067264858, 0.369785713679, 67.0165573043, 2.02551702452, 2.69560710586, 208, 2019
N, -100, 0.8459773577391313, 7.52321878338, 3.52052125344, 1.79574478049, -0.035069443304, 0.676235799599, 208, 2019
E, -100, 0.961590214481766, 4.96084820964, 2.7798393957, 1.68833598723, -0.555390938207, 2.12520864385, 208, 2019
Z, 100, -0.5280614879747575, 10.8937869442, 0.958415732092, 11.586320412, -2.43881065948, 2.43139614089, 214, 2019
N, 100, 0.9405967358466553, 12.0607663587, 7.4328712396, 1.41053226764, -1.50030961687, 2.19726081485, 214, 2019
E, 100, 0.6215887546685837, 5.41316654834, 3.86644416853, 1.39182777369, -0.235000369156, 0.377802154408, 214, 2019
Z, -100, 0.06024193532877466, 44.6467871983, 0.688318439991, 54.1147297481, -0.166892175644, 2.97569202161, 220, 2019
N, 100, 0.8044482869276747, 11.4177885523, 4.80836213584, 2.35698028257, 3.03428118365, 2.91185676134, 220, 2019
E, 100, 0.37746045898208874, 4.34289813062, 3.62385613183, 1.28468730315, -1.59857232586, 1.73174535096, 220, 2019
Z, -100, -0.7331502019193553, 24.8613425205, 0.685920640912, 37.2708223977, 0.99981209538, 2.76508449759, 223, 2019
N, -100, 0.5143165911155531, 16.0334508369, 4.38834706514, 3.0778659283, 0.241300041134, 1.2459222008, 223, 2019
E, 100, 0.3603957467917978, 6.55268809708, 3.89225584903, 1.57452557861, -1.54371156873, 0.598822323021, 223, 2019
Z, -100, 0.2978865953593736, 14.1746512231, 0.842535365765, 15.9097209366, -2.91065798201, 2.57025830936, 226, 2019
N, 100, 0.8727588591754766, 6.91928405672, 6.10285837017, 1.36094623063, -0.715336637983, 0.389458608325, 226, 2019
E, 100, 0.7059498366459552, 5.93037214467, 3.94402290759, 1.63295749266, -0.575944562214, 0.355766134703, 226, 2019
Z, -100, 0.35374156196139617, 26.435740643, 0.81916427448, 30.0480905489, 0.918272967494, 2.68304949455, 229, 2019
N, 100, 0.9410326229731709, 8.89201068415, 6.49371068463, 1.22061243557, -0.144186837006, 2.04670917235, 229, 2019
E, 100, 0.4045041779296847, 10.8460204761, 2.22820089213, 4.10822177358, -0.367273664889, 0.704964901574, 229, 2019
Z, 100, -0.865742969592765, 11.7687555123, 0.614747276098, 19.6880661786, 2.61398643905, 1.40426817979, 232, 2019
N, -100, 0.770187838108859, 10.0868720242, 5.32154239341, 2.03939640624, 0.607701816242, 0.394576208648, 232, 2019
E, 100, 0.8287961962065821, 7.40526278007, 2.92148145473, 3.18622159671, 0.527361363231, 1.25751479897, 232, 2019
Z, -100, 0.3846309825865438, 35.7337121316, 0.355886728103, 82.528889978, 0.0437190449843, 2.80472609597, 235, 2019
N, 100, 0.811578465062774, 6.24928969249, 3.6694310594, 1.79017475802, 2.86771455731, 2.66050468596, 235, 2019
E, 100, 0.8549599222879706, 2.73520627157, 3.31739659653, 0.9860333031, 0.0670272829365, 2.50773429101, 235, 2019
Z, 100, 0.3527859539089035, 16.3466271494, 0.428911656169, 36.0139546452, 2.46057718204, 3.06850350231, 238, 2019
N, -100, 0.5079881104050625, 15.1507273318, 3.80833882734, 3.47476146032, -1.42502889045, 2.50260684598, 238, 2019
E, 100, 0.6918937746332298, 6.13934765838, 3.47223792514, 1.53824133477, -1.43691815012, 0.880714983055, 238, 2019
Z, 100, -0.11362113962659325, 2.55179083901, 0.850512818048, 3.21206623068, -0.910758280147, 2.62180169539, 241, 2019
N, 100, 0.9683039833171321, 7.6874168177, 6.89381751708, 1.08718732118, -0.659038425231, 0.491459439341, 241, 2019
E, -100, 0.6644877485193627, 9.0610683659, 4.19714142586, 2.23380046299, 0.661472446759, 0.178234029826, 241, 2019
Z, 100, -0.07634761818178945, 3.60117150738, 1.1097861337, 3.05636480028, 1.16171395859, 1.31831365522, 244, 2019
N, 100, 0.8702713024077625, 10.7877123917, 8.28450893667, 1.43446228524, 0.226188971422, 0.98371888794, 244, 2019
E, 100, -0.00619464971037118, 5.37154261044, 2.87224331884, 1.90600283663, 0.62770150864, 0.687016707216, 244, 2019
Z, -100, 0.1580249919718011, 3.6027363731, 0.944694280261, 4.30658917836, 1.05443514081, 2.75004102296, 247, 2019
N, 100, 0.9785437415024191, 11.6992668119, 6.69068920848, 1.59845614222, -0.0469486170947, 0.145802279893, 247, 2019
E, 100, 0.6150007141762321, 6.58990889826, 3.74548204471, 2.26738589509, 0.673437773853, 2.52364266019, 247, 2019
Z, -100, 0.0790356410065669, 18.696720392, 0.616665480591, 24.167756234, 1.39228424099, 0.274161673477, 250, 2019
N, 100, 0.895487949173773, 11.9734008962, 4.24824457067, 2.42964365942, -0.538961984539, 0.172880352729, 250, 2019
E, 100, 0.4141419089561522, 2.83216413489, 4.15234877463, 0.782293449131, -1.88022109452, 1.38135895081, 250, 2019
Z, -100, -0.3233163324142665, 30.2757051026, 0.712944829448, 39.0072191962, 1.60271893015, 2.28198914828, 253, 2019
N, -100, 0.5887388939185763, 17.9554161472, 4.8081256929, 3.72869028807, -3.39181158969, 2.52300351378, 253, 2019
E, 100, 0.2181023361375678, 11.5500222228, 4.04350530044, 2.45378955722, -1.59745954504, 0.550494130492, 253, 2019
Z, -100, 0.833778470811486, 79.9772554154, 0.854250113275, 69.9215247786, 0.141426560284, 1.56701755337, 256, 2019
N, 100, 0.5201241743144954, 12.1493100715, 6.62369663852, 2.31827164562, 1.03168205727, 1.96355241704, 256, 2019
E, 100, 0.2770808071615389, 12.2646520013, 2.97634650868, 3.96129205072, -0.879733895729, 0.722152277384, 256, 2019
Z, -100, 0.5659344315253063, 113.122353593, 0.793902782924, 135.739750417, 0.410693627107, 0.452291091871, 259, 2019
N, -100, 0.9877526144580414, 12.1850453039, 6.75421568644, 1.99471604528, 0.519353100802, 1.80906912389, 259, 2019
E, 100, 0.014602323036958085, 17.0533917895, 2.30488315553, 8.00618857521, -0.285972919176, 0.757573357589, 259, 2019
Z, -100, -0.7662416394467993, 19.3850820559, 0.573373973255, 30.3147547805, -1.13225014157, 2.58814030523, 262, 2019
N, 100, 0.9838264803466417, 8.77853686755, 5.45166436235, 1.58564207464, -0.215324592431, 0.0930844875258, 262, 2019
E, 100, 0.7107331584588927, 4.75753376277, 3.44182499999, 1.20211292598, 0.34707935772, 0.604025821255, 262, 2019
Z, -100, -0.4535760739186215, 2.90761846299, 0.348773796941, 8.80899704307, -0.913773107952, 0.879626778756, 265, 2019
N, -100, 0.2784607259950707, 7.53742605574, 3.87701219426, 1.78533245554, 1.65926236541, 0.454686442798, 265, 2019
E, 100, 0.8720053625867215, 13.9189532081, 3.78541154141, 3.2891634642, 0.332817133393, 1.15177439979, 265, 2019
Z, 100, -0.7763876641572319, 11.2953311155, 0.595365427364, 20.0069254904, 0.537490201942, 2.98115272513, 268, 2019
N, -100, 0.8143383479543234, 9.81082037238, 5.00103304536, 2.22918432861, -0.73126792639, 1.81273597205, 268, 2019
E, -100, 0.8791294506768523, 5.0977028185, 3.82487854687, 1.34348405096, 0.0838598336512, 1.23815732979, 268, 2019
Z, 100, -0.03915137470991186, 7.73783839395, 1.03712834625, 7.51615692943, -2.22458583584, 2.45235320351, 271, 2019
N, 100, 0.9384571451243575, 10.4618698835, 8.14242243684, 1.20129709132, 0.562779475885, 0.982350656961, 271, 2019
E, 100, 0.5228778927811802, 6.93416548771, 3.4522278991, 2.23836514451, -0.997386141066, 0.451450421017, 271, 2019
Z, 0, -0.7583425395548411, 2.97678741999, 1.15046017993, 2.34183414338, -1.43153077512, 2.74247225592, 274, 2019
N, -100, 0.9821166775199789, 13.5728454824, 8.40446722981, 1.80223956894, 0.758302301115, 1.73404836697, 274, 2019
E, 100, 0.24040311617605306, 5.26687942084, 2.922343218, 2.53190752429, 0.913866693394, 1.12424205083, 274, 2019
Z, -100, 0.4697364588290545, 3.89643263074, 0.830464636753, 5.21469347996, 0.387183145992, 1.75936628224, 277, 2019
N, -100, 0.9677508113844053, 6.55958685684, 6.56580337225, 0.969899093578, 0.243881743025, 0.112723066506, 277, 2019
E, 100, 0.9192733067469203, 4.66867907834, 4.32639860048, 1.02845714163, -0.532991721837, 0.231684743253, 277, 2019
Z, 100, -0.14587829247075226, 10.1924500711, 0.505799018806, 17.2671141574, 0.174714011338, 2.70696253373, 280, 2019
N, 100, 0.6717269864633093, 11.2063567595, 3.54436696581, 2.33537973325, -0.566768293413, 0.276283049995, 280, 2019
E, 100, 0.1398000921223497, 3.29706123317, 4.27858790742, 0.801246213755, -1.40653387869, 2.11606725248, 280, 2019
Z, -100, 0.4419534631248296, 19.3327315733, 0.742424380693, 24.935458327, -3.25714505039, 2.54687304652, 283, 2019
N, 100, 0.5726688010426457, 8.21420592636, 5.41558584467, 1.84121322848, -0.40280683074, 2.19507892169, 283, 2019
E, -100, 0.8287868969098618, 7.05939381446, 3.28631259292, 1.97115801264, 0.578462296168, 0.134868139361, 283, 2019
Z, -100, 0.10128239946955976, 11.7970502704, 0.845620988356, 13.7860059625, 0.0816834976264, 2.63249628586, 286, 2019
N, 100, 0.8533247413256962, 9.80247637483, 6.91444095392, 1.57917231151, 0.573431474004, 2.54678769011, 286, 2019
E, 100, -0.23378951967560413, 7.32076603493, 1.2466008935, 4.66081234021, -0.0606843801659, 3.00727445413, 286, 2019
Z, 100, -0.09987408057443961, 54.1070736928, 0.759291856216, 55.4252866218, 1.20378430488, 1.53859644923, 289, 2019
N, 100, 0.703275702035744, 10.6353315929, 6.79104691527, 1.92119504958, -1.50639931033, 0.803430255537, 289, 2019
E, -100, -0.030434292428134523, 9.55029588317, 2.80624365862, 3.73157930098, -2.12736577147, 2.43560665895, 289, 2019
Z, -100, 0.8349205411558794, 17.6760504884, 0.545657826416, 29.0356898367, 1.61204619446, 2.70478047714, 292, 2019
N, 0, 0.9769249912435574, 10.9735245885, 5.75098849373, 1.92543874133, 0.213067021164, 0.18564147989, 292, 2019
E, 100, 0.8527814528346794, 12.6339025262, 3.90559791101, 2.85538321289, -0.619476715926, 0.329084866768, 292, 2019
Z, -100, 0.1216196760025101, 3.96888689776, 0.365029331944, 8.38314132864, 0.730291021484, 3.16269502766, 295, 2019
N, 100, 0.8047141645293605, 10.3627188273, 4.06675419755, 2.16729381711, -0.677644211241, 0.261079910423, 295, 2019
E, 100, 0.6555183304368771, 5.97238083979, 4.06573598709, 1.12747084504, 1.43574696034, 0.890741803499, 295, 2019
Z, -100, 0.5485925982713734, 7.54062800087, 0.791016642006, 10.8139416626, -0.914902862022, 2.2385023755, 298, 2019
N, 100, 0.778311455554262, 7.01014829243, 6.33395118131, 1.42074624815, -1.46547425232, 0.757223166971, 298, 2019
E, -100, 0.8700146452348804, 10.8842619287, 3.49774858463, 3.14640502511, 0.510805186791, 0.134461153611, 298, 2019
Z, 100, -0.42923217162482596, 6.62296444277, 1.12279694115, 5.96141054876, 0.15827321729, 2.44976500388, 301, 2019
N, 100, 0.9081637306283582, 10.1190699588, 8.40861022876, 1.15226298393, -0.239175114751, 0.164804708477, 301, 2019
E, -100, -0.23789021647335074, 3.68126865365, 1.50345606093, 2.49915594427, -0.480743907652, 2.86586638034, 301, 2019
Z, 100, -0.5785950944901078, 11.3095939287, 1.03651989316, 9.89168974821, 1.58169260127, 1.58174644207, 304, 2019
N, 100, 0.9978624810334874, 10.1416444483, 7.97724379703, 1.2806614562, -0.0625483966189, 0.0415480474871, 304, 2019
E, 100, 0.5536324044450674, 6.80290777565, 3.47274990499, 1.48893878166, -0.763680079436, 0.271823390374, 304, 2019
Z, 100, 0.05432703649154983, 6.00681289196, 0.685107651384, 9.80338103724, -0.137997487884, 0.607535291095, 307, 2019
N, -100, 0.7969101849495739, 7.89503621555, 6.25228405937, 1.15366507786, 0.650972973587, 0.173136939477, 307, 2019
E, 100, 0.9435021809713622, 12.111311795, 4.6348372812, 2.49803125035, -0.39713063248, 0.0962495693469, 307, 2019
Z, 100, 0.42465448468841854, 22.2180715524, 0.51813234263, 40.0359818901, 2.30984047596, 3.13125916309, 310, 2019
N, -100, 0.2634185302957431, 5.95202335218, 3.63200762782, 1.45180834462, 2.0656206246, 0.746398345621, 310, 2019
E, -66, 0.9941674570713502, 8.85132972563, 3.85136583899, 2.35374565766, 0.0325871401672, 0.0631398032997, 310, 2019
Z, -100, -0.09012565214853711, 12.5562204345, 0.722139416934, 17.1480777551, -2.72127284179, 2.71825827244, 313, 2019
N, 100, 0.3752883143768919, 20.2044604993, 5.66776779225, 3.84116720656, -0.821450109462, 1.19162666047, 313, 2019
E, -100, 0.8964016112216125, 18.5351801639, 2.11092477738, 8.01904230068, 0.569025960547, 0.189153166644, 313, 2019
Z, -100, 0.5397397018054514, 4.73974327816, 0.802870705175, 5.67190284088, 0.912038513205, 1.62495953614, 316, 2019
N, 100, 0.9181846565681158, 9.59981852683, 6.82305444758, 1.21138081395, -0.265307548136, 2.43613489885, 316, 2019
E, -100, -0.22762684533639993, 2.88840319182, 1.48501961528, 2.42213032667, -2.29435955789, 2.93193651566, 316, 2019
Z, 100, -0.33882195786240216, 14.7129425594, 0.732447669253, 17.198365216, 0.173394385629, 2.67575057445, 319, 2019
N, -100, 0.9967263306780904, 13.7483614512, 6.78766702061, 2.07635224447, 0.418148368552, 1.28629314498, 319, 2019
E, 100, 0.3299852599208567, 10.3820850184, 3.44291265357, 2.44478985325, -0.879706246379, 1.16641336905, 319, 2019
Z, 100, 0.29667744417674813, 5.80060507685, 0.556801706738, 11.4414788667, -1.64762002235, 1.49439061817, 322, 2019
N, -100, 0.8862046341226348, 9.19099032227, 6.22092301974, 1.37944202153, -0.00219467090942, 0.115266324614, 322, 2019
E, 100, 0.841973233658565, 4.81723260687, 4.42537584143, 1.05735053948, -0.351559143109, 1.15810274739, 322, 2019
Z, -100, 0.7253191503978155, 6.25327824793, 0.519994019759, 12.5247327052, 0.466398709369, 0.312666899294, 325, 2019
N, 22, 0.9665615277135552, 4.20522107794, 4.32895396343, 0.870177015563, 0.53780197338, 0.419675249422, 325, 2019
E, -100, 0.9787924364239388, 6.245500556, 3.92981369716, 1.61273860742, 0.135390985779, 0.0799953260483, 325, 2019
Z, -100, 0.48843861846204906, 7.91667643689, 0.897512574371, 9.64029788413, -2.68983584194, 2.73704100578, 328, 2019
N, 100, 0.9354481946496392, 8.11823372271, 6.77369776882, 1.21744029361, -0.599959645023, 0.271631439572, 328, 2019
E, -100, 0.7204643334915772, 6.11868338686, 2.31290536026, 2.7629806067, 0.00260182787018, 1.2265581944, 328, 2019
Z, 100, -0.05184625116168224, 10.0193105522, 1.06561278345, 8.25738428026, -2.48857288865, 2.44167088005, 331, 2019
N, 100, 0.978122086297593, 11.0765833148, 7.81149763977, 1.41767037218, 0.483349185244, 2.2891506284, 331, 2019
E, -100, -0.2221174218317105, 3.37518804542, 1.85530957688, 1.26778094699, 0.00144095373751, 1.25109200037, 331, 2019
Z, 100, -0.3271964008839206, 5.61876546695, 0.890500257254, 5.41854417103, 1.03321497987, 2.39093655004, 334, 2019
N, -77, 0.9925346774414949, 10.5889984561, 7.59349142183, 1.46620794614, 0.0442039114171, 0.130273430627, 334, 2019
E, 100, 0.5301166892903949, 2.97860179519, 4.46539677717, 0.616026706707, 0.186112273901, 1.8774057063, 334, 2019
Z, 100, 0.4711836428043299, 25.5660581476, 0.556427490228, 40.3792552577, 0.741489364367, 0.833614607399, 337, 2019
N, -100, 0.5051033498767792, 8.48428459519, 5.65725551197, 1.37500553726, 0.509441302238, 0.307078970976, 337, 2019
E, 100, 0.7611217760448928, 8.53916945966, 4.38451035463, 1.91293184897, -0.631665092943, 0.383018140579, 337, 2019
Z, -100, 0.873710276397166, 78.1091063804, 0.481378027822, 139.54604956, 0.0653251773592, 1.87688208085, 340, 2019
N, 100, 0.5505570116637499, 5.38836403291, 3.74494029423, 1.62352145258, 0.0497929990089, 1.19068217021, 340, 2019
E, -100, 0.9629327541686644, 13.087642084, 3.18046493059, 3.77844735121, 1.11372132898, 2.79731964689, 340, 2019
Z, -100, -0.07830241384615141, 12.1528242184, 0.654951587845, 15.7167087044, -0.949302269744, 1.96311328922, 343, 2019
N, 100, 0.9612845707682033, 5.02551571849, 5.44516364619, 0.950833205229, -0.277678273306, 2.27604972152, 343, 2019
E, -100, 0.62684164668382, 4.49972962137, 1.1218460641, 4.11844065227, 0.223837739536, 2.65373867691, 343, 2019
Z, -100, 0.9008588582661119, 4.57060527289, 0.770979107487, 4.88316824095, 0.103674873915, 0.96772538258, 346, 2019
N, 100, 0.9407983015700416, 8.24374434618, 6.63447722882, 1.11201872168, 0.276177292172, 2.36037289802, 346, 2019
E, -100, -0.3461940476280652, 4.77715243154, 2.36940429546, 1.91130918411, -1.53358103959, 1.36887927226, 346, 2019
Z, -100, -0.10369392033414726, 25.107919718, 0.764122376871, 28.0433223681, 0.842032873389, 1.78115366085, 349, 2019
N, 100, 0.971828715724639, 9.11983671111, 7.18475176838, 1.26061991747, -0.28027026365, 0.0493484274513, 349, 2019
E, 100, 0.6624126144517254, 5.92882211154, 4.3605812129, 1.43080765483, -0.764078529047, 0.222785242, 349, 2019
Z, 100, 0.812668470896358, 47.7351897089, 0.614659288969, 64.730347953, 0.0231334411778, 1.34202134336, 352, 2019
N, 100, 0.9394515785145269, 7.77101920048, 6.49328024533, 1.14055736676, -0.327044479297, 0.197502085934, 352, 2019
E, -100, 0.8969088158140696, 4.37406421163, 4.38595339814, 0.828707579374, 0.686254719949, 0.493299681945, 352, 2019
Z, 100, 0.8236783491291015, 18.1222051962, 0.634014135152, 34.9398654338, -0.57475076142, 1.44062618311, 355, 2019
N, -100, 0.8624655827965687, 2.85954261621, 4.74142608836, 0.628512662127, 0.723206864506, 1.1962242288, 355, 2019
E, 100, 0.9765216260136883, 10.1203667504, 3.38674477, 2.86918105614, 0.339407474039, 1.87641254848, 355, 2019
Z, -100, 0.6815354400573507, 34.254683154, 0.894011376905, 29.6924733146, -0.58801321078, 1.70233380184, 358, 2019
N, 100, 0.810186572202611, 7.49367355115, 6.34042023776, 1.42444498626, -0.938076474378, 0.281410703832, 358, 2019
E, -100, 0.36698058300592024, 10.9185547119, 1.11907867876, 6.74612413099, -0.633346863744, 3.27198114502, 358, 2019
Z, 100, -0.17743289369074164, 20.8325967196, 0.968879741159, 19.7593742696, 0.804430911525, 1.45918744509, 361, 2019
N, 100, 0.9393305802743799, 9.12815183188, 7.27009776061, 1.18032954196, 0.179517566219, 1.91025796636, 361, 2019
E, -100, -0.8063807309130276, 2.48962420472, 3.23324865502, 0.825788958855, -2.041697593, 2.53835124952, 361, 2019
Z, 100, 0.1253103329863854, 18.7336364126, 0.795141374049, 22.863941324, 0.324178306117, 2.91427876511, 364, 2019
N, -100, 0.8870650459217897, 17.6931816532, 7.27917389851, 2.11856062165, 0.719392445087, 0.286045622197, 364, 2019
E, 100, 0.3357369258188021, 9.92908114359, 4.37564053423, 2.17565070524, -0.967117921531, 0.490487401223, 364, 2019
