Chan, Phase Shift, Correlation, ptp-data, ptp-synthetic, rat, phasem, phasestd, DOY, Year
Z, 30, 0.9999604968968332, 124.723443157, 122.569787724, 1.01729506156, -0.0113583643925, 0.00566847617054, 1, 2019
N, 100, 0.7252911003223587, 4.4298196115, 7.3179608302, 0.922871698617, 1.86566044702, 3.02852413073, 1, 2019
E, 100, 0.9822745008067388, 71.3161691512, 68.4449152387, 1.05525113552, 0.0552402456331, 1.34544456033, 1, 2019
Z, 5, 0.9999826452750656, 177.065727058, 174.307955218, 1.01016554804, 0.00383370143436, 0.00851853555301, 4, 2019
N, -100, 0.9940605858290527, 11.3569443448, 15.8394173835, 0.76694869844, -0.566757231253, 1.82276347288, 4, 2019
E, 100, 0.9932860292227317, 91.4269567264, 92.1886001772, 0.999570135021, -0.171498560297, 0.0763093942077, 4, 2019
Z, 15, 0.9999309393179464, 190.278351535, 187.944393374, 1.00479982297, -0.0218168723599, 0.0116058319051, 7, 2019
N, -100, 0.9387052332003335, 14.1155207322, 19.5083477885, 0.719438084681, 0.266868184882, 0.0532145728901, 7, 2019
E, 100, 0.9966473702259158, 89.4759373607, 94.5463330425, 0.949769991348, -0.119858607393, 0.02884248685, 7, 2019
Z, 32, 0.9997788769487275, 161.059444036, 158.834113521, 1.01177118976, -0.0464439923083, 0.026515046142, 10, 2019
N, -100, 0.8149667557357894, 14.5148340947, 16.7791838688, 0.904624121353, 0.557585251378, 0.0856870028013, 10, 2019
E, 100, 0.9954799306642179, 68.2697520792, 76.3565157697, 0.900992667174, -0.116088386744, 0.0423000847082, 10, 2019
Z, 62, 0.9997833702586422, 104.499586522, 102.285343747, 1.0294047934, -0.0329187788219, 0.0168185576532, 13, 2019
N, -100, 0.5479417019184086, 11.3866499647, 8.6338642707, 1.40532228853, 0.590380632259, 1.34883320661, 13, 2019
E, 100, 0.9693505220223939, 35.5310395933, 44.9658306744, 0.804968647998, 0.194838590208, 1.30286784358, 13, 2019
Z, 71, 0.9999525083253454, 98.0841846216, 96.5023479725, 1.01920930971, 0.00376404837783, 0.011190273489, 16, 2019
N, 100, 0.5746903108977885, 6.55802934772, 7.45317723934, 1.11041250605, 1.3699159219, 2.6146890848, 16, 2019
E, 100, 0.9722671790451234, 57.1498159984, 55.1118620375, 1.01811070089, -0.750931208401, 1.23984938419, 16, 2019
Z, 17, 0.9999817622561028, 186.867877891, 183.48999673, 1.01435032779, 0.00301403740181, 0.0072178111104, 19, 2019
N, 100, 0.9709001517449627, 9.71396049072, 15.6593881062, 0.682862617247, 1.84567902822, 2.83641485875, 19, 2019
E, 100, 0.9927458263515885, 103.027787601, 103.552751572, 0.998703551777, -0.164368088592, 0.0809529169705, 19, 2019
Z, 8, 0.9999638294414741, 232.198846605, 228.751690603, 1.00908553585, -0.015874543953, 0.00888307471099, 22, 2019
N, -100, 0.9185152024149109, 8.93791920357, 19.3695930279, 0.503906753893, 0.418587865362, 0.112595983352, 22, 2019
E, 100, 0.994297993975761, 117.496336956, 122.387172029, 0.967904570186, -0.136298871463, 0.0397043786931, 22, 2019
Z, 1, 0.9998416247720101, 198.090841633, 194.595589191, 1.01759379072, -0.0365755454653, 0.0219004645845, 25, 2019
N, -100, 0.6718743454784756, 15.3163880338, 17.4537948205, 0.862996942831, 0.558759986954, 1.35032707299, 25, 2019
E, 100, 0.984687169615171, 85.9537401818, 95.1817590294, 0.904539890537, -0.140853749685, 0.035075433003, 25, 2019
Z, 42, 0.9998866294083419, 108.001760683, 106.140867037, 1.0245142186, -0.00684352811981, 0.0133772377926, 28, 2019
N, -100, 0.8357147300982464, 13.9012184473, 9.81787657688, 1.49595464642, 0.149559903972, 1.32218908837, 28, 2019
E, 100, 0.9097898152205779, 34.2310561633, 40.9948188523, 0.912793959954, -0.309228643455, 0.149345669482, 28, 2019
Z, 37, 0.999962621535375, 116.640331622, 114.559614167, 1.01646155064, -0.00368858979936, 0.00290534298613, 31, 2019
N, 100, 0.7927653196785239, 5.37100526794, 8.40565699791, 0.759874055501, 1.31147422263, 2.35340122965, 31, 2019
E, 100, 0.9824877952456773, 68.2504662114, 64.2452911828, 1.07609881923, -0.252733283537, 0.0845528228506, 31, 2019
Z, 19, 0.9999651559835694, 178.368703416, 175.942176858, 1.00641345044, -0.00390855344308, 0.00971686959969, 34, 2019
N, -100, 0.9805117192214778, 12.1839397882, 18.0908491406, 0.696082643701, -0.394756703202, 1.83080818344, 34, 2019
E, 100, 0.995175876572725, 93.7763514408, 94.0398607665, 1.01020622097, -0.155902949084, 0.0472459548623, 34, 2019
Z, 18, 0.9999257461564155, 199.649250059, 197.229173653, 1.00614624598, -0.024621418781, 0.0109980600249, 37, 2019
N, -100, 0.8971678785927428, 15.8209345317, 22.1516596917, 0.75543693107, 0.500892798718, 0.0969273563484, 37, 2019
E, 100, 0.998177637773105, 97.3309155561, 102.065431017, 0.961209317975, 0.189495360305, 1.34162909706, 37, 2019
Z, 7, 0.9998425111587678, 173.426950666, 171.138162833, 1.01286773341, -0.0391154327537, 0.0242459506727, 40, 2019
N, -100, 0.7968127890551431, 15.6973305422, 19.0202526843, 0.841865484497, 0.298138072758, 1.32994453425, 40, 2019
E, 100, 0.9979971007300656, 76.286527696, 85.9304469138, 0.89160559169, -0.0793144444202, 0.0329219426886, 40, 2019
Z, 16, 0.9998849370591596, 108.034665201, 106.741183589, 1.01705064378, -0.0189092105777, 0.0102653828326, 43, 2019
N, -100, 0.6976930434480605, 11.1382137126, 9.73940916014, 1.21201946907, 0.398114781385, 1.34117217203, 43, 2019
E, 100, 0.9749626909742798, 37.7535671543, 48.7211422662, 0.780434160779, 0.206660799454, 1.31281986164, 43, 2019
Z, 55, 0.9999631382241898, 108.357922424, 106.483485537, 1.01656708639, 0.00597558670421, 0.00643292596195, 46, 2019
N, 100, 0.8514216149614595, 9.9007416186, 9.60126608174, 1.20944377248, 1.37040020713, 2.42363971438, 46, 2019
E, 100, 0.9779919091008507, 67.5091510732, 64.2975389489, 1.04368945059, 0.390282768453, 2.29841788165, 46, 2019
Z, 0, 0.999983048838231, 215.479361287, 211.963709133, 1.0121614367, 0.000575399407646, 0.00592208092038, 49, 2019
N, 100, 0.9875974768706581, 11.8265328287, 18.9467619867, 0.656365068789, -0.171728052283, 0.164466181178, 49, 2019
E, 100, 0.9949779318790026, 120.355381097, 121.347742999, 0.999566836765, -0.13971546088, 0.0640797959309, 49, 2019
Z, 0, 0.9999712316361876, 252.07208459, 248.412786623, 1.00963521098, -0.0139991461798, 0.00678995184408, 52, 2019
N, -100, 0.8507769955063743, 15.2178127591, 22.7940511461, 0.660088785494, 0.533023983157, 0.10627290135, 52, 2019
E, 100, 0.9949793456156899, 126.376065899, 132.745582895, 0.95820997797, 0.163125664428, 1.33953074973, 52, 2019
Z, 0, 0.999848445030208, 189.986748719, 186.530886357, 1.01919650536, -0.034153578862, 0.0197353057579, 55, 2019
N, -100, 0.8065240722194951, 20.001585931, 19.5913931461, 1.00744003385, 0.605565659253, 0.171996057345, 55, 2019
E, 100, 0.9876583056406747, 77.4724774794, 89.1559311392, 0.870064904146, -0.125608194695, 0.0339330737215, 55, 2019
Z, 44, 0.9998947670926093, 80.1323471118, 78.4946700821, 1.02564620997, -0.00491727796604, 0.0117451419665, 58, 2019
N, -100, 0.9116444143161693, 15.1501069052, 9.58562665709, 1.59184546206, 0.244779443435, 1.40555963158, 58, 2019
E, 100, 0.8721549555105506, 33.4946449181, 27.1485649277, 0.973069637859, -0.461219812938, 0.418656861261, 58, 2019
Z, 0, 0.9998006868812764, 127.841836917, 125.733938877, 1.00369000869, 0.0419096379389, 0.0383394624953, 61, 2019
N, 100, 0.97957021100901, 10.9326923959, 12.4372057836, 0.93080569652, 1.88210435002, 2.62903965358, 61, 2019
E, 100, 0.992109603170205, 75.7374564301, 72.2162062553, 1.06387378833, -0.176854136582, 0.0914238618561, 61, 2019
Z, 10, 0.999972376723466, 194.824715008, 191.706167844, 1.01005858221, -0.010314679643, 0.00984358093467, 64, 2019
N, -100, 0.9864807366149451, 17.5659390267, 22.0085331471, 0.817131342757, 0.0804136779127, 0.0675092815647, 64, 2019
E, 100, 0.9973152371999985, 102.859666588, 104.319058951, 0.998329909593, -0.117488972224, 0.0305025773847, 64, 2019
Z, 0, 0.9999501264542667, 213.87456238, 210.769113474, 1.00941455222, -0.0192687638979, 0.00933480778745, 67, 2019
N, -100, 0.9406028484132547, 19.0518185387, 24.8176584233, 0.780099758037, 0.295361579192, 0.0350520174781, 67, 2019
E, 100, 0.998502322719039, 105.134214813, 111.561667399, 0.949788924189, 0.204822233439, 1.34124020855, 67, 2019
Z, 0, 0.9999454410284392, 175.603604514, 173.3361247, 1.01314828147, -0.0232948020894, 0.0145819918363, 70, 2019
N, -100, 0.8586596175419353, 17.4122652635, 19.518736989, 0.911891869117, 0.225680581207, 1.34439613097, 70, 2019
E, 100, 0.9979194575665289, 77.852427057, 87.8311314257, 0.888751257382, -0.0671922751135, 0.0322856608884, 70, 2019
Z, 3, 0.9998425860633992, 93.0527684529, 91.885178557, 1.01552305658, -0.0108832989887, 0.00703968967143, 73, 2019
N, -100, 0.8850373328765058, 13.1304768662, 8.51647840169, 1.49231334266, 0.552125762379, 0.345391886756, 73, 2019
E, 100, 0.9311091082817287, 29.3992489192, 39.111460632, 0.796162496065, -0.0954062242193, 0.137810653567, 73, 2019
Z, 27, 0.9999734754355093, 145.701234077, 143.481313118, 1.01480180479, -0.0164677417967, 0.0103925835547, 76, 2019
N, 100, 0.8567484084401987, 12.0518926419, 14.0099299743, 0.953595902482, 1.44114870585, 2.68067867431, 76, 2019
E, 100, 0.9903025135111801, 90.1847941692, 88.0830507925, 1.04145932689, 0.0696932096396, 1.35264296469, 76, 2019
Z, -4, 0.9999986149625858, 246.638150965, 242.243993875, 1.01704398562, -0.00041146422722, 0.00101432037447, 79, 2019
N, -53, 0.9645874404201267, 13.4920482309, 22.5734768417, 0.564700326963, -0.382280026014, 0.264570284135, 79, 2019
E, 100, 0.9955306464964236, 135.115078973, 137.392113744, 0.986855818269, -0.116808594882, 0.0324391471166, 79, 2019
Z, 0, 0.9999814602898326, 248.528231626, 245.393485928, 1.01023274459, -0.0119356536585, 0.00457526185388, 82, 2019
N, -100, 0.8313491644446867, 20.5756316574, 24.2007087947, 0.811213585854, 0.542968843361, 0.0967530178346, 82, 2019
E, 100, 0.9950467894326915, 119.567158505, 127.268306088, 0.943656127166, 2.5508723798, 3.0699453512, 82, 2019
Z, 0, 0.9998597763704171, 156.223999754, 153.851968176, 1.01739768057, -0.0286008917741, 0.0155580129409, 85, 2019
N, -100, 0.8600174911337773, 21.5495901356, 18.1660763193, 1.16236920094, 0.496821201889, 0.196060200384, 85, 2019
E, 100, 0.9847515649634822, 56.8444881716, 68.2670969966, 0.826989308992, -0.109261491166, 0.0453946568711, 85, 2019
Z, 100, 0.9998822103190907, 60.0290259269, 59.0851086679, 1.00625265353, -0.0139628897608, 0.00708150661804, 88, 2019
N, -100, 0.9312822997080832, 13.3178313857, 6.52860750651, 1.82491208059, 0.488300442401, 0.358254040865, 88, 2019
E, 100, 0.9504279951469081, 43.4741695861, 36.9192504033, 1.14935274065, -0.0974462451559, 2.34182320497, 88, 2019
Z, 35, 0.9999824295513493, 146.900569928, 144.252415215, 1.019185578, -0.0170531168937, 0.00656616736942, 91, 2019
N, 96, 0.9915097605716355, 13.2042417673, 16.3673324802, 0.801149372517, 2.08248550318, 2.69663321722, 91, 2019
E, 100, 0.9938806192947013, 84.8971669939, 82.6133494119, 1.0413782037, -0.174575927546, 0.0966349295545, 91, 2019
Z, 0, 0.999997361652124, 209.094646776, 205.469200955, 1.01567452825, -0.00331890846004, 0.00296224782117, 94, 2019
N, -100, 0.9829593069320592, 19.6449295904, 24.3335833956, 0.784050299758, 0.0478570885685, 0.0813352244976, 94, 2019
E, 100, 0.9975815881429313, 109.458810017, 112.587874012, 0.977216490246, -0.0973654281641, 0.0226812727731, 94, 2019
Z, 0, 0.9999797465788718, 215.160357295, 212.356197254, 1.01022298344, -0.0120224329421, 0.0054317369396, 97, 2019
N, -100, 0.9120578090509148, 21.5258640403, 24.5072000686, 0.863409228717, 0.292851836869, 0.0722636051746, 97, 2019
E, 100, 0.9982428696909192, 103.799872365, 112.057736746, 0.93240949166, 0.203631191665, 1.34160293, 97, 2019
Z, 0, 0.9999693624569648, 157.918771192, 156.206963373, 1.0112418817, -0.0129558191444, 0.00928391088838, 100, 2019
N, -100, 0.8185143552597004, 18.0763187189, 16.7265329582, 1.070267354, 0.494347784645, 0.231436247197, 100, 2019
E, 100, 0.995973110197223, 65.3717945192, 76.0123248899, 0.856984044041, -0.0676936426029, 0.0378651141549, 100, 2019
Z, 100, 0.999911876995657, 73.9002294586, 72.5040069133, 1.00884403537, -0.00822409101552, 0.0071514742565, 103, 2019
N, 100, 0.8848821853776883, 13.1407214391, 6.40033126387, 1.92899187725, 0.348881485007, 0.854398855362, 103, 2019
E, 100, 0.94483248336077, 49.8634718194, 45.3648063789, 0.992802967658, -0.20213955886, 0.261550788845, 103, 2019
Z, 100, 0.9929022071564406, 170.207595674, 183.105189221, 0.915417831431, -0.0286329116744, 0.127925650411, 106, 2019
N, -100, -0.2330279583381617, 630.61930767, 16.8832454049, 36.0740286457, 0.32600855677, 1.74556352928, 106, 2019
E, 100, 0.8264069441122759, 724.95731202, 108.899029583, 5.97821002493, -0.300741693024, 2.67625750834, 106, 2019
Z, 100, 0.9638055196040108, 239.79290791, 245.196618428, 0.960418102495, -0.171757504989, 0.135390075272, 109, 2019
N, -100, 0.2324847158444094, 2024.92826648, 22.9554582357, 72.5743308953, -1.36667225625, 1.63456331955, 109, 2019
E, -100, -0.7010577985727374, 1858.47729941, 134.325879034, 11.4809656602, -0.341975528241, 1.60633460456, 109, 2019
Z, 0, 0.9999815933059281, 215.030439693, 212.195433567, 1.01132075014, -0.0103982358627, 0.00438798465987, 112, 2019
N, -100, 0.8845456854163785, 21.2864329312, 21.8591561565, 0.886817409413, 0.364840540857, 0.140393630948, 112, 2019
E, 100, 0.9946712448840522, 94.8731233077, 104.307788108, 0.906008259998, 1.93273260737, 2.90834504167, 112, 2019
Z, 0, 0.9999468034108998, 116.053836501, 114.854705855, 1.01021165834, -0.00921943641013, 0.00685456623656, 115, 2019
N, -100, 0.9176344015689414, 17.40258865, 13.7607093506, 1.24226370508, 0.327259855414, 0.177179057016, 115, 2019
E, 100, 0.9657104756398615, 35.7380993813, 45.9060161952, 0.775091215928, -0.109993747003, 0.0619948508899, 115, 2019
Z, 99, 0.9998044314235615, 78.3804936449, 76.9296716439, 1.0046481903, -0.0276044009378, 0.0225343566343, 118, 2019
N, 100, 0.8455441706703438, 7.19652390077, 7.38473031255, 1.22202683595, -0.0245527934366, 1.68039514688, 118, 2019
E, 100, 0.9822660493921606, 51.3986762185, 45.888223742, 1.14469355468, 0.899134082796, 2.80161308028, 118, 2019
Z, 16, 0.9999890144108047, 160.551300389, 157.649780016, 1.02156691103, -0.0123914588145, 0.00604134375085, 121, 2019
N, -100, 0.9956908244741377, 14.5430129976, 18.1352056204, 0.761266236377, 1.04674798803, 2.41550652661, 121, 2019
E, 100, 0.9956668687754464, 89.3128289647, 89.1361810776, 1.01431509192, -0.121553147075, 0.0601456518116, 121, 2019
Z, -13, 0.9999943198546085, 211.733567481, 208.127256038, 1.01942221555, 0.000483956944288, 0.0034566439287, 124, 2019
N, -100, 0.9714107768109744, 19.49533754, 23.4326920401, 0.797295237409, 0.108490657557, 0.0740431748847, 124, 2019
E, 100, 0.9967310835668566, 108.704064095, 113.343395772, 0.963691199183, -0.101895538283, 0.0276212088777, 124, 2019
Z, 0, 0.9999954094971536, 201.178638166, 198.703214119, 1.01020432953, -0.00210638191009, 0.00237563171709, 127, 2019
N, -100, 0.8731006673589522, 19.0943925092, 20.9831804373, 0.862204408419, 0.283917504416, 0.147466147429, 127, 2019
E, 100, 0.9970108019909176, 93.1710443834, 101.944478762, 0.917734161725, 0.181476000428, 1.34223278752, 127, 2019
Z, 0, 0.9999871027617154, 130.935189268, 129.507460961, 1.01126185971, -0.00377277267917, 0.00410344994416, 130, 2019
N, -100, 0.7224986088485384, 15.4029022675, 11.8028033003, 1.24795402352, 0.515391989704, 0.354866120033, 130, 2019
E, 100, 0.9787248754305091, 47.9970080866, 57.5870496124, 0.842754345906, -0.0863826391799, 0.0567599973678, 130, 2019
Z, 100, 0.9999267999077099, 112.522731145, 110.714325583, 1.00593508067, -0.0277226802085, 0.0189984350405, 133, 2019
N, 100, 0.5208722802018252, 10.5362057305, 7.78405157747, 1.62979597177, 0.0253938428238, 2.20589461785, 133, 2019
E, 100, 0.9776191730296466, 70.8810864687, 67.3715653005, 1.04223313321, -0.453833145926, 0.218296832248, 133, 2019
Z, 28, 0.999959000085013, 199.838520755, 196.051298707, 1.02394309149, -0.0225729941624, 0.0133275499278, 136, 2019
N, 100, 0.9606556439871743, 11.0198145225, 16.6297422667, 0.620682771263, 2.55345154226, 2.65320304857, 136, 2019
E, 100, 0.9910039234499434, 111.804015209, 111.269818971, 1.00609244052, -0.162839476795, 0.0701052572689, 136, 2019
Z, -8, 0.9999936298068859, 223.79490205, 219.731482682, 1.02132512276, 0.00123583058823, 0.00375591265421, 139, 2019
N, -100, 0.894381641957473, 17.3878981219, 20.2866445764, 0.743557183234, -0.0594482199125, 0.350833894071, 139, 2019
E, 100, 0.9944100478910985, 110.423239849, 114.621657043, 0.964862682787, -0.137168806761, 0.0223880595178, 139, 2019
Z, 0, 0.9999915512639895, 175.634971709, 173.374349399, 1.01238839382, -0.00272093378919, 0.00270619345838, 142, 2019
N, -100, 0.855480384013952, 19.6069880257, 17.8355711779, 1.01759630282, 0.370057452377, 0.163558405396, 142, 2019
E, 100, 0.9949512226350148, 72.1726042034, 80.7280602923, 0.89527072819, -0.136052279578, 0.0554340959096, 142, 2019
Z, 0, 0.9999680986666964, 93.066125093, 92.8679258752, 1.00263884357, 0.00835321716604, 0.00549803533231, 145, 2019
N, -100, 0.7952333108027297, 14.0202778415, 9.44748737654, 1.46563686393, 0.141083482822, 1.30916008263, 145, 2019
E, 100, 0.9430282462726212, 26.0589109609, 34.2299233632, 0.79220851877, 0.160635591975, 1.27745373783, 145, 2019
Z, 100, 0.9997938728378386, 92.197180643, 90.2811362329, 1.00948694388, -0.0441614103574, 0.024585496426, 148, 2019
N, 100, 0.6557933751157534, 6.48554495617, 8.45449529466, 0.910721626058, 0.229052147916, 2.74215934004, 148, 2019
E, 100, 0.9786601764071404, 53.6395418582, 50.7039780222, 1.06991796754, 1.06911101811, 2.76757924026, 148, 2019
Z, 38, 0.999953760009829, 165.094471261, 161.667884379, 1.02671712842, -0.0244225057878, 0.0131729864842, 151, 2019
N, -100, 0.991783300503803, 13.4565867057, 17.1868756743, 0.735032667559, 2.7746699092, 2.95309920253, 151, 2019
E, 100, 0.9922120857526724, 89.3394059831, 90.1390934518, 0.998039625305, -0.153499692981, 0.0653340460353, 151, 2019
Z, 7, 0.9999959649697466, 206.151467902, 202.071195108, 1.02242471932, -0.00297633777474, 0.00371982762447, 154, 2019
N, -100, 0.9569121010588314, 15.9229973364, 20.1016031152, 0.752965747846, 0.136636280585, 0.0945392245339, 154, 2019
E, 100, 0.9953196424946692, 102.93510853, 108.193894766, 0.956512914501, -0.118153722804, 0.0289595126765, 154, 2019
Z, 0, 0.9999933965061479, 186.203498353, 183.339242581, 1.01608275285, 0.00131014031452, 0.00218276204677, 157, 2019
N, -100, 0.8180202495941933, 14.5921189199, 16.6546205635, 0.825906272071, 0.179492467126, 0.244038419037, 157, 2019
E, 100, 0.9943259384588031, 81.916128971, 90.3363837022, 0.913361911037, 2.56205789664, 3.06317376925, 157, 2019
Z, 0, 0.9999841508138334, 118.125890216, 117.36149875, 1.00868815157, 0.00263137885007, 0.00531288161303, 160, 2019
N, -100, 0.5381121734073383, 10.8790057076, 8.22108307186, 1.27155338332, 0.270235298702, 1.28355060066, 160, 2019
E, 100, 0.9599616183123926, 40.980518046, 49.3298822267, 0.880281221562, -0.159112132187, 0.0927021532227, 160, 2019
Z, 100, 0.9998443456532966, 130.772576053, 128.492300327, 1.00898354397, -0.0360538756172, 0.0229946368624, 163, 2019
N, 100, 0.23693468074240742, 4.9133456237, 7.20257221306, 0.824656853285, 0.0752181308064, 3.16272848833, 163, 2019
E, 100, 0.9800136824755266, 75.6408915248, 73.2339078338, 1.03791215418, 1.18307022516, 2.7408334813, 163, 2019
Z, 26, 0.9999528345410146, 186.889559421, 183.062715258, 1.02731330787, -0.0214770208578, 0.0142220905282, 166, 2019
N, -100, 0.9513359743757279, 10.9704572062, 14.5142294258, 0.669857094934, 2.06926272258, 2.48527906692, 166, 2019
E, 100, 0.990121817027004, 98.1213940543, 98.791014873, 0.994119735345, -0.163457394478, 0.0766465564304, 166, 2019
Z, -26, 0.9999910021079553, 195.375189979, 191.893402346, 1.02013843872, 0.00550539333611, 0.00296238358855, 169, 2019
N, -100, 0.903910578050129, 15.3916348835, 17.808050184, 0.783845551526, 0.240661558867, 0.145987280183, 169, 2019
E, 100, 0.9942754131308318, 91.306784002, 96.2582859658, 0.949345261212, -0.136571559074, 0.0209960331384, 169, 2019
Z, 0, 0.9999751680278831, 155.234610857, 153.273347861, 1.01295620425, 0.00453968028725, 0.00287812858459, 172, 2019
N, -100, 0.8494477269023679, 14.8296810763, 15.6064723402, 0.905264489495, 0.297336743809, 0.186007604213, 172, 2019
E, 100, 0.9944186583049923, 62.0394179546, 70.2684176021, 0.881676745918, -0.136198826871, 0.0477046591256, 172, 2019
Z, 0, 0.9999664932615725, 92.5727008108, 92.9728499879, 0.994901458429, 0.014259701072, 0.00770777348848, 175, 2019
N, -100, 0.6431523955886168, 10.5794948173, 8.37182914914, 1.25413746432, 0.0727998322926, 1.21477850077, 175, 2019
E, 100, 0.9591054220110289, 28.016573648, 36.1206324627, 0.806722668079, -0.13324774209, 0.103264747885, 175, 2019
Z, 100, 0.9998386158464501, 96.0071862535, 94.5868664128, 1.00551782302, -0.0388608802282, 0.0203718547082, 178, 2019
N, 100, 0.6255195170303407, 5.32961823867, 7.79842697389, 0.779066732304, 0.43774101972, 2.89145077798, 178, 2019
E, 100, 0.9741722230936593, 52.4508015874, 51.5514553348, 1.01666651482, 0.763723848456, 2.56578461838, 178, 2019
Z, 50, 0.9999411667189119, 166.448956174, 162.51593047, 1.02875747411, -0.0286534207492, 0.0156294425579, 181, 2019
N, -80, 0.9891820427305285, 10.4078177421, 14.9833594878, 0.653165317163, -0.407750214101, 0.3418096793, 181, 2019
E, 100, 0.9917374283388235, 87.804834975, 89.8442390131, 0.980741897412, -0.143390495703, 0.0559849997479, 181, 2019
Z, -12, 0.9999910123182967, 206.955489709, 202.613920439, 1.02474900469, 0.00241429072733, 0.00496328470096, 184, 2019
N, -100, 0.9226586023369296, 12.5925034349, 17.7089881213, 0.672273573141, -0.0715718606797, 0.221691639254, 184, 2019
E, 100, 0.9946993431584796, 102.103517718, 107.534229302, 0.952177847915, -0.118410773377, 0.0163911227648, 184, 2019
Z, 0, 0.9999792525353238, 186.179949885, 183.496804323, 1.01474220557, 0.00307182033602, 0.0025331172312, 187, 2019
N, -100, 0.6817839581064378, 12.3661197029, 15.2716065047, 0.753460202641, -0.0280184907354, 1.25323757557, 187, 2019
E, 100, 0.9907557087661313, 81.2032134271, 89.6457276062, 0.911232360024, -0.132002023009, 0.0531019402653, 187, 2019
Z, 0, 0.9999579202993402, 121.104609386, 121.341422052, 1.00135121369, 0.00820212402214, 0.0144739893755, 190, 2019
N, -100, 0.4959313329406031, 11.2056738802, 8.69454244264, 1.24240208698, 0.441061002033, 1.30147292915, 190, 2019
E, 100, 0.9505805923800004, 44.4361745496, 51.7055337742, 0.895610559761, -0.229465759994, 0.147662329752, 190, 2019
Z, 100, 0.9998056607572456, 123.704130571, 121.527260422, 1.011464726, -0.0373858959886, 0.0323804006024, 193, 2019
N, -100, -0.009611055069829568, 6.10485418378, 6.19196669775, 1.20994168664, -0.315114522278, 3.03004182305, 193, 2019
E, 100, 0.978995906843141, 69.3442376007, 66.4653294919, 1.05502590889, 0.0402367609085, 1.34646140483, 193, 2019
Z, 19, 0.9999647829647672, 175.44084564, 171.567258506, 1.0287989619, -0.0177529737926, 0.0141147101057, 196, 2019
N, -100, 0.9138335802774069, 8.87441097222, 14.4483612698, 0.561454631204, -1.04189824065, 1.07856010608, 196, 2019
E, 100, 0.9920145026528356, 89.6689551087, 90.517777448, 0.993831087081, 0.147200745533, 1.3585590725, 196, 2019
Z, -16, 0.999989080982497, 187.804278927, 184.538102626, 1.01736848564, 0.00152039350131, 0.00172326281642, 199, 2019
N, -100, 0.9101953271917241, 15.2807160056, 18.6971917865, 0.735381808068, 0.0791411977483, 0.210293206154, 199, 2019
E, 100, 0.9960743261636485, 87.6725603573, 92.6639124244, 0.948312179384, -0.127758001192, 0.0311909449477, 199, 2019
Z, 0, 0.9999693428548646, 156.844780959, 154.797350818, 1.01330551742, -0.0026924670109, 0.00619303995128, 202, 2019
N, -100, 0.8249096876256112, 15.4286686503, 16.7792566008, 0.888430876535, -0.00982838043438, 1.27770791946, 202, 2019
E, 100, 0.9959353920745347, 65.0231345873, 73.6705157099, 0.886309584896, -0.105425054915, 0.0377502548598, 202, 2019
Z, 0, 0.9999745823357652, 98.8271474924, 99.0895657129, 0.997191463153, 0.00869354896748, 0.0069603839907, 205, 2019
N, -100, 0.6559424313437022, 10.4841621735, 9.46027452492, 1.13444675834, 0.242677933312, 1.26619666029, 205, 2019
E, 100, 0.9716353848619882, 32.6640301346, 42.3158079429, 0.783826002464, -0.140800251861, 0.0785148354052, 205, 2019
Z, 100, 0.9998282059425597, 96.0193539476, 94.5815922238, 1.00406259187, -0.0348827455187, 0.0252466739124, 208, 2019
N, 100, 0.48421545951940054, 4.8534841619, 7.28040468201, 1.05798599188, -0.33213430308, 2.73706779152, 208, 2019
E, 100, 0.9705708159549581, 53.8906108733, 52.9821462626, 1.00414518245, 1.04860603263, 2.78507580701, 208, 2019
Z, 31, 0.9999784911853868, 182.010215862, 177.752370312, 1.02434208657, -0.017178654277, 0.00794250898681, 211, 2019
N, 100, 0.9741188055361284, 8.68868722031, 15.4974920025, 0.560183396941, -0.620629732005, 0.342116504742, 211, 2019
E, 100, 0.9925400731190478, 98.4145032572, 99.6643683613, 0.989112512251, -0.149062582431, 0.070241325419, 211, 2019
Z, -12, 0.9999933246238123, 227.40367393, 222.607963752, 1.02274912775, 0.00212316642116, 0.00303682333575, 214, 2019
N, -100, 0.8875087828581478, 11.1910865312, 19.4128499767, 0.56367579565, -0.16965715682, 0.415138170199, 214, 2019
E, 100, 0.9949148168477729, 113.219434822, 119.268626561, 0.952496586775, -0.118979730507, 0.0248724997755, 214, 2019
Z, 0, 0.9999775417305918, 194.54688158, 191.790483635, 1.01441185654, -0.00333359299273, 0.00581277928766, 217, 2019
N, -100, 0.7078476353421999, 16.4624734761, 17.3456352108, 0.853642876868, 0.309868148234, 1.33919307449, 217, 2019
E, 100, 0.9869416686086928, 83.890348472, 93.7447995806, 0.898588717985, -0.13486291738, 0.0368919647095, 217, 2019
Z, 38, 0.9999385170417351, 106.975694592, 106.935078763, 1.0036041795, 0.00306597094046, 0.00952350979196, 220, 2019
N, -100, 0.8062344222217199, 15.7238858121, 9.96205693255, 1.57091725517, 0.341920676583, 1.37643873714, 220, 2019
E, 100, 0.918167664472308, 35.0582824025, 41.3290706132, 0.905970946218, -0.307845878371, 0.153736286105, 220, 2019
Z, 99, 0.9998537362435175, 124.147899197, 120.97468647, 1.02156036557, -0.0357266376836, 0.0236240851015, 223, 2019
N, 100, 0.7067444877692834, 7.45145554406, 8.57519453243, 1.2084359331, -0.739486467194, 1.12862026782, 223, 2019
E, 100, 0.9847557800852483, 71.6072910781, 67.6686715853, 1.07628773224, -0.20734549281, 0.0632431389205, 223, 2019
Z, -3, 0.9999873839044622, 183.830520438, 179.458002973, 1.02852841177, -0.00626052037113, 0.00761375527467, 226, 2019
N, -100, 0.9737417717327573, 13.8046766104, 18.0859109496, 0.716419367359, -0.314064202505, 0.310966873255, 226, 2019
E, 100, 0.9951589275793116, 94.526368651, 95.698579391, 0.992797582105, -0.122066869504, 0.0328495914184, 226, 2019
Z, 0, 0.9999876896757851, 198.244351695, 194.22975496, 1.0182653358, -0.00538016259912, 0.00416755706061, 229, 2019
N, -100, 0.9390569562919199, 18.7833383988, 22.1814946802, 0.810415429005, 0.151488539075, 0.120551773846, 229, 2019
E, 100, 0.9973297034912928, 94.0219343266, 99.9126555267, 0.948358533495, 0.186155350427, 1.34051629217, 229, 2019
Z, 0, 0.9999391059924675, 164.160436428, 161.688853749, 1.01530874183, -0.0144080947479, 0.0128174432759, 232, 2019
N, -100, 0.8821025035283202, 17.0867939852, 18.7450662034, 0.913851422715, 0.0414109043981, 1.30772578575, 232, 2019
E, 100, 0.9970733129323305, 70.3850708646, 80.1002064052, 0.87909685895, -0.0911808752893, 0.0389152811417, 232, 2019
Z, 0, 0.9999572784320986, 94.0419239773, 94.5734855085, 0.996633639459, -0.00196978585961, 0.00698532261014, 235, 2019
N, -100, 0.761509783666013, 11.4084474432, 9.36965438514, 1.21852184983, 0.143116118747, 1.29572781712, 235, 2019
E, 100, 0.9566013991594626, 30.3117088787, 41.7532118712, 0.740180392221, -0.159544915835, 0.0829631203159, 235, 2019
Z, 96, 0.9998875402426842, 115.999457963, 112.729007985, 1.02181803524, -0.0164736900849, 0.0115362157063, 238, 2019
N, 100, 0.8318695389817726, 8.81846292208, 10.5940122681, 1.08748576916, -0.479719145992, 0.304353850106, 238, 2019
E, 100, 0.9832590434376594, 70.4410856407, 67.661818089, 1.04849407402, -0.360236000253, 0.167925323187, 238, 2019
Z, -4, 0.999991183286841, 220.268907016, 215.050701681, 1.02676197555, -0.00646311139469, 0.00759709174287, 241, 2019
N, 38, 0.9769310462874924, 12.0714835015, 19.6584040013, 0.648945925895, -0.266726106993, 0.144121191261, 241, 2019
E, 100, 0.9953619541119626, 120.478285447, 122.355869598, 0.98843017403, -0.106762961831, 0.0452804702176, 241, 2019
Z, -13, 0.9999835305453153, 250.340848706, 245.686143604, 1.01837723174, 0.00276299374936, 0.00303829898671, 244, 2019
N, -100, 0.8457494122131528, 17.3511365565, 22.807422332, 0.697963982013, 0.227923188967, 0.259823526712, 244, 2019
E, 100, 0.9944032905421728, 122.953074291, 130.567335216, 0.945339051339, 0.162893655962, 1.34089957292, 244, 2019
Z, 0, 0.9999313348290876, 180.599278136, 178.318315093, 1.01369236144, -0.0207565998011, 0.0135187608632, 247, 2019
N, -100, 0.8529040795477602, 22.5049318062, 18.6380367833, 1.15023582585, 0.409387325116, 0.220425038871, 247, 2019
E, 100, 0.9724521655794434, 71.623049675, 83.7091810634, 0.855274464174, -0.156082425977, 0.0595041426187, 247, 2019
Z, 74, 0.9996602542045319, 73.1746456815, 72.7628363349, 1.01625660931, 0.0130261708337, 0.0144302705074, 250, 2019
N, -100, 0.9325878100633483, 17.7534884549, 9.50734777431, 1.81767996956, 0.373375253751, 0.225835791061, 250, 2019
E, 100, 0.9084084548064937, 43.2036306175, 35.0184920214, 1.13583438201, -0.677991860191, 0.415101759568, 250, 2019
Z, 64, 0.99993893263528, 142.917682807, 139.185463175, 1.02769533493, -0.0285275561291, 0.013232016108, 253, 2019
N, 100, 0.963264218196968, 10.4919139096, 13.5560244226, 0.878382935845, -0.379902037509, 0.313231067011, 253, 2019
E, 100, 0.9925909056894177, 82.3450629622, 79.3927565175, 1.05302739495, -0.155499069403, 0.0779266598443, 253, 2019
Z, -8, 0.9999963440993418, 201.630239375, 196.953202618, 1.02378794494, -0.00619570256152, 0.00504395102663, 256, 2019
N, -100, 0.9754848559025184, 18.3828897489, 22.7680976419, 0.779498651957, -0.0169914944392, 0.138528765928, 256, 2019
E, 100, 0.9970127940512687, 102.82068422, 106.322316967, 0.968914158109, -0.099155264989, 0.0321294327171, 256, 2019
Z, 0, 0.9999637285320845, 209.824083452, 204.210400504, 1.02308528824, -0.0080760723747, 0.00646891275896, 259, 2019
N, -100, 0.9013453012390668, 21.7406412993, 24.8012035315, 0.855602392568, 0.252611918217, 0.114106165145, 259, 2019
E, 100, 0.9964522879971476, 93.8690688994, 106.992564207, 0.890924964427, 0.193936403033, 1.33525705598, 259, 2019
Z, 0, 0.9998167281360872, 160.886065423, 157.979420431, 1.02120041055, -0.0205703935069, 0.0214245195428, 262, 2019
N, -100, 0.8460179745181049, 17.9852993336, 18.5311068814, 1.0341435261, 0.513113118482, 0.175304739504, 262, 2019
E, 100, 0.994860827359227, 66.4810740518, 78.8722148282, 0.826714514146, -0.100529875661, 0.036037456786, 262, 2019
Z, -8, 0.9997982148188607, 78.1596342494, 75.6199997769, 1.02796167224, -0.0128459757468, 0.0103632178806, 265, 2019
N, -100, 0.8865287626868353, 15.2839402099, 7.57385157415, 1.89802924367, 0.527582129056, 0.384472427079, 265, 2019
E, 100, 0.8221252071043282, 36.0138759828, 30.9381754172, 0.910175427056, -0.446175755245, 1.05032030324, 265, 2019
Z, 49, 0.9998725616347326, 158.608642597, 155.689394932, 1.01479934649, 0.0126947652782, 0.0255970599794, 268, 2019
N, 100, 0.922961042648343, 14.5818325227, 15.5894169773, 1.04001848841, -0.430724749193, 0.231002276595, 268, 2019
E, 100, 0.9914035177790773, 99.9962426846, 94.9184149792, 1.08306738684, -0.200537196684, 1.87835994245, 268, 2019
Z, -27, 0.9999585591769292, 257.007181725, 249.359789573, 1.02989126326, -0.00505173756435, 0.0120860449872, 271, 2019
N, -100, 0.951344396501835, 13.2353522413, 23.2804744069, 0.603034292767, -0.0386718809641, 0.16524585703, 271, 2019
E, 100, 0.9932969092448626, 134.870475139, 140.293580138, 0.963517685373, -0.104949730428, 0.038249076529, 271, 2019
Z, 14, 0.9999247736521099, 241.600450649, 241.555573108, 1.0011519012, -0.00197086462861, 0.00597023144428, 274, 2019
N, -100, 0.9236787049474404, 20.3263351739, 23.6601314725, 0.772954057214, 0.338163614337, 0.240321969852, 274, 2019
E, 100, 0.9958001800470896, 122.204027568, 123.507101238, 0.989716869738, 2.19649427687, 3.00452948756, 274, 2019
Z, 5, 0.9981248823807615, 144.633741823, 139.598339426, 1.03296028511, -0.0728523386432, 0.0349152521316, 277, 2019
N, -100, 0.8924658904914421, 27.3678908464, 16.9992073335, 1.4899700088, 0.170559644357, 0.139349752819, 277, 2019
E, 100, 0.8956203260446473, 44.8830885457, 60.1441460157, 0.769241739432, -0.258794627556, 1.19122146912, 277, 2019
Z, 100, 0.9951294435366475, 76.1964855537, 75.6844683682, 0.965094154981, 0.119285724554, 0.0887655640658, 280, 2019
N, -100, 0.8801885887438464, 14.5630021168, 7.35107096295, 1.78322928682, 0.64666994227, 0.314669944409, 280, 2019
E, -100, 0.9629476929496699, 49.9921947058, 47.984477337, 1.22282899317, -0.00500250510635, 1.4065079382, 280, 2019
Z, 64, 0.9997567660939797, 161.591064164, 159.447758117, 1.01319726785, 0.254897008967, 1.34509978582, 283, 2019
N, 100, 0.9811980003151961, 14.7352103511, 17.8979305379, 0.923217559294, 0.0951364206467, 0.181854118162, 283, 2019
E, 100, 0.9970635748657128, 95.1726614108, 90.5569287867, 1.0440032054, -0.0568013297806, 0.0344020120907, 283, 2019
Z, 13, 0.9999560521761842, 204.994104979, 208.553639671, 0.986201885968, 0.00817846988171, 0.0105950537323, 286, 2019
N, 100, 0.9882409413415869, 22.1158745348, 25.2389115737, 0.84959624236, -0.131309717409, 0.0720169159797, 286, 2019
E, 100, 0.9985156124312329, 118.09131423, 113.01019505, 1.04947946372, -0.370038457243, 1.29016556661, 286, 2019
Z, 67, 0.9998879431658682, 202.617190572, 202.282457468, 0.9927006719, -0.0320920745178, 0.0126260725912, 289, 2019
N, -100, 0.966030102596525, 21.5323673782, 24.1426784331, 0.906598940429, 0.141876365659, 0.071201931036, 289, 2019
E, 100, 0.9996785087769456, 100.33913303, 105.457294115, 0.958557931972, -0.291422834703, 1.31685176504, 289, 2019
Z, 0, 0.999317454393105, 139.144481368, 139.150424631, 0.994771758889, -0.0564825979856, 0.0333334408224, 292, 2019
N, -100, 0.7951627584878337, 17.3103877604, 15.3052622378, 1.1764382561, 0.381544753072, 0.128394702569, 292, 2019
E, 100, 0.9943381467202043, 59.6806157228, 66.7901127902, 0.900394657533, 0.0413862098374, 0.0493386003838, 292, 2019
Z, 87, 0.9997550646644261, 80.7081358505, 80.9971836099, 0.99284061117, 0.316854561474, 1.32941592337, 295, 2019
N, 100, 0.8892884961787348, 12.0044902072, 7.98797267974, 1.54317588731, 0.216394885651, 0.613061201824, 295, 2019
E, 100, 0.9854095892040052, 61.5196141208, 52.1507145739, 1.16211848298, -0.00143668260599, 1.40165826234, 295, 2019
Z, 41, 0.9998996396701527, 197.714028808, 195.826253719, 0.999404290687, -0.00861308818404, 0.0100127245768, 298, 2019
N, 100, 0.9044015482486972, 15.4762566903, 18.2956042777, 0.932969829624, -0.400750209049, 0.25803621986, 298, 2019
E, 100, 0.9966532267252584, 120.672567431, 115.899797368, 1.07635358688, -0.047869429038, 0.0388763102873, 298, 2019
Z, -20, 0.9999971566128715, 253.898529509, 250.98615344, 1.01196644414, 0.00722635723674, 0.00455836594726, 301, 2019
N, -100, 0.9416739274113183, 15.4417576743, 23.1371182499, 0.619259161171, 0.157437118884, 0.136271357101, 301, 2019
E, 100, 0.9954044232289081, 137.719875842, 136.880273628, 1.00664374622, 0.155746262466, 1.36166630409, 301, 2019
Z, 0, 0.9998181529271041, 208.90904652, 207.156174415, 1.00371416579, -0.0268206646143, 0.0118174933306, 304, 2019
N, -100, 0.8287522437770681, 21.0322903943, 20.9187653812, 0.934393232272, 0.483182067202, 0.106919045035, 304, 2019
E, 100, 0.9895957186952354, 94.796356038, 99.7785740984, 0.95312709236, 2.27091152907, 3.01581853722, 304, 2019
Z, 56, 0.999611124929522, 101.837267205, 101.9993957, 1.00871554916, -0.0191096904644, 0.0180614640231, 307, 2019
N, -100, 0.9396290286731679, 14.3557201521, 12.9995474966, 1.17343599299, 0.438024560586, 0.14201474404, 307, 2019
E, 100, 0.9578563366982163, 36.0244047031, 39.0123589988, 0.917465330864, -0.205756414204, 0.0595607616996, 307, 2019
Z, -54, 0.9999402510512216, 95.0437347242, 92.0624841894, 1.03668877303, 0.0227588076813, 0.0150029910958, 310, 2019
N, 100, 0.7525253476687209, 8.29773133722, 8.83567916803, 1.09472319211, -0.408592827276, 0.993316553414, 310, 2019
E, 100, 0.9701615851243635, 60.7905919241, 55.4851806222, 1.12729618186, -0.118621385091, 1.33011189002, 310, 2019
Z, -23, 0.9999417913891414, 170.25680985, 167.704409332, 1.01406671877, 0.0214817783464, 0.00883235579674, 313, 2019
N, 100, 0.9869597609967958, 16.0382647579, 19.4682343512, 0.800537969877, -0.291718968041, 0.198874794167, 313, 2019
E, 100, 0.9874829023001087, 98.3646671553, 93.9660141776, 1.07341038911, -0.231165624486, 0.123858647832, 313, 2019
Z, 43, 0.9999630577614949, 210.344388578, 206.532006486, 1.01202033736, -0.0116965808847, 0.00860144774836, 316, 2019
N, -100, 0.9665425601675043, 22.6622419871, 24.0075824485, 0.946232975339, 0.162390822156, 0.0719005328081, 316, 2019
E, 100, 0.9974951028232518, 109.286275013, 111.205834939, 0.991960248992, -0.0892723104874, 0.0394254834644, 316, 2019
Z, 0, 0.9998171954029871, 192.370106112, 188.578703486, 1.01175414224, -0.0268367279973, 0.0136789497577, 319, 2019
N, -100, 0.8437989158344485, 19.3163878349, 20.380894024, 0.934886106788, 0.421057302858, 0.0766365588835, 319, 2019
E, 100, 0.9942872627190531, 84.6227775007, 95.4354163938, 0.89727147941, 0.180845253269, 1.3380864467, 319, 2019
Z, 6, 0.9998176332038411, 119.525610895, 117.883458644, 1.01717200923, -0.0297496806417, 0.0184724596427, 322, 2019
N, -100, 0.772997507907835, 14.7491610053, 10.7049920132, 1.42904828068, 0.600283932456, 0.130950080227, 322, 2019
E, 100, 0.9773933141360835, 42.5085441319, 52.4233042881, 0.804055454718, -0.104607673638, 0.0530847691666, 322, 2019
Z, 85, 0.9998867535636181, 119.488679513, 116.896296018, 1.03703237748, 0.00389312780405, 0.0235211046255, 325, 2019
N, 100, 0.7569408472059721, 8.69463707219, 8.86268771522, 1.29987600111, -0.299477782717, 0.657826430573, 325, 2019
E, 100, 0.9702802652411073, 75.0934179109, 71.6716349524, 1.00983996666, -0.0423721893649, 1.95327345068, 325, 2019
Z, 85, 0.9999623338883837, 207.676608801, 203.904607968, 1.01918026285, -0.0144146622399, 0.0030261968142, 328, 2019
N, -100, 0.9435015274729859, 13.2426364778, 16.9912874417, 0.897586011334, -0.177242096156, 0.241451068549, 328, 2019
E, 100, 0.9953615939960601, 111.876340406, 115.581086642, 0.980056062937, -0.129728901773, 0.0682844432947, 328, 2019
Z, 28, 0.999968761601379, 228.028715269, 223.657954967, 1.01466666852, -0.0148104213474, 0.0087346953724, 331, 2019
N, -100, 0.8324656275441256, 17.4254032858, 19.9683307249, 0.849269782695, -2.85823533568, 2.9153281476, 331, 2019
E, 100, 0.9928664927775589, 110.589703362, 116.193548045, 0.949539000056, 0.158510871454, 1.34736695816, 331, 2019
Z, 0, 0.9998302950061393, 173.979681843, 171.564627684, 1.00905386008, -0.0368872678002, 0.0169604560314, 334, 2019
N, -100, 0.8656740562917762, 15.748564307, 17.0490463744, 0.952624319257, 0.425080487528, 0.078405022727, 334, 2019
E, 100, 0.9899298254376211, 71.1734826702, 78.5743100957, 0.908980261734, -0.179619461762, 0.0684514128105, 334, 2019
Z, 85, 0.9995260401880762, 89.7716037864, 87.2105058999, 1.03249713198, -0.0481080523892, 0.0149035670962, 337, 2019
N, -100, 0.8296748358946112, 12.9819475938, 9.14664228211, 1.4676524979, 0.499769647567, 0.126103607856, 337, 2019
E, 100, 0.8907891679150146, 23.8990450504, 31.8039217819, 0.845939955928, -0.224847072621, 0.146907124045, 337, 2019
Z, 100, 0.9998432248300926, 97.0363515269, 95.3627618367, 1.01562514136, -0.00174481835793, 0.0139922536594, 340, 2019
N, 100, 0.9150066679622183, 7.12041342781, 9.06880914257, 0.95073653703, -0.50751644205, 0.426457488405, 340, 2019
E, 100, 0.9846132788313566, 57.4819816728, 54.2814614071, 1.09456147899, 1.11517256299, 2.74360783559, 340, 2019
Z, 29, 0.999982221721961, 167.154400579, 163.080810119, 1.02234118818, -0.00454376696618, 0.00376669926902, 343, 2019
N, -100, 0.9719772618690365, 12.4910887321, 17.775578837, 0.818470002023, 2.87361568535, 3.02280203445, 343, 2019
E, 100, 0.9928033337372087, 90.6216300255, 90.2564341587, 1.01608558432, -0.155058231761, 0.0736534944569, 343, 2019
Z, 0, 0.99998154997753, 203.042497749, 198.764730096, 1.01627627813, -0.00822898221843, 0.00723154111949, 346, 2019
N, -100, 0.9001078663412, 16.9273502492, 20.5227199008, 0.833623364757, 0.446372908025, 0.136359885082, 346, 2019
E, 100, 0.9961094507405845, 100.160332304, 105.634228974, 0.954126377499, -0.110131780703, 0.0305973960756, 346, 2019
Z, -6, 0.9997660980818399, 181.406814663, 179.880904596, 1.00418798167, -0.0259164620721, 0.0160217134741, 349, 2019
N, -100, 0.6402221843405954, 12.6429373767, 16.4165332609, 0.804454255066, 0.721732089027, 0.11999349612, 349, 2019
E, 100, 0.9923186066199707, 82.3623864153, 88.5190242817, 0.933395202485, 1.65874336212, 2.80247790618, 349, 2019
Z, 0, 0.9998563526430522, 118.264828305, 116.391085256, 1.02397174629, -0.0082939608793, 0.014681929192, 352, 2019
N, -100, 0.36137006299755264, 13.5041190487, 7.94049754539, 1.76004243372, 0.707304749314, 1.2932616921, 352, 2019
E, 100, 0.9633935778983795, 41.7586507337, 50.7333467485, 0.853805421863, -0.173882092452, 0.0782847102672, 352, 2019
Z, 100, 0.9998389722180733, 131.249384581, 126.765943136, 1.03191443906, 0.00254364205293, 0.018153805809, 355, 2019
N, -100, 0.7395788721911615, 5.36359783507, 6.88261651809, 1.13482127889, -0.316705833615, 1.09160749934, 355, 2019
E, 100, 0.9789987114520396, 69.4719324846, 72.5590270565, 0.951812131868, 1.15982532362, 2.75306615317, 355, 2019
Z, 26, 0.9999884843980766, 191.291748335, 186.623039177, 1.02687241543, -0.00754072245598, 0.00189454192931, 358, 2019
N, -100, 0.9247731391971541, 10.3319370168, 14.3035487514, 0.749164953566, -0.428013581601, 2.089701227, 358, 2019
E, 100, 0.9919397649263554, 103.554373268, 101.36072831, 1.01342923163, -0.153773584277, 0.0725877004147, 358, 2019
Z, 4, 0.9999580361952721, 201.982804883, 199.002906056, 1.01222099951, -0.0178242675367, 0.0107296403463, 361, 2019
N, -100, 0.838683737263244, 12.707836164, 17.9318446236, 0.68738843736, -1.79922465723, 2.9155838011, 361, 2019
E, 100, 0.991913486861891, 100.81803977, 100.339096401, 0.99231734872, 0.140581672811, 1.34485429564, 361, 2019
Z, 0, 0.9996518176262041, 164.306325959, 158.77197347, 1.02813592135, -0.0460365569934, 0.0271020957891, 364, 2019
N, -100, 0.5554562596130259, 19.9743247087, 15.9499436312, 1.30954667802, 0.909463843467, 0.123279375439, 364, 2019
E, 100, 0.9862513917141219, 65.8040508805, 73.3063341894, 0.909139920776, -0.165128264349, 0.0631160660484, 364, 2019
