Chan, Phase Shift, Correlation, ptp-data, ptp-synthetic, rat, phasem, phasestd, DOY, Year
Z, 100, 0.9999417334105272, 139.835935467, 140.612567076, 0.988175761434, -0.0277668970159, 0.018032839187, 1, 2019
N, -100, 0.999264557419881, 82.6758627647, 78.6905540127, 1.07180171535, -0.11543226203, 0.465938662522, 1, 2019
E, -100, 0.9982034741754562, 45.0188960546, 36.504666407, 1.20965466104, 0.0876764952928, 0.041067085382, 1, 2019
Z, 0, 0.9999578634998817, 201.076171001, 203.783566845, 0.986537928879, -0.0110328586381, 0.00857334593641, 4, 2019
N, -100, 0.9998173048150243, 100.605294066, 99.9762198596, 1.01281228082, 0.0248139207218, 0.00901527241568, 4, 2019
E, -100, 0.995501635922086, 85.5033682108, 73.5125672012, 1.1689043623, 0.0891688245866, 0.0344350730274, 4, 2019
Z, -46, 0.9999666941819423, 220.456073623, 224.660109081, 0.984194491609, -0.00937009815325, 0.010370671949, 7, 2019
N, -25, 0.9998969649142805, 114.898311799, 113.982959231, 1.01356198492, 0.0219344438021, 0.0126183007106, 7, 2019
E, -100, 0.9933997530824616, 106.555968421, 94.5252059481, 1.12318263564, -0.160373022392, 1.33967036637, 7, 2019
Z, 26, 0.9999636163538704, 231.035705424, 237.291922616, 0.970223993412, -0.0186563519163, 0.00861226460949, 25, 2019
N, -21, 0.9997542753204357, 146.764024657, 141.436856679, 1.03609630888, -0.25261472701, 1.33502333645, 25, 2019
E, -100, 0.9955533288311682, 118.235156175, 101.086196083, 1.16499012063, 0.103400209783, 0.0152097768787, 25, 2019
Z, 0, 0.9998983581363216, 128.540434712, 130.075795148, 0.989741167067, -0.0220954642669, 0.0130061218372, 28, 2019
N, 43, 0.9997909907875402, 109.921491355, 101.354955342, 1.08011661818, -0.0169209289608, 0.0184455120865, 28, 2019
E, -100, 0.9987551760758916, 78.7232455437, 62.5050307565, 1.26155961127, 0.0169097638516, 0.0135247113248, 28, 2019
Z, -16, 0.9999860232771093, 126.890310907, 129.7062217, 0.976891805246, 0.00958491578796, 0.0065670495862, 31, 2019
N, -100, 0.9989487511692058, 69.7454258797, 68.1869602903, 1.04311428519, -0.0769858010502, 0.277799160452, 31, 2019
E, -100, 0.9797078920050738, 37.0788941368, 34.6475044199, 1.10204601858, -0.302420677814, 1.86785358754, 31, 2019
Z, 15, 0.9999475934883015, 197.535132624, 205.902870367, 0.959501115762, 0.0128691584493, 0.0144897276938, 34, 2019
N, 100, 0.9282027687567873, 84.3132402325, 96.338840574, 0.972585427023, 0.0408546599739, 0.678317707, 34, 2019
E, -100, 0.9885541890965038, 82.121956628, 77.1688465829, 1.04763836637, 0.177350060824, 0.0510303523598, 34, 2019
Z, 29, 0.9998025702419283, 228.028003348, 237.2136973, 0.94330691643, -0.0394242174864, 0.0222330708799, 37, 2019
N, 100, 0.9105509988344332, 206.414194242, 115.331653246, 1.53475886838, -0.22214073994, 1.29731851935, 37, 2019
E, -100, 0.9918161396872569, 93.8622162878, 100.638476141, 0.950505234225, -1.94120884541, 2.92115421745, 37, 2019
Z, 57, 0.9999556423702693, 197.378012656, 210.297900254, 0.948205831402, -0.0122938911423, 0.0119741048982, 40, 2019
N, 100, 0.9901731841080998, 131.969052276, 111.013890787, 1.28394319389, -0.049866856122, 0.128761168293, 40, 2019
E, -100, 0.9970608223137144, 100.412399224, 95.9999785338, 1.02587455843, 0.0493162735057, 0.0331471968425, 40, 2019
Z, 13, 0.9990776881451179, 119.161307645, 135.067734607, 0.858808505253, 0.0116682492541, 0.0346185944641, 43, 2019
N, -87, 0.9993990998889912, 85.0873366161, 87.0200883282, 0.943125823392, 0.0292295585908, 0.0427336918229, 43, 2019
E, -100, 0.9976909288691043, 67.3170843443, 65.5313781628, 0.992164388325, 0.0512334111893, 0.0521371479339, 43, 2019
Z, 0, 0.9983570827241653, 95.1796466755, 98.2074665534, 0.953314383345, -0.0010822064581, 0.0316577483888, 58, 2019
N, 92, 0.99950051658936, 92.0153090578, 87.1182641774, 1.050446401, -0.0378042839711, 0.0214547039432, 58, 2019
E, -100, 0.9970534188197622, 63.9325816088, 53.8191941718, 1.17835847832, 0.0332630662045, 0.028330834739, 58, 2019
Z, -47, 0.9987101533139466, 137.193457962, 143.011099577, 0.934066495678, -0.0604879451504, 0.0505484300224, 61, 2019
N, -100, 0.9985896964141556, 65.2775877072, 65.7293154922, 1.00717190416, 0.0268948037027, 0.0174094525776, 61, 2019
E, -100, 0.992110938324094, 42.7177085724, 42.7182965973, 0.9785135095, -0.157926731218, 0.14802904375, 61, 2019
Z, -3, 0.9997131044989206, 214.59492893, 226.230445695, 0.949041103157, 0.0383683223587, 0.0277517997297, 64, 2019
N, -100, 0.999571521013787, 98.7718437274, 101.606761298, 0.97976386923, 0.0187012121923, 0.0120757901554, 64, 2019
E, -100, 0.9957596913138966, 91.1112134497, 87.6470184235, 1.02264801184, -0.158536302959, 1.3492396977, 64, 2019
Z, 8, 0.9997752226991654, 246.327139921, 254.810820029, 0.951016340691, -0.032459015782, 0.0254940639903, 67, 2019
N, -100, 0.9996504923496773, 122.519226596, 121.761527109, 0.988500354483, 0.0333370763067, 0.0246100411186, 67, 2019
E, -100, 0.9960330266286812, 119.730759161, 108.769064192, 1.08229955063, 0.0690086376694, 0.0260264297482, 67, 2019
Z, 0, 0.9999445860284396, 209.361469405, 215.199107095, 0.966513537997, -0.0202638135261, 0.0123034075921, 70, 2019
N, -27, 0.9998642672455075, 119.025086494, 115.273482834, 1.02205953434, -0.016753686386, 0.0160562069005, 70, 2019
E, -100, 0.9965843430864909, 110.597880031, 98.5837755345, 1.11420546163, 0.0873534990155, 0.0105188283624, 70, 2019
Z, 0, 0.9999356325809619, 114.722961958, 119.001437403, 0.966511550586, 0.0183003047325, 0.0083426499741, 73, 2019
N, 0, 0.9997757183705162, 88.8682399841, 85.1631923307, 1.03716028101, -0.00386770442556, 0.0224064805246, 73, 2019
E, -100, 0.9989387904708339, 70.6647718513, 60.1735479031, 1.17516910858, -0.00546692732051, 0.0212325408542, 73, 2019
Z, 28, 0.9998015456101731, 161.447393168, 164.86224758, 0.966412679794, -0.0411176739674, 0.0354142923561, 76, 2019
N, -100, 0.9983697655100857, 72.826848899, 73.9907841009, 1.00657456212, 0.0236150220538, 0.0318249896216, 76, 2019
E, -100, 0.9915789935269802, 45.1855956097, 40.7129254853, 1.12862063301, 0.17720541218, 0.0646866846891, 76, 2019
Z, -100, 0.9971375763090712, 265.369428753, 285.195525299, 0.925803756638, 0.0330377305256, 0.0786669312376, 79, 2019
N, -100, 0.9931768743090423, 121.339780058, 133.097885713, 0.913566108428, 0.118692786005, 0.117859901348, 79, 2019
E, -100, 0.9887437407141055, 102.584003539, 99.2792927849, 1.03556682945, 0.109104866222, 0.0993132840792, 79, 2019
Z, 100, 0.9953377221864654, 235.09385601, 295.095570349, 0.805979239404, 0.00974659599429, 0.115178242426, 82, 2019
N, 100, 0.9891933617727002, 136.259683927, 158.167871503, 0.834607108914, 0.0278456888885, 0.234076138052, 82, 2019
E, -100, 0.9936802360432843, 121.776612951, 121.079078514, 0.980513927132, -1.03783970658, 2.40990189413, 82, 2019
Z, 0, 0.9999703000905177, 187.053014372, 193.203493997, 0.969077908221, -0.0125245764562, 0.00530039530478, 85, 2019
N, 100, 0.9998382402789111, 131.928211122, 125.895149447, 1.04864076473, -0.0186494155755, 0.0159875520274, 85, 2019
E, -100, 0.9963358753136063, 110.763634991, 93.984438766, 1.1778515716, 0.0762894455718, 0.0167765358083, 85, 2019
Z, 0, 0.9999123592067705, 64.9682753091, 65.47538629, 0.981331439041, -0.0221364658113, 0.019055529291, 88, 2019
N, -73, 0.9996174633514096, 73.4923511844, 67.70573044, 1.07701269525, 0.00474957817505, 0.0109838257656, 88, 2019
E, -100, 0.9925633685947418, 43.4024849105, 38.0802675799, 1.14518677011, 0.0985963603948, 0.0465378744634, 88, 2019
Z, 0, 0.999973218436743, 163.881263133, 167.224261606, 0.977832225119, 0.0144846879834, 0.00919537674498, 91, 2019
N, -100, 0.9979121588327636, 70.7960221465, 72.5030829724, 0.997655040478, 0.053526691558, 0.0356547637511, 91, 2019
E, -100, 0.9955863329740527, 56.7297112122, 54.8560788099, 1.0141530737, 0.0623266846445, 0.0532292455817, 91, 2019
Z, 52, 0.9998758092421701, 237.02204445, 244.707669063, 0.975173238609, -0.0352221090094, 0.0193593565945, 94, 2019
N, 0, 0.9998067479973455, 105.418136058, 108.990017205, 0.96345049423, 0.011749719323, 0.0223201739478, 94, 2019
E, -100, 0.9963470735429238, 104.534796195, 95.977222727, 1.08586386833, -0.230628681154, 1.33268200573, 94, 2019
Z, -100, 0.9810397439139447, 230.574830864, 258.355189892, 0.871099756537, 0.00434957395389, 0.123576993277, 97, 2019
N, -100, 0.9780616664714776, 114.378816304, 125.919446655, 0.887737003505, -0.29321790104, 1.20097997514, 97, 2019
E, -100, 0.9679014671050532, 109.476575353, 110.191860733, 0.967209568354, 0.134161718884, 0.132676394733, 97, 2019
Z, 100, 0.9691769219858912, 126.153969429, 195.759413934, 0.584780253274, 0.079319992122, 0.252838951547, 100, 2019
N, 100, 0.9590447750288886, 94.607948479, 112.739020347, 0.721705168628, -0.0344698298151, 0.246361619248, 100, 2019
E, -100, 0.9610650685134386, 71.6738418831, 91.0930187579, 0.698182408655, 0.201014808444, 0.212126694248, 100, 2019
Z, 0, 0.9998616570727882, 85.1516778876, 87.8287588273, 0.971398679937, -4.52747979759e-05, 0.00543950324784, 103, 2019
N, -100, 0.9987511828650407, 80.8489504612, 77.2707780757, 1.03671397603, 0.0128074985603, 0.0264649814228, 103, 2019
E, -100, 0.9965474009457956, 51.5836408581, 44.6572612056, 1.16342224829, 0.0762845199398, 0.0336230440909, 103, 2019
Z, 29, 0.9999178962684484, 207.972428632, 212.328811493, 0.977356441381, -0.0355267630068, 0.0214449399746, 106, 2019
N, -100, 0.9982541591383878, 93.2391158777, 96.1400131839, 0.978835256236, 0.102888506373, 0.0448854592524, 106, 2019
E, -100, 0.9943666602697343, 67.8916771988, 61.8804391334, 1.08600507495, 0.0707372727204, 0.034417605904, 106, 2019
Z, 0, 0.9999951857894219, 285.659350259, 290.810122866, 0.981543113862, -0.00725844575521, 0.00552740687056, 109, 2019
N, -100, 0.9998212107188916, 143.247841893, 143.177783752, 0.993335850587, 0.0131403678872, 0.0151756093388, 109, 2019
E, -100, 0.9944061672744186, 123.260444042, 107.830703008, 1.13928285467, 0.0950397698047, 0.0169340047148, 109, 2019
Z, -7, 0.9999806854177428, 251.617069, 255.91651605, 0.985247344869, -0.00169575355235, 0.00633322844893, 112, 2019
N, 1, 0.9999074150352849, 148.523839698, 144.281927292, 1.03259853027, 0.0164576738116, 0.0140007974903, 112, 2019
E, -100, 0.9947377312829613, 128.497921924, 111.076182777, 1.14918259925, 0.151531316252, 0.054163979751, 112, 2019
Z, 42, 0.9998922317482918, 141.687160271, 146.55299111, 0.967611605711, -0.00622571099825, 0.0058602318294, 115, 2019
N, 0, 0.9999671225863414, 108.44209096, 103.130308174, 1.04939215386, -0.00777794638983, 0.00717139679289, 115, 2019
E, -100, 0.9972052412309249, 88.4699920962, 75.2353181165, 1.17273396404, 0.0641570142939, 0.013373698238, 115, 2019
Z, -84, 0.9988920863527085, 82.9867612107, 88.0070326282, 0.952853067534, 0.030407653272, 0.0604051636428, 118, 2019
N, -100, 0.9942434843315752, 58.7340247436, 54.9782336959, 1.0350793328, -0.0207009300048, 0.118038090089, 118, 2019
E, -100, 0.9777437361253539, 28.5482809587, 24.2640173398, 1.12016041109, 0.0974920299403, 0.0846018471047, 118, 2019
Z, 100, 0.9950597996318994, 144.838170252, 184.597840175, 0.806080587326, -0.0213436527518, 0.0859145705623, 121, 2019
N, -100, 0.9897673418183212, 61.5365274864, 80.4048807877, 0.792919551272, 0.111840239736, 1.8157973534, 121, 2019
E, -100, 0.9933286540731395, 56.8330425147, 62.918533053, 0.894214414194, 0.0842186565747, 0.110067106805, 121, 2019
Z, 0, 0.9999860306109936, 245.05290653, 248.871741453, 0.988384532956, -0.00687461543059, 0.00737686645652, 124, 2019
N, -100, 0.9997428014423416, 113.159915183, 113.848039404, 0.994143936616, -0.0251120386477, 0.0307209351297, 124, 2019
E, -100, 0.996777814249076, 107.63491454, 97.2997059321, 1.11003641235, 0.081477249105, 0.0125249944158, 124, 2019
Z, -14, 0.9999850999277371, 237.934458705, 242.437659414, 0.984210137883, 0.000164907331286, 0.00629650756533, 127, 2019
N, -81, 0.9999274357603848, 126.475649161, 125.354106711, 1.01529496439, 0.0188801232319, 0.00350088661488, 127, 2019
E, -100, 0.996608429427138, 118.616122993, 103.056241397, 1.13979692175, 0.123079393887, 0.0443354679306, 127, 2019
Z, 0, 0.9999690337102861, 161.668155138, 164.15395478, 0.98663860099, 0.00610864676836, 0.00689383906039, 130, 2019
N, 0, 0.9998248751678745, 110.473035346, 106.452772085, 1.03142272508, -0.00628646890473, 0.0212497763074, 130, 2019
E, -100, 0.9964056687074255, 89.3017140011, 76.4862522388, 1.16549214006, 0.0828387738975, 0.0122929217157, 130, 2019
Z, 0, 0.9998961422234173, 127.563565985, 128.709335714, 0.977756103372, 0.0118114818502, 0.0198321672525, 133, 2019
N, -100, 0.9976459464769691, 80.1067008332, 74.4109671918, 1.04627270912, -0.0183273563952, 0.0946872567578, 133, 2019
E, -100, 0.9963515281915162, 35.5597835031, 29.7212987614, 1.19875030606, 0.0282887375155, 0.0214830129454, 133, 2019
Z, 100, 0.4819619804044698, 397.053086914, 228.857256424, 1.60266022794, -0.154030399297, 1.57686016354, 136, 2019
N, -100, 0.7652714165296339, 423.207329334, 110.20391695, 3.30214074507, -1.06398366307, 2.71317248043, 136, 2019
E, 100, 0.2756837991169946, 473.313767981, 73.4078548403, 5.57155250105, 0.0397447741338, 1.80949848033, 136, 2019
Z, 100, 0.5741358821353628, 1034.27504646, 260.80538164, 3.06832694147, -1.36355855681, 0.576989829304, 139, 2019
N, -100, 0.30089259673952273, 853.658353737, 135.576206309, 5.03549681295, 0.343992541208, 1.24583814403, 139, 2019
E, 100, 0.7010676435013529, 1129.37023248, 101.564612561, 8.87657607646, 2.2775376805, 2.75898294612, 139, 2019
Z, -13, 0.9999149038206376, 207.601009626, 210.208215495, 0.997313509799, -0.00282129202523, 0.014040642108, 142, 2019
N, 29, 0.9999860916067393, 126.47754378, 123.150515896, 1.02959424248, -0.00135653265096, 0.00368347051063, 142, 2019
E, -100, 0.9979786056233279, 108.710511745, 94.5736312687, 1.14939302202, 0.103028578626, 0.0335319239853, 142, 2019
Z, -4, 0.999810484779363, 115.57192191, 118.660786868, 0.977576967704, 0.030597907812, 0.0110897569267, 145, 2019
N, 0, 0.9997861584818436, 90.5082280186, 86.3710526752, 1.04932554036, -0.0138674725321, 0.0190555601465, 145, 2019
E, -100, 0.9986170486542167, 67.958864099, 60.4288072159, 1.12603924036, 0.0479664602887, 0.0159158844396, 145, 2019
Z, 17, 0.9994042748898272, 103.358824435, 104.946013878, 0.95785918042, 0.345456667573, 1.31484481862, 148, 2019
N, -100, 0.9965281553844499, 58.473990669, 56.0157873645, 1.05224527836, -0.00995102051197, 0.191293000875, 148, 2019
E, -100, 0.9902790995551515, 28.0315215859, 26.5723266412, 1.05642145079, 0.259214906309, 0.085829639327, 148, 2019
Z, 0, 0.999976331044194, 186.903795387, 190.279107347, 0.979982158975, -0.00785229820776, 0.00542282421677, 151, 2019
N, -100, 0.9991443688885722, 82.7264185641, 85.2426906095, 0.951312781167, -0.271907687529, 1.32773848053, 151, 2019
E, -100, 0.9983224157589948, 70.1091941794, 64.3227549847, 1.08127317445, 0.0184699502804, 0.0259672455906, 151, 2019
Z, -16, 0.9999765687165497, 237.524410555, 242.119407054, 0.981764247266, 0.00368316093665, 0.00282685785137, 154, 2019
N, -66, 0.9998704528520195, 113.867697396, 116.208759543, 0.979278601251, -0.00653210977588, 0.0116382110317, 154, 2019
E, -100, 0.9966710168594876, 103.247458607, 92.6564147238, 1.11103489165, 0.0851042210534, 0.00984466393033, 154, 2019
Z, -9, 0.999970265544798, 220.428892151, 223.379924252, 0.994254794433, 0.00158935706197, 0.00953515579709, 157, 2019
N, -47, 0.9999270722789034, 126.122059244, 124.651113571, 1.02256871226, -0.000921494120154, 0.0164866286221, 157, 2019
E, -100, 0.9966615980621963, 108.204587843, 93.5439880456, 1.14722767397, 0.115392273266, 0.0390124750359, 157, 2019
Z, -3, 0.9998910747373518, 145.300253164, 148.288590597, 0.983864049422, 0.0173830170931, 0.013876467255, 160, 2019
N, -94, 0.999936297925986, 110.058980108, 104.737963247, 1.05030237336, 0.0234261821988, 0.0125463014644, 160, 2019
E, -100, 0.99660415271142, 77.1650323261, 65.1308685262, 1.1861794146, 0.0530096780054, 0.0273575908107, 160, 2019
Z, -21, 0.9999542890577222, 146.726004307, 148.714179547, 0.993929297589, -0.00303231379246, 0.012271368366, 163, 2019
N, -100, 0.9994436954804208, 89.027371732, 84.7459795542, 1.02824652154, 0.064229845282, 0.0322775193942, 163, 2019
E, -100, 0.9895824030290123, 43.9422996271, 37.5353900301, 1.2624168779, 0.181217651245, 0.100387839478, 163, 2019
Z, 32, 0.9999448037936081, 210.111173708, 213.262979261, 0.985028416714, -0.0217065615445, 0.0111494475986, 166, 2019
N, -100, 0.9999098257620103, 108.797277687, 108.096004959, 0.998140476952, 0.000881400331158, 0.0157834530524, 166, 2019
E, -100, 0.9958103581141967, 80.3258769807, 72.1504888278, 1.1212746458, 0.117050945888, 0.049096537314, 166, 2019
Z, 0, 0.9999342044434728, 224.881517539, 228.267149622, 0.989052959451, -0.0194140428631, 0.0147745118929, 169, 2019
N, -100, 0.9996679982218326, 122.718261211, 121.151444938, 1.00462574147, 0.0632456219098, 0.0438674532052, 169, 2019
E, -100, 0.9976248952781445, 104.086610337, 92.1058125545, 1.14288054196, 0.0814848104298, 0.0239721455735, 169, 2019
Z, -34, 0.9999915283850184, 183.07406323, 187.151968398, 0.976717043609, -0.284080730571, 1.34018032784, 172, 2019
N, 11, 0.9995756552052502, 110.391506229, 109.010996401, 0.996720056878, 0.280037093645, 1.33626572809, 172, 2019
E, -100, 0.9968052036589228, 96.7726911605, 84.9973093965, 1.12743038803, 0.103124754451, 0.0210924138637, 172, 2019
Z, -38, 0.9996510981845569, 113.560955044, 117.29449688, 0.974989921767, 0.040788272398, 0.0202944760906, 175, 2019
N, -100, 0.9993125518234268, 87.1359433166, 80.9168163897, 1.08685663284, 0.0697412791339, 0.0192951420236, 175, 2019
E, -100, 0.9956421122511269, 62.3864918036, 56.3583350914, 1.10821014747, 0.0622976437444, 0.0255782323355, 175, 2019
Z, 49, 0.999673386188327, 110.315314837, 111.025155624, 0.971442057207, 0.306775651125, 1.32804425841, 178, 2019
N, -100, 0.9962588721067711, 65.3972046247, 60.4446305757, 1.0509810176, 0.138475165811, 0.165178821579, 178, 2019
E, -100, 0.9965113280686729, 30.8278136618, 28.720070679, 1.1111605336, 0.12635407717, 0.051751605288, 178, 2019
Z, 0, 0.9999981639096768, 186.495003265, 190.550908983, 0.9788206086, -0.00279854159985, 0.00207771735592, 181, 2019
N, -100, 0.9996111290200355, 86.5070669863, 88.2691762052, 0.966898953488, 0.0405763191076, 0.0136247269959, 181, 2019
E, -100, 0.9989288101886098, 68.5104920376, 61.966693575, 1.09205187491, 0.0618695243816, 0.0323559779544, 181, 2019
Z, 0, 0.9999846846125796, 238.791357463, 242.651353794, 0.986378702432, -0.0105335282792, 0.00783865398793, 184, 2019
N, -56, 0.9998855479934716, 119.175586357, 121.605208976, 0.983395371453, -0.0114753350665, 0.0133873655065, 184, 2019
E, -100, 0.9975610781486982, 101.630320997, 90.5407022399, 1.13986840961, 0.043752446849, 0.0294220607425, 184, 2019
Z, -33, 0.9999914993498354, 220.213557754, 223.934426391, 0.984590843678, -0.000336446733536, 0.00538775880804, 187, 2019
N, -69, 0.9999456090470915, 134.553316483, 130.45529844, 1.03619864943, 0.0223909854127, 0.0153349999915, 187, 2019
E, -100, 0.9957508900676831, 106.054725912, 91.8733998714, 1.14873114739, 0.123519174055, 0.0330757767742, 187, 2019
Z, 0, 0.9999205668287139, 145.813456532, 150.336697206, 0.974125521875, 0.00736962940365, 0.0116467769028, 190, 2019
N, -98, 0.9998207723638425, 114.776750259, 108.617171735, 1.06026260818, 0.0329029385693, 0.00529654853829, 190, 2019
E, -100, 0.9974091968531006, 76.0167320652, 63.8608447691, 1.196051013, 0.062254238513, 0.024803329791, 190, 2019
Z, 95, 0.9999054774099061, 138.381406827, 139.114663198, 0.983065020829, 0.290198089501, 1.33733988444, 193, 2019
N, -100, 0.999411894865557, 88.6807074879, 82.092052305, 1.06382457326, -0.0230685078391, 0.244233821469, 193, 2019
E, -100, 0.993390555953138, 42.0830911675, 36.1242309711, 1.22259427231, 0.142888834832, 0.0609386745985, 193, 2019
Z, 0, 0.9999210597054264, 196.703386297, 199.545082776, 0.985814601516, -0.0264123941939, 0.021567050189, 196, 2019
N, -100, 0.7973736730934547, 298.390012767, 100.234615176, 2.35134645124, -0.371067062064, 1.03342281755, 196, 2019
E, -100, 0.9495575827442125, 69.1482537774, 70.6205420645, 1.01421172742, -0.33323159854, 1.13403407269, 196, 2019
Z, 0, 0.9999655680672948, 216.699644743, 220.405010583, 0.989145438417, -0.00195987320169, 0.00963735450375, 199, 2019
N, -100, 0.6027668112682543, 364.990510473, 114.051189001, 3.04774104785, 0.49144193754, 1.0992629027, 199, 2019
E, -100, 0.9358243361849237, 77.8293901389, 91.5921369309, 0.72823734615, -0.325220879976, 2.30458259034, 199, 2019
Z, 33, 0.999984565335747, 186.815914733, 189.941669046, 0.98274182164, -0.0106313627068, 0.00436931763056, 202, 2019
N, 37, 0.9999193847533218, 109.152014682, 105.955806144, 1.0436203835, -0.0147844379904, 0.0144804106347, 202, 2019
E, -100, 0.9979623548799524, 96.8366850039, 86.5104497315, 1.10431367132, 0.0313335196265, 0.0235284202499, 202, 2019
Z, 0, 0.9998799191741709, 121.113197773, 125.357673767, 0.967316944933, 0.0167585958181, 0.011941909634, 205, 2019
N, -100, 0.9993290724934155, 85.9273664146, 81.6371191946, 1.06287643622, 0.0757214353788, 0.0217780440403, 205, 2019
E, -100, 0.9977263602668098, 67.7303810707, 59.2402065569, 1.14182989289, -0.285934810866, 1.32414216806, 205, 2019
Z, 68, 0.9998740595710887, 107.488163192, 110.528017249, 0.959147273093, -0.0119877809954, 0.0346533323338, 208, 2019
N, -100, 0.9950960962531835, 63.8091402657, 60.6531980215, 1.02163749682, 0.0942111571796, 0.293660405076, 208, 2019
E, -100, 0.9974018703839098, 27.3371746069, 25.4281330644, 1.07504792663, 0.130271489292, 0.0261636111156, 208, 2019
Z, 15, 0.999877796543432, 202.850783169, 206.742836267, 0.97669142092, -0.0356995057859, 0.0222095058865, 211, 2019
N, -100, 0.9983214577112087, 92.5876971288, 95.8198481967, 0.96265039701, 0.0474709068944, 0.0180355078947, 211, 2019
E, -100, 0.9977177038404362, 73.250035997, 65.8905975922, 1.10569984509, 0.00928689709269, 0.0399415509149, 211, 2019
Z, 0, 0.9999942935043623, 261.738607417, 267.503565883, 0.977379312968, 0.00337398487456, 0.00329410524595, 214, 2019
N, -100, 0.9998166726963402, 136.585799673, 136.496799851, 0.995735535745, 0.0181080949578, 0.0112488402557, 214, 2019
E, -100, 0.9965925789885918, 113.863160395, 100.132093302, 1.12616109861, 0.113083000256, 0.0316490789428, 214, 2019
Z, 31, 0.9999897297745098, 230.727852914, 235.620971613, 0.978439376022, -0.0117719415503, 0.00442404229383, 217, 2019
N, -29, 0.9998750553909103, 144.698544548, 140.467688959, 1.03828794107, -0.560393271037, 1.83868900935, 217, 2019
E, -100, 0.9967269063569811, 116.169715419, 98.9340248148, 1.16126753092, 0.0649472201886, 0.0147137290379, 217, 2019
Z, 0, 0.9999562093119516, 129.33385045, 131.423299397, 0.985316747929, -0.0109671010823, 0.0055515320702, 220, 2019
N, 0, 0.9997515885279006, 110.114206384, 102.806674203, 1.06898821359, 0.00319467922819, 0.0267372145873, 220, 2019
E, -100, 0.9976905254094594, 73.0124381354, 60.8752123592, 1.20886601283, 0.0816058847254, 0.0343462018482, 220, 2019
Z, 52, 0.9999658371295519, 133.996685663, 136.844942337, 0.973388969577, -0.0162988972552, 0.0161659435906, 223, 2019
N, -100, 0.9981677460383537, 74.1000012928, 72.039053751, 1.01963428456, 0.0741793151193, 0.0547270587492, 223, 2019
E, -100, 0.9956270851292045, 41.0522251252, 37.4009409273, 1.11835763278, -0.473248826368, 1.8551061097, 223, 2019
Z, 0, 0.9999033547760576, 205.831793533, 210.299991018, 0.980837439213, -0.0343199853095, 0.0273576951942, 226, 2019
N, -83, 0.9998818797585438, 98.012682623, 100.125044867, 0.979388722916, -0.0114570155766, 0.0145639963318, 226, 2019
E, -100, 0.9967861158566389, 85.9731524358, 78.9775163168, 1.08411244499, 0.0954743024676, 0.0186341304206, 226, 2019
Z, -4, 0.9999912226822085, 229.015464621, 233.984615418, 0.983845311496, -0.00415602111641, 0.00504715425179, 229, 2019
N, -12, 0.9999497539779238, 116.313975056, 116.320096462, 1.00039378308, 0.011707636599, 0.00536324889929, 229, 2019
E, -100, 0.9973005245274322, 109.853780207, 99.8909822607, 1.09615121201, -1.98147942076, 2.92757648118, 229, 2019
Z, -46, 0.9999823986653171, 196.462153739, 200.157883318, 0.980557988747, 0.000432904498091, 0.00513283419108, 232, 2019
N, 74, 0.9999691332523191, 111.346640352, 108.100281121, 1.02893910938, -0.000577214666816, 0.00918866582248, 232, 2019
E, -100, 0.9968267980697274, 103.279419495, 91.9385338124, 1.12437318047, 0.075383564194, 0.0100492745498, 232, 2019
Z, 0, 0.9999539253927494, 118.874492333, 121.744256283, 0.977474280893, 0.00783576101847, 0.00461301232601, 235, 2019
N, 0, 0.999705329600039, 85.834372717, 80.8309972768, 1.0556980351, -0.0090792910382, 0.0242168075684, 235, 2019
E, -100, 0.9936432667521563, 67.7696954403, 59.3044634251, 1.14371686946, 0.109095277652, 0.0383743037396, 235, 2019
Z, 7, 0.9999944642567518, 129.454515725, 130.370716738, 0.993404713548, 0.00592055188203, 0.00538158244591, 238, 2019
N, -100, 0.9960566316090295, 61.3771525897, 62.1311262166, 0.992153548077, 0.118054467293, 0.0508321027301, 238, 2019
E, -100, 0.9945361183220276, 32.9531349634, 29.3693422222, 1.1341178248, 0.239546854496, 0.374563007076, 238, 2019
Z, 0, 0.9999075562364024, 247.477142596, 251.648871086, 0.98656404763, -0.0306593875597, 0.0282082775513, 241, 2019
N, -100, 0.9993469170899566, 113.192195913, 115.21443635, 0.976293293871, 0.0296829402451, 0.0120333272963, 241, 2019
E, -100, 0.9954860621248551, 92.0635430158, 83.6656847957, 1.0946781808, 0.136831981249, 0.0504522135549, 241, 2019
Z, -20, 0.9999702675519436, 288.581340341, 295.944975234, 0.981663020917, -0.00203241855421, 0.00936286445708, 244, 2019
N, -100, 0.9997999103158175, 156.691771293, 154.851216526, 1.01191532778, 0.0248547127794, 0.00664470397093, 244, 2019
E, -100, 0.9959394238197933, 131.09468542, 115.826880732, 1.12685069222, -0.762751473611, 2.19157875237, 244, 2019
Z, -12, 0.9999826910765117, 215.719611125, 221.286380265, 0.976035315312, 0.00809819896055, 0.00261824489991, 247, 2019
N, 82, 0.9998059680304568, 145.975504962, 139.226260391, 1.04669994788, 0.0119992358975, 0.0224016472945, 247, 2019
E, -100, 0.995709951035094, 118.243128039, 99.9929436934, 1.18323202869, 0.102258209642, 0.0107373191707, 247, 2019
Z, 0, 0.999869760125824, 85.2687233696, 87.1332225547, 0.985573940875, 0.0212030096475, 0.0129926424569, 250, 2019
N, 0, 0.9998021278925967, 89.2451829408, 82.0915289577, 1.08122626667, 0.00374885519973, 0.0189595355693, 250, 2019
E, -100, 0.9972673840584109, 55.9039094742, 47.2647189767, 1.18722443915, 0.071415167627, 0.0315175537553, 250, 2019
Z, 40, 0.9999472429095774, 157.858597644, 159.854840245, 0.985277513305, 0.014196030275, 0.0145833464941, 253, 2019
N, -100, 0.999439695139286, 71.7962998651, 73.3376327385, 0.994027570502, 0.0207832285671, 0.0108796427604, 253, 2019
E, -100, 0.9958979532445764, 53.7956541531, 50.0968240775, 1.0734534742, 0.123044719299, 0.0355512329427, 253, 2019
Z, 38, 0.9998170930310007, 232.223697642, 233.819135125, 0.998158970203, -0.0462897306773, 0.0284415410781, 256, 2019
N, -100, 0.9998005586787855, 105.487640606, 107.337116926, 0.986010753592, 0.00260444973744, 0.0146178869074, 256, 2019
E, -100, 0.9967983555215548, 100.882839219, 92.0828166686, 1.09395824737, 0.0716407873265, 0.0139868514415, 256, 2019
Z, -21, 0.9999682731515651, 244.362861918, 248.409070631, 0.987451127851, 0.00810791640979, 0.0076971984635, 259, 2019
N, -92, 0.9999447924922475, 123.563866416, 120.982728194, 1.02252661018, 0.013479450704, 0.00805258863435, 259, 2019
E, -100, 0.9948505566724015, 120.748538601, 107.75387233, 1.11781248195, -0.456623971946, 1.81950294689, 259, 2019
Z, -1, 0.9999932904394377, 191.068056979, 197.081896659, 0.972310028285, -0.00159382632277, 0.00313835224207, 262, 2019
N, -80, 0.9999660293375173, 111.242506416, 107.955522094, 1.03503085979, 0.0311645829329, 0.0157356961778, 262, 2019
E, -100, 0.9951316611171773, 101.976147429, 92.3115346963, 1.10679699733, 0.100371734521, 0.0129007721244, 262, 2019
Z, 0, 0.999591057353779, 96.1291578065, 98.6342426752, 0.980081604876, 0.0240000352073, 0.0144102346128, 265, 2019
N, -100, 0.9996880845571046, 77.860952552, 74.0872547758, 1.05109557026, 0.0251213742184, 0.0104335746958, 265, 2019
E, -100, 0.9946349493610618, 56.2498848496, 51.1674071661, 1.09959788161, 0.0884425536784, 0.0316768874942, 265, 2019
Z, 100, 0.9996023840262468, 178.857241012, 180.691102204, 0.979370115994, -0.10188823098, 0.0642999636758, 268, 2019
N, -100, 0.9966146115693367, 75.6413033466, 78.4352515998, 0.989826874506, 0.0613637667309, 0.0427278347577, 268, 2019
E, -100, 0.9966496278398443, 54.228274657, 48.2161869109, 1.11833081406, 0.0759375805798, 0.0673363341261, 268, 2019
Z, 0, 0.9999565690830308, 289.440708889, 294.83292944, 0.985202896364, -0.0147939811605, 0.0157421492041, 271, 2019
N, -100, 0.999615010643893, 136.018773898, 139.302059047, 0.974962705419, 0.0397678626628, 0.022374277402, 271, 2019
E, -100, 0.9956664896532667, 117.924293842, 104.809905745, 1.1236504934, 0.0905270249842, 0.0168232367659, 271, 2019
Z, -8, 0.9999889011182476, 285.18999513, 290.726685852, 0.982364434807, 0.00462746029107, 0.00350498529763, 274, 2019
N, 0, 0.9999221692754714, 162.198558412, 159.596903778, 1.01798644107, 0.0105355901544, 0.00741942673834, 274, 2019
E, -100, 0.9948865093721022, 138.972296497, 120.757150909, 1.14191147002, -1.94859814026, 2.91728410239, 274, 2019
Z, 10, 0.9999651139492356, 172.310014375, 175.398902247, 0.98272724878, -0.00662690285545, 0.00178828499319, 277, 2019
N, 100, 0.9998534166483962, 126.302107847, 120.304817553, 1.05167017411, -0.00104908891425, 0.00925581160218, 277, 2019
E, -100, 0.9978248835881188, 101.836682054, 87.1288336931, 1.16944880764, 0.078265012109, 0.0113186975201, 277, 2019
Z, 31, 0.9994366519335248, 84.4074852154, 85.0027223519, 0.972650872713, 0.0367398942372, 0.0698260373289, 280, 2019
N, -100, 0.9985818209220646, 65.8651064865, 59.6820407061, 1.07674803766, -0.0180687631728, 0.0552788924215, 280, 2019
E, -100, 0.9967502038614268, 33.2634593915, 29.7968047519, 1.11135870332, 0.101827021043, 0.0444430138881, 280, 2019
Z, 48, 0.9998267439447378, 182.67159227, 185.858325573, 0.981833923427, -0.0544463553438, 0.030501728785, 283, 2019
N, -100, 0.9988639584573821, 79.0888838552, 81.5450180552, 0.979190199448, 0.0584088070369, 0.0157049064593, 283, 2019
E, -100, 0.9976400478244396, 67.990963904, 63.9390470151, 1.05235307352, -0.0230435127879, 0.0570961008727, 283, 2019
Z, 0, 0.9999675495206543, 246.263378504, 249.485518684, 0.985419188485, -0.021663264264, 0.0116452305418, 286, 2019
N, -100, 0.9998362154696417, 112.720689741, 113.597741955, 0.993154433344, 0.00812502349228, 0.0101107329861, 286, 2019
E, -100, 0.9951810984989433, 109.329312412, 100.665375324, 1.07217566179, 0.115344479374, 0.016164097869, 286, 2019
Z, 0, 0.9999748276917915, 244.47623341, 246.638905494, 0.994433740533, -0.0116634100058, 0.00904963624899, 289, 2019
N, -100, 0.9997874820531536, 122.294546779, 122.0751166, 1.00446567718, 0.0505844387672, 0.013034473835, 289, 2019
E, -100, 0.9948147267185243, 119.70768066, 108.089434909, 1.09610388963, -0.761542512706, 2.16836832918, 289, 2019
Z, 4, 0.9999062650776285, 171.544738117, 174.843599639, 0.985426012729, 0.00815835919986, 0.0106609172693, 292, 2019
N, 100, 0.9997887311820974, 106.312116445, 102.667825791, 1.03120058223, 2.22793407002e-05, 0.0255001224181, 292, 2019
E, -100, 0.995690355631813, 95.6284240405, 83.8512886063, 1.13311600183, 0.0855546261446, 0.0126782708662, 292, 2019
Z, 0, 0.9996075977769592, 93.7056185327, 93.3080543525, 0.988748303895, 0.054596976513, 0.0327475764391, 295, 2019
N, -100, 0.9991014072192019, 69.162833388, 65.2406096821, 1.04168057073, -0.0234301335659, 0.0495888045088, 295, 2019
E, -100, 0.9910641512014625, 40.3014441284, 36.7641790773, 1.09406160594, 0.146568659408, 0.0559609878846, 295, 2019
Z, 2, 0.9999859032000005, 225.412419351, 228.551004342, 0.986247571307, -0.0157866254056, 0.00992155166406, 298, 2019
N, -100, 0.9989023389386161, 99.5797387277, 102.491232109, 0.979804929033, 0.0593532413454, 0.0247370536033, 298, 2019
E, -100, 0.9972102996880164, 78.1944316007, 69.1739245343, 1.11830974759, 0.103935019269, 0.031621476616, 298, 2019
Z, 0, 0.9999874167714692, 294.358259049, 298.940511886, 0.984240753749, -0.0115504813211, 0.00795268331292, 301, 2019
N, -100, 0.9998617787978664, 148.314410985, 149.398780166, 0.992069626647, 0.00908161855178, 0.00919442037046, 301, 2019
E, -100, 0.9955090168647824, 127.72167873, 112.366730493, 1.13424819825, 0.0850966706563, 0.0148582549506, 301, 2019
Z, -55, 0.9999719735018874, 246.220089195, 249.295347808, 0.988589286282, -0.00454089800058, 0.00650705777642, 304, 2019
N, 70, 0.9995536343719877, 147.384104755, 144.721412425, 1.01407178969, 0.0215953505359, 0.0194835430448, 304, 2019
E, -100, 0.9957433678039184, 127.84218134, 109.580319367, 1.16720381994, 0.137064282668, 0.0495330291227, 304, 2019
Z, -100, 0.9996557166461667, 127.011626812, 128.447406974, 0.988667768256, 0.0290492207871, 0.00976569384324, 307, 2019
N, 100, 0.9994283612582554, 104.503716337, 96.3047940142, 1.07801841148, -0.0537091661044, 0.0250111537071, 307, 2019
E, -100, 0.9950389864795641, 81.0990231887, 68.8620122918, 1.17786568949, 0.0835509207843, 0.0146113236284, 307, 2019
Z, 45, 0.9995020623682399, 105.33320117, 105.910379678, 0.973951920952, 0.0257145629041, 0.0514608591351, 310, 2019
N, -100, 0.9952107775075454, 57.1528525957, 53.0800603148, 1.04892533507, 0.0220865522456, 0.170790910412, 310, 2019
E, -100, 0.9923273619028907, 27.5730670676, 25.6076232228, 1.11214703813, 0.158463944582, 0.0750690151114, 310, 2019
Z, 0, 0.9999235970991293, 194.7175876, 197.84564913, 0.980227874078, -0.0292980635974, 0.0182960836679, 313, 2019
N, -100, 0.9976146351637877, 82.5614326768, 86.4295478937, 0.973461555551, 0.102233295292, 0.0357002557788, 313, 2019
E, -100, 0.9962919504051762, 76.4185781536, 70.0951269748, 1.08184188737, 0.00661750807419, 0.0473673122515, 313, 2019
Z, 0, 0.9999909405675114, 243.673030222, 248.447595788, 0.983609334469, -0.00190135349831, 0.00386626362423, 316, 2019
N, -75, 0.9998880278933797, 113.63559309, 114.670708906, 0.992353267667, 0.0228638658294, 0.0113307428135, 316, 2019
E, -100, 0.9946150033196776, 109.639187991, 99.6656521055, 1.09462051743, 0.113127931685, 0.0121140221381, 316, 2019
Z, -39, 0.9999915306558261, 226.758185957, 230.236625977, 0.984505255472, 0.00105452973622, 0.00294944597105, 319, 2019
N, 0, 0.9998220241337696, 120.565897104, 119.803937446, 1.00586488371, 0.0266806099637, 0.0263932165189, 319, 2019
E, -100, 0.9945017245174164, 113.856650242, 100.377169875, 1.1322825609, 0.136902881063, 0.0472294720798, 319, 2019
Z, -46, 0.9998636839811478, 146.103895492, 148.387042154, 0.986317063306, 0.0169933308891, 0.01070847143, 322, 2019
N, -100, 0.9998780840568695, 101.493599577, 97.1042498779, 1.0420632843, 0.0211223349108, 0.00607127588132, 322, 2019
E, -100, 0.9968443414210414, 80.5717981813, 71.2596456476, 1.12747830195, 0.067584032776, 0.0154762565397, 322, 2019
Z, 95, 0.9994683860776803, 135.484837297, 135.973569779, 0.974225947949, 0.0278578250494, 0.0478534699162, 325, 2019
N, -100, 0.9991532379050303, 74.1520174657, 71.4938108102, 1.01926739001, 0.00307358055796, 0.0157519555243, 325, 2019
E, -100, 0.9976940367469247, 33.6787668742, 29.4781568238, 1.13983077922, 0.107193100553, 0.051917095574, 325, 2019
Z, 44, 0.999916867890241, 237.732972955, 238.372229349, 0.993631420736, -0.0275116015368, 0.0117840176522, 328, 2019
N, -100, 0.9991902695009183, 111.624850006, 114.509936172, 0.987183972183, 0.0596719258007, 0.030734715369, 328, 2019
E, -100, 0.9964322192171396, 88.6474508562, 77.2367186019, 1.14438142906, 0.00336045304359, 0.0531204500383, 328, 2019
Z, 0, 0.9999526121475877, 263.039506999, 266.118345087, 0.990440791084, -0.0138103720337, 0.0119787977797, 331, 2019
N, 0, 0.9999474673824519, 141.221513202, 139.88422398, 1.00860300248, 0.0123720463654, 0.0067965986569, 331, 2019
E, -100, 0.9948691929986252, 118.467299026, 104.005044879, 1.13467796919, 0.108141731431, 0.00896019874948, 331, 2019
Z, -62, 0.9999846977316833, 201.584108079, 206.593668037, 0.979439326619, 0.00957179748082, 0.00668780048354, 334, 2019
N, 100, 0.9995796118908804, 125.513521764, 123.851126897, 1.00672800597, -0.00310194144421, 0.0335579793039, 334, 2019
E, -100, 0.9962646528775527, 107.391655611, 93.9978818423, 1.13832667432, 0.105230584242, 0.0301581292297, 334, 2019
Z, -100, 0.9322099018639558, 130.415446917, 108.36947232, 1.18827051829, 0.413584200988, 0.201183874945, 337, 2019
N, 100, 0.8956482503044383, 82.6864879557, 82.379613235, 0.970575608622, -0.909152370951, 0.415539979802, 337, 2019
E, -100, 0.806855484535074, 98.1294817528, 57.5074788672, 1.64175326336, 0.383573355913, 0.94628566597, 337, 2019
Z, -100, -0.64356408592557, 1847.05505801, 111.254905323, 12.810671569, 0.620124975064, 2.72756930648, 340, 2019
N, 100, 0.8386455158357528, 1748.23201816, 56.4421561964, 21.8106778695, -0.0719829668821, 1.22188213707, 340, 2019
E, -100, -0.39904664457433076, 2174.37534482, 28.8982718469, 53.1394230509, 1.27920039515, 1.92107276882, 340, 2019
Z, 100, 0.954742809189885, 236.879705591, 192.909087786, 1.47418360621, -0.190559606807, 0.33512515233, 343, 2019
N, -100, 0.663262762511655, 114.641077767, 85.4258544624, 1.54698413102, 0.45617877259, 3.20044068528, 343, 2019
E, -100, 0.8072557847778211, 193.821393301, 66.7574678121, 3.19673311481, -0.215757408663, 0.886976177242, 343, 2019
Z, -19, 0.9999390838707434, 234.682755823, 239.048553508, 0.984997311207, -0.0119902013821, 0.0151324508483, 346, 2019
N, -100, 0.9997272028318176, 111.776977133, 113.801184773, 0.985346634937, 0.0397744396595, 0.0179580757872, 346, 2019
E, -100, 0.9951928984391745, 104.138381492, 93.2987364157, 1.10961157019, -0.198032506729, 1.3372630536, 346, 2019
Z, -36, 0.9999935935183297, 213.686977151, 218.568866481, 0.977866258036, 0.00498537422257, 0.00223895664083, 349, 2019
N, -7, 0.9998212651812768, 120.674122708, 120.590862841, 0.997639663528, 0.0340795811579, 0.026437459819, 349, 2019
E, -100, 0.9957319652207206, 104.329900011, 93.2773564057, 1.10703063108, 0.107064645655, 0.0335296176232, 349, 2019
Z, 0, 0.9997990036701379, 139.284158095, 144.311753503, 0.972753302113, 0.0153129026531, 0.0227892122427, 352, 2019
N, -19, 0.9998067661783773, 103.995807767, 100.04090822, 1.03120103917, -0.00974886426712, 0.0285703218114, 352, 2019
E, -100, 0.997050614358121, 75.1092159154, 65.3640071395, 1.14847846319, 0.0495845697942, 0.018124185695, 352, 2019
Z, 63, 0.9999319389752513, 146.76279841, 146.216831109, 0.994879644618, -0.00853343254926, 0.0180350948375, 355, 2019
N, -100, 0.999508567881946, 85.9417923553, 83.0015646316, 1.04181833283, -0.0413394429089, 0.194274875987, 355, 2019
E, -100, 0.9953167168858957, 40.9054072951, 35.552564492, 1.163504325, 0.107084792438, 0.0385324230341, 355, 2019
Z, -24, 0.9999125205386751, 214.437963347, 216.816923234, 0.990556311551, -0.0108801544053, 0.0166022192497, 358, 2019
N, -100, 0.9996529951505042, 110.051271541, 109.154079078, 1.01723263614, 0.052282441293, 0.015905839108, 358, 2019
E, -100, 0.9934359125093991, 82.3902905627, 72.4668068115, 1.12711747947, 0.0988291701031, 0.0473180657666, 358, 2019
Z, -47, 0.9999643160111157, 232.604786936, 236.515216096, 0.985357093998, 0.00315855950648, 0.00528143224459, 361, 2019
N, 0, 0.9999827134469672, 127.59315031, 125.251895307, 1.0203979002, 0.0120677391177, 0.00765510809908, 361, 2019
E, -100, 0.9982676382627839, 106.476944766, 95.0712515149, 1.11443689069, 0.118000526938, 0.0524419949125, 361, 2019
Z, -72, 0.9999737404100608, 187.924029883, 192.943480687, 0.97371933506, 0.0135316023686, 0.00787607194395, 364, 2019
N, 44, 0.9999103015152826, 113.01350769, 112.590491754, 0.999051224672, 0.0156005576907, 0.0196446607773, 364, 2019
E, -100, 0.9962578108632446, 97.6599419588, 88.4064349416, 1.103691361, 0.0970902417275, 0.0184450772495, 364, 2019
