Chan, Phase Shift, Correlation, ptp-data, ptp-synthetic, rat, phasem, phasestd, DOY, Year
Z, -100, -0.8073313191114964, 27017.1684188, 76.6730996347, 391.324828139, 0.399333358356, 3.3836881468, 1, 2019
N, -100, 0.24788937244256803, 8384.50112324, 24.1430095536, 375.526253329, 1.01142607283, 0.324577836828, 1, 2019
E, -100, 0.9062029199733256, 18107.6945082, 33.6875310049, 559.241842013, 0.416923764821, 0.0145835710618, 1, 2019
Z, -100, -0.7805994163873937, 36980.4272884, 127.568994834, 283.171077719, 0.661813780816, 3.16402140023, 4, 2019
N, -100, 0.10018741562871689, 9057.40259922, 38.700287634, 231.771979176, 1.47751626131, 0.0141990932592, 4, 2019
E, -100, 0.929067425901737, 24754.8259181, 50.7609000932, 464.777946306, 0.294082765196, 0.0774178031309, 4, 2019
Z, -100, -0.5466977609622529, 42432.4046095, 144.594997204, 280.397648183, 1.06242079242, 3.05514264779, 7, 2019
N, 100, -0.2514625859034545, 9840.15692313, 42.5393355742, 221.018976248, -1.20993316762, 3.00487005689, 7, 2019
E, -100, 0.7861499802298599, 23039.7895534, 53.2358671166, 422.170245691, 0.685719558261, 0.0299555638793, 7, 2019
Z, -100, -0.36157145080402225, 40460.4809561, 119.871841204, 327.210224995, -1.89977588635, 0.0162400109532, 10, 2019
N, 100, -0.5373910085921513, 9435.31794494, 33.2857334949, 295.814061322, -0.93091018617, 3.03927208906, 10, 2019
E, -100, 0.6485512150403183, 22316.9114392, 43.6672526186, 494.909467246, 0.91189471691, 0.0552212052112, 10, 2019
Z, -100, -0.3408424315256812, 31924.0820087, 68.2636139992, 539.289902235, -1.68169791297, 0.27636676599, 13, 2019
N, 100, -0.20959788042604857, 7805.78497232, 16.7083252944, 577.072441636, -1.07063093254, 2.80110326086, 13, 2019
E, -100, 0.6716790847476779, 18321.8235914, 28.9594896411, 719.857902261, 1.08809446993, 0.353478038077, 13, 2019
Z, -100, -0.931416298836708, 36763.1917605, 77.1325846749, 544.638683518, -0.000228416398359, 3.46484122346, 16, 2019
N, -100, 0.5577426401577109, 5804.85424238, 27.8641511079, 220.798250804, 0.641710998581, 0.324985737019, 16, 2019
E, -100, 0.9925484043673557, 22679.4838907, 33.3529207724, 733.536707212, -0.0411859081958, 0.0944748409019, 16, 2019
Z, -100, -0.896222496546465, 49232.6168499, 146.443680571, 325.971842507, 0.38227632405, 3.21891097535, 19, 2019
N, -100, 0.16139545194829646, 8686.13001424, 46.3381316167, 177.562319436, 1.40883095199, 0.000232161533153, 19, 2019
E, -100, 0.9823435730036377, 33432.8390358, 57.0460006414, 556.505300154, -0.0310977769732, 0.103882743635, 19, 2019
Z, -100, -0.627586376123405, 50398.4522182, 168.724707437, 280.749016272, 0.870470252933, 3.19329620909, 22, 2019
N, 100, -0.3914682630451518, 9436.86423699, 49.665195953, 185.905201948, -1.11414306302, 3.06629691879, 22, 2019
E, -100, 0.8777121785079359, 33535.7411318, 60.0951933291, 528.824143833, 0.473287737891, 0.0292984158137, 22, 2019
Z, -100, -0.2807464029621955, 43737.1634688, 111.293697005, 425.40533858, -1.66650363523, 0.261311753515, 25, 2019
N, 100, -0.5934743827274038, 9106.039402, 31.5973184473, 324.678327659, -0.679560598123, 2.84104978729, 25, 2019
E, -100, 0.6565636380923259, 28161.7203292, 39.6143777114, 756.024161357, 1.07815769491, 0.332116293681, 25, 2019
Z, -100, -0.893838019415228, 30396.7721911, 53.3747735277, 651.218562723, -0.444921205149, 3.89545523709, 28, 2019
N, -100, 0.368713580209811, 9928.30254306, 16.8282916351, 707.957521474, 0.643227125139, 0.564413487893, 28, 2019
E, -100, 0.9550854176613, 20862.7517508, 23.9965292037, 947.270044835, -0.27163724777, 0.335475548009, 28, 2019
Z, -100, -0.965111131455963, 41492.988449, 103.708138854, 411.2295997, 0.161890795562, 3.25637807563, 31, 2019
N, -100, 0.5624870886030153, 10890.8694468, 31.1020852746, 354.593294516, 0.863483892196, 0.130473250402, 31, 2019
E, 100, 0.9984832738831938, 24670.3087128, 41.7149026988, 580.995200983, -0.0561044016179, 0.0441377055435, 31, 2019
Z, -100, -0.8427714962419507, 29581.6785676, 125.755524743, 223.400972645, 0.474080985457, 3.21454345178, 34, 2019
N, -100, 0.21543670079702493, 9886.99757224, 37.2964534669, 255.280536357, 1.43284823755, 0.0970999776556, 34, 2019
E, -100, 0.9701930342774071, 21068.8448835, 48.1335223268, 418.077616527, 0.135029462913, 0.0663586553455, 34, 2019
Z, -100, -0.635171735822073, 37319.5184193, 115.000356052, 311.818331883, 0.911592464753, 3.10949030272, 37, 2019
N, 100, -0.07373887314121749, 9985.28626838, 32.2097789845, 305.932291718, -1.49910286352, 3.12711043158, 37, 2019
E, -100, 0.8779515317491461, 20590.8383508, 40.8271060652, 481.176531244, 0.494514626318, 0.00336320394332, 37, 2019
Z, -100, -0.6535713578799058, 13566.3977657, 71.8598625581, 189.905828369, 4.16191860425, 0.197745588918, 40, 2019
N, 100, -0.11490011350148566, 5630.59454177, 16.7424947135, 412.834201913, -0.98872071747, 2.5944410919, 40, 2019
E, -100, 0.834749924209553, 8360.28476142, 26.1753789679, 353.945524257, 0.863161996907, 0.427625532439, 40, 2019
Z, 100, -0.8940052979343359, 23811.7386855, 48.4641954976, 554.020078669, -0.770001567578, 3.68140225885, 43, 2019
N, -100, 0.8855671912807901, 6529.55222739, 18.4314392869, 382.285295703, -0.249367461366, 0.48459560769, 43, 2019
E, 100, 0.8726493850998179, 16132.5883279, 20.600718614, 880.067765182, -0.716021712189, 0.357834101878, 43, 2019
Z, 100, -0.7601300000185894, 14003.0700415, 110.803012838, 106.793685795, 2.19780718602, 0.565962566618, 46, 2019
N, -100, 0.855490435113906, 3126.630601, 35.8989303109, 74.599473187, -0.196196709327, 0.532515796088, 46, 2019
E, 100, 0.7641455858409749, 8288.95743982, 43.6285985108, 168.489751825, -0.96749245002, 0.49478125647, 46, 2019
Z, -100, -0.6722017276732835, 19928.8160739, 143.741051289, 124.123745058, 1.01931067089, 2.76908201403, 49, 2019
N, -100, 0.22709121883879252, 4178.44712542, 42.9603678517, 87.5714807658, 1.56587748302, 0.33721613873, 49, 2019
E, -100, 0.905176923956994, 14226.5932521, 53.488283493, 237.800859906, 0.490873954585, 0.323712024601, 49, 2019
Z, -100, -0.5193764623782635, 31981.6696087, 110.96880524, 299.287916611, 1.16413560385, 2.91845637533, 52, 2019
N, 100, -0.26150584271545024, 6305.52082853, 31.3712799965, 214.387484996, -1.02422675155, 2.79932207851, 52, 2019
E, -100, 0.8435520112613373, 23308.5525205, 36.3719416486, 657.470227161, 0.711808437749, 0.282393887386, 52, 2019
Z, 100, -0.7683389194106907, 33103.8990678, 43.4252199164, 970.6617645, 1.07531627623, 1.87584679818, 55, 2019
N, -100, 0.4453250841060854, 7118.93804319, 10.1105533489, 816.133464495, -0.577021326153, 1.29140179716, 55, 2019
E, 100, 0.7856613136224052, 21769.2349917, 16.1148242384, 1618.55534851, 0.928442854603, 1.36957264252, 55, 2019
Z, 100, -0.8504623729490484, 16238.7205248, 82.676331094, 201.230716782, -0.63894559661, 3.29464646754, 58, 2019
N, 100, 0.9765817501371108, 3590.55400464, 24.4149878028, 149.761308657, -0.149776980606, 0.175079319448, 58, 2019
E, 100, 0.7365015359798319, 11146.0608153, 31.8125380765, 367.855045505, -0.82076837532, 0.122115898156, 58, 2019
Z, -100, 0.29524851444373507, 28436.242273, 134.837343202, 206.263818096, -1.92493584985, 3.24282911404, 142, 2019
N, 100, 0.5398402663844428, 6333.19229002, 40.4314234618, 149.237378512, 2.11076956147, 3.19769120814, 142, 2019
E, -100, -0.5337297642542287, 21041.6131445, 51.011600465, 394.252587722, 0.987490242716, 3.11773495201, 142, 2019
Z, -100, 0.018530840247529285, 21090.89832, 107.968223465, 184.937987462, 1.43991128883, 0.182878202069, 145, 2019
N, 100, 0.7638907805470156, 5256.58158216, 33.5491737746, 153.128566942, -0.711966004419, 0.0296861924346, 145, 2019
E, -100, -0.3026530773992274, 15943.1185195, 40.1756453096, 380.426924565, 1.14336678635, 3.00128536437, 145, 2019
Z, 100, -0.16472092015642917, 10792.0183172, 56.0748466032, 212.613183094, -1.15920397289, 2.86460504042, 148, 2019
N, 100, 0.6868905001196285, 2804.51355994, 19.5237751015, 160.749364798, 2.51363586883, 2.90686868696, 148, 2019
E, -100, -0.2168120283022053, 8166.12485136, 22.8565064682, 419.183325744, 1.60916840607, 3.46852608101, 148, 2019
Z, -100, 0.888386926214226, 18336.5094617, 60.9956040697, 316.065757913, 0.213219034863, 0.209860456546, 151, 2019
N, -100, -0.17654820687913692, 3759.87710686, 22.4470560001, 179.753056734, 1.28176916954, 3.26528152723, 151, 2019
E, -100, -0.9204136560014501, 16132.5406181, 27.3016721451, 603.026201976, 0.114674298922, 2.92358429056, 151, 2019
Z, -100, 0.574513570735299, 14840.9510899, 127.296479208, 103.216436389, -1.94208971653, 2.84194983484, 154, 2019
N, 100, 0.28416144305609076, 3405.96851486, 40.8255694944, 73.0468961469, 2.08776489917, 2.88400434246, 154, 2019
E, -100, -0.7186753818256498, 12961.5642886, 50.1578485289, 227.351710541, 0.922470337397, 3.33327400688, 154, 2019
Z, -100, 0.42890886809359746, 19135.1513245, 157.571694416, 109.227005958, 0.882844614685, 0.341818212906, 157, 2019
N, 100, 0.4706236010630719, 4321.39275365, 48.3256506233, 82.8890942914, 1.93381293163, 3.34103593217, 157, 2019
E, -100, -0.5689088065268638, 14484.0908212, 58.6440066062, 219.216450138, 0.770073544172, 2.92057532138, 157, 2019
Z, 100, -0.171152805283604, 13157.4359354, 119.325672754, 112.33048891, -1.21102301538, 2.93980987221, 160, 2019
N, 100, 0.84777071974087, 4088.22037577, 36.9121239307, 107.259567382, -0.178289934518, 0.33024336981, 160, 2019
E, -100, -0.16954259371103161, 12419.381904, 42.8294684042, 292.347499639, 1.57960459615, 3.35810206608, 160, 2019
Z, -100, 0.4672589212790518, 16255.1245558, 42.7153806786, 446.167463527, -1.80373668886, 2.83042624465, 163, 2019
N, 100, 0.4889584682521764, 4328.57551397, 17.3141489327, 275.652490235, 2.21315302213, 2.95588862272, 163, 2019
E, -100, -0.6053452860476604, 12717.0151366, 21.1327894978, 654.432342132, 0.620857176762, 2.90884519668, 163, 2019
Z, -100, 0.8636008058717453, 17904.3367699, 108.551483247, 160.479487219, 0.462409061749, 0.0828047907877, 166, 2019
N, 100, 0.11202680692287652, 4658.19434551, 32.2064995618, 148.93178035, 1.61565600992, 3.21088819269, 166, 2019
E, -100, -0.878277831639729, 15591.3140888, 43.5490526371, 358.765287055, 0.389985564039, 3.02092111911, 166, 2019
Z, -100, 0.5516414599282715, 21729.2365045, 143.967465488, 145.329873619, -2.08283739236, 3.06868424202, 169, 2019
N, 100, 0.4487450039780245, 4942.98440709, 42.1549804119, 113.572803294, 2.16796701232, 2.96026517206, 169, 2019
E, -100, -0.6905512722802571, 18643.0512451, 55.5191094168, 320.992159046, 0.893291457903, 3.25110851809, 169, 2019
Z, 100, -0.38101704633700195, 9252.50124477, 80.0926291245, 116.088894215, -0.652171053782, 2.59576726245, 175, 2019
N, 100, 0.7408113364469897, 2193.27463445, 26.0087613293, 77.5966404605, 2.35925567102, 3.20977567443, 175, 2019
E, 100, 0.05712967661475243, 6341.2251925, 30.3490348121, 219.027286612, 1.97683947415, 3.56547256079, 175, 2019
Z, -100, 0.9268572899930824, 10318.2917793, 115.42138968, 84.2452100829, 3.1247533745, 2.82346707344, 181, 2019
N, -100, -0.17220791456024795, 3516.08765802, 37.5446887533, 96.4507339578, 1.24224319347, 3.34051302327, 181, 2019
E, -100, -0.9057041869685527, 9015.42950641, 46.4743967462, 183.723525571, -0.0206751646945, 2.78832356831, 181, 2019
Z, -100, 0.593273010052343, 4283.87487908, 164.408073288, 24.1742490499, -2.29815508962, 3.23484786295, 184, 2019
N, -100, -0.05819059042755635, 1573.66615106, 49.6374205746, 27.0867125864, 1.20765028512, 3.54469782685, 184, 2019
E, -100, -0.8278960627045789, 3109.47556655, 62.2726236911, 46.5570919594, 0.4268030476, 2.97504566109, 184, 2019
Z, 100, -0.05314631877069006, 8964.24439778, 143.10961489, 66.5564952288, -1.35043162531, 2.94503898491, 187, 2019
N, 100, 0.6441439783158839, 943.504995092, 43.1589817681, 23.4730762389, 2.39002459849, 3.05423083354, 187, 2019
E, -100, -0.3377953048387996, 6622.10318371, 52.3503734901, 122.082221453, 1.54456968463, 3.57205204037, 187, 2019
Z, -100, 0.1858230185617153, 20314.4210131, 58.3604159491, 432.175263324, -1.22019649653, 2.5260758521, 190, 2019
N, 100, 0.4667930681815738, 4063.73323138, 21.7986685704, 213.54232512, 2.59547420908, 2.55171610998, 190, 2019
E, -100, -0.6684268307981991, 18057.9149343, 22.7692943494, 904.37881117, 1.02221576774, 3.40103306748, 190, 2019
Z, -100, 0.9882813722273545, 29520.5776594, 90.2801761913, 319.14523305, 0.112141410605, 0.0414826164512, 193, 2019
N, -100, -0.28482980158251814, 6333.72130614, 27.3511438388, 227.924710325, 1.30434048605, 3.11322020068, 193, 2019
E, -100, -0.9907110618218126, 22772.0784879, 37.2698028322, 608.447115777, -0.00371735229221, 3.02221855648, 193, 2019
Z, -100, 0.885192537041749, 25074.6499254, 137.024265721, 161.530510997, 0.199032417549, 0.296906429428, 196, 2019
N, -100, -0.1577015369477636, 6030.67356744, 39.3426179227, 136.714487076, 1.16133249131, 3.45739767816, 196, 2019
E, -100, -0.9140295056638644, 18859.8334407, 52.5735728096, 313.684903763, 0.0214322751384, 2.80255258059, 196, 2019
Z, -100, 0.3798308214055006, 17750.0826506, 132.800976554, 129.762109197, -1.82107686041, 2.9901209618, 199, 2019
N, 100, 0.35751915655792627, 3485.28407156, 38.7793983707, 85.6955189448, 2.12367618989, 2.89845277422, 199, 2019
E, -100, -0.6220567921458673, 13314.8276405, 50.7866192392, 252.211534561, 1.0406824426, 3.33541931201, 199, 2019
Z, -100, 0.20705629890521135, 23116.8727035, 92.62619123, 265.760886617, -1.68130870976, 3.04152117006, 202, 2019
N, 100, 0.48650443407383726, 4043.52954072, 28.2668319683, 147.425435566, 2.17604305543, 3.00644296046, 202, 2019
E, -100, -0.5360649842990733, 18890.921949, 35.0616143609, 556.691140923, 1.11969924624, 3.29585089333, 202, 2019
Z, -100, 0.5976112271064755, 21096.3408676, 36.7371975463, 708.968347968, -1.63222973289, 2.4855693556, 205, 2019
N, -100, -0.09221162839800796, 4045.85546056, 16.26118823, 282.462135427, 1.92651376086, 2.63576350637, 205, 2019
E, -100, -0.8559733077122829, 17617.8299461, 17.7336563561, 1149.69892955, 0.452891237394, 3.12171639071, 205, 2019
Z, 100, 0.9749134152052095, 31070.4232806, 88.310433971, 349.465922238, -0.29875645893, 0.182917523608, 208, 2019
N, -100, -0.6434552196220396, 5831.20820619, 30.0693113993, 195.356455063, 0.737461418211, 3.28772844384, 208, 2019
E, 100, -0.9413450696727195, 23527.7644133, 36.5128807671, 647.044248748, -0.43867043898, 2.95383742434, 208, 2019
Z, -100, 0.9786183872965728, 27134.1743262, 148.60477582, 170.143633415, 0.147344539397, 0.0592482483943, 211, 2019
N, -100, -0.3952507193441144, 4552.57944996, 45.0977692498, 97.6882161045, 1.11160309977, 3.21020145972, 211, 2019
E, 0, -0.9939061360123019, 19769.1200911, 56.6367821653, 330.324245007, -0.0658278399141, 3.06008804638, 211, 2019
Z, -100, 0.6012509062208056, 18460.5571314, 150.776860425, 121.498408447, -2.18452569253, 3.12650580725, 214, 2019
N, 100, 0.3107089874867529, 3654.3592806, 44.0631942316, 81.7627404204, 2.00935878964, 3.00231141975, 214, 2019
E, -100, -0.8041616070149318, 15940.3042151, 55.5315033546, 284.325915348, 0.721199400679, 3.24831346085, 214, 2019
Z, -100, 0.1578058112514858, 19781.3752876, 75.3733958265, 315.954190211, -1.30574216395, 2.71019658816, 217, 2019
N, 100, 0.4822415434980136, 4886.33274246, 23.7696684114, 236.018669269, 2.45087396793, 2.73167895958, 217, 2019
E, -100, -0.6587072547980216, 18061.6264604, 26.5017763252, 785.628300317, 1.13937913233, 3.5049161335, 217, 2019
Z, 100, 0.8580377153109642, 33132.2584553, 67.0711130725, 513.797860608, -0.665335316395, 0.340733617535, 220, 2019
N, -100, -0.6221179691618218, 6891.55211236, 20.6264236544, 330.978912086, 0.604371685224, 3.39802848083, 220, 2019
E, 100, -0.8194660054134506, 24021.8599932, 28.0621782026, 837.335231207, -0.737927660745, 2.85447547794, 220, 2019
Z, 100, 0.96762073716241, 16215.0747737, 117.533933478, 124.386282248, 2.91062126021, 2.92847324999, 223, 2019
N, -100, -0.09055079951519164, 2252.87560318, 33.9580032422, 61.4007229719, 1.34145064275, 3.32278869364, 223, 2019
E, 100, -0.9688291697627445, 9826.82691724, 44.9091168872, 203.579584251, -0.229448048911, 2.89826292336, 223, 2019
Z, -100, 0.5915896171088283, 16614.1477487, 123.033165265, 124.205436621, -1.94498744855, 2.70971527913, 226, 2019
N, 100, 0.5117869678092453, 3367.32326814, 34.744989788, 97.2208974052, 2.31714654246, 2.84709098543, 226, 2019
E, -100, -0.7347375594794715, 13716.3169377, 45.9011064529, 278.448726711, 0.892263563754, 3.49231567472, 226, 2019
Z, -100, 0.4442959120919369, 33044.6759099, 89.9951984494, 370.660350046, -1.87040368411, 2.9643342672, 229, 2019
N, 100, 0.528138922007429, 6840.30067224, 25.5002405589, 270.993242269, 2.30278221781, 2.91477967614, 229, 2019
E, -100, -0.7276196934353648, 26298.2330318, 34.0315128321, 762.778317865, 0.918054490538, 3.35313931512, 229, 2019
Z, -100, 0.28346203054813185, 30565.9102995, 36.1823113937, 1096.7581154, 1.68784455322, 0.564370884427, 232, 2019
N, 100, 0.13332713319572942, 5985.0743171, 12.1957661121, 589.795169414, 2.14514076113, 2.5783931303, 232, 2019
E, -100, -0.7791619822165976, 24211.6137233, 13.0890511635, 2232.51024794, 0.833595544471, 3.47512035323, 232, 2019
Z, 100, 0.7399318951483147, 20565.4685831, 62.2635873347, 338.306495701, -0.985556076707, 0.482508770546, 235, 2019
N, -100, -0.8075700308140603, 5018.37728034, 22.0104640839, 234.407253124, 0.264785024763, 3.48820067594, 235, 2019
E, 100, -0.6494039162313748, 15601.7943589, 25.2423835647, 616.711576042, 2.09909413314, 0.319515533061, 235, 2019
Z, 100, 0.9923596037341865, 22720.426017, 120.414895749, 178.711679722, -0.0961081324139, 0.00710305702038, 238, 2019
N, -100, -0.4013056978866278, 5376.45870298, 37.3284754855, 135.634845872, 1.23652696919, 3.0255475739, 238, 2019
E, 100, -0.958052893963827, 18509.0042782, 45.6375749594, 377.90365351, -0.232012166739, 3.20419963556, 238, 2019
Z, -100, 0.8477013569345274, 27842.7995507, 138.999335451, 192.375484197, -2.50129476856, 2.99686853408, 241, 2019
N, 100, 0.03883093150004794, 5694.3699707, 39.962570388, 140.526441804, 1.67997814081, 3.04124709591, 241, 2019
E, -100, -0.9586876671002269, 22406.757325, 49.6879630667, 436.063969418, 0.344950490119, 3.26191739438, 241, 2019
Z, -100, 0.4342400189610543, 32752.7030767, 81.3099889396, 469.483411398, -1.8419927295, 2.90013376208, 244, 2019
N, 100, 0.4387682229170688, 6505.0084544, 23.1008916643, 321.067835027, 2.23450497587, 2.85068201454, 244, 2019
E, -100, -0.76483716051723, 25567.9952347, 28.6573138376, 1018.83609982, 0.885116228728, 3.49225256685, 244, 2019
Z, -100, -0.08248114464899281, 19215.0314464, 53.3834802657, 336.516341309, 1.08586323971, 2.48137028302, 247, 2019
N, -100, -0.853339217689643, 3586.91617929, 15.3269641745, 235.824695942, -0.616759833896, 3.89388448561, 247, 2019
E, 100, -0.021430636985440947, 12970.825525, 20.5507837045, 626.077499298, 1.21925873267, 0.48082905711, 247, 2019
Z, 100, 0.8276332602844518, 13990.0645036, 99.6949218409, 128.00320639, -0.541865177151, 0.00632955600684, 250, 2019
N, -100, -0.7793171686876151, 3283.34804381, 28.851110528, 104.61873831, 0.765312632605, 3.03131649121, 250, 2019
E, 100, -0.5892442691121811, 11735.8023544, 38.3493773447, 272.183491319, 2.29471483199, 0.0748294148847, 250, 2019
Z, -100, 0.9864905114036432, 17228.2917436, 105.650329288, 153.395892762, 0.0877491276837, 0.0440524976671, 253, 2019
N, -100, -0.4696670979418892, 3103.72689968, 29.4492411391, 94.9800269298, 0.957766177519, 3.29803265722, 253, 2019
E, 100, -0.9603516966120942, 11804.1708887, 38.5557711471, 294.578833029, -0.283979795819, 3.08899567501, 253, 2019
Z, -100, 0.7044704857787997, 22717.7998179, 76.210131186, 303.479092924, -2.21916405576, 2.92282516087, 256, 2019
N, 100, 0.28839458452479244, 4445.82303761, 19.8617165272, 222.499025145, 2.16171069954, 2.71283097682, 256, 2019
E, -100, -0.8801738927347311, 19264.8912195, 27.5369620634, 686.990858578, 0.624264803951, 3.45480762864, 256, 2019
Z, 100, -0.006464295277005957, 20950.0965048, 31.142668063, 975.058843942, -1.08359636413, 2.61077451485, 259, 2019
N, -100, -0.329631126426724, 3989.46755127, 5.85049753013, 877.627354787, 1.91059317381, 2.10410283041, 259, 2019
E, -100, -0.5965659719821185, 17671.6430868, 10.1707295862, 2545.43803503, -1.94827988764, 0.927951869753, 259, 2019
Z, -100, -0.295244168276858, 25175.475725, 56.5975419115, 414.109006145, 1.11112669162, 2.83457797032, 262, 2019
N, 100, -0.9484956277352701, 4895.25083294, 19.1418997751, 256.150654033, -0.396242124789, 3.44535699098, 262, 2019
E, -100, 0.3233798764698313, 20210.3120627, 21.5708580455, 907.033982228, 1.03199021272, 0.276275846142, 262, 2019
Z, 100, 0.6122170002609932, 12836.0536736, 103.251610732, 107.336915779, -0.752714116945, 0.0896999833519, 265, 2019
N, -100, -0.7095251231823866, 2956.75032805, 32.1259055977, 82.3388594532, 0.941543065645, 2.92480564287, 265, 2019
E, 100, -0.5306103918230297, 11808.1389475, 38.7318147499, 270.05089541, 2.32408295377, 0.209517756535, 265, 2019
Z, -100, 0.8871019811960297, 15308.4419317, 75.8493678976, 208.047993639, 0.48580053776, 0.00551171010238, 271, 2019
N, 100, 0.30246048085755045, 3423.92277005, 19.9711559545, 178.483079314, 1.88260422301, 3.04998876041, 271, 2019
E, -100, -0.9539363342771519, 13261.5300739, 24.5960440332, 583.657078905, 0.25805989448, 3.3028355156, 271, 2019
Z, 100, 0.5219997644620927, 43748.3566301, 117.019031558, 339.944080445, -1.09087875221, 0.146201279993, 295, 2019
N, -100, -0.2693597600819093, 5826.34205411, 34.413360935, 161.366831249, -1.8273609273, 0.00475083697106, 295, 2019
E, 100, -0.22914573223215087, 32174.2914036, 43.6839108454, 680.880634912, 1.77783130409, 0.0377844002763, 295, 2019
Z, 100, 0.9173005289357772, 22405.401183, 74.4706381498, 316.583114977, -0.322147653599, 0.148027151758, 298, 2019
N, -100, -0.11342294475091882, 3073.63002069, 19.5571041149, 155.850391847, -1.61827713021, 0.14344524566, 298, 2019
E, 100, -0.6338829430155967, 15626.6216274, 24.8308893217, 660.465905852, 2.29442961394, 0.1184396229, 298, 2019
Z, -100, -0.40427164142094235, 25423.4796041, 132.353270567, 162.217727455, 0.942977856812, 2.85939719127, 304, 2019
N, -100, -0.9157638429207107, 3535.03585889, 37.7375215022, 84.9699970141, -2.92335743533, 0.178665650724, 304, 2019
E, -100, 0.45632382866001553, 16848.0876052, 47.7675419801, 314.710926498, 0.939743092721, 0.160479178437, 304, 2019
Z, 100, 0.7318911463203577, 40574.8647332, 80.1911576774, 524.827429298, -0.513756837816, 0.257004354832, 310, 2019
N, -100, -0.33519019968530367, 5425.33679818, 22.2707092977, 262.579235492, -1.68398439342, 0.293702886872, 310, 2019
E, 100, -0.33172565735509274, 28609.997301, 31.082704339, 956.004365993, 2.09652953827, 0.268965988954, 310, 2019
Z, 100, 0.0625254860989887, 32020.736707, 24.9280214326, 1427.84013304, -3.37190231071, 1.74279416916, 313, 2019
N, 100, -0.7514181621064562, 3907.63944034, 11.3784401593, 384.265789766, -1.09661096232, 2.34113818596, 313, 2019
E, -100, 0.4257416808571013, 21502.2605896, 13.7973432163, 1859.01930829, 0.367956685995, 0.660911197521, 313, 2019
Z, -100, -0.5787938366518957, 32308.8049164, 85.5431383519, 357.882983554, 1.03562871252, 3.0217852472, 316, 2019
N, -100, -0.6039345505710593, 3735.24550242, 29.2910893927, 115.940513281, 1.10984354587, 3.52786160075, 316, 2019
E, -100, 0.7654043964691691, 23701.320841, 35.1466633272, 636.904619575, 0.744616342947, 0.0822625055286, 316, 2019
Z, -100, -0.3527897603080398, 49146.5166538, 140.146311442, 328.445280574, 1.22912649062, 3.13024171022, 319, 2019
N, -100, -0.8980387091479315, 7547.01792208, 42.7635608298, 173.723102863, -2.68428423765, 0.0139256453396, 319, 2019
E, -100, 0.6361724965343581, 38213.1153694, 51.5866100574, 706.869378107, 0.855816327157, 0.0278369467565, 319, 2019
Z, 100, 0.06887806961416519, 53849.921251, 143.463427464, 357.391762931, -1.4876082053, 0.0100748345317, 322, 2019
N, -100, -0.6546518130881994, 7906.72304678, 41.9217890855, 178.792204616, -2.28299026968, 0.028449967684, 322, 2019
E, -100, 0.3245104944814585, 35801.2479781, 52.4407793392, 667.072401736, 1.30718330746, 0.0852938982479, 322, 2019
Z, 100, 0.44558769307486484, 49704.0290175, 91.8773653146, 568.372954645, -0.946797584769, 0.191208037999, 325, 2019
N, -100, -0.30255169863109793, 7040.53785035, 26.2737221889, 300.26910565, -1.69781491266, 0.263322968687, 325, 2019
E, -100, 0.0931191581473633, 37277.1045331, 35.8169066623, 1093.45068571, 1.6505615627, 0.232200575114, 325, 2019
Z, -100, -0.6047360416457296, 26851.6533004, 62.5353796085, 504.333120976, -0.115162356063, 3.98796717329, 328, 2019
N, 100, -0.7923394448484273, 3507.30071028, 20.4634119958, 186.2935721, -1.11694445916, 2.47120267059, 328, 2019
E, -100, 0.7781639171736278, 21471.2544143, 28.7923463957, 812.989699058, -0.0520281813989, 0.58018755265, 328, 2019
Z, -100, -0.5535530716458178, 23682.1459758, 139.597351866, 153.67219338, 1.07419489922, 3.00555141503, 331, 2019
N, -100, -0.9654647201054397, 3690.47814867, 41.5665218646, 78.0161710451, -2.90311172555, 0.23761274434, 331, 2019
E, -100, 0.8288160296901751, 18205.8193323, 53.475303964, 317.574380942, 0.591565218425, 0.0179353983164, 331, 2019
Z, -100, -0.15788545162722611, 34678.5679601, 157.765545674, 207.581043169, -1.6140014803, 0.13184625286, 334, 2019
N, -100, -0.9616755468431492, 3898.11704166, 45.3024585953, 82.7304614002, -2.93086499432, 0.0644618464074, 334, 2019
E, -100, 0.522033383584142, 22027.3821492, 56.7326065825, 376.756137774, 1.1071313344, 0.113395927328, 334, 2019
Z, 100, 0.1773179745973911, 43141.449596, 113.44557591, 382.44231768, -1.26944133011, 0.131459263128, 337, 2019
N, -100, -0.6567508761825361, 4300.9913273, 32.1433917008, 137.545304051, -2.11718774442, 0.186645275217, 337, 2019
E, -100, 0.2935624026909352, 29147.4478854, 44.0177335063, 675.573058445, 1.46775823838, 0.262683269912, 337, 2019
Z, 100, 0.012372600628565846, 39967.1675499, 54.4736218539, 856.719711933, -1.25986237989, 0.369410169482, 340, 2019
N, -100, -0.8041185229751555, 3926.48736334, 15.4561931443, 256.276470419, -2.88875289978, 0.12207282182, 340, 2019
E, -100, 0.6143777849174248, 28436.3615251, 23.9031554233, 1295.65516906, 1.02173676983, 0.200213085811, 340, 2019
Z, -100, -0.834614948405011, 27746.9232606, 80.6407315785, 387.418587519, 0.307962412173, 3.41627803798, 343, 2019
N, -100, -0.8950109994303292, 1445.21481993, 28.657187795, 48.2383289051, -0.0803381214134, 2.71948782965, 343, 2019
E, -100, 0.9840836395606124, 21293.1586773, 35.2295822515, 650.724739914, -0.0333704232745, 0.153582427218, 343, 2019
Z, -100, -0.724772781041778, 27019.3880998, 144.697078399, 175.949544557, 0.672328588496, 3.21024590494, 346, 2019
N, -100, -0.9367783259359446, 3174.54851455, 45.782778369, 63.36603712, -2.77083360798, 0.213707828205, 346, 2019
E, -100, 0.9310671716069198, 23624.5680975, 55.9987643419, 396.109175822, 0.177318145958, 0.0944474081117, 346, 2019
Z, -100, -0.3906801483352431, 40614.6547177, 169.136994816, 223.102656391, -1.96918933767, 0.0244997481007, 349, 2019
N, -100, -0.8564463148295691, 4257.57133514, 49.8622253406, 77.488596322, -2.62840264648, 0.0456388804796, 349, 2019
E, -100, 0.7663718218677369, 30860.079138, 60.6971926754, 474.097114288, 0.673331180474, 0.0314488763874, 349, 2019
Z, -100, -0.14174891215486296, 18368.7985287, 122.500983277, 147.66839793, 1.48852167499, 3.1658820608, 352, 2019
N, -100, -0.8502992106891253, 659.357400887, 35.2773227924, 20.5686411075, -2.70658295271, 0.219716700589, 352, 2019
E, -100, 0.5927127848325261, 13112.3120004, 46.7497715716, 293.159959588, 1.07874780448, 0.200895778305, 352, 2019
Z, -100, -0.542096186434932, 23549.6117607, 51.6252314274, 517.336330973, -0.34196814039, 4.3983900439, 355, 2019
N, -100, -0.5055146761365227, 1682.89012027, 17.8107788849, 89.708690644, 1.21427803964, 3.3158669117, 355, 2019
E, -100, 0.889699759524391, 16852.9980162, 26.0394524352, 697.498881975, 0.358731816668, 0.00467773209836, 355, 2019
Z, -100, -0.7766622647410093, 25428.4471039, 126.753469169, 198.946766869, 0.66448085992, 3.15809759628, 358, 2019
N, -100, -0.92694433756584, 3614.74068181, 38.8512726466, 102.161304592, 0.193078422871, 2.97207233035, 358, 2019
E, -100, 0.951206585928925, 18615.212009, 51.2968396907, 340.744559682, 0.302897857688, 0.050451852215, 358, 2019
Z, -100, -0.5476604714315568, 29488.0969376, 164.621607374, 172.617618895, 1.00604109636, 3.1291040209, 361, 2019
N, -100, -0.9665398047594324, 2323.21696331, 48.4909916502, 45.2140283513, -3.02991416549, 0.1015945804, 361, 2019
E, -100, 0.8843972211895704, 21609.4553517, 60.60765683, 354.221504599, 0.432696143665, 0.0412790350652, 361, 2019
Z, -100, -0.20749302188102453, 33757.2893441, 141.294079636, 236.971992006, -1.67464764914, 0.109310860721, 364, 2019
N, -100, -0.9430158482005458, 3443.30392918, 40.0445955092, 89.3476354925, -2.74884370551, 0.127354443565, 364, 2019
E, -100, 0.6886729859706725, 24571.5031292, 51.1201855565, 468.944620274, 0.88501355354, 0.0954198485587, 364, 2019
