Chan, Phase Shift, Correlation, ptp-data, ptp-synthetic, rat, phasem, phasestd, DOY, Year
Z, 100, 0.9998210599644819, 67.93917323, 67.6913355225, 1.0044528139, -0.0474971334111, 0.0300126526394, 1, 2019
N, 9, 0.9986828547630419, 35.3467161767, 39.3112925746, 0.875940610508, 0.0182456595825, 0.0367590570996, 1, 2019
E, 100, 0.9964201712630607, 54.2490102733, 55.4578977447, 0.949204795236, -0.145296189781, 0.0482892683523, 1, 2019
Z, 100, 0.9998760195096423, 100.286952067, 98.1675928785, 1.01375283707, -0.00405003931993, 0.0142054070772, 4, 2019
N, -100, 0.9976448306206173, 48.9548686452, 57.2413741075, 0.875308257943, 0.0599160534665, 0.0458722835326, 4, 2019
E, 100, 0.9989578953944465, 82.8655325237, 83.3107500192, 1.01080333179, -0.0757909199216, 0.0289468124779, 4, 2019
Z, 100, 0.9997585795340117, 111.343377388, 108.208392172, 1.02582340654, -0.0437273521075, 0.0201711213539, 7, 2019
N, -100, 0.9994601225110936, 51.6138435462, 62.6135811449, 0.820943487183, 0.0428926804256, 0.0246741468567, 7, 2019
E, 100, 0.9996627098662368, 93.273899708, 93.5440166515, 0.996085825618, 0.230861387325, 1.34500183476, 7, 2019
Z, 100, 0.9998574232499486, 94.3225183996, 92.6001803238, 1.01900414143, -0.0379474430227, 0.00842782042225, 10, 2019
N, -100, 0.998997550833127, 43.12366848, 53.2560249513, 0.812416733792, 0.064436576194, 0.0201775818974, 10, 2019
E, 0, 0.9999314629614088, 80.3089299771, 81.9451051387, 0.980052101229, -0.00125692976988, 0.00897811163512, 10, 2019
Z, 100, 0.9997583946561407, 60.2041227764, 59.8775683453, 1.01036817815, -0.0430757439202, 0.0187886291427, 13, 2019
N, 100, 0.9994890751553318, 27.977898384, 34.2967196668, 0.820197964322, 0.0187870750091, 0.0264137665154, 13, 2019
E, 0, 0.9995970371227051, 49.8005633397, 53.7528771811, 0.924571701412, 0.0554197359567, 0.031360162514, 13, 2019
Z, 100, 0.9994133366617168, 57.3163301041, 56.6543462344, 1.00590988399, -0.0328123287932, 0.0193476674641, 16, 2019
N, 97, 0.9962663141014741, 28.7539785479, 31.789989376, 0.866816525186, 0.441271407531, 1.21780013958, 16, 2019
E, 100, 0.9944410462509694, 44.0404812649, 46.2806324964, 0.911803425143, -0.159986177606, 0.0841620352181, 16, 2019
Z, 100, 0.9996836374089138, 107.436390906, 108.351626006, 0.99821188063, -0.0303963131121, 0.0111626126032, 19, 2019
N, -100, 0.99908676149252, 52.4030864588, 61.2504634886, 0.876923648734, 0.0340069007987, 0.034220561627, 19, 2019
E, 100, 0.9991141529444518, 88.5333225841, 90.5196517642, 0.972297390549, -0.0342093772453, 0.0166840460406, 19, 2019
Z, 100, 0.9991264833146251, 138.473023037, 136.88165726, 1.00268239457, -0.0723682185739, 0.0331513852624, 22, 2019
N, -100, 0.9992251783123552, 65.0836080558, 76.8298019485, 0.840253469455, 0.068481151025, 0.0519690338056, 22, 2019
E, 100, 0.9999830736484316, 113.640992002, 116.044637694, 0.978342627374, -0.0237132562646, 0.0090107194769, 22, 2019
Z, 100, 0.9996646371574683, 118.03364692, 115.884354963, 1.02584352168, -0.0486108375604, 0.0182524483528, 25, 2019
N, -100, 0.99873491058295, 56.3919330731, 65.0876717007, 0.877167397999, -0.0140883550999, 0.0438341419001, 25, 2019
E, 100, 0.9996903904275142, 98.5757507951, 101.017253099, 0.975822712861, -0.0361149773468, 0.0115679651467, 25, 2019
Z, 100, 0.9985874702144345, 60.5789492325, 60.6931994024, 0.992430060146, -0.0807514308046, 0.0160540276391, 28, 2019
N, 100, 0.9944663077052458, 25.9259584833, 35.0609160192, 0.75501857286, 0.0112000048568, 0.0622409640054, 28, 2019
E, 100, 0.9995486424327441, 50.4657881959, 53.318587152, 0.936077742775, -0.0140547717959, 0.0163350288576, 28, 2019
Z, 100, 0.9997540631155554, 64.2191356473, 62.7608756529, 1.02670343882, -0.0659495049349, 0.0331814261264, 31, 2019
N, -87, 0.9998145252980953, 32.4799169356, 36.9971911977, 0.881282398212, -0.00419796209539, 0.0272765903013, 31, 2019
E, 100, 0.9968627567347309, 49.1816617284, 50.9702622674, 0.940738041684, -0.0865277560171, 0.0347981401198, 31, 2019
Z, 100, 0.9997547315731955, 100.946184917, 99.3244863035, 1.01388696645, -0.041608470156, 0.0123886711566, 34, 2019
N, -100, 0.9996911653350369, 50.8559842969, 58.2575552004, 0.865179287283, 0.0186730839519, 0.0124656150824, 34, 2019
E, 100, 0.9989406968467777, 83.7741957222, 84.693681504, 0.986107634183, -0.0721514374295, 0.0149034555923, 34, 2019
Z, 100, 0.9993235544720688, 115.725821605, 114.341148863, 1.01723996873, -0.0725613967117, 0.0361630162004, 37, 2019
N, -100, 0.999357876127403, 56.3288542578, 66.2903463161, 0.848677405406, 0.0618133732552, 0.0292982166356, 37, 2019
E, 100, 0.9998943858431362, 98.6038658412, 99.0586713803, 0.998247829779, 0.269535720357, 1.33525796979, 37, 2019
Z, 100, 0.999819788931952, 101.293253413, 101.200826833, 1.01018513786, -0.0368593509801, 0.011076993191, 40, 2019
N, -100, 0.9991071319111285, 47.5819551594, 57.9217443857, 0.823490326982, 0.044131271574, 0.0199012696896, 40, 2019
E, -6, 0.9997127388358893, 84.8885977642, 89.0818575907, 0.959116131134, 0.0304817970368, 0.0184945584608, 40, 2019
Z, 100, 0.9994972181569604, 64.0486595572, 64.4668813356, 0.995710804233, -0.0519175976511, 0.0187725536141, 43, 2019
N, -100, 0.9995139091227723, 29.7288109313, 36.368935523, 0.821793814042, 0.0415117513813, 0.0217452031884, 43, 2019
E, 0, 0.9998844479659942, 51.7296027476, 56.9739289753, 0.908692064592, 0.0252809525635, 0.0147328079388, 43, 2019
Z, 100, 0.9993585215379477, 63.6452107413, 63.4756282113, 1.00174045302, 0.0451044012302, 0.0467750835374, 46, 2019
N, 59, 0.9970603227933975, 31.9434592898, 35.7020444371, 0.858069279163, 0.101984034346, 0.126672633808, 46, 2019
E, 100, 0.9964113066215124, 48.3971880503, 50.332855259, 0.926508493336, -0.116802733605, 0.0597918513685, 46, 2019
Z, 100, 0.9999359187073363, 124.802686043, 124.399025302, 1.00733264626, -0.0182745602435, 0.00672777985831, 49, 2019
N, -100, 0.9995221741872654, 61.2482451879, 70.437628174, 0.867692793978, 0.0524968087973, 0.0083211971962, 49, 2019
E, 100, 0.9996143610656557, 100.785490796, 104.698310995, 0.967184094283, -0.0554705220565, 0.00968254447989, 49, 2019
Z, 100, 0.9997311987116433, 147.886387281, 147.532761757, 0.997558732846, -0.00759257277035, 0.0151945749838, 52, 2019
N, -100, 0.9994675021627294, 70.5944737924, 83.2404255092, 0.856967471132, 0.0392871405544, 0.0173075465408, 52, 2019
E, 100, 0.9998405111217984, 123.771075134, 125.651075403, 0.981190969528, -0.0339830749872, 0.0100422950987, 52, 2019
Z, 100, 0.9997307043459907, 111.964633336, 109.888671202, 1.01753263117, 0.249941402386, 1.33845208745, 55, 2019
N, -100, 0.9992276928226691, 51.8421002227, 62.4620092464, 0.830857930612, 0.0552927706412, 0.0215110553098, 55, 2019
E, 0, 0.9999578340794695, 93.1599025919, 96.5860045794, 0.966287624905, -0.00660050156506, 0.00426003157403, 55, 2019
Z, 100, 0.9937968761431123, 41.7766178178, 44.3021517372, 0.948795410222, 0.146785572899, 1.34178055264, 58, 2019
N, 43, 0.9979724038620702, 20.2932654589, 25.8689891885, 0.799187302337, -0.02584695442, 0.0341610551158, 58, 2019
E, -100, 0.9970144047367722, 38.8563066077, 39.1078243529, 0.978962649994, -0.0124948816568, 0.0292914626005, 58, 2019
Z, 100, 0.9997427031168652, 124.87584944, 124.639040916, 1.00183506455, -0.0404497914365, 0.0194564322288, 139, 2019
N, 0, 0.9996119849106461, 62.9261388999, 72.3979395357, 0.867699629188, -0.0237913352755, 0.0260962656046, 139, 2019
E, 100, 0.9996861657747838, 106.415656104, 107.400480543, 0.981126565218, -0.0546479813014, 0.0227518224617, 139, 2019
Z, 100, 0.9994982242531502, 97.0754874333, 96.933790361, 0.989414242433, -0.0104373904002, 0.0189791432767, 142, 2019
N, -100, 0.9994031432371406, 48.2896222632, 57.1272786815, 0.852976040258, -0.00892978085325, 0.0233688982785, 142, 2019
E, 100, 0.9998226499169901, 86.526597265, 86.7856688307, 0.995019587304, -0.0259808500918, 0.00937485916152, 142, 2019
Z, 100, 0.9988610162746279, 52.7474903815, 53.5202543402, 0.985658616115, -0.0725651597669, 0.0206903832265, 145, 2019
N, -100, 0.9903059748417864, 25.2677555667, 31.1101660484, 0.825486227332, 0.104579099671, 0.0978822626245, 145, 2019
E, 25, 0.9986834154739257, 47.9639951729, 47.3910672939, 1.01172619218, -0.0865427241446, 0.0510694974341, 145, 2019
Z, 100, 0.9997378374531479, 51.371899328, 50.7026810511, 1.00396481627, -0.0175215644042, 0.0238140129731, 148, 2019
N, 100, 0.9981539897932534, 25.7416512388, 29.4637406652, 0.880082545515, -0.142509263827, 0.0914683477356, 148, 2019
E, 100, 0.9984327359522542, 38.6471184084, 41.8099314991, 0.921046105619, -0.0797341080672, 0.0226014022788, 148, 2019
Z, 88, 0.9999393468602437, 94.7678658416, 94.9742456853, 0.9914997557, -0.0356993249825, 0.0206521998435, 151, 2019
N, -7, 0.9999065244348315, 47.2315365023, 54.4854473746, 0.862112594147, -0.0434521263195, 0.0336547338914, 151, 2019
E, 100, 0.9995483520916932, 75.6844988351, 79.5528166836, 0.947184077589, -0.0339727763391, 0.0163793339624, 151, 2019
Z, 100, 0.9997843532767726, 120.661651265, 119.86106461, 1.00576458693, -0.00795131847999, 0.0116185208372, 154, 2019
N, -55, 0.9999106286550534, 59.3305928424, 68.2240767905, 0.866054730437, 0.00656263590529, 0.00784033235527, 154, 2019
E, 100, 0.999317072720674, 100.369604876, 102.967170484, 0.95828371912, -0.0396195744234, 0.0312828918574, 154, 2019
Z, 100, 0.9997208426553295, 111.751605422, 108.900532138, 1.01738604907, -0.0260072868869, 0.0116894306025, 157, 2019
N, -100, 0.9984674645110317, 53.1248104413, 61.8800484623, 0.864403013599, -0.021889362076, 0.0587754776261, 157, 2019
E, 100, 0.9998890113496073, 93.678600021, 95.1681934498, 0.98778258413, -0.015214069757, 0.00758551972641, 157, 2019
Z, 100, 0.999477246574539, 73.0372201583, 72.2153765374, 1.0132772904, -0.0230945235953, 0.0132961599909, 160, 2019
N, -66, 0.9995711019470389, 31.2016927932, 39.6920441812, 0.76491318373, -0.324444557872, 1.32667755779, 160, 2019
E, 59, 0.9996946532710633, 59.4743753005, 61.1495500869, 0.965343966631, -0.0329744417162, 0.0182028476194, 160, 2019
Z, 100, 0.9993398647159382, 74.4568664157, 72.3381881792, 1.02208406461, -0.0536329453582, 0.0698457931706, 163, 2019
N, 47, 0.9996855857162372, 36.3052037916, 41.2341777991, 0.864184096889, -0.012252653236, 0.0316243830847, 163, 2019
E, 100, 0.998972099266754, 57.2924631194, 59.4009308915, 0.96766100379, -0.00659925158797, 0.0651052829175, 163, 2019
Z, 100, 0.9997898326407043, 104.459765753, 102.572548362, 1.01466163348, -0.0312133226438, 0.0110390369359, 166, 2019
N, -32, 0.9998848717670702, 51.5590821284, 59.5439002438, 0.869616515024, -0.0209499272297, 0.027095344968, 166, 2019
E, 100, 0.9994204370032768, 86.2288682272, 86.6930703815, 0.983833067797, -0.0276632143591, 0.0189267219307, 166, 2019
Z, 100, 0.9995177979395343, 109.993096444, 107.366281453, 1.02993901277, -0.0457517417146, 0.0266337479265, 169, 2019
N, 0, 0.9998277121166075, 53.1325542837, 63.2228069249, 0.847564030211, -0.0242837259288, 0.0255920411751, 169, 2019
E, 100, 0.9996812300334015, 92.9185336165, 93.7147061875, 0.985330320043, -0.0523249105941, 0.0220051456623, 169, 2019
Z, 100, 0.9998944201312974, 87.0138422375, 86.2648064903, 1.00201337519, 0.278154761104, 1.33376448375, 172, 2019
N, -75, 0.9995429073834824, 43.332648365, 50.8462782434, 0.852790346536, -0.0197242797158, 0.0160408909891, 172, 2019
E, 100, 0.9991474568008363, 75.6021798525, 77.0996903278, 0.97761725058, -0.0608085496751, 0.0139410037385, 172, 2019
Z, 100, 0.9997310789634809, 54.6080968168, 54.2398244414, 1.00694600156, -0.00859278425395, 0.0141816855896, 175, 2019
N, -86, 0.9979850932196173, 24.5489631956, 31.1229105012, 0.791493093261, 0.0665797327045, 0.0687907939786, 175, 2019
E, -16, 0.999309281880595, 46.0146150722, 47.2807303794, 0.977808051624, -0.0207610695044, 0.0342177538369, 175, 2019
Z, 100, 0.9992293951111908, 54.579616394, 54.5272693549, 1.0038924234, -0.0965819242677, 0.0605292632119, 178, 2019
N, 100, 0.9974640461531014, 28.6384330067, 30.9839168964, 0.901823518071, -0.0712772078648, 0.0764229044747, 178, 2019
E, 100, 0.9997119227919437, 43.4666469103, 45.4752968562, 0.974560725214, -0.0041499338079, 0.0361136525707, 178, 2019
Z, 100, 0.9993844474498421, 96.4671242364, 96.1962262521, 0.992994118926, -0.0372358713395, 0.0203313162619, 181, 2019
N, -41, 0.9997681195493524, 46.6030015887, 54.5986801349, 0.867949638098, 0.00910226742842, 0.0142539571159, 181, 2019
E, 100, 0.9993716518025972, 79.3798847298, 80.5543518289, 0.973615854005, 0.026703702169, 0.0525216521978, 181, 2019
Z, 100, 0.9998172298907929, 121.801705304, 120.037951569, 1.01442778428, -0.0269827153993, 0.0117429776482, 184, 2019
N, -78, 0.9997773577002781, 60.4920260742, 68.2057478984, 0.880076515302, 0.00932524283242, 0.00862850803039, 184, 2019
E, 100, 0.9992748299750478, 101.531556236, 103.13544583, 0.962613100541, -0.0671880391391, 0.0379465751216, 184, 2019
Z, 100, 0.9998899302275861, 108.973065081, 108.781054474, 0.996170236803, -0.0131903879824, 0.0182470906282, 187, 2019
N, -100, 0.9971891726062414, 52.9535579013, 61.6415462389, 0.861001626599, 0.0481281298548, 0.0439460169896, 187, 2019
E, 91, 0.9997321219540237, 93.0995795478, 94.5021901559, 0.979920751227, -0.0376504363354, 0.008035126793, 187, 2019
Z, 48, 0.9998804728613998, 73.7670982933, 73.694729879, 0.998508675685, -0.0281042679438, 0.0111030323417, 190, 2019
N, -66, 0.9993530056973268, 31.548574561, 40.4988628654, 0.78784595225, 0.0634120705576, 0.0272265791019, 190, 2019
E, 75, 0.9995165223322156, 57.3487732831, 61.4061319069, 0.940708365267, 0.0140974561653, 0.0307343201675, 190, 2019
Z, 100, 0.9997812861846413, 66.506858037, 66.4266445841, 0.989586356577, 0.013379007459, 0.0116709416648, 193, 2019
N, -100, 0.9974659175614365, 35.4937541776, 38.5213185532, 0.877930737397, 0.119151642854, 0.0598227900072, 193, 2019
E, 100, 0.9988710373468752, 52.1703852889, 54.5905608452, 0.962006111744, -0.0650182263081, 0.0311232672118, 193, 2019
Z, 100, 0.9996685039446261, 96.546767053, 95.1690619353, 1.00247327481, -0.0487578744087, 0.0129988748803, 196, 2019
N, -100, 0.9968643657061335, 48.9407362207, 55.8825149873, 0.902395370759, 0.0887242487764, 0.0354306969121, 196, 2019
E, 100, 0.9991494720242329, 80.3729291984, 81.0609875938, 0.971694334749, -0.00144923770097, 0.0423585903366, 196, 2019
Z, 100, 0.9995042062184729, 105.392421893, 103.876892022, 1.02067568244, -0.0641754520004, 0.0363659648949, 199, 2019
N, -100, 0.9990912053343978, 51.7808853501, 61.2547547328, 0.858769218681, 0.0176354803207, 0.0292326228809, 199, 2019
E, 100, 0.9992677865742651, 89.6638200673, 90.8801145389, 0.987395346908, 0.213242346851, 1.34692137055, 199, 2019
Z, 100, 0.9997032455083656, 89.1739424496, 88.9443344024, 0.992144454084, -0.0387720603324, 0.0178656076173, 202, 2019
N, -100, 0.9989907559608975, 42.24507172, 52.02612761, 0.826757857053, 0.0753442739692, 0.0266237172677, 202, 2019
E, 100, 0.9993555433373259, 76.6170226917, 78.7633386819, 0.966561934559, -0.0822633712249, 0.0341484084227, 202, 2019
Z, 100, 0.9996403462108853, 60.9652896053, 59.6020053823, 1.02175809002, -0.010446152799, 0.0166614507182, 205, 2019
N, -100, 0.999431926171163, 25.5350531593, 33.6353855094, 0.761309540205, 0.00674768333696, 0.0413850638586, 205, 2019
E, 41, 0.9995803032358195, 48.781883172, 51.7364879891, 0.936026469502, -0.00729652498536, 0.016734991525, 205, 2019
Z, 100, 0.9998165184141588, 56.6209935306, 56.0673845387, 1.01750762924, -0.0187677936151, 0.0170742711766, 208, 2019
N, 100, 0.9956320992758984, 29.3131343602, 31.415260515, 0.89461870385, -0.011039724329, 0.0659492665162, 208, 2019
E, 100, 0.9980800015164137, 41.5760302224, 45.8875304995, 0.921489822749, -0.0429473364118, 0.053594732312, 208, 2019
Z, 100, 0.9996030206919629, 107.431967242, 104.816050552, 1.02155105569, -0.014664598664, 0.0174399458784, 211, 2019
N, 9, 0.9990380400801581, 52.5914708266, 59.4136463756, 0.902745117109, -0.0743996413776, 0.0698747404046, 211, 2019
E, 100, 0.999199323647377, 83.6773849562, 87.7826500185, 0.941482650235, -0.0180610720337, 0.0386802773496, 211, 2019
Z, 100, 0.9995292232075071, 132.718557979, 131.613149144, 1.01575300402, -0.0597727730145, 0.0375078839653, 214, 2019
N, -100, 0.9982218760316889, 63.0387624501, 74.9161510238, 0.848526676059, 0.0688261410641, 0.027551988353, 214, 2019
E, 100, 0.9990311958611213, 111.447613835, 112.841149851, 0.970752359688, -0.0865361743174, 0.0391139175702, 214, 2019
Z, 100, 0.9997599542077977, 113.607547244, 112.985312352, 1.00726196054, -0.0556195227781, 0.0190055207657, 217, 2019
N, -100, 0.9985706298037218, 53.5174341234, 64.2139627507, 0.844630134438, 0.0901517434346, 0.0311273709185, 217, 2019
E, 100, 0.9991850537727585, 96.5695430842, 98.0086814653, 0.980526066234, -0.0784324403729, 0.0308209679902, 217, 2019
Z, 100, 0.9996932302375721, 63.1210043518, 63.2767836913, 1.00051956973, -0.0175452270412, 0.00611706986961, 220, 2019
N, 100, 0.998170601687423, 26.5908514832, 35.143389317, 0.765679874808, -0.00766914433506, 0.043561716393, 220, 2019
E, 100, 0.9993181328407331, 51.9191482345, 53.329171563, 0.977234648195, -0.0567599640055, 0.015736034619, 220, 2019
Z, 100, 0.999548680295539, 67.7654415749, 66.1443073457, 1.0032789811, -0.0245016757734, 0.0332018301344, 223, 2019
N, 100, 0.9995685258692318, 34.2611999625, 38.9684174075, 0.89125231079, -0.0787457773711, 0.0515705804664, 223, 2019
E, 100, 0.9981875209838426, 52.04219532, 53.8334040748, 0.96781740787, -0.0198097823889, 0.0393969778457, 223, 2019
Z, 100, 0.9995052580376211, 102.410030662, 100.551673884, 1.02069066524, -0.0557412398282, 0.0178526542643, 226, 2019
N, -9, 0.9992988222236451, 50.9262294606, 59.2500890251, 0.846468305096, -0.0780016711626, 0.0480937819316, 226, 2019
E, 100, 0.9981049734278641, 84.5081789326, 86.1498116129, 0.9652800348, -0.0871349456826, 0.0310558528996, 226, 2019
Z, 100, 0.9994309926533533, 113.41370827, 111.416067132, 1.02186296745, -0.0599481923749, 0.0220763526388, 229, 2019
N, -100, 0.9994060037044014, 54.8285148591, 65.3020235491, 0.84770736065, 0.00931909502643, 0.0266251513198, 229, 2019
E, 100, 0.9989350889349373, 96.3827927371, 97.4341765629, 0.983236130269, -0.0817576469208, 0.0268513188195, 229, 2019
Z, 100, 0.9999167168299935, 97.8201974309, 95.2722037263, 1.02190776613, -0.0358442327316, 0.0104911881221, 232, 2019
N, -100, 0.9997580923346894, 45.6580390181, 54.9082337012, 0.829491813857, 0.0115266951495, 0.0151845624535, 232, 2019
E, 100, 0.9992509577974937, 83.6217851134, 84.1448596591, 0.986063699832, -0.0705251292294, 0.0236583625427, 232, 2019
Z, 100, 0.9996943484104398, 59.6463107357, 59.0652934399, 1.00921910771, -0.0423024677577, 0.0134075968937, 235, 2019
N, -21, 0.9953090475877235, 26.5403298989, 32.6260037395, 0.823983520162, 0.0782879519238, 0.0687583928389, 235, 2019
E, 0, 0.9980391209796792, 50.5352196563, 51.3888799889, 0.989427481304, -0.0193446102948, 0.0389570498893, 235, 2019
Z, 100, 0.9993941262304217, 68.7224861546, 67.4669692635, 1.00203741486, 0.0461654990966, 0.0781338222802, 238, 2019
N, 100, 0.9986878831108988, 32.4227383126, 38.0670423002, 0.84292646144, -0.0545030769674, 0.0325422518269, 238, 2019
E, 100, 0.9969991879117642, 53.345049046, 53.8082401303, 0.985145784544, -0.0265429677254, 0.0376347202329, 238, 2019
Z, 100, 0.9996137190100215, 126.231887824, 125.950015322, 0.999271075846, -0.0813975912395, 0.0339121143271, 241, 2019
N, -79, 0.9996312708535859, 62.6660283425, 71.6420265194, 0.866075510813, -0.0286543877885, 0.0225442366481, 241, 2019
E, 100, 0.9995478676969546, 105.692066413, 106.356211921, 1.00063824903, -0.0683455423927, 0.0212755257877, 241, 2019
Z, 100, 0.9997811338095688, 144.070683054, 143.838681108, 1.00385245875, -0.0487098883713, 0.0229694811144, 244, 2019
N, -100, 0.9987708877666379, 70.1094486844, 82.3268693202, 0.860654328047, 0.0492263920899, 0.0254595066475, 244, 2019
E, 100, 0.9997634370642595, 122.109343516, 123.776888345, 0.979007659967, 0.248214096121, 1.34599048547, 244, 2019
Z, 100, 0.9997695572685245, 104.348574759, 104.059348429, 1.00524757975, -0.0312507883781, 0.0111242170779, 247, 2019
N, -100, 0.9993817771241578, 48.5123848288, 59.336130403, 0.823441775713, 0.0655035501169, 0.0260138072388, 247, 2019
E, 100, 0.9995365721101942, 88.3253774758, 91.3936334221, 0.965105638768, -0.0471538640362, 0.0214163937952, 247, 2019
Z, 100, 0.998036573369293, 40.7825714851, 40.8103384935, 1.01744552271, 0.00913603128933, 0.0285999104616, 250, 2019
N, 100, 0.9906438325181258, 18.1732295685, 23.0317289529, 0.82692881749, -0.109848825078, 0.0543580745742, 250, 2019
E, 100, 0.9969114432875442, 32.517872299, 35.5641656928, 0.924424821777, -0.0519424623698, 0.0205096786465, 250, 2019
Z, 100, 0.9996121930641647, 76.7939534933, 77.5901519336, 0.991555444392, -0.075473612941, 0.0368652716895, 253, 2019
N, -91, 0.9993446728911882, 39.7562748913, 45.8471731069, 0.859958745391, -0.0706134154721, 0.073415023098, 253, 2019
E, 100, 0.9992178989310361, 62.8259449557, 63.9962906746, 0.974693165291, -0.000999257290678, 0.0340038933381, 253, 2019
Z, 100, 0.9991388470862824, 113.252538782, 112.675513267, 0.998291426129, -0.0856151482094, 0.0362209030579, 256, 2019
N, -55, 0.9996931907876273, 55.703262567, 66.1289069884, 0.837167520924, -0.0406002235406, 0.0301162019956, 256, 2019
E, 100, 0.9997632091759168, 94.0502083636, 96.92775202, 0.978432028268, -0.0680482502827, 0.0256782194488, 256, 2019
Z, 100, 0.999523580635117, 123.535435398, 119.761517668, 1.036971092, -0.0691507635877, 0.0296044573497, 259, 2019
N, -100, 0.9996567060140912, 59.8735385813, 69.4460238269, 0.861874474729, 0.00810758479845, 0.0139053093911, 259, 2019
E, 100, 0.9996277798542406, 103.60510716, 104.732439708, 0.977649821332, 0.240026904339, 1.34525377906, 259, 2019
Z, 100, 0.9998558929779696, 96.5748268642, 95.3003794413, 1.01741653395, -0.0245926876331, 0.00846944228384, 262, 2019
N, -100, 0.9989722533914197, 45.4210781622, 53.9722222132, 0.841261945001, 0.0399119541259, 0.0176901511386, 262, 2019
E, 93, 0.9996930064509759, 80.779701377, 84.1651046423, 0.965458896416, -0.0455539761977, 0.015106571929, 262, 2019
Z, 100, 0.9995287689772436, 49.4670022155, 48.600316616, 1.02449291755, -0.00732453054927, 0.0186258734095, 265, 2019
N, -100, 0.9969385471001807, 20.6019276429, 26.211192291, 0.801743279974, 0.157947749921, 0.088331564391, 265, 2019
E, 0, 0.9988725296597283, 43.1302093471, 42.7202791051, 1.00333019418, -0.0181578742097, 0.0212316809729, 265, 2019
Z, 100, 0.9990740131939663, 94.200322105, 92.4653858697, 0.992814291724, 0.00480903798697, 0.0854291639103, 268, 2019
N, 100, 0.9995263222463523, 46.5813533472, 52.5675327034, 0.872008250403, 0.0295665783167, 0.0512973801626, 268, 2019
E, 100, 0.9982347530870225, 74.7007481322, 74.7726055948, 0.990631780523, -0.0373610765953, 0.0139223844701, 268, 2019
Z, 100, 0.9995822347706799, 146.28690612, 145.210831475, 1.00536728531, -0.0730066620636, 0.0287404637863, 271, 2019
N, -81, 0.9997926141575408, 71.8626342055, 83.0170264727, 0.864413836698, -0.017021578852, 0.018947269469, 271, 2019
E, 100, 0.9996435761307051, 120.789934264, 123.26130211, 0.974222970665, -0.0501988154649, 0.0118444867782, 271, 2019
Z, 100, 0.9995944228333294, 140.745953308, 139.447714324, 1.01554067093, -0.0593561295751, 0.0213966769802, 274, 2019
N, -100, 0.9993972552172623, 68.1263210185, 80.0650946495, 0.847287820282, 0.062248310697, 0.0281232457721, 274, 2019
E, 100, 0.9998116197069432, 115.759593891, 120.953980017, 0.956085853376, -0.0499994000832, 0.0164690578128, 274, 2019
Z, 100, 0.9998216644170551, 84.6295350396, 81.304584821, 1.04967479612, -0.0315979569231, 0.0182289028168, 277, 2019
N, -100, 0.9991006073401755, 38.2390367251, 46.2214291213, 0.839366757481, 0.0705672743354, 0.0367321319676, 277, 2019
E, 0, 0.9991223797956497, 70.2181851632, 73.0577582809, 0.953326083949, -0.0245760690369, 0.0139136582693, 277, 2019
Z, 38, 0.9969386202875827, 40.903823974, 40.7044282535, 1.01506492596, 0.223555092233, 0.371895642775, 280, 2019
N, 100, 0.9978152743560688, 21.2984299879, 24.1719763994, 0.86237946013, 0.0882579714417, 0.045887135166, 280, 2019
E, 100, 0.9870880683916435, 30.7140833013, 31.8226897856, 0.889087237257, -0.00927660062595, 0.572223811682, 280, 2019
Z, 100, 0.9996055447567015, 90.319870677, 90.9766642445, 0.985824658094, -0.087112842535, 0.0398442272479, 283, 2019
N, -39, 0.9996028066034752, 45.6247483105, 53.4363663061, 0.846269852615, -0.0813279579557, 0.0618956434064, 283, 2019
E, 100, 0.9991486993653308, 76.2741380111, 75.6070725549, 1.00728746937, -0.113414634836, 0.0494526092817, 283, 2019
Z, 100, 0.9995365485302606, 120.431183386, 121.902183347, 0.983650140714, -0.0607696607343, 0.0240644767726, 286, 2019
N, -98, 0.9997865914180935, 59.8067223754, 70.7130218396, 0.848759194337, -0.0141192477085, 0.0172554362147, 286, 2019
E, 100, 0.9998451918469905, 103.450878274, 104.71130139, 0.99128895627, -0.0252373450856, 0.0133329004068, 286, 2019
Z, 100, 0.999361791470115, 123.19111409, 121.071838566, 1.02305343127, -0.0727304900986, 0.0282982115462, 289, 2019
N, -100, 0.9993518131911054, 58.446432003, 69.0038371297, 0.841078082917, 0.0713867757318, 0.0373240318437, 289, 2019
E, 100, 0.9996698119376666, 101.264075889, 105.411831597, 0.955437837516, -0.0542431594391, 0.0203347084244, 289, 2019
Z, 100, 0.9996229962313041, 88.743965945, 85.7068104244, 1.03935636571, 0.254555518776, 1.33768921575, 292, 2019
N, -100, 0.9982648801473023, 39.6135128125, 47.4698963281, 0.834672045223, -0.0349436808429, 0.0359482022235, 292, 2019
E, 53, 0.9992812044938584, 74.9257414059, 76.0360202237, 0.980633316902, -0.0473216880645, 0.0143782165444, 292, 2019
Z, 36, 0.9987577006348437, 47.4435765641, 46.9463282699, 1.04573434274, 0.0846979951378, 0.076212847047, 295, 2019
N, 100, 0.9936473619406995, 22.8688778831, 26.2258734617, 0.82931754311, 0.142493489428, 0.138467985614, 295, 2019
E, 100, 0.9940251310703158, 36.057867759, 37.9839282235, 0.877511232676, 0.179490976558, 0.183975848886, 295, 2019
Z, 100, 0.9995907269317108, 115.169274676, 114.411605953, 0.992069918302, -0.0692502649823, 0.0367090404304, 298, 2019
N, -100, 0.9995862966844127, 55.7361039364, 65.352586893, 0.838281549584, -0.0163411284313, 0.0417503444054, 298, 2019
E, 100, 0.9987244614924471, 92.8309444574, 94.2094575424, 0.979582254293, -0.0935076118987, 0.0464060389309, 298, 2019
Z, 100, 0.9998275335374568, 145.298279281, 145.017252144, 1.00329925662, -0.0207786437646, 0.00689691877438, 301, 2019
N, -100, 0.9993097883247657, 71.3753978146, 83.2948204511, 0.85531100398, 0.027849699904, 0.0100904708431, 301, 2019
E, 100, 0.9996895376895275, 119.890747638, 123.514300246, 0.976524628334, -0.0569394775307, 0.0176846364218, 301, 2019
Z, 100, 0.9994191344097808, 119.809327055, 118.849674921, 1.0111209586, -0.0583705862356, 0.0159012241127, 304, 2019
N, -100, 0.9989081479824229, 57.8108536107, 67.8996902546, 0.848455264346, 0.0344134645556, 0.0188986217626, 304, 2019
E, 100, 0.9997915848557775, 100.431156727, 103.912161621, 0.961858539278, -0.0443272409061, 0.0124266345727, 304, 2019
Z, -100, -0.4531196022396245, 6650.363934, 59.0781087211, 121.867341134, 0.195896518754, 2.98391598509, 307, 2019
N, -100, 0.5560412609105236, 1288.19330675, 33.4906624925, 41.8919978432, 0.348856523899, 1.00101108323, 307, 2019
E, 100, 0.08870055569782971, 7066.44092916, 54.544061094, 110.20604647, -1.53414918202, 0.323171250494, 307, 2019
Z, 100, 0.033433518509353374, 312880.179546, 51.0985808586, 6525.84507933, -0.146214875858, 2.31815217027, 310, 2019
N, 100, 0.1323777850986462, 2296.78827536, 30.1073089888, 72.910880477, 1.47250911378, 2.89051185787, 310, 2019
E, 100, 0.26058266429830607, 31506.255887, 41.0403886501, 665.32464149, -1.40638252963, 2.91966818028, 310, 2019
Z, 100, 0.5974745693410006, 321515.882967, 97.5828390137, 3102.34256876, 0.0351559358805, 1.04982695648, 313, 2019
N, 100, 0.5665498721372537, 3039.58221796, 56.6871680415, 50.4798151587, -0.384035351681, 0.397321277521, 313, 2019
E, -100, 0.598982122859031, 8435.19901327, 81.8484972667, 98.4870751971, 0.725589736182, 1.46074727489, 313, 2019
Z, -100, 0.9927564026775961, 120.107188793, 122.896571774, 0.974079799724, 0.228348903881, 0.0941443886489, 316, 2019
N, 100, 0.35366174185898747, 87.3918444014, 70.2955140189, 1.22184519434, -0.571117835268, 1.54496179005, 316, 2019
E, -100, 0.5103308209242121, 113.215827268, 105.488856392, 1.17115098527, 0.78282605252, 1.33743263695, 316, 2019
Z, 100, 0.88318269457296, 96.5824784604, 114.675067717, 0.825666557585, -0.0457443824123, 0.308998059477, 319, 2019
N, 100, 0.03573107355482408, 428.862136357, 64.2354333773, 5.22020847397, -0.510806723922, 2.56267335643, 319, 2019
E, 100, -0.8079594876102163, 367.158396691, 99.3360879492, 3.38431751415, 0.445130512698, 2.90891830072, 319, 2019
Z, 100, 0.0451764875168343, 36.0700281229, 73.0819002039, 0.489596738716, -0.303508306979, 1.75576403725, 322, 2019
N, 100, 0.11090757886150608, 335.53462077, 39.8992521971, 7.9017045808, 0.690837990733, 2.97951747737, 322, 2019
E, 100, -0.25693581914934643, 410.589593571, 65.2152161763, 5.27928525747, 1.49629119028, 3.02482269323, 322, 2019
Z, -100, -0.8566986199642919, 43560.9273067, 67.2656522327, 519.241111314, -0.245664738373, 2.57430204831, 325, 2019
N, 31, 0.8645443414848014, 1093.20569049, 38.0384049592, 22.8222023751, 1.00768156733, 0.60222644024, 325, 2019
E, 100, 0.8976348651270238, 156.140413159, 54.6204673254, 2.30644205944, 0.265333052486, 1.32120624906, 325, 2019
Z, -100, -0.4707377289425387, 56900.6701308, 116.498657913, 490.289667598, -0.714421081184, 2.82118108734, 328, 2019
N, -100, 0.5851133359937238, 1432.72380492, 66.9887782889, 21.6014220416, 0.124644814865, 0.908713555637, 328, 2019
E, -100, 0.9049465502904926, 175.075481799, 97.2884733461, 1.94743887872, 0.0375309610463, 0.457805721663, 328, 2019
Z, 41, 0.9998547939899247, 128.538166468, 128.181084709, 1.00107142832, -0.0365296247645, 0.0190884157558, 331, 2019
N, 100, 0.985375210754362, 73.0992492587, 73.6213543296, 1.06063217459, -0.00829592596741, 1.40786676244, 331, 2019
E, 100, 0.9977221384567286, 103.406240711, 109.422578479, 0.931789249602, -0.245661127278, 0.1390968112, 331, 2019
Z, 57, 0.9997166106026076, 100.351108812, 98.2904649537, 1.02797181886, -0.0434443417105, 0.0195320492312, 334, 2019
N, -88, 0.9989908751085987, 52.1053365982, 56.0486992502, 0.946166082675, -0.0251085942678, 0.0444228652521, 334, 2019
E, -100, 0.9994044432442586, 83.5761173096, 86.7809318115, 0.966326212958, 0.0589975771485, 0.0186959379494, 334, 2019
Z, -100, 0.999499847794328, 52.1484947282, 49.5379516769, 1.06012388571, 0.0285934267657, 0.0277239853149, 337, 2019
N, -37, 0.8249224917996061, 76.0898756089, 28.6557919151, 2.60940706423, -0.674212241363, 2.3261795654, 337, 2019
E, -100, 0.9341793640420051, 40.0971999701, 46.0256743467, 0.918384000801, 0.167385225687, 0.319500806471, 337, 2019
Z, 0, 0.9997222886917252, 53.9473832228, 54.1784349717, 0.990386414591, 0.0853767058393, 0.0638697878749, 340, 2019
N, -100, 0.5429898316934276, 112.21667827, 31.4355067362, 3.39373325917, 0.0496255668125, 0.688570174898, 340, 2019
E, -100, 0.7595281738978794, 34.8878487965, 44.6493634892, 0.879900858538, -2.54872267102, 2.80618069796, 340, 2019
Z, 29, 0.9998867976185281, 96.2601694508, 96.354707879, 0.986359849259, -0.0230911288992, 0.0175486770593, 343, 2019
N, -22, 0.9997383867668668, 51.7277680457, 55.2673327826, 0.95041655653, 0.0390184680041, 0.0294775626469, 343, 2019
E, -43, 0.9998312681277819, 76.9617522614, 81.0085461817, 0.945713813369, -0.0203997448833, 0.0210249576228, 343, 2019
Z, 0, 0.9999515389178562, 119.915342856, 119.692556545, 0.999087397102, -0.0201361588659, 0.00985283416269, 346, 2019
N, -93, 0.9997536438954427, 63.0180106637, 67.5776445126, 0.927457315379, -0.00535382148572, 0.0103915878889, 346, 2019
E, -98, 0.9999552745321914, 93.9653034828, 102.256288894, 0.924298908676, 0.0199219187913, 0.00973402645006, 346, 2019
Z, 0, 0.9998842475212646, 110.727541607, 109.365691907, 1.0160512522, -0.0302438281478, 0.0159175818503, 349, 2019
N, -76, 0.9996549105186631, 56.2246664376, 60.7843152839, 0.935289510111, 0.00782524285574, 0.0289102008516, 349, 2019
E, -25, 0.9999544910556312, 88.1577993896, 94.7339556031, 0.932759381763, 0.0116261606023, 0.00784375120279, 349, 2019
Z, -52, 0.9999124108814177, 71.1614589967, 70.2617606363, 1.01930958768, 0.0154502328922, 0.0146001559172, 352, 2019
N, 42, 0.9998461817206336, 34.7630735101, 39.0875402875, 0.88132553268, -0.047058763815, 0.0271488652633, 352, 2019
E, 0, 0.9999839069068598, 59.3838289513, 62.2079258401, 0.957786579116, 0.00298473159415, 0.0049415079734, 352, 2019
Z, 0, 0.9999959411579858, 70.1589923744, 70.5125003888, 0.996372394765, 0.00646957140542, 0.00594548605346, 355, 2019
N, -100, 0.9779393107769122, 41.2872089118, 40.3390322551, 1.0154401649, 0.519611932387, 1.07833716258, 355, 2019
E, -100, 0.995898904325493, 54.5067023423, 57.7896348173, 0.926666441209, 0.0255110373293, 0.114513019285, 355, 2019
Z, 13, 0.9999847867649532, 104.357271768, 104.372738056, 0.997870183506, -0.00044454186659, 0.00650781476449, 358, 2019
N, -100, 0.9550919530043764, 80.3050821725, 60.539914396, 1.21463756464, 0.0284381544806, 0.230705287265, 358, 2019
E, -100, 0.9947532159062219, 70.7112060582, 87.9182038848, 0.852027609479, 0.035075049294, 0.0581149375978, 358, 2019
Z, 0, 0.999931948970731, 114.714848547, 113.658173128, 1.00818676701, -0.0245567675809, 0.0154976514754, 361, 2019
N, -100, 0.9997607989382652, 60.4892197505, 65.440544735, 0.922257079743, 0.0559408669636, 0.034638499505, 361, 2019
E, -47, 0.9999927779575567, 92.0134893696, 97.4278746575, 0.943761577056, 0.0125491105571, 0.00619565140009, 361, 2019
Z, 0, 0.9999418150142737, 92.6957882314, 91.6501634979, 1.01812097097, -0.0188742665642, 0.00800984946394, 364, 2019
N, -100, 0.9998633507979349, 48.0409021193, 52.5450846851, 0.914806063684, 0.0249626121423, 0.00654529253811, 364, 2019
E, 0, 0.9997408306733054, 75.8565672331, 81.004634288, 0.936672565883, 0.00266669994438, 0.0190598234906, 364, 2019
