Chan, Phase Shift, Correlation, ptp-data, ptp-synthetic, rat, phasem, phasestd, DOY, Year
Z, -20, 0.9998721507166144, 62.3436254874, 63.1038020794, 0.99096321119, 0.00192210567786, 0.00773136794344, 1, 2019
N, 0, 0.9975233296424272, 43.0179294578, 41.9181222726, 0.992323813234, 0.0934168885933, 0.105249368203, 1, 2019
E, 100, 0.9922301183720864, 29.3960377386, 25.1219628461, 1.18211947087, -0.123898332152, 0.001301635691, 1, 2019
Z, -100, 0.99962569207798, 98.7032851685, 101.752682156, 0.960762874932, 0.0259541812897, 0.0232907691304, 4, 2019
N, -100, 0.9994433791513252, 71.2436784569, 71.2912414042, 0.985865639556, 0.0382246691355, 0.0221132532868, 4, 2019
E, 100, 0.9735417585985301, 44.3948638029, 41.0569475873, 1.06557274951, -0.226181293762, 0.00735621649434, 4, 2019
Z, 0, 0.9994294113240882, 110.631995337, 115.012306078, 0.952453561843, 0.0165465611775, 0.027401061107, 7, 2019
N, -100, 0.9992306016646568, 82.1155521134, 79.7285294916, 1.03568683145, 0.0374118112958, 0.00625968021656, 7, 2019
E, 100, 0.9876340609527285, 48.2223430099, 44.7649029602, 1.06926776406, -0.157545147442, 0.00227620050421, 7, 2019
Z, 100, 0.9986698368232101, 93.4854310321, 99.5594861577, 0.933834646575, -0.0176871438826, 0.0241185428743, 10, 2019
N, -100, 0.9994742023227957, 65.940647318, 65.1436465571, 1.00320675803, 0.0276543573804, 0.00372398313911, 10, 2019
E, 100, 0.9880076606123354, 40.7195089987, 37.7279459859, 1.07703147285, -0.166576577034, 0.0122507471244, 10, 2019
Z, 100, 0.9973950428994077, 56.0629483308, 61.2398087363, 0.899666521815, -0.0592721880311, 0.0190220741606, 13, 2019
N, 0, 0.9978641873491896, 37.569768559, 36.0006498399, 1.0565799088, 0.0888279142919, 0.0722484507495, 13, 2019
E, 100, 0.9961889940909141, 28.4463919225, 26.5896745933, 1.09439125832, -0.0346245930307, 0.0512151838757, 13, 2019
Z, -100, 0.9987318151066409, 61.8366316827, 62.3338304011, 0.988469570299, 0.0738101075277, 0.0405304537673, 16, 2019
N, 100, 0.9997567335485203, 46.1231119532, 44.0621178134, 1.04984221574, -0.042146734304, 0.0284871632587, 16, 2019
E, 100, 0.9910010715961378, 26.6952192764, 24.1210942812, 1.11730705038, -0.111775028935, 0.0173671646101, 16, 2019
Z, -100, 0.9998143048749882, 114.560355707, 116.228197516, 0.981651514018, 0.0228700998898, 0.0132469586386, 19, 2019
N, -71, 0.9997398106230739, 83.5513886925, 83.19465742, 0.994411079901, 0.0207239816603, 0.0195046550038, 19, 2019
E, 100, 0.9838103633728829, 49.8474941628, 45.7298463593, 1.08131233451, -0.176857757122, 0.00868347448648, 19, 2019
Z, 0, 0.999659686525843, 128.434617289, 132.830939696, 0.959251342094, 0.0124180997117, 0.0200201657319, 22, 2019
N, -100, 0.9996809955156019, 95.4337708217, 95.2891676694, 1.00017296332, 0.0320884658141, 0.0156689941589, 22, 2019
E, 100, 0.9816947672334355, 53.5233171157, 51.1473096369, 1.03053541584, -0.194978590784, 0.0252953318449, 22, 2019
Z, 100, 0.9985243515170769, 87.2528979695, 94.0585932583, 0.935676472507, -0.0244051067612, 0.02186297175, 25, 2019
N, 100, 0.9902866991435414, 65.2195202756, 61.6819489266, 1.05998384501, -0.144211574468, 0.00469585754879, 25, 2019
E, 100, 0.9955639056822966, 40.9513108673, 36.9491332036, 1.15296437063, 0.0278516884964, 0.089660655244, 25, 2019
Z, 0, 0.9981220689812649, 42.5626247306, 44.5226179468, 0.920960076987, 0.273227440015, 0.277297019562, 28, 2019
N, -100, 0.993013933642512, 29.4707412778, 28.2769791064, 1.08070100135, -0.0781497648082, 0.160279462648, 28, 2019
E, 100, 0.9871444473513268, 19.7300151809, 19.692091064, 1.13223189614, 1.47722272717, 1.59094228483, 28, 2019
Z, 100, 0.9999178195003199, 80.0496037512, 84.1559515225, 0.95278259352, -0.01366073956, 0.000749281472994, 31, 2019
N, -100, 0.99882481508487, 60.9719534194, 58.226791261, 1.02952247302, 0.061991090923, 0.0393463194154, 31, 2019
E, 100, 0.978841725390112, 37.8952776375, 33.0601950397, 1.14296088483, -0.203516982203, 0.0132345227623, 31, 2019
Z, 58, 0.9992776311682756, 91.9824477006, 98.6798953796, 0.922367119369, 0.0192974825597, 0.0320534038142, 34, 2019
N, -100, 0.9991904911524822, 73.9327753785, 70.5765455872, 1.0454249638, 0.051251239234, 0.00982452309409, 34, 2019
E, 100, 0.9681281999033438, 43.0815088662, 40.1997072028, 1.05676228189, -0.257565384302, 0.0227793578477, 34, 2019
Z, 100, 0.9989527415893723, 85.9158189806, 91.5319528246, 0.943948159722, 0.00021556503023, 0.0384986169749, 37, 2019
N, -100, 0.9972490760075307, 61.0908873722, 61.991872113, 0.966182772671, 0.0537173757072, 0.012835051368, 37, 2019
E, 100, 0.9851219793252949, 36.1015442546, 35.1344987557, 1.01956800102, -0.178428570795, 0.0202292766128, 37, 2019
Z, 100, 0.9941649332931655, 55.8887189991, 62.9972946328, 0.89025046454, -0.0989186893459, 0.0150494134737, 40, 2019
N, -100, 0.9861402416285996, 38.2626079284, 35.6809792494, 1.09893266943, 0.21499033667, 0.0688631051227, 40, 2019
E, 100, 0.9933646998703053, 24.8897602063, 23.7434904785, 1.05914362195, -0.102749673391, 0.0192406868205, 40, 2019
Z, -100, 0.9955212252432974, 39.1111023826, 38.6832471789, 0.996882779539, 0.292179957796, 0.242161120862, 43, 2019
N, 100, 0.9990271251905269, 29.5827973186, 27.4246621116, 1.09164720937, -0.0677843684335, 0.0551173604217, 43, 2019
E, 100, 0.9908179917715457, 16.2346530305, 15.3612071037, 1.12416680166, 2.20212321601, 2.25540073506, 43, 2019
Z, -100, 0.9997506205399108, 88.7371063084, 90.085819088, 0.984505781717, 0.0284863988149, 0.00698349491549, 46, 2019
N, 66, 0.9999490017155427, 65.4054098164, 63.4868508598, 1.02933333775, -0.010133277309, 0.00566347380125, 46, 2019
E, 100, 0.9883546044066174, 36.2384216687, 33.7105325353, 1.08429889097, -0.168753440995, 0.0135473713546, 46, 2019
Z, -82, 0.9997839597407704, 108.922504888, 112.058707034, 0.969368884881, 0.0173404152173, 0.0178187937737, 49, 2019
N, -100, 0.9998026670188999, 82.6173840697, 82.6387063211, 0.997489000608, 0.0259667632419, 0.00698834332147, 49, 2019
E, 100, 0.985429371016842, 46.9987666766, 45.0879176183, 1.03675610832, -0.163919518341, 0.0168187257449, 49, 2019
Z, 100, 0.9989402699150852, 79.7822754418, 85.1379172755, 0.935433648219, -0.0258336180407, 0.0228635752956, 52, 2019
N, -100, 0.9990597209818799, 61.9254959652, 61.8572831412, 0.994919086486, 0.0460903442491, 0.00426493232613, 52, 2019
E, 100, 0.9727537065480532, 34.8083551656, 33.0256524364, 1.04601834685, -0.235158826637, 0.014269311749, 52, 2019
Z, -100, 0.9890737184919492, 35.8454378142, 46.3113382213, 0.835463269944, -0.217721081471, 0.307867439829, 55, 2019
N, 0, 0.9840856903023205, 16.8438836243, 16.0360300648, 1.05982950819, 0.0735789596166, 0.150410477023, 55, 2019
E, 100, 0.9894987883869596, 19.1732678567, 18.5215959438, 1.06822649391, -0.0864326906378, 0.062179801442, 55, 2019
Z, -100, 0.9987310837811259, 66.6022246562, 67.8840609448, 0.979674595034, 0.0514259713325, 0.0135182710683, 58, 2019
N, 100, 0.9997146741291343, 46.2384831651, 45.886867109, 0.99599810743, -0.00334436349089, 0.00845880630457, 58, 2019
E, 100, 0.987408155002276, 27.2040464843, 24.4850308103, 1.15572687123, -0.183216542757, 0.0533255536281, 58, 2019
Z, -100, 0.9964790336909871, 74.851176973, 79.8183528325, 0.91553227921, 0.073305269093, 0.0730177987579, 61, 2019
N, -100, 0.9965128944665583, 57.6537482409, 56.4482177964, 1.00375763158, 0.106913488152, 0.0525784884263, 61, 2019
E, 100, 0.9872445225806716, 35.6297125185, 32.2393856297, 1.11007883081, -0.154560248338, 0.0195588685359, 61, 2019
Z, 100, 0.9995125709118521, 64.7600987056, 69.779541446, 0.920911583714, 0.0062248602605, 0.0246602341824, 64, 2019
N, -100, 0.9988625097568449, 53.4159159597, 49.9119797727, 1.06765820008, 0.0581748454072, 0.014069628229, 64, 2019
E, 100, 0.9688123459667435, 32.0350198735, 29.1681149708, 1.07824036787, -0.243335168025, 0.00117246740835, 64, 2019
Z, 100, 0.9986563549775839, 39.4279226708, 46.147182933, 0.8705720121, -0.00426415890936, 0.0266959455059, 67, 2019
N, 0, 0.9989865060523836, 28.9277197767, 27.763468743, 1.05692604114, 0.0401278698153, 0.0202446358534, 67, 2019
E, 100, 0.9739371278179487, 18.3474038725, 17.6142442797, 1.05702674081, -0.208539678823, 0.0195923798954, 67, 2019
Z, -100, 0.9883826863727277, 28.8126376893, 30.9028772681, 0.983097413272, -0.199637800785, 0.311776695135, 70, 2019
N, -100, 0.9921644176607506, 22.7910684829, 20.9140861227, 1.0670382091, 0.0699670479398, 0.0622413096116, 70, 2019
E, 100, 0.9792475258303118, 10.3536547472, 10.7007698588, 0.935543572693, -0.108536000382, 0.109842856985, 70, 2019
Z, -100, 0.9993086386014401, 73.746997014, 73.9845111673, 0.994604116193, 0.0443035156211, 0.010790442269, 73, 2019
N, 100, 0.9992596365300952, 55.585856527, 52.7871999989, 1.06469813964, -0.0475462325924, 0.0238339986361, 73, 2019
E, 100, 0.9942298930984159, 27.7803154714, 25.8952630356, 1.07412065646, -0.0960400418012, 0.0151761259692, 73, 2019
Z, -100, 0.9998536033540496, 92.2003413007, 92.6242565321, 0.997632082162, 0.0224082199525, 0.00292569844682, 76, 2019
N, 100, 0.9985335177645034, 69.2441452231, 67.2781628066, 1.03051060936, -0.0646373356406, 0.0139001858339, 76, 2019
E, 100, 0.9964450563625409, 39.6819834148, 35.6080318363, 1.11938992025, -0.0801191754621, 0.0176760095175, 76, 2019
Z, 100, 0.9998954914976996, 63.184671424, 63.8374052107, 0.989382962408, -0.0147595494923, 0.003288552416, 79, 2019
N, 0, 0.9985981528963053, 51.1269303812, 52.0194741354, 0.984834312624, 0.0162329866489, 0.0140163995452, 79, 2019
E, 100, 0.9813887742836809, 31.4669495986, 29.2416606152, 1.07790275564, -0.190468139943, 0.00705221917527, 79, 2019
Z, -100, 0.9868368687984581, 26.8232577327, 29.6567159833, 0.958366809216, -0.0176900407786, 0.182522068837, 82, 2019
N, 100, 0.9748970971203721, 13.5543112911, 15.3002468178, 0.882536921729, -0.229720051611, 0.326975735261, 82, 2019
E, 100, 0.9727822412459819, 14.6199923152, 15.0656742624, 1.00085611716, -0.29408112383, 0.0984881212823, 82, 2019
Z, -100, 0.9974215569372648, 68.4720314643, 67.5425814475, 1.02440693568, 0.054705106526, 1.85211742265e-05, 85, 2019
N, 100, 0.9972509688733886, 46.8861316998, 46.9317908623, 0.977280242532, -0.0441621108344, 0.0274811733644, 85, 2019
E, 100, 0.9837977493675887, 25.4319223266, 24.460706157, 1.03752606899, -0.202142602899, 0.017802352653, 85, 2019
Z, -100, 0.9998863457685949, 75.8952000217, 75.3831413108, 1.00824492643, 0.0121588138178, 0.00175381036143, 88, 2019
N, 0, 0.9998325456054707, 53.3548722232, 53.4030270841, 0.987447646466, 0.000562921111016, 0.00242184007295, 88, 2019
E, 100, 0.9891869192810008, 30.3516211088, 28.1029972979, 1.08407947283, -0.134894633215, 0.0282232428528, 88, 2019
Z, 100, 0.999907524024549, 55.373742541, 55.4346420827, 0.999274858267, -0.0154688343308, 0.00526250705717, 91, 2019
N, -100, 0.9961777449680099, 39.8091220852, 40.9987848355, 0.972933183658, 0.098322800371, 0.0164616589334, 91, 2019
E, 100, 0.9687781066447828, 26.880324094, 24.8710121717, 1.07313844641, -0.241588733975, 0.024748736321, 91, 2019
Z, -100, 0.9992066102202556, 21.6979076807, 23.9512214586, 0.90067192064, 0.0358101679566, 0.0242145475243, 94, 2019
N, -100, 0.9872198967951051, 21.3640787842, 18.1848664712, 1.20651918337, 0.148158429595, 0.0101874328677, 94, 2019
E, 100, 0.9784339671515486, 14.8759172428, 17.1732117426, 0.91938975608, -0.197242069434, 0.0296648878333, 94, 2019
Z, -100, 0.9961351505970119, 40.8334174094, 39.3107278995, 1.0632824686, -0.068284324403, 0.109837429804, 97, 2019
N, 100, 0.9988547648777278, 28.3286504384, 28.7262674927, 0.966336347353, -0.0146400993338, 0.0374177792555, 97, 2019
E, 100, 0.9856768825075914, 16.9587808949, 15.4063507477, 1.11845948235, -0.131062286722, 0.0388759343587, 97, 2019
Z, -100, 0.9996291712802204, 80.5694133611, 79.5354782935, 1.02004523346, 0.00952616924343, 0.0135378097373, 100, 2019
N, 0, 0.9996999314311625, 58.1818077676, 58.2807408645, 0.986189957744, 0.000700562346561, 0.012751037834, 100, 2019
E, 100, 0.9907111917209973, 32.2048187938, 29.5851321497, 1.08671934288, -0.142851335595, 0.00100759171981, 100, 2019
Z, -65, 0.9998875844220911, 92.3166600225, 92.1711512887, 1.00319209959, 0.0153869727416, 0.00146572644398, 103, 2019
N, 0, 0.9993228867091134, 67.6583344395, 67.3575758419, 0.994209586131, 0.0118715084214, 0.00213603378678, 103, 2019
E, 100, 0.9881409795777356, 36.7774945673, 33.2705505475, 1.10149128094, 2.97229288761, 3.13037736734, 103, 2019
Z, 100, 0.8436427356041029, 60.0607901778, 56.2128961605, 1.22115964221, -0.318288305793, 0.270758965154, 106, 2019
N, 100, 0.5095980128475198, 5457.69041889, 46.8786183076, 96.1838499012, 0.347941203929, 0.968534061833, 106, 2019
E, -100, -0.21974047633680746, 5350.6989284, 26.1907187958, 169.822725058, -1.50470650793, 0.999017057635, 106, 2019
Z, -100, 0.044261277658921884, 149.187155591, 34.1955665335, 5.02669054374, 1.07250109815, 0.659264856798, 109, 2019
N, 100, -0.39093795734909415, 15740.9495204, 20.2291117345, 933.802292835, 2.17493245389, 0.989938436575, 109, 2019
E, 100, -0.3757581104780002, 15491.1584138, 20.6231077949, 1015.10947813, -3.30672805265, 1.04161417603, 109, 2019
Z, -99, 0.9995378339490646, 82.9324585516, 82.2197765023, 1.0202729398, 0.00124366086282, 0.02106379395, 112, 2019
N, 100, 0.9970535688536682, 53.6932835516, 57.0135552036, 0.911118962017, 0.00862024951484, 0.0562550823799, 112, 2019
E, 100, 0.989894082428343, 34.0127940283, 31.4026395711, 1.10137862981, -0.186454629124, 0.0556472267683, 112, 2019
Z, -63, 0.9997267028256784, 91.3319497839, 90.3453903622, 1.0132899422, 0.0222188220636, 0.00483950598222, 115, 2019
N, 0, 0.9994350895502615, 64.6751392044, 65.8310515793, 0.974215402988, 0.00223636600934, 0.0169486070019, 115, 2019
E, 100, 0.9878030699595093, 36.2276440452, 33.7454826596, 1.08289385466, -0.178153762151, 0.0220015759883, 115, 2019
Z, 0, 0.9998834321321286, 66.8584633451, 66.2800884206, 1.00621761666, -0.00845142550486, 0.003225036096, 118, 2019
N, -8, 0.9997619174721455, 49.7521396648, 48.9342510754, 1.00980055603, 0.0216085117919, 0.00263829037834, 118, 2019
E, 100, 0.9878475455978788, 28.015197013, 26.1092040417, 1.06010192296, -0.151069250258, 0.0146534927698, 118, 2019
Z, 100, 0.9980923773829098, 27.5735368002, 26.7823656478, 1.02181976389, -0.0694405376603, 0.0219506942485, 121, 2019
N, -100, 0.995245110230269, 20.8332951292, 21.0685266497, 0.949034776767, -0.020998368377, 0.0866960615546, 121, 2019
E, 100, 0.9899778978955094, 17.0507875115, 17.6003001568, 0.998805924159, -0.0743573720485, 0.0623221095909, 121, 2019
Z, -100, 0.9993511252918529, 51.0501017586, 50.414839414, 0.99387121214, 0.0533221835237, 0.0406606536714, 124, 2019
N, 100, 0.9938684288550609, 34.8619191202, 35.3114090572, 0.986218737035, -0.126312286217, 0.0110520868177, 124, 2019
E, 100, 0.9908777286753964, 19.9791590852, 19.5512769565, 1.03079093626, -0.118283942879, 0.0117512262282, 124, 2019
Z, -47, 0.9997119559335853, 96.8235228428, 95.6125378309, 1.02365437438, -0.00098914030655, 0.0169631275618, 127, 2019
N, 100, 0.9986105716694886, 67.1261878127, 68.9015889466, 0.952595901954, -0.0121984102527, 0.0327567131135, 127, 2019
E, 100, 0.9909108838576578, 39.650049675, 36.8471862145, 1.07744228616, -0.12915515123, 0.0014924111169, 127, 2019
Z, 0, 0.9999867399315999, 109.280260201, 108.606166899, 1.00811986753, 0.000780154658829, 0.000722376157806, 130, 2019
N, 5, 0.9994283294324114, 80.0048122571, 80.4589672201, 0.982931947235, -0.00166949118121, 0.0158836876084, 130, 2019
E, 100, 0.9875885714158609, 42.0399457646, 40.5856317539, 1.04186389034, -0.177394065293, 0.0192248013859, 130, 2019
Z, 100, 0.9995625332613284, 73.7450824304, 73.0949720031, 1.00722714379, -0.0270259344004, 0.00503819435698, 133, 2019
N, 0, 0.9996047095076428, 57.8330694841, 57.2051981816, 1.00967251392, 0.0189207112956, 0.0109749123196, 133, 2019
E, 100, 0.9885870686797564, 29.3673563565, 27.9923125049, 1.04366432654, 2.97259681055, 3.12599170945, 133, 2019
Z, 100, 0.9962290347988987, 35.4445743173, 35.7842707622, 0.946386834178, 0.212895715948, 0.255677811959, 136, 2019
N, 100, 0.9915411150707064, 19.0642685734, 21.2572767262, 0.958980175654, 0.304606283582, 0.385673977926, 136, 2019
E, 100, 0.9852342194992777, 16.9274996285, 19.2488555164, 1.00868842706, -2.58440911575, 2.48194652357, 136, 2019
Z, 53, 0.9997889609671463, 92.9277272529, 93.2153579956, 0.988548722641, 0.00232689124978, 0.0160162365528, 139, 2019
N, 28, 0.9967489920791797, 59.6520440961, 61.643545158, 0.939203624331, 0.0524650256748, 0.0755987556114, 139, 2019
E, 100, 0.9918574229289883, 37.7024187286, 35.2687220129, 1.06812024957, -0.120217051769, 0.00902613623298, 139, 2019
Z, 0, 0.9999562195181394, 110.194467282, 109.140474163, 1.01211012215, -0.00319223688727, 0.00674345721073, 142, 2019
N, 2, 0.9993026009654006, 77.1470928747, 78.7932367192, 0.969675659139, 0.008526442805, 0.0241412700206, 142, 2019
E, 100, 0.9924655445876767, 45.3885518733, 42.0914063316, 1.08447106919, -0.140463729998, 0.0158848329709, 142, 2019
Z, 0, 0.9999611286761179, 87.3206901483, 87.486709308, 0.999871326621, -0.0032881736234, 0.00491469271562, 145, 2019
N, 0, 0.9994577846520467, 65.5165852116, 65.5121640288, 0.993622030408, -0.00736919677741, 0.0065358977001, 145, 2019
E, 100, 0.9899873986417949, 36.1243776804, 33.5194271273, 1.07905411134, -0.169108647791, 0.0315313932552, 145, 2019
Z, 100, 0.9978181485050047, 46.4167863715, 46.4614210164, 0.984873265344, -0.0690707357702, 0.0187507221682, 148, 2019
N, 0, 0.9993688854958731, 36.3574005102, 36.3252443366, 0.990406932382, 0.00809707169702, 0.0113625080899, 148, 2019
E, 100, 0.9907858944129061, 21.1466481046, 20.04578599, 1.06186109532, -0.120017481869, 0.0253427054916, 148, 2019
Z, 100, 0.9990669594546836, 48.6213517604, 49.3505713994, 0.960626739794, 0.0310477233507, 0.0572534670913, 151, 2019
N, 100, 0.9997548738320885, 34.726885321, 33.9340765901, 1.02995094357, -0.0407040580021, 0.0218682307707, 151, 2019
E, 100, 0.9921502312592634, 20.8812083666, 19.9236316914, 1.04177018052, -0.0465294840889, 0.0720013867008, 151, 2019
Z, 19, 0.9999260503775228, 103.318653201, 103.524948568, 0.992595315642, 0.00258192606033, 0.0107459980855, 154, 2019
N, -33, 0.9996916801901202, 71.4101890799, 71.81097265, 0.981808703223, 0.0189093898643, 0.0197645236101, 154, 2019
E, 100, 0.9929889728803694, 42.5979779652, 39.401511836, 1.09020400278, -0.113428919517, 0.000646213092336, 154, 2019
Z, 0, 0.9999906850851565, 127.208053778, 127.208669573, 1.00000880204, -0.00340784906703, 0.0007009476899, 157, 2019
N, 0, 0.9996389837214364, 89.5188927353, 92.3943285944, 0.960628522461, 0.011069888194, 0.0168829971538, 157, 2019
E, 100, 0.9922864446034827, 50.6005084579, 48.6807576216, 1.04059129967, -0.124826231152, 0.00477003353992, 157, 2019
Z, 0, 0.9999439535604867, 96.4129279331, 96.1322311566, 1.00515644412, -0.00670038281705, 0.00393738100418, 160, 2019
N, 0, 0.9990529234562728, 72.4444159628, 74.4883938542, 0.965054654056, 0.0023826893154, 0.00772080308404, 160, 2019
E, 100, 0.9895220289139379, 37.9039271851, 35.8663996331, 1.0570526737, -0.167437600784, 0.0239750446391, 160, 2019
Z, 100, 0.9938377388873184, 31.7524842886, 34.014467829, 0.919390861007, -0.608174880617, 0.545577456356, 163, 2019
N, 0, 0.9995252105411779, 32.5904168395, 30.6135029161, 1.06875689173, 0.0704215584385, 0.0732156703376, 163, 2019
E, 100, 0.9903253357510831, 18.3871338008, 16.7282989243, 1.10714201594, -0.137636087772, 0.00786220877338, 163, 2019
Z, -25, 0.9995517105904888, 88.5467153207, 89.7776957463, 0.974101697516, 0.0304926572137, 0.0320848799452, 166, 2019
N, 100, 0.9998462604040363, 57.6175598069, 57.0231004961, 1.00238661127, -0.00768610357057, 0.00987398555349, 166, 2019
E, 100, 0.9937471352416656, 37.1642268885, 33.8297105927, 1.09934726287, -0.10013759693, 0.0125721153818, 166, 2019
Z, 20, 0.9999285938532786, 117.787221822, 118.76303487, 0.990057746478, -0.0048630413491, 0.00652466640647, 169, 2019
N, 0, 0.9996941465744951, 81.4273885713, 81.6630054137, 0.988899067088, 0.0130560823036, 0.016788093366, 169, 2019
E, 100, 0.9939820028479592, 48.2906734548, 45.3360412444, 1.07254654649, -0.114606976442, 0.00172763508972, 169, 2019
Z, 0, 0.9999031419899868, 103.53324349, 103.439472315, 1.0012454655, -0.0141689125645, 6.2815869143e-05, 172, 2019
N, 0, 0.9993240869642571, 75.9395415274, 76.7370703616, 0.986647640965, 0.0296283999259, 0.0204063958143, 172, 2019
E, 100, 0.9906165599953302, 43.3485380073, 40.4151032702, 1.07144029035, -0.161335795548, 0.0255105139698, 172, 2019
Z, 100, 0.9993139291265083, 64.888036276, 65.0121689071, 0.995110998149, -0.0411435101739, 0.00530979634469, 175, 2019
N, 0, 0.9990623226367996, 50.5527910396, 50.5221373841, 0.988389529179, 0.00515308520021, 0.00453744924917, 175, 2019
E, 100, 0.9882776972390761, 27.4897025631, 25.7250964637, 1.07464807347, -0.180702574211, 0.028110374769, 175, 2019
Z, 100, 0.9982731595831023, 37.9229131218, 38.6154270905, 0.951275100653, 0.0995862916674, 0.132852465998, 178, 2019
N, 0, 0.9996710196543136, 28.5291913682, 27.1510384976, 1.0502429851, 0.0707878238767, 0.0634278860506, 178, 2019
E, 100, 0.9866375287669699, 19.1362730738, 17.4565610813, 1.08762748951, -0.157548601246, 0.0116080449131, 178, 2019
Z, 3, 0.9996614584120717, 92.13626544, 93.4968485457, 0.975246047005, 0.0218453895306, 0.0274071258116, 181, 2019
N, -100, 0.9997139915369564, 64.7480514426, 63.3539709636, 1.01234144694, 0.0329124962918, 0.0217410110816, 181, 2019
E, 100, 0.9903046489069991, 39.0990014422, 35.759173301, 1.09698200813, -0.142454862475, 0.00226121608898, 181, 2019
Z, 28, 0.9999558100919407, 133.525365331, 134.620612109, 0.990177238118, -0.00341251177211, 0.00582806010419, 184, 2019
N, -100, 0.999739876310913, 93.0979029029, 93.2896053669, 0.992163739916, 0.026467158085, 0.0104100017312, 184, 2019
E, 100, 0.9907242294270745, 53.5990350592, 50.9490212148, 1.05931089477, -0.154218994719, 0.0172225897459, 184, 2019
Z, 0, 0.9999649702589724, 115.418960666, 115.849544371, 0.997316599335, -0.00722134884314, 0.00142759830245, 187, 2019
N, 0, 0.9995425442897509, 85.8940946228, 87.4062992485, 0.977416681433, 0.0223317544485, 0.0108340452178, 187, 2019
E, 100, 0.9922861816981379, 46.6181770454, 44.3300201436, 1.05189492356, -0.126109711107, 0.00448663919576, 187, 2019
Z, 18, 0.9994924958070357, 46.8434552286, 46.2436116321, 1.01485724068, -0.0211558841233, 0.0133891352506, 190, 2019
N, 0, 0.9990941872019647, 42.7885159642, 43.5456430837, 0.984160228309, -0.00510672893437, 0.0183625105386, 190, 2019
E, 100, 0.9808568638317072, 20.3031292723, 18.1990888439, 1.12009765537, -0.269367480466, 0.0844374795031, 190, 2019
Z, -3, 0.9993715725309203, 72.9256303874, 73.5789546382, 0.975613809453, 0.0301323891563, 0.0351124559004, 193, 2019
N, -100, 0.9998056463875389, 47.8115630765, 47.337770942, 1.00551212669, 0.0351899829457, 0.018344026803, 193, 2019
E, 100, 0.9826478616425791, 30.9448789291, 28.703261063, 1.06632547066, -0.181951876757, 0.00835203204299, 193, 2019
Z, 74, 0.9997957886393902, 111.544920755, 113.428810796, 0.9793164831, 0.0080181671011, 0.019301126659, 196, 2019
N, -100, 0.9993104112761393, 74.7575820143, 74.4790416183, 0.99233263355, 0.0491172855355, 0.0189055884099, 196, 2019
E, 100, 0.9925871781527744, 45.2995814014, 42.3817297973, 1.07362815707, -0.135888152178, 0.0114466970354, 196, 2019
Z, 0, 0.9999640883130854, 109.514482413, 109.49004037, 1.00093155078, -0.00871710582739, 0.000391878927456, 199, 2019
N, -100, 0.9995909192081736, 77.4147983289, 77.5885483879, 0.989741097774, 0.0316630101866, 0.0168936297854, 199, 2019
E, 100, 0.9935163792189623, 44.2917447877, 42.2370808463, 1.05462207843, -0.114318660813, 0.00504399905898, 199, 2019
Z, 0, 0.9998139513093977, 76.8507393914, 75.4765775441, 1.02458825321, -0.00864337730993, 0.000663536049898, 202, 2019
N, 0, 0.9993524622596833, 56.8836935497, 57.8161625287, 0.972987706707, -0.00699329982512, 0.00383212933351, 202, 2019
E, 100, 0.9865083402493288, 32.0309212291, 29.6944141389, 1.07919146045, -0.19473578405, 0.0322820721443, 202, 2019
Z, 100, 0.9990020072334883, 27.8683386903, 28.1936013961, 0.991046844833, -0.0858819174567, 0.0401587655362, 205, 2019
N, -100, 0.9968351487320378, 26.5151828646, 27.509446529, 0.976119319842, 0.133546740491, 0.0716053468966, 205, 2019
E, 100, 0.9797097085175978, 14.3968841195, 14.1222753155, 1.00001127044, -0.246855426589, 0.0629421675785, 205, 2019
Z, -76, 0.9995715076836639, 70.2071377602, 71.3472614595, 0.974513058134, 0.0284192418077, 0.0271909417985, 208, 2019
N, -100, 0.9994761648053668, 50.1523386122, 49.0503641169, 1.01938876597, 0.0477342741835, 0.0124835754708, 208, 2019
E, 100, 0.9893635370845311, 29.591683092, 27.553271735, 1.06091198131, -0.13323634714, 0.0226882032153, 208, 2019
Z, 48, 0.9999491670814483, 119.931557196, 120.824085062, 0.990226881342, 0.00361412106916, 0.00980212080833, 211, 2019
N, -100, 0.999315397181503, 82.3613487463, 82.7067718592, 0.988990804616, 0.0461551638978, 0.00638376015912, 211, 2019
E, 100, 0.9932247182961113, 48.5466548022, 45.4995012708, 1.07145073091, -0.117383106804, 0.00580644770697, 211, 2019
Z, 49, 0.9999015144176645, 125.074798794, 124.971086195, 1.00118256367, -0.0119057852291, 0.00363389972902, 214, 2019
N, -100, 0.9994203253212262, 86.6192994605, 88.4477561531, 0.974002273168, 0.0417809897605, 0.0181724698521, 214, 2019
E, 100, 0.9928527787994115, 49.4061306867, 47.3194274817, 1.04656689396, -0.130573570803, 0.00758629907782, 214, 2019
Z, 0, 0.999617447825609, 63.1393106457, 61.6230391068, 1.03707614799, -0.000365748819161, 0.021552742518, 217, 2019
N, 0, 0.9991355624450207, 51.8873838054, 52.2767602289, 0.998300089525, 0.0344285620118, 0.00918094760514, 217, 2019
E, 100, 0.9918205640109421, 23.4803624888, 21.9592665609, 1.07043880738, -0.145038377577, 0.0148003328942, 217, 2019
Z, 91, 0.999973696009138, 53.4737156315, 54.5283404172, 0.978815432777, -0.00308686080019, 0.00657065847956, 220, 2019
N, 100, 0.9898424276611595, 35.1074031417, 34.5125109885, 1.03475425399, -0.260345509171, 0.159299355209, 220, 2019
E, 100, 0.9696904876288887, 22.3043555951, 21.4339752071, 0.999253941223, 2.93614875957, 3.08094460996, 220, 2019
Z, 0, 0.9998691797212093, 94.1865824449, 95.2050596031, 0.983048716117, 0.011468914209, 0.0154839716279, 223, 2019
N, -100, 0.9995155160197918, 62.742802371, 63.0858373963, 0.982865495963, 0.038615240729, 0.0201165573331, 223, 2019
E, 100, 0.9869421836302813, 38.4716612414, 36.1729606024, 1.05195325528, -0.147182186929, 0.0234671916486, 223, 2019
Z, 100, 0.9999287333379299, 100.902741872, 102.332156299, 0.983898211025, -0.00648396485154, 0.00817874883458, 226, 2019
N, -100, 0.9978463019779327, 68.5789778076, 69.2444292474, 0.983999644205, 0.0822312567667, 0.0290331855731, 226, 2019
E, 100, 0.9924622029275543, 39.9694134687, 37.9752183308, 1.05518700986, -0.140220312727, 0.0151232883544, 226, 2019
Z, 0, 0.9998136749653065, 76.7680249644, 75.4820764898, 1.0215910713, -0.0171956221254, 0.00618502136735, 229, 2019
N, -100, 0.9982029581004276, 54.0922915166, 54.9656272371, 0.971593018597, 0.0581288441108, 0.00410674834303, 229, 2019
E, 100, 0.9914978983809203, 29.7517752972, 29.1818138481, 1.02878990087, -0.120532756671, 0.0150669819842, 229, 2019
Z, -38, 0.9968519235458496, 32.5101445441, 31.9103875656, 1.04862712878, 0.112356546834, 0.0737503928648, 232, 2019
N, -100, 0.9967031821602247, 25.4374239763, 26.1037295798, 1.00306622395, 0.0988852337047, 0.0634503505673, 232, 2019
E, 100, 0.9914813757720357, 11.9428950606, 11.2670895247, 1.0412567494, -0.0360694838238, 0.0342798092676, 232, 2019
Z, 100, 0.9998052451252987, 48.6638186867, 50.0421643307, 0.963372056148, -0.00782079774765, 0.0143066929568, 235, 2019
N, -100, 0.9948072354396948, 38.4278836426, 34.335289468, 1.12515413641, 0.0621783051985, 0.007854542641, 235, 2019
E, 100, 0.9654460500548042, 20.0867935939, 18.6240966064, 1.0116253046, -0.175307639656, 0.0912442067424, 235, 2019
Z, 85, 0.9999726747607162, 94.5653653845, 96.7286646384, 0.977575919627, -0.00799606715088, 0.000732380890027, 238, 2019
N, -7, 0.9998432639850535, 66.7884536251, 66.5831878388, 1.00132529049, -0.00966650610026, 0.0145795439198, 238, 2019
E, 100, 0.9901996873254035, 38.4959117612, 36.5039222477, 1.04028656028, -0.128508822885, 0.0215908201592, 238, 2019
Z, 100, 0.9999563842828825, 113.218830394, 114.324267318, 0.989376182179, -0.00296580141524, 0.00896956194091, 241, 2019
N, -100, 0.9992965264996243, 77.1773319388, 78.4672764801, 0.981483057544, 0.0488255243478, 0.0141582940508, 241, 2019
E, 100, 0.9931804677580521, 43.850823085, 41.8329193095, 1.04733468633, -0.131073523089, 0.0120796530357, 241, 2019
Z, 0, 0.9994018777886059, 70.8188138539, 69.7975038374, 1.02062961822, -0.0311616540926, 0.00803808232095, 244, 2019
N, -100, 0.9987757617151349, 51.5096025984, 52.5167866885, 0.974945953091, 0.0461071133157, 0.00826340669545, 244, 2019
E, 100, 0.9981780656288806, 27.3450645776, 27.6830172807, 1.00146873468, -0.046907458271, 0.00916241707668, 244, 2019
Z, 100, 0.9965214034129009, 42.3488185963, 43.2491486335, 0.945923243866, -0.0433402989, 0.0716616556492, 247, 2019
N, 52, 0.9950882799091912, 24.8499010155, 25.7473887561, 0.967070998421, -0.0461590780394, 0.082207817626, 247, 2019
E, -100, 0.9832832514797598, 16.3084819839, 15.4066283645, 0.977882685657, 0.0765964790121, 0.0807360944091, 247, 2019
Z, 100, 0.9986212814802352, 80.445076232, 80.5216441269, 0.993567148771, -0.0550562282196, 0.0116687018946, 250, 2019
N, -100, 0.9994859496621121, 54.0486565453, 53.6717304218, 1.00950437998, 0.0395377560868, 0.0048020716264, 250, 2019
E, -100, 0.9976819687186091, 36.3170581542, 31.8893810448, 1.14031558637, 0.0421438094491, 0.0242648937821, 250, 2019
Z, 100, 0.9999374185121513, 85.3860553233, 86.4411425816, 0.988498268601, -0.00596113026256, 0.00913038347661, 253, 2019
N, -100, 0.9993552404601548, 57.8942098814, 57.5851872885, 1.00593227571, 0.0454025369464, 0.00516249162877, 253, 2019
E, 100, 0.9921567024607223, 33.8264172446, 31.9660561403, 1.05634412787, -0.133237683922, 0.00327845255733, 253, 2019
Z, 100, 0.9989201177443643, 67.6444190134, 66.279468657, 1.02672201219, -0.0421053749238, 0.00841269412252, 256, 2019
N, -100, 0.9981627418898086, 43.1971203006, 44.3098322932, 0.964602458849, 0.0559897224341, 0.00284781479335, 256, 2019
E, 100, 0.9938708921076188, 25.439637995, 23.7984646704, 1.11048380259, 0.0455890470805, 0.114483412914, 256, 2019
Z, 0, 0.984032932376479, 30.0758021572, 27.9627624186, 0.998764064582, -0.128121534214, 0.126101055968, 259, 2019
N, -100, 0.9596564615764308, 18.1404617425, 19.0055561576, 1.02730973659, 0.281557878708, 0.10591427016, 259, 2019
E, -45, 0.8842329507525679, 19.7215525063, 12.3717603583, 2.17896301555, -3.03439421847, 2.71266810776, 259, 2019
Z, 100, 0.9904055140867862, 45.5197962353, 44.4380725346, 0.96074217886, -0.064928988173, 0.093236650201, 262, 2019
N, 100, 0.9991103287823822, 25.9975163668, 30.155321401, 0.865047557838, -0.0337236683062, 0.0149064400958, 262, 2019
E, -100, 0.981281354441434, 18.4602318955, 16.3698219066, 1.2349107524, 0.125399521407, 0.0697082921271, 262, 2019
Z, 100, 0.9973641305844064, 83.6523518447, 82.9707011016, 0.999908939664, -0.0691994936021, 0.0110454267713, 265, 2019
N, -100, 0.9991370878352805, 54.9313262374, 57.4887886283, 0.946555726439, 0.0228019669732, 0.00166115827359, 265, 2019
E, 100, 0.9992406899307217, 37.9011223031, 31.5230812112, 1.17808812089, -0.00809111348072, 0.0090145907104, 265, 2019
Z, 100, 0.9985969341608651, 98.4975079054, 94.6242373171, 1.03743896952, -0.058001811395, 0.0078127299707, 268, 2019
N, -100, 0.9988083134492156, 61.88724254, 65.6556152724, 0.949753715183, 0.0518145854976, 0.00392734014888, 268, 2019
E, -100, 0.9965312727647263, 37.7891029456, 35.9375820366, 1.02756596684, 0.0289303415294, 0.04741150344, 268, 2019
Z, -100, 0.9977611472483627, 70.5288162606, 68.3790814332, 1.00610223792, 0.0423943197551, 0.0420717643876, 271, 2019
N, -100, 0.9958822066932698, 44.5347547011, 44.1085310283, 1.03237367932, 0.0602062498218, 0.0479577232748, 271, 2019
E, 100, 0.9012646639620703, 20.6123156651, 23.8947913228, 0.91902198402, -0.371054943222, 0.125321586048, 271, 2019
Z, -100, 0.9886219393090019, 54.5080700554, 45.9695490217, 1.12494220505, 0.0105623114792, 0.0564706157216, 274, 2019
N, 100, 0.9625312273342649, 27.4891214429, 27.3554926187, 0.961594932994, -0.193799993009, 0.114218307094, 274, 2019
E, 0, 0.7165650909308477, 18.7708414703, 17.4324295255, 0.825572203282, 0.269181998055, 0.65397163618, 274, 2019
Z, -100, 0.9984780685859288, 90.6991902945, 88.0255429906, 1.02265531664, 0.0205670998678, 0.0104424989813, 277, 2019
N, 100, 0.9980803656256247, 59.9912876459, 56.8509245462, 1.03929706318, -0.0592885579184, 0.0293234820718, 277, 2019
E, 100, 0.9069281678988044, 22.5635560879, 33.4669842356, 0.590223705111, -0.214240041517, 0.190920821493, 277, 2019
Z, 100, 0.9963160502727487, 72.5412884125, 81.2611504737, 0.881763556029, -0.0968530946209, 0.0551264197064, 280, 2019
N, -100, 0.9878728403844088, 60.0613991079, 55.7367194424, 1.07177186708, 0.170339544054, 0.0226158905197, 280, 2019
E, 100, 0.948295997967368, 42.0523554625, 32.8662215117, 1.33825231227, -0.214188683435, 0.142295346857, 280, 2019
Z, 100, 0.990275320690064, 49.7138367306, 56.1359773181, 0.944306880656, -0.0327467116072, 0.104468328419, 283, 2019
N, -100, 0.9867953193161413, 38.6091129784, 36.2551006822, 1.02689286865, 0.0519536096266, 0.0881518262703, 283, 2019
E, 0, 0.9507039222032315, 30.8337297998, 19.2985182065, 1.32461700416, -0.320821933833, 0.380457720511, 283, 2019
Z, 100, 0.9807542663908614, 29.0934118619, 20.1107988114, 1.63821020118, -0.321060993569, 0.234800428548, 286, 2019
N, -100, 0.9529324363776209, 9.0441339226, 10.948967977, 0.880845169976, 0.181043274173, 0.231494780401, 286, 2019
E, -100, 0.06290340679679028, 9.96514101458, 10.089538185, 1.89346513532, -4.41552232217, 0.51173039481, 286, 2019
Z, -100, 0.9963874952584779, 51.1654850522, 57.247912868, 0.875932220517, 0.0854713493646, 0.0354304109456, 289, 2019
N, -100, 0.9993456541356994, 44.3755601178, 38.8261763863, 1.142956816, -3.1098260021, 3.14097444967, 289, 2019
E, 100, 0.822273812505414, 24.7732916576, 22.0892106238, 1.00744994844, -0.536205028531, 0.133173514344, 289, 2019
Z, -100, 0.9995811635681724, 83.3796808726, 94.5120122388, 0.882085901846, 0.0237034499457, 0.00802864803965, 292, 2019
N, -100, 0.9981335329265838, 69.3721342141, 63.7875220096, 1.06456719369, 0.0351611200499, 0.00742637526617, 292, 2019
E, 100, 0.9124116781829713, 41.9881340896, 35.0171542409, 1.16801252844, -0.431408468775, 0.0127295503281, 292, 2019
Z, 0, 0.9991527818419723, 84.0617358642, 94.6741798324, 0.874259308829, -0.0312980189637, 0.0260189424163, 295, 2019
N, -100, 0.9963907237755408, 69.5168123965, 66.5583529127, 1.04960769644, 0.0715303938916, 0.0186662004252, 295, 2019
E, 100, 0.9466128116548256, 47.8598828236, 37.9195703953, 1.27670826182, -0.244349658588, 0.129887399384, 295, 2019
Z, -100, 0.9922601426901506, 53.3628755788, 61.4561307255, 0.829742191046, 0.0703094033936, 0.0731920977839, 298, 2019
N, -100, 0.9920052274234601, 47.7822939219, 41.1753122455, 1.19295848353, 0.146563827081, 0.0652233460949, 298, 2019
E, 100, 0.661259287407604, 33.0327069873, 22.0809020443, 1.55945725353, 2.25773609433, 3.10843532064, 298, 2019
Z, 100, 0.9979176926573278, 56.6044492646, 52.4267148585, 1.07517703297, -0.0705313349006, 0.0235520541975, 301, 2019
N, 100, 0.9772345119968775, 29.5492978732, 32.8148842258, 0.852605002905, -0.00416858172907, 0.19585506493, 301, 2019
E, -100, 0.9637323040084915, 20.4671903867, 21.2795387033, 1.09746289392, 0.208194321506, 0.115296450218, 301, 2019
Z, 100, 0.9984227428946215, 97.4829766054, 105.757591271, 0.912334994972, -0.0332028838246, 0.0201161909019, 304, 2019
N, -100, 0.9989318391926607, 69.8628054, 68.8986330663, 1.0029090175, 0.056462571527, 0.0164942775947, 304, 2019
E, 100, 0.9787145333345729, 47.3157809198, 39.614578085, 1.19054924127, -0.213558734777, 0.00576413395972, 304, 2019
Z, 0, 0.9990761854271439, 98.3968775217, 104.528566556, 0.938218895384, -0.00548515596918, 0.00701642236497, 307, 2019
N, -100, 0.9994823987941213, 72.3901046396, 69.7329346797, 1.04214982381, 0.0240212200385, 0.0066175087284, 307, 2019
E, 100, 0.970801975364565, 47.7368348354, 40.9427403782, 1.11624195589, -0.256245211875, 0.027542684982, 307, 2019
Z, 0, 0.9995032239868552, 64.9332366227, 65.5159395022, 0.992982433459, 0.0232235256323, 0.00882315585737, 310, 2019
N, -100, 0.9980823756077025, 47.6713440512, 44.9885441283, 1.03237846154, 0.0297443120864, 0.0212881022999, 310, 2019
E, 100, 0.9475809331174712, 29.3993714716, 27.1692809634, 1.05796991378, -0.296518260096, 0.0195476732236, 310, 2019
Z, 100, 0.9892241477790662, 26.6286013183, 25.186898955, 1.04596287013, -0.0818343134788, 0.105224521084, 313, 2019
N, 100, 0.9894085315517166, 17.7289899874, 16.1385741084, 1.10429607907, 0.569401157672, 0.644283287892, 313, 2019
E, 0, 0.9147973420279057, 9.44827752619, 9.78059320695, 0.944151821142, -1.57497868927, 1.4362552635, 313, 2019
Z, -44, 0.9999167770864903, 67.2703181547, 66.5945649158, 1.00945733727, 0.00465076661221, 0.00503137878733, 316, 2019
N, 100, 0.995666544337116, 45.66567903, 46.9890951839, 0.926533757276, -0.00115275354121, 0.0686226827053, 316, 2019
E, 100, 0.9941775549471611, 29.0039342526, 27.1533108569, 1.05745148994, -0.0467124038811, 0.0702000371368, 316, 2019
Z, 0, 0.9991155439853856, 103.451961069, 110.862439913, 0.920993292712, 0.0165052835103, 0.0237849399544, 319, 2019
N, -100, 0.9993932477903958, 76.2015392311, 75.8573264352, 1.0061012876, 0.0466346188008, 0.0146685429489, 319, 2019
E, 100, 0.9762966064954982, 51.0986316095, 42.1969205379, 1.18602048046, -0.23593869155, 0.0305555461152, 319, 2019
Z, 0, 0.9996168575672021, 114.350553217, 117.668497531, 0.970597722601, 0.00145483331027, 0.0162872284497, 322, 2019
N, -65, 0.999320448168291, 80.3824522268, 80.6202197212, 0.992100323436, 0.0181056198286, 0.00580130805406, 322, 2019
E, 100, 0.9899971242676651, 43.3571280759, 45.0330203695, 0.960891524253, -0.1511710014, 0.0185664462766, 322, 2019
Z, 100, 0.9981474512839456, 73.1720456169, 75.032064652, 0.965604522501, -0.0677315909734, 0.0230095949452, 325, 2019
N, -100, 0.9990659837706037, 55.8367198464, 53.3215632581, 1.0393521412, 0.0397000959152, 0.00475357143841, 325, 2019
E, 100, 0.9937900267273582, 34.2459507126, 32.8911803196, 1.04496249675, -0.10217967723, 0.0181715215456, 325, 2019
Z, -100, 0.9993380915944956, 51.4375191455, 51.5429317346, 0.996427690138, 0.0210345202355, 0.0124065878512, 328, 2019
N, 100, 0.98798308362503, 31.7964454416, 32.7502145791, 0.956211875503, 0.0887314574809, 0.214803443674, 328, 2019
E, 100, 0.9784480528246855, 28.793856237, 21.1768321649, 1.4078470736, -0.250477326248, 0.0700847559775, 328, 2019
Z, -100, 0.9998712589472224, 108.211936886, 110.48075185, 0.973272124683, 0.01741217842, 0.0110542197074, 331, 2019
N, -100, 0.9995392639758632, 78.4706977431, 75.6108577105, 1.02878976293, -3.10041346545, 3.11754794248, 331, 2019
E, 100, 0.969367333230911, 44.0556436209, 43.5477530402, 0.980767505545, -0.217620659852, 0.040842875555, 331, 2019
Z, 85, 0.9989757839421708, 121.532395469, 127.717164312, 0.942839675069, 0.00538636909192, 0.0287614070107, 334, 2019
N, 0, 0.9998464125204121, 88.6289340065, 85.9472877559, 1.02645916906, 0.000515825022422, 0.0098203516966, 334, 2019
E, 100, 0.9837121903112389, 51.9257506708, 48.0278342178, 1.06668802301, -0.191217352278, 0.0165840073912, 334, 2019
Z, 100, 0.9986314119415967, 92.1387302748, 95.3789202585, 0.957335245646, -0.0227744467159, 0.00849948294712, 337, 2019
N, 100, 0.9983681358564022, 64.1217333432, 64.1577759191, 0.991647418318, -0.055441341085, 0.00741542853051, 337, 2019
E, 100, 0.9899732081860071, 41.7713090551, 38.9015343989, 1.08361770034, -0.128441722241, 0.0253820947679, 337, 2019
Z, 100, 0.998619633449438, 45.6853324949, 46.3543445656, 0.98043648469, -0.0712043715473, 0.0259040486023, 340, 2019
N, -100, 0.8987496635004528, 27.5802900314, 31.7123509083, 0.814641876782, -0.386155170766, 0.716897337903, 340, 2019
E, 100, 0.9805640931133751, 20.8646418149, 20.3223265522, 1.03964448959, 0.237252187151, 0.276322027566, 340, 2019
Z, -100, 0.9994327864957187, 63.5164347572, 64.3887367194, 0.973641282938, 0.0442935782821, 0.0304816516919, 343, 2019
N, -100, 0.9730439355804125, 54.188085288, 46.0222525068, 1.27317341367, 0.0606193744772, 0.0933751386814, 343, 2019
E, 100, 0.9639698823397289, 30.4147074312, 26.4131843485, 1.13719508096, -0.270691139536, 0.0417184636153, 343, 2019
Z, -100, 0.9996793618139734, 112.502689504, 114.283836115, 0.977253841899, 0.0318164045386, 0.012943197164, 346, 2019
N, 100, 0.9996808618550821, 80.6522236791, 80.6903274494, 0.991842351713, 3.11040562145, 3.13629441888, 346, 2019
E, 100, 0.9873244589453558, 47.7932491212, 45.0389317993, 1.04888083634, -0.166050540838, 0.023236663333, 346, 2019
Z, -100, 0.9994385892995917, 126.849763789, 135.900774754, 0.924374423376, 0.0284792954928, 0.0176371416331, 349, 2019
N, -100, 0.9984928359023642, 96.3784612951, 94.1686066431, 1.01582573976, 0.0648488517594, 0.0331047181139, 349, 2019
E, 100, 0.9647950456171015, 57.284697476, 51.1822624062, 1.12401943225, -0.27134203111, 0.00576444292221, 349, 2019
Z, 100, 0.9988711321593226, 97.133331917, 102.725569606, 0.94435482834, -0.0341342037481, 0.0110987071147, 352, 2019
N, -100, 0.9971974870357599, 71.5774711352, 70.87512271, 0.985442085514, 0.0244437538029, 0.0485245749669, 352, 2019
E, 100, 0.9852311193674527, 46.4955679878, 42.3557063945, 1.11145350815, -0.145533941731, 0.0275138307034, 352, 2019
Z, 100, 0.9981724086764403, 43.1128158262, 43.0962425466, 0.991354741337, -0.220607693124, 0.175928349571, 355, 2019
N, -100, 0.9891469068508256, 26.3215373594, 28.4899511858, 0.919308839302, -0.991661961423, 1.13179679905, 355, 2019
E, -100, 0.991746585204109, 25.09038214, 19.7811281622, 1.24587748311, 1.39286003383, 1.35334263903, 355, 2019
Z, 100, 0.9998456814152642, 101.243656269, 100.889197115, 0.994357698323, -0.0123153180321, 0.00792989740295, 358, 2019
N, -100, 0.9984208224320484, 68.5751508732, 69.9333719389, 0.979252578816, 0.0722380340081, 0.0190714299502, 358, 2019
E, 100, 0.9963274652462735, 44.2159560166, 40.6648709399, 1.09305625995, -0.0844181263367, 0.000101526363916, 358, 2019
Z, 100, 0.9996113056162583, 122.10778566, 129.838391102, 0.933326103085, -0.0226541263066, 0.010566398569, 361, 2019
N, 100, 0.9957941565387867, 90.8115107027, 90.7140448436, 1.02459312937, -0.0290230218993, 0.0159293415989, 361, 2019
E, 100, 0.9777558907241941, 50.5669486403, 50.7500543786, 0.983540367797, -0.236763571446, 0.0617561520701, 361, 2019
Z, 100, 0.9980362034291884, 107.920654641, 116.539055585, 0.91991300581, -0.0231020285145, 0.0278967013254, 364, 2019
N, 100, 0.9821983157028551, 67.9284995728, 77.6010356703, 0.847993751054, -0.0635063950669, 0.0676427264383, 364, 2019
E, 100, 0.9876305927662533, 41.1988013554, 44.1657175384, 0.927360961334, -0.070098458261, 0.0851517585419, 364, 2019
