Chan, Phase Shift, Correlation, ptp-data, ptp-synthetic, rat, phasem, phasestd, DOY, Year
Z, -100, 0.9995211605111902, 100.211432881, 100.490133191, 1.00393361222, 0.00755995490353, 0.0257389065908, 1, 2019
N, 100, 0.6872285877733835, 9.34390934084, 5.1835329165, 2.51688901463, -3.13082618478, 2.30089288709, 1, 2019
E, -100, 0.9877421165513159, 41.5841895126, 44.7359850352, 0.867425385139, 0.220981335146, 0.172760119123, 1, 2019
Z, 100, 0.9994756984173301, 160.317864597, 161.078816434, 1.00618087196, -0.0268164778197, 0.0149389272889, 4, 2019
N, 100, 0.7168041545751626, 6.85513512039, 4.13993278079, 1.4002681198, 2.56323103984, 2.61898008746, 4, 2019
E, -100, 0.9978711596508681, 74.3625113391, 78.4739144904, 0.94292796723, 0.0694824630993, 0.016376916445, 4, 2019
Z, 100, 0.9996372673073202, 169.468288939, 174.550812757, 0.971417023716, -0.0222594561959, 0.0100289328132, 7, 2019
N, 100, 0.2666421538320986, 5.40170029824, 8.65495497181, 0.651951182383, 1.80897442946, 2.98626719022, 7, 2019
E, 0, 0.9987621218892483, 86.7620997717, 86.1157830285, 1.01897897205, -0.0120000972421, 0.00287595842757, 7, 2019
Z, 100, 0.9998783095001493, 143.607682824, 143.68912088, 0.996902963788, -0.0225027279802, 0.00315998372665, 10, 2019
N, 100, 0.8037202935277891, 7.66803975103, 7.65354923476, 1.07049595481, -0.662415537807, 0.235425903817, 10, 2019
E, 97, 0.9984055736349244, 64.6605193704, 70.5091983614, 0.894011145799, -0.0399660604914, 0.0258057193281, 10, 2019
Z, 0, 0.9989382838267618, 74.5705445298, 79.0365434132, 0.912040623526, -0.0638979307131, 0.0738083576928, 13, 2019
N, -100, -0.024622966447545965, 3.46192003804, 4.71481385965, 0.838383564248, 0.719878383167, 1.70702308942, 13, 2019
E, -100, 0.996397149871955, 39.2983511508, 40.2676877655, 0.967176383585, 0.089203803733, 0.010672013995, 13, 2019
Z, -100, 0.9994065141491715, 91.0352024076, 95.6434538074, 0.956516582656, 0.0395898847723, 0.00085128633283, 16, 2019
N, 100, 0.8670662806909619, 13.5354610008, 4.07915571006, 3.66441505599, -0.481376448299, 0.571338809043, 16, 2019
E, 100, 0.9981737442060699, 48.2099982881, 43.108540336, 1.09376258058, 0.031196356517, 0.0684073560653, 16, 2019
Z, 14, 0.9996222683227509, 178.611231055, 181.289361849, 0.988768171138, -0.0107190797103, 0.00600252992541, 19, 2019
N, 100, 0.41481524318407903, 7.20240955091, 3.97152067489, 1.73569947152, 2.07824418991, 2.92961829681, 19, 2019
E, -100, 0.9980651451576524, 86.5640186044, 87.2411016873, 0.989438632142, 0.0235211523604, 0.0351751611391, 19, 2019
Z, 100, 0.9997482730233431, 193.279342681, 203.615137439, 0.94865421268, -0.0208163266374, 0.00925548043988, 22, 2019
N, 100, 0.3488599226644335, 10.0831067095, 10.1517666226, 1.0557628769, 1.99120030084, 2.52157677152, 22, 2019
E, -100, 0.997289251298836, 100.697483335, 101.680284895, 0.988924727303, 0.0837904194407, 0.00964875583623, 22, 2019
Z, 100, 0.9982315878461802, 123.935420555, 132.213356999, 0.941531154379, -0.0466074544871, 0.0134841927792, 25, 2019
N, -100, -0.16220452683584116, 4.42341987492, 10.7055184292, 0.453086946078, 4.41680808649, 0.543156612099, 25, 2019
E, -100, 0.9955475479343383, 64.0589414067, 65.7520865452, 0.966846064883, 0.103395620691, 0.00502051561195, 25, 2019
Z, 100, 0.9956280519401456, 61.8543191321, 68.4868539028, 0.887467059658, -0.0688461662771, 0.000499803389425, 28, 2019
N, 100, 0.7255622762521505, 11.43067763, 6.45889593941, 3.12214198505, 0.157872279528, 0.682418282249, 28, 2019
E, 0, 0.9945706141086289, 27.9723932157, 29.6350344101, 0.94971332366, 0.108252839973, 0.137834942228, 28, 2019
Z, -66, 0.9997617315886907, 129.468795439, 132.092672496, 0.982067190845, 0.0173838620273, 0.00843802143454, 31, 2019
N, 100, 0.4773400210594622, 9.80557423409, 3.02844764545, 2.94330169167, 0.567793860486, 1.69915893235, 31, 2019
E, 0, 0.9993116192484487, 66.8142434593, 62.6506281924, 1.06416174387, 0.00386707123991, 0.00849433343622, 31, 2019
Z, 0, 0.9998788960897284, 149.054695864, 154.288826039, 0.961438003868, 0.00761410899099, 0.0123090829356, 34, 2019
N, 100, 0.536239231615241, 7.3684558145, 4.68401504673, 1.32575699138, 2.30265028299, 2.87147320474, 34, 2019
E, 100, 0.9996640529567764, 77.4225201804, 77.5595836392, 0.988341729978, -0.0204973601557, 0.00261832903926, 34, 2019
Z, 33, 0.9996894432575204, 134.172893442, 137.105834584, 0.976575194028, 0.00960686102376, 0.0174192597583, 37, 2019
N, 100, 0.8807469410228936, 6.73404346621, 8.66311697118, 0.607455710803, -0.21665444006, 0.136716110858, 37, 2019
E, -100, 0.9972603229050123, 66.2075291783, 68.6804331079, 0.961798841251, 0.0631249159246, 0.0304950078663, 37, 2019
Z, 100, 0.9969432818377727, 79.0706646576, 85.6906598629, 0.954487011657, -0.0207839741612, 0.0622292950181, 40, 2019
N, -100, 0.7181907258269391, 5.12765467892, 7.02534082484, 0.54490897586, 0.64014194065, 0.578216474355, 40, 2019
E, -100, 0.9984885181068102, 50.8695995315, 42.4304439498, 1.1700243951, 0.0239419845763, 0.0299301188464, 40, 2019
Z, 100, 0.9976930624058031, 56.0930733556, 56.3882362759, 0.988885768871, -0.0110594876, 0.040705849947, 43, 2019
N, -100, -0.1397065925301109, 4.37870362587, 4.10014127789, 1.98399790742, 3.56934991931, 1.11399369263, 43, 2019
E, 100, 0.988844179655529, 26.8414907858, 25.7970506238, 1.03513608717, -0.181443635429, 0.138799853772, 43, 2019
Z, 0, 0.9999447058741522, 136.894274359, 139.111254997, 0.984941978067, 0.00468787440224, 0.00506313802556, 46, 2019
N, 100, 0.42859459870850647, 5.12261509163, 3.06947959681, 1.51406731874, 0.215802240579, 4.86709842963, 46, 2019
E, -100, 0.9981865051410923, 66.4373876191, 64.3293800043, 1.02516939767, 0.0714030899737, 0.0372161391317, 46, 2019
Z, 6, 0.9998989143302157, 174.585855621, 175.717134754, 0.99517829094, -0.0146178629831, 0.00826829894176, 49, 2019
N, -100, -0.3301830466817717, 3.59165765302, 4.40429826568, 0.74305557413, 1.26685848515, 2.89541791014, 49, 2019
E, -100, 0.9986734867556597, 86.2354557219, 88.6723743479, 0.968452912379, 0.0324136201072, 0.00477260984, 49, 2019
Z, 100, 0.9995430231876697, 132.982145143, 132.715231266, 0.99862146677, -0.0283684805235, 0.00268464416953, 52, 2019
N, -100, 0.8629476217361237, 5.05840797748, 12.1552136253, 0.380726769313, 0.297353047975, 0.0437133128506, 52, 2019
E, -100, 0.9970546739791116, 70.5151062655, 67.0655555086, 1.04181240523, 0.0808303244119, 0.000433802191782, 52, 2019
Z, 100, 0.9925371726185945, 37.0745186056, 38.3133152509, 0.950942735148, -0.0782786522268, 0.125689426134, 55, 2019
N, -100, 0.9558806475436418, 11.4178550977, 9.66800088527, 1.41497173792, 0.27265473642, 0.267132092806, 55, 2019
E, -100, 0.9894339824730858, 23.6239913277, 24.0627055452, 1.07407690984, 0.122532252927, 0.154138194765, 55, 2019
Z, 100, 0.9969290410046932, 99.3673718726, 103.946358912, 0.935742215465, -0.0393734267412, 0.0316760134531, 58, 2019
N, 100, 0.5626201439974697, 10.1217253086, 4.26730208646, 4.22828387635, 0.803386522805, 4.79248691819, 58, 2019
E, -100, 0.9963809553999952, 50.1851956113, 47.6305251535, 1.06429015277, 0.0614642032267, 0.0143763539826, 58, 2019
Z, 62, 0.9999660725088267, 136.487953413, 139.752450372, 0.97663413171, -0.00300665162401, 0.00250820148218, 139, 2019
N, 100, 0.7859765632805781, 11.1422296007, 9.81970252182, 1.86649162698, -0.0308315152229, 0.561393542741, 139, 2019
E, -100, 0.9959383383180828, 63.347345778, 65.7603839678, 0.937989364008, 0.0772701687692, 0.0874349498151, 139, 2019
Z, 100, 0.9996439659059037, 161.466957186, 162.966886373, 0.99345455306, -0.0229428723124, 0.00976410477245, 142, 2019
N, 100, 0.5495894567031059, 8.93731416736, 9.93071264286, 1.12499177865, -0.828700979733, 0.235226574525, 142, 2019
E, 0, 0.9998911995569976, 87.0323918949, 81.4545514672, 1.06005880127, -0.00463368964324, 0.00757606629501, 142, 2019
Z, 100, 0.9985415561083374, 132.736253544, 136.043722205, 0.956497384937, -0.0674305944092, 0.0288759020919, 145, 2019
N, 100, 0.23771141827383013, 7.31399668111, 3.62893651518, 2.42210365134, -1.08926926904, 0.248903876573, 145, 2019
E, 42, 0.9974818721470751, 65.4265587378, 65.4229477083, 0.9803079866, -0.0299733607782, 0.0278575988332, 145, 2019
Z, -100, 0.9984300932953571, 75.8739677754, 80.6227693236, 0.970027029631, 0.047996017957, 0.0348119810263, 148, 2019
N, 100, 0.3674590527209795, 7.76826791994, 1.38829850058, 8.37868465206, -1.15799733476, 0.121210983279, 148, 2019
E, -100, 0.9788134653944068, 39.0141580931, 37.31022484, 1.05033212828, 0.238374410975, 0.0422861967609, 148, 2019
Z, -76, 0.9990269494002868, 69.5219295745, 74.8346020678, 0.90986015931, 0.07190723331, 0.0731305999769, 151, 2019
N, 100, 0.5490888633951051, 2.87434947323, 2.11612496364, 1.58726413822, -2.41452519452, 2.17648255486, 151, 2019
E, 100, 0.9912627242685899, 28.9300811403, 32.687620897, 0.855990285392, 0.00391775224958, 0.0822014910019, 151, 2019
Z, 67, 0.9997741091905691, 147.635569371, 154.30152374, 0.954765243967, 0.00376065719904, 0.0111911340898, 154, 2019
N, 100, 0.794559197136512, 8.55293096518, 6.32033325208, 2.38484651267, 0.532182116461, 1.01235834812, 154, 2019
E, -100, 0.9987721697009514, 71.9575606541, 72.8187881993, 0.975027074934, 0.0380632116485, 0.0258963243272, 154, 2019
Z, 100, 0.9999070112215964, 180.543206655, 186.86742395, 0.965252891474, -0.0116072393449, 0.00883249465331, 157, 2019
N, 100, 0.8760207527324226, 9.35740124014, 9.68437906878, 1.14674803856, -0.285871084456, 0.260309861666, 157, 2019
E, -100, 0.9982057829586777, 96.8108169471, 93.5312320649, 1.04119662594, 0.0643257679657, 0.0112690238296, 157, 2019
Z, 100, 0.9995369119343643, 143.417541643, 149.105878075, 0.955395524525, -0.0390648887195, 0.00659220813849, 160, 2019
N, 100, 0.8000172246263849, 9.19497198567, 3.83226307537, 2.52046427257, -1.54867604217, 0.958858503519, 160, 2019
E, -100, 0.9971435867853798, 75.1811959048, 71.2708574594, 1.03534011745, 0.0546705743672, 0.0233256725613, 160, 2019
Z, 0, 0.9995949314308685, 63.1458858491, 66.9152602313, 0.958440051977, 0.0859015375531, 0.0874854968067, 163, 2019
N, 100, 0.27030411555688166, 4.48157064243, 4.40115515934, 0.963799681722, -1.06297133939, 0.250296355953, 163, 2019
E, -91, 0.99091840790896, 35.2857996482, 29.8649663147, 1.16492407541, 0.0208132931409, 0.0321354373431, 163, 2019
Z, -86, 0.9998799946296657, 132.168423486, 134.433050599, 0.977672082287, 0.0192147120996, 0.0157373437558, 166, 2019
N, 100, 0.8171038476678055, 5.67950233774, 5.36979753061, 1.09638372214, -0.581252556589, 0.00702596533007, 166, 2019
E, -100, 0.9977522066024685, 61.2335524613, 60.9373665349, 0.998826974668, 0.0773612340384, 0.0664867281523, 166, 2019
Z, -100, 0.9999450238937045, 167.869246649, 174.480380537, 0.963266310674, 0.00799376178464, 0.00443819707428, 169, 2019
N, 100, 0.7568675510950698, 6.12035162943, 9.20891643797, 0.935668254104, -0.318400293274, 0.448408975805, 169, 2019
E, 0, 0.9993624836848177, 86.6511462332, 85.079061588, 1.00579360662, -0.00422078958623, 0.00574705118816, 169, 2019
Z, 100, 0.999633108146612, 152.678109331, 157.146685047, 0.972393479504, 0.00164726712472, 0.0241337545549, 172, 2019
N, 100, 0.5570147840040665, 4.92486335221, 8.03126054774, 0.928618464664, -0.399312959948, 0.558134438696, 172, 2019
E, 0, 0.9985005321145632, 74.5493322728, 77.8846545135, 0.944834017294, -0.0100283450881, 0.0319843624432, 172, 2019
Z, 100, 0.9975507533223583, 103.075679965, 106.256826298, 0.963562384476, -0.0888540146906, 0.0214541704352, 175, 2019
N, 100, 0.5051755860564524, 8.03480963132, 2.45830970663, 5.19290952414, -0.709358143173, 0.276418416074, 175, 2019
E, -100, 0.995695042631421, 47.9942265539, 50.4768796231, 0.956672627334, 0.100952175177, 0.0103090885826, 175, 2019
Z, -100, 0.9973525717934908, 59.191520955, 59.457507811, 0.975234481264, 0.227864882785, 0.174490152475, 178, 2019
N, -100, 0.5025409292911697, 8.62405057555, 2.85860179388, 3.49298572713, -2.08043799417, 3.26000889535, 178, 2019
E, 100, 0.9971951675180916, 31.2943918033, 26.9986595951, 1.1157988176, 0.120978949618, 0.15752035539, 178, 2019
Z, -79, 0.9999061946740306, 139.208922513, 140.601539968, 0.995247141211, -0.00232827881021, 0.0112235683709, 181, 2019
N, 100, 0.02961110400724867, 4.64573961388, 3.60379715423, 1.20139516629, -1.49769408497, 0.0445020540706, 181, 2019
E, 0, 0.9973840342992201, 63.6903714661, 64.1215900523, 0.970165639602, 0.0673800092246, 0.0755299909687, 181, 2019
Z, 45, 0.9998936169686358, 193.753500547, 196.73531236, 0.982483030383, 0.000712143564968, 0.00776457496384, 184, 2019
N, 100, 0.6660637153083281, 9.58085014829, 7.45053614609, 1.90983906353, -0.494676547151, 0.358247778498, 184, 2019
E, -100, 0.9973545590791706, 95.9108180977, 95.313284303, 0.988270958834, 0.0353113267788, 0.00988203090837, 184, 2019
Z, 100, 0.9998585045950562, 162.876178013, 169.850648058, 0.955970946473, -0.00465291055704, 0.0124073580957, 187, 2019
N, 100, 0.7204203342401747, 13.0432973594, 9.24687252693, 1.92812751199, -0.344837517295, 0.522418028964, 187, 2019
E, -100, 0.9965471811848847, 91.3030787832, 85.0374249694, 1.07253356105, 0.0879644702049, 0.00249018786063, 187, 2019
Z, 100, 0.9994941073959303, 81.9054391572, 84.3423204262, 0.970426579845, -0.0310582474476, 0.00801008811194, 190, 2019
N, 100, -0.24304034500545124, 4.90907705769, 2.78219205357, 1.7113884491, -3.57806481981, 0.722499440561, 190, 2019
E, 0, 0.998694506713742, 40.903120533, 38.3441681159, 1.0747846343, -0.00516150075554, 0.0145958075265, 190, 2019
Z, 100, 0.9995826797528551, 108.356221612, 112.055739362, 0.960064247601, -0.0081537092175, 0.0162417754032, 193, 2019
N, 100, 0.9313911329431322, 9.9632299164, 6.51872041914, 1.51587740388, -0.12476085972, 0.112017764951, 193, 2019
E, -100, 0.9979584458852053, 48.8774464845, 50.5705656087, 0.967845945436, 0.0841094505052, 0.0269030240246, 193, 2019
Z, 90, 0.9997383839932213, 162.609776713, 165.30320981, 0.979903517074, -0.0225683108332, 0.0164801595894, 196, 2019
N, 100, 0.4618300026835438, 9.03922506489, 5.50133569783, 1.75641992204, -1.1942105583, 0.105143330834, 196, 2019
E, -100, 0.9979378309090061, 75.1365122199, 78.1731158568, 0.942367346993, 0.0588265790933, 0.0159237274911, 196, 2019
Z, -100, 0.9998602840819133, 160.168767711, 160.097896034, 1.01220498459, 0.0154119187347, 0.00682482221494, 199, 2019
N, 100, 0.768687817098483, 8.21219371043, 8.59496060665, 1.04897631793, -0.544725485127, 0.097986852183, 199, 2019
E, 0, 0.9998484883400753, 80.7299168775, 80.1750164673, 1.00141406972, 0.00654499415091, 0.000650369638115, 199, 2019
Z, 100, 0.9993978728129739, 116.032967673, 115.153213244, 1.00464475767, -0.0383454592926, 0.00446658586605, 202, 2019
N, 100, 0.7713077516117978, 5.63559055357, 7.06988473478, 1.28811279458, 0.0712626761378, 0.611851090923, 202, 2019
E, 0, 0.9971147737164232, 56.8460352092, 57.8796915217, 0.986985987921, 0.0184170630719, 0.039166163239, 202, 2019
Z, 100, 0.9960572850665911, 54.2622107134, 56.8908986324, 0.909843827802, -0.201088537372, 0.170902952448, 205, 2019
N, -100, 0.5452127059580931, 8.78622514721, 2.75506174068, 6.99026001793, 1.11242174989, 0.510654184535, 205, 2019
E, -100, 0.9853498771951049, 27.8916739237, 27.4298668477, 0.961092601107, 0.0465542735019, 0.0680313214806, 205, 2019
Z, 58, 0.9996452235401819, 109.717776439, 106.566300939, 1.02674102431, -0.00870167804641, 0.00359289783662, 208, 2019
N, 100, -0.041556628735057694, 3.58278649233, 4.40118632502, 0.740472016965, -1.44435188471, 3.18395209484, 208, 2019
E, -100, 0.9981012529554472, 46.2738577623, 48.5978109447, 0.938860164096, 0.00664388689651, 0.00723645801041, 208, 2019
Z, 100, 0.9998649634965633, 176.510714198, 178.996300205, 0.984249228973, -0.00214350853248, 0.0137836568702, 211, 2019
N, 100, 0.7200833526464969, 8.80390543105, 4.91467174594, 1.6117310246, -0.361734366525, 0.389182281308, 211, 2019
E, -100, 0.998419470547001, 82.8390063074, 84.6209463855, 0.970105495825, 0.0736312244098, 0.0379421848593, 211, 2019
Z, 100, 0.999231338968848, 176.362711967, 176.757779591, 0.997923274587, -0.0501216111492, 0.0144049521952, 214, 2019
N, 100, 0.7959409680588203, 14.1431695187, 8.68346115237, 2.48492368203, -0.0246420780097, 0.613252153099, 214, 2019
E, 100, 0.9989127102848225, 87.7015439756, 88.2424218092, 0.988486379179, -0.0536808349808, 0.0183910334539, 214, 2019
Z, 100, 0.9993811412439265, 83.0797058459, 87.9836705992, 0.937976357349, -0.037976923334, 0.00598284838777, 217, 2019
N, 100, 0.8792427371560843, 9.5159381997, 7.62884976867, 1.45957212255, -0.435836653988, 0.22414422844, 217, 2019
E, 100, 0.9886825095718981, 42.5987732232, 44.5330235845, 0.922407547666, -0.16447502973, 0.0796403762457, 217, 2019
Z, 100, 0.9994591757978102, 75.9019133895, 81.4782760229, 0.917489474202, -0.0104045449281, 0.0147589752216, 220, 2019
N, -100, -0.6007262243063638, 3.41844429799, 4.50863761542, 0.747563878059, 0.803510149257, 3.49652257488, 220, 2019
E, -100, 0.9924835461262657, 41.6564590519, 38.1338134747, 1.06612778003, 0.164442172528, 0.0873784667123, 220, 2019
Z, 100, 0.9997595348916661, 134.374665242, 141.436447951, 0.955881675209, -0.0260662495325, 0.00373378163659, 223, 2019
N, -100, -0.21945730602934757, 4.07929802843, 6.35164337488, 0.664992986467, -1.6085764562, 0.282820742893, 223, 2019
E, -100, 0.9992985618533805, 73.6631870541, 66.8359818076, 1.09046878333, 0.0438493689595, 0.0201881853036, 223, 2019
Z, 100, 0.9992955345869046, 142.412291426, 146.610401583, 0.973061289343, -0.0433737688344, 0.00230270071409, 226, 2019
N, 100, 0.6086022340890617, 9.41961538711, 5.31297787487, 2.60680429803, -0.612584502525, 0.264104101034, 226, 2019
E, -80, 0.9993294630990011, 73.0798940514, 72.2029182275, 1.00042172029, 0.00455368559207, 0.0181828071654, 226, 2019
Z, 100, 0.9974838201244072, 107.161577277, 108.768119724, 0.986282385637, -0.0901130681054, 0.0329423887088, 229, 2019
N, 100, 0.5001601183553561, 15.1326991689, 8.6929160476, 3.13353303465, -0.502314036183, 0.688721434224, 229, 2019
E, -100, 0.9957261690210675, 55.5493210505, 55.4866015867, 0.991826512086, 0.100922552763, 0.0222015091861, 229, 2019
Z, -100, 0.9962674120299974, 40.7138018702, 45.8793309073, 0.881843629126, 0.0689656357049, 0.054096864198, 232, 2019
N, 100, 0.39880489492983595, 11.1337457017, 7.01841026051, 1.84931070818, -1.22023188458, 0.103666039788, 232, 2019
E, -100, 0.9790439408746044, 23.1798101863, 24.090926313, 0.918318944379, 0.110801047632, 0.050918086921, 232, 2019
Z, 94, 0.998971921115645, 74.2611564764, 71.5576609056, 1.02532041662, 0.0214723978641, 0.0366324889136, 235, 2019
N, -100, 0.546825940757663, 5.76848669891, 3.65748025792, 1.15483933264, -2.45438699786, 2.32321804223, 235, 2019
E, -100, 0.9893647594050825, 36.1916945835, 34.3722388487, 0.998469183146, 0.243251662643, 0.161764202079, 235, 2019
Z, 100, 0.9991738107918884, 142.701539929, 144.246375348, 0.981591225491, -0.0183354899146, 0.00308735763847, 238, 2019
N, 100, 0.5551225738420953, 3.64462508575, 5.37559906274, 0.639607492319, -0.975675304096, 0.111447350812, 238, 2019
E, -100, 0.9977850894141753, 64.7203464838, 68.5807710867, 0.944782088814, 0.0554480634868, 0.0181574995716, 238, 2019
Z, 100, 0.9992647251084085, 163.945713773, 161.121497797, 1.01785709472, -0.0479488061036, 0.0217885706629, 241, 2019
N, 100, 0.43183985703223887, 4.66302293909, 4.76583195262, 0.854898930632, -1.32692698486, 0.208703009862, 241, 2019
E, -100, 0.9954668721215433, 79.1705445274, 79.4594691584, 1.00575651443, 0.101565083624, 0.0299856072165, 241, 2019
Z, 100, 0.9987838216950492, 86.3247869748, 85.8574935567, 1.0099189575, -0.05640969465, 0.0121969658091, 244, 2019
N, 100, 0.8980944849150442, 12.127025112, 9.6588997692, 1.48109422918, -0.315141780033, 0.377151485434, 244, 2019
E, 100, 0.992524787632889, 45.8163362244, 45.5117340406, 0.967426880706, -0.128137710878, 0.0630458688325, 244, 2019
Z, 0, 0.9980377970502129, 60.2538949193, 61.5565185383, 0.954416327766, 0.0475584277753, 0.0654743810507, 247, 2019
N, 100, 0.7901447271835582, 6.61293249188, 6.29968530198, 1.25248502063, 0.413091321344, 0.825791437234, 247, 2019
E, 100, 0.9970135052987431, 32.7376877747, 29.6420866094, 1.13815171508, -0.0844724371113, 0.0601851004224, 247, 2019
Z, 0, 0.9997431244125089, 116.512529371, 119.929111731, 0.966485217237, 0.00223192060389, 0.00869914645422, 250, 2019
N, -100, -0.8116307925466383, 4.40910364223, 5.69335843055, 0.705460147666, 0.505823821038, 3.07001679119, 250, 2019
E, -100, 0.9991472839896712, 60.1703507139, 58.5956891072, 1.00408809533, 0.0482839244645, 0.0159174516036, 250, 2019
Z, 9, 0.9996987853307006, 118.15387074, 125.02575984, 0.944364073191, -0.0197645442228, 0.00914672580421, 253, 2019
N, 100, 0.8502946313779134, 4.62438129446, 4.82221708481, 0.84096025844, -0.236824725861, 0.0997925897551, 253, 2019
E, -100, 0.995881279392367, 58.3616314817, 61.1060738096, 0.950682819157, 0.112678358255, 0.0476430747872, 253, 2019
Z, 100, 0.9986474863229289, 85.4464188382, 89.5330705699, 0.964095363984, -0.0534975525597, 0.00185462107431, 256, 2019
N, 100, 0.24090593008669214, 6.49865367056, 5.77323342853, 1.74622331253, -0.712378090033, 0.688248251218, 256, 2019
E, -100, 0.9918164695472106, 40.3792895471, 45.1022064435, 0.873869850319, 0.0784246714597, 0.0540323417715, 256, 2019
Z, 100, 0.9907027131715963, 36.5898380775, 26.5353502121, 1.40654578487, -0.13082095189, 0.0133663009794, 259, 2019
N, 100, 0.8133309128017471, 8.6411298588, 9.4129350937, 1.37749237303, -0.385822829303, 0.394949022551, 259, 2019
E, -100, 0.9896456692388174, 16.8263949594, 15.7229572484, 1.04819147918, 0.11717694805, 0.0480842135739, 259, 2019
Z, 100, 0.9979332432025698, 62.7043977004, 63.2270376049, 0.996614850656, -0.078636802073, 0.0193628770294, 262, 2019
N, -100, 0.7784722631613448, 6.10233558014, 7.41527400025, 1.2227950711, 0.49774412196, 0.227803710625, 262, 2019
E, -43, 0.9969800936077532, 33.3536676199, 30.7693140796, 1.06578178561, 0.0513540906089, 0.0526989256385, 262, 2019
Z, 62, 0.9996344992322966, 114.808121836, 121.484294368, 0.934122303269, 0.00301428270671, 0.0216371600798, 265, 2019
N, 100, 0.8890853007792638, 6.75584508976, 4.4108433928, 1.61933307892, -0.118964257098, 0.19913126999, 265, 2019
E, -86, 0.9990310212915151, 63.6731567614, 59.8890810281, 1.03990215109, 0.0349410419737, 0.0348799608422, 265, 2019
Z, 100, 0.9985001334944004, 138.248275616, 138.549398846, 0.992774039236, -0.0494337323278, 0.00487441955789, 268, 2019
N, 100, 0.6966642978928098, 11.4845673002, 5.58726473057, 1.52765467473, -0.842141480482, 0.250124831986, 268, 2019
E, -100, 0.9935886577891242, 69.2198951182, 67.9126639166, 1.02034242414, 0.122392377412, 0.0123750718031, 268, 2019
Z, 100, 0.9937044974383482, 80.6612549661, 77.1124302298, 1.03945788971, -0.114696480353, 0.0367622192938, 271, 2019
N, 100, 0.2943147750666026, 2.50011450994, 4.6855042075, 0.741272084871, -0.828793706936, 1.17994239009, 271, 2019
E, -100, 0.9886714735570716, 43.8450633326, 39.0451566261, 1.12646218837, 0.168933154116, 0.0271713905195, 271, 2019
Z, 100, 0.9990356668634933, 66.7823148093, 70.3832601348, 0.939498613737, -0.00114762850025, 0.0218271432266, 274, 2019
N, 100, 0.9451689858349667, 13.6521351375, 10.5653545217, 1.38930774048, -0.391881365418, 0.103825476318, 274, 2019
E, -100, 0.9877848052669435, 32.4472016369, 33.1131219872, 0.940912522886, 0.162192944668, 0.0707168946329, 274, 2019
Z, 52, 0.9988006821498986, 121.652245484, 128.252723763, 0.941441994285, 0.0230877749414, 0.0438392441188, 277, 2019
N, 100, -0.3936000562695244, 3.1452441416, 6.14801042493, 0.525274324046, -0.929621620738, 3.77728941279, 277, 2019
E, -100, 0.9954643819544308, 65.2479885488, 62.858578066, 1.02943191689, 0.107764437377, 0.019714136361, 277, 2019
Z, 100, 0.9990639715843832, 120.418712596, 120.974378539, 0.988989565463, -0.0287519499428, 0.00921217694121, 280, 2019
N, -100, 0.6263406265432436, 6.03484916384, 5.47208960415, 0.692873832408, 0.593790792288, 0.516592149675, 280, 2019
E, -100, 0.9977531121338113, 59.6584639361, 60.4182462357, 1.00170538027, 0.0655172034425, 0.000689218956546, 280, 2019
Z, 100, 0.9993568560952371, 76.407501255, 76.1882727462, 1.00426452527, -0.023088634007, 0.00776556726076, 283, 2019
N, 100, 0.31620824999111746, 3.85514537207, 3.27264269618, 0.8432894569, -1.26110042948, 0.294116798429, 283, 2019
E, -100, 0.9876145237339096, 41.241977744, 37.4751365417, 1.06003948092, 0.056870467459, 0.105965938315, 283, 2019
Z, 100, 0.9719653042648756, 21.7099176878, 20.4887461338, 1.02463505562, -0.0586022768318, 0.0952438397323, 286, 2019
N, 100, 0.6354882659859402, 6.86688682184, 6.58938067849, 1.63544180443, -0.031604510085, 0.667586047576, 286, 2019
E, -100, 0.557060933548777, 9.27404539869, 7.36210368297, 1.2732899495, -0.370505399106, 0.50312740641, 286, 2019
Z, 14, 0.9989723269685751, 86.5061259603, 85.828140404, 0.994129551133, 0.019328994173, 0.0248220044392, 289, 2019
N, 100, 0.9580133688171574, 16.1182716146, 10.1636165798, 1.56651273486, -0.230538634109, 0.0467254731867, 289, 2019
E, -100, 0.9947223588242435, 43.7947935012, 40.6175059935, 1.07840756502, 0.0956962191792, 0.00234403242654, 289, 2019
Z, -87, 0.9997698685841395, 131.364502889, 136.53254349, 0.964907861099, 0.0211466600803, 0.0196148136374, 292, 2019
N, -100, -0.42356998000009477, 9.73857101996, 7.45898713451, 1.50501246609, -2.21951977845, 0.443062700956, 292, 2019
E, -100, 0.9963174642607994, 70.0714443575, 67.0408676026, 1.03626740729, 0.0937419214744, 0.011267893356, 292, 2019
Z, 100, 0.998275867482959, 134.279026054, 140.080181063, 0.948699646915, -0.0259372260894, 0.0229648033311, 295, 2019
N, 100, 0.08138973631547382, 7.48479903232, 5.22851219633, 1.45150757366, 1.67234451666, 3.20888490521, 295, 2019
E, -100, 0.9923890170970913, 74.3161012299, 69.9295272114, 1.04632245632, 0.0833743859124, 0.0481598771727, 295, 2019
Z, 100, 0.9955658323148172, 82.3820427001, 79.4425478364, 1.0482267617, -0.0867402327124, 0.0240296952224, 298, 2019
N, 100, 0.08496239345415013, 6.72878585007, 4.90133249326, 1.76904427862, -1.58202036, 0.535564956126, 298, 2019
E, -100, 0.9896407902076264, 33.0905232945, 38.5823824901, 0.863885947342, 0.124950642912, 0.0407157251308, 298, 2019
Z, -100, 0.9995157148768408, 83.2536248174, 85.7333687478, 0.975374665461, 0.0163170406099, 0.00293351384071, 301, 2019
N, 100, 0.8834161773407961, 9.92241890655, 5.75707803131, 2.83363384136, -0.295510378758, 0.19196787808, 301, 2019
E, -100, 0.9990138606167255, 42.458997965, 38.5757279792, 1.12917518018, -0.00311472246555, 0.0290464839501, 301, 2019
Z, 100, 0.9997970178598238, 150.832284592, 157.472691934, 0.95476645292, 0.0082724898292, 0.0211470032169, 304, 2019
N, 100, 0.7436281315643, 9.27284971626, 10.8857868102, 1.27769844039, 2.30062497336, 2.80041669646, 304, 2019
E, -100, 0.9995175520113734, 76.2721823357, 76.6373439953, 0.991738009772, 0.00927296741083, 0.0211466008352, 304, 2019
Z, -100, 0.15060307187329575, 11114.5445299, 152.103469524, 64.5298337395, -0.0571937121539, 1.52268902996, 307, 2019
N, 100, 0.21689914000406119, 2277.05079903, 5.87487679116, 329.953322953, 1.40829395997, 1.78419005223, 307, 2019
E, 100, -0.3347826990311705, 12359.871133, 75.4085246563, 94.7713105916, -1.21951297947, 2.52781447287, 307, 2019
Z, -100, 0.5803870478098015, 619912.816151, 96.3500596238, 5217.98634292, -2.55182558747, 2.37120453263, 310, 2019
N, -100, 0.05646461311580709, 10059.487157, 5.00817697633, 2245.22067813, 2.00778530471, 0.68422667564, 310, 2019
E, 100, 0.09961494541631051, 42585.6000803, 48.2669920917, 735.149849672, 1.84584847895, 3.40312307008, 310, 2019
Z, 100, 0.08963513553485819, 1006035.40913, 32.77363035, 31735.2061588, -0.625667951851, 1.11554620044, 313, 2019
N, 100, -0.7692194549809632, 9864.87575664, 2.33373874469, 6588.93740456, -0.393359422284, 2.8583254715, 313, 2019
E, -100, 0.47742961398168077, 26730.3155089, 13.5058260998, 2176.07631573, -2.36420871215, 2.39433889537, 313, 2019
Z, -100, 0.973392855255993, 109.044640927, 105.19442233, 1.11894015067, -0.212956516414, 0.2844765481, 316, 2019
N, -100, -0.5699261755484383, 72.163969556, 7.19775749859, 11.4593983312, 0.825158878743, 2.35861924404, 316, 2019
E, -100, 0.7294951039550137, 119.094906293, 49.1523374016, 1.86710516157, -2.04549341292, 3.75402305242, 316, 2019
Z, -100, 0.37287609377100633, 238.330909209, 165.152961905, 1.09929777405, 1.78523206999, 0.754289507839, 319, 2019
N, -100, -0.4843174192464081, 1963.21373024, 10.383361365, 209.400976228, 0.711824247279, 2.40824345481, 319, 2019
E, -100, 0.5089808554321764, 3030.82238795, 80.6053210377, 31.5524405457, -1.93708342541, 3.5457629939, 319, 2019
Z, -100, 0.44563087733758544, 345.8848597, 171.285128294, 1.87529439874, -2.16881806039, 3.27583216887, 322, 2019
N, 100, -0.9381747933733402, 2572.00423299, 7.02438882739, 309.129207473, -0.0529463230013, 2.89387595165, 322, 2019
E, -100, 0.7601567011459772, 4028.28473065, 84.6351868562, 37.9667503531, 0.357951072624, 0.329735349011, 322, 2019
Z, -100, -0.5909066785536492, 69358.9334813, 107.48045536, 602.854483594, -2.30844675879, 0.821845667458, 325, 2019
N, 100, -0.08767886895721683, 1727.1541463, 6.31593166733, 278.211995093, -0.676028198139, 4.09252689627, 325, 2019
E, -100, 0.8570390269950888, 147.317027126, 54.5923543914, 2.74077420549, 0.588358092387, 0.581392750809, 325, 2019
Z, -100, 0.13410261102874949, 97636.9990009, 85.423740793, 951.456061409, 0.441569790161, 0.983239135165, 328, 2019
N, -100, 0.06126729742738829, 2425.79912803, 2.96012281159, 837.044134275, -0.772494262914, 1.75971505557, 328, 2019
E, 100, 0.006477267153388248, 139.637542775, 36.9050412215, 3.27475317089, 0.633873136013, 2.14168126642, 328, 2019
Z, 0, 0.9998852587082524, 171.887409939, 173.450686232, 0.98841098916, 0.00741561305969, 0.0117910212283, 331, 2019
N, 100, 0.12496731208324541, 29.9184395814, 7.78533138925, 2.82311990171, 1.87941488333, 3.59774489061, 331, 2019
E, 100, 0.9933885640277375, 82.5305118688, 83.8050685845, 0.938984405256, 0.0446277288962, 0.096987960205, 331, 2019
Z, 5, 0.9997934818009668, 184.493215183, 188.537830884, 0.970656707067, 0.0120483074867, 0.0154596115935, 334, 2019
N, 100, 0.7978002708517474, 5.40352538641, 9.91558756172, 0.434076199297, -0.206752965131, 0.468369815299, 334, 2019
E, 0, 0.9995492436943559, 96.5583535742, 92.3730665785, 1.04653460223, -0.010137780423, 0.00758766493757, 334, 2019
Z, 0, 0.9996193325719662, 132.377468086, 138.219461346, 0.958136748617, 0.0225504328055, 0.0228342426706, 337, 2019
N, -100, -0.4199366129607737, 110.520230215, 5.38861038667, 17.4056440836, 0.0679934967956, 4.12616369947, 337, 2019
E, -100, 0.9193648807732661, 77.4286800412, 68.4033644351, 0.96136669601, -0.292068208312, 0.462225261895, 337, 2019
Z, 0, 0.9993138223775552, 60.8255673446, 64.9448213212, 0.943033410271, 0.0469097061634, 0.0517656051347, 340, 2019
N, 100, -0.6555277408344844, 207.795912756, 4.64485806402, 57.9173005332, -3.77379914054, 0.363536180236, 340, 2019
E, -100, 0.42215715347916294, 75.3855251893, 32.0055084724, 2.65700072679, -1.84019380089, 3.50340284408, 340, 2019
Z, -98, 0.999526062877726, 102.85829177, 101.984920297, 1.00844386495, 0.0160361771381, 0.00656159433598, 343, 2019
N, 100, 0.655727872549817, 7.0257251071, 1.93335949731, 3.05052576064, -0.366689541468, 0.471285509214, 343, 2019
E, 100, 0.9983883703648452, 45.6718783475, 46.5813051543, 0.963290527163, -0.0371185880448, 0.0166165558703, 343, 2019
Z, -21, 0.999956213011379, 177.24393173, 177.03388553, 1.00167393451, 0.00794634350283, 0.00545679836878, 346, 2019
N, -100, 0.9118865292634881, 4.85882110782, 7.59010951902, 0.742253477691, 0.362265506552, 0.142035462464, 346, 2019
E, -100, 0.9993247537229919, 84.9777605596, 85.6343297542, 0.991895202596, 0.0462759182181, 0.0213073292172, 346, 2019
Z, -21, 0.9999530622473349, 200.524795044, 202.360150931, 0.987643242168, 0.00689580738567, 0.00706067323572, 349, 2019
N, -100, 0.9270929980158398, 9.15521016863, 10.2301113571, 0.954577692737, 0.25683055013, 0.0258088897492, 349, 2019
E, 0, 0.9999097217977491, 102.824411819, 98.8106384533, 1.03868349969, 0.0115481933245, 0.000533842969183, 349, 2019
Z, 0, 0.999894313827532, 144.615089446, 147.369199661, 0.982995686926, 0.00628903333115, 0.0120619622993, 352, 2019
N, -100, 0.7903139398472785, 8.77095792653, 6.97698950844, 1.06966399669, -2.50765870349, 3.06318455718, 352, 2019
E, -100, 0.9989313684978061, 77.3149456641, 74.0062597883, 1.05336378423, 0.0610072355635, 0.0185503610575, 352, 2019
Z, 26, 0.9998515087749839, 69.7249079248, 70.5463107263, 0.991661871148, -0.0541780956063, 0.0472575027514, 355, 2019
N, 100, 0.38126462722359117, 19.0193633317, 6.65354085244, 4.16366400689, -3.74512928167, 2.40976133657, 355, 2019
E, 100, 0.9890257292935385, 34.5944982987, 29.8816091857, 1.18952193323, -0.488456581295, 0.369572332644, 355, 2019
Z, 0, 0.9999921191552652, 159.41785721, 161.46374549, 0.988272383291, -0.000693137821965, 0.0021145169711, 358, 2019
N, 100, -0.8660027580058444, 70.6059959079, 3.85166093604, 19.0136594526, -0.270008734674, 2.78204063932, 358, 2019
E, -100, 0.9836376300938576, 54.5790066997, 76.7834736453, 0.672175218346, 0.154843441584, 0.154692378357, 358, 2019
Z, -100, 0.9999545672438039, 195.964819631, 198.854803428, 0.985502450915, 0.0143233064833, 0.00498018612636, 361, 2019
N, -100, 0.7415469182778018, 12.0703902965, 8.93689788193, 0.910098291614, 0.739962406112, 0.463568413203, 361, 2019
E, 18, 0.9998405327020026, 102.417708334, 98.4974119476, 1.03729706192, -0.0142408989966, 0.00313847851664, 361, 2019
Z, -32, 0.9999602466355444, 166.063316387, 169.316888186, 0.981626537258, 0.00849890073114, 0.00793132639656, 364, 2019
N, -100, 0.8936706448344832, 5.9758081204, 8.47793597872, 0.48325209306, -2.82502166161, 2.82982860936, 364, 2019
E, 0, 0.9996973627102167, 86.75693187, 83.3387906839, 1.04010983427, 0.0234327258832, 0.00751366696598, 364, 2019
