Chan, Phase Shift, Correlation, ptp-data, ptp-synthetic, rat, phasem, phasestd, DOY, Year
Z, -100, 0.6547634781922748, 25.9309758843, 24.2855741987, 1.00030671592, -2.32173002806, 3.21260397038, 1, 2019
N, 100, 0.9417411888961581, 72.4071901337, 55.1844964675, 1.2896730806, 2.77388330591, 3.16205218791, 1, 2019
E, 100, -0.07186425865399064, 26.7576630773, 12.4128393772, 1.99117746357, -1.44500818933, 2.98980684884, 1, 2019
Z, -100, 0.6949307200782561, 22.5564254299, 29.687943004, 0.728713047629, -2.10929329412, 2.89364999057, 4, 2019
N, 100, 0.9863864613170901, 98.7466060106, 82.3310257646, 1.18563732582, -0.159513002646, 0.0142734222238, 4, 2019
E, -100, -0.3666492959186754, 29.2867083427, 10.7449742286, 2.53734456109, 1.29501268995, 3.39886877975, 4, 2019
Z, -100, 0.9551099918340296, 15.0694645882, 29.6979809919, 0.483936639732, 0.32620936416, 0.0628656049757, 7, 2019
N, 100, 0.9969310784511384, 101.936233142, 87.5451376713, 1.1657553363, -0.0604636960821, 0.0222851494309, 7, 2019
E, 100, 0.6908648684314311, 34.6737061976, 13.6502711412, 2.577600863, -0.710829226245, 0.130176512524, 7, 2019
Z, 100, -0.4014289653485183, 16.9994311525, 12.2604270466, 1.76793085796, -0.467511847062, 3.5493974092, 25, 2019
N, 100, 0.988899724138351, 81.1573683389, 58.9337134429, 1.41576664883, -0.126463016479, 0.0298530607882, 25, 2019
E, 100, 0.9800011626580235, 54.536354858, 19.7728653654, 2.80127232368, -0.0212034143277, 0.0705380549263, 25, 2019
Z, -100, 0.8482083077478835, 36.1324101829, 30.4789379615, 1.05511705482, 0.485811838452, 0.136722123757, 28, 2019
N, 100, 0.8912577835804172, 54.1165632946, 39.7928275355, 1.33576781657, 2.65944051203, 3.14011675171, 28, 2019
E, -100, 0.5733709250330422, 34.5255916092, 20.5034575621, 1.87165565976, 0.950460776346, 0.0481949923977, 28, 2019
Z, -100, 0.6781801536443791, 23.3447090226, 29.0922329268, 0.761636530419, -2.35536935634, 3.2134865991, 31, 2019
N, 100, 0.9562028805298842, 73.8939054669, 70.0524555182, 1.03709120524, -0.28765702913, 0.024898390929, 31, 2019
E, 100, -0.6555596015075251, 24.3703021088, 7.56310202538, 2.59522838396, 0.012793459938, 3.20822203154, 31, 2019
Z, -100, 0.6331013136150384, 18.8778683859, 27.3387359453, 0.618209962658, -1.85665380482, 2.63526823886, 34, 2019
N, 100, 0.8953934446574932, 105.800585585, 79.0801774071, 1.42350573505, -0.177812158948, 0.28907495129, 34, 2019
E, 100, 0.2105920434959953, 32.7473442653, 11.2939988478, 2.62908650096, -1.18385484966, 0.270523814772, 34, 2019
Z, -100, 0.849695235164526, 23.6056712283, 22.6146830473, 1.03338502526, 0.320382123241, 0.208961468233, 37, 2019
N, 100, 0.2841822701647251, 119.235636774, 67.0072420601, 1.47244088555, -1.42048234872, 0.41534107358, 37, 2019
E, 100, 0.5616850726375111, 28.2310856392, 12.5197896162, 2.01053792881, -0.980555921158, 0.0659077720195, 37, 2019
Z, -100, 0.48662747357380853, 24.0508310566, 9.83417339875, 3.10803128117, 0.474543282559, 0.522342914365, 40, 2019
N, -100, 0.15993603001061746, 47.2509405517, 36.679291093, 1.29063638652, -1.91387282382, 3.35283804231, 40, 2019
E, 100, 0.8239562129894245, 20.9389015524, 14.6645909638, 1.46605356798, -0.0200745427396, 0.359803975793, 40, 2019
Z, 100, -0.3011493089133434, 28.341915095, 20.7366751398, 1.20462540558, -1.17580092724, 3.10669459753, 43, 2019
N, 100, 0.6376315303120582, 26.6833553419, 33.9655590047, 0.654505913254, 2.56397374579, 2.83030146122, 43, 2019
E, -100, 0.352327669131415, 23.2649703954, 16.589841012, 1.80766160537, 1.27233598378, 0.156848711106, 43, 2019
Z, -100, 0.9662424211631045, 49.5201336245, 37.473938667, 1.44142737351, -2.88943264221, 3.10148355808, 58, 2019
N, 100, 0.9632055764865867, 61.6629635816, 55.1665738889, 1.14654723647, -0.243277598592, 0.00788196222297, 58, 2019
E, -100, 0.26263792571687133, 33.1624236492, 14.8453058724, 2.42852699964, 1.36747797015, 0.19905843594, 58, 2019
Z, -100, 0.8560477692172372, 28.8097316749, 25.3410297326, 0.910826266663, 0.115244397466, 0.417938823028, 61, 2019
N, 100, 0.9815518179666437, 65.8481667958, 65.9256049237, 0.989725219352, -0.209897134578, 0.0214685630261, 61, 2019
E, -100, -0.14734238626518184, 20.1289839327, 8.22017912059, 2.01041522003, 1.67611144361, 3.64952396645, 61, 2019
Z, 100, -0.12213894257874482, 13.4798513431, 20.2120716791, 0.758362921468, -0.691302650952, 2.67936480028, 64, 2019
N, -100, 0.9920739739833015, 52.860519569, 54.5447676991, 0.946906120217, -2.9983051746, 3.22121381614, 64, 2019
E, 100, 0.6255369616657842, 24.1931784516, 11.48798473, 2.00201740196, -0.763191384365, 0.178489543065, 64, 2019
Z, -100, 0.35230404305755264, 11.8780920104, 19.4380944285, 0.68022983837, 2.14226049869, 0.9093085606, 67, 2019
N, -100, 0.9645591207407709, 40.0468564557, 27.8241375441, 1.62506476153, 0.345649134781, 0.276384260813, 67, 2019
E, 100, 0.8655867105371704, 20.9031215009, 11.4792969217, 1.79826731259, -0.315634829858, 0.124378947794, 67, 2019
Z, 100, 0.8656954025818692, 13.119297072, 15.9165866839, 0.98263659803, 0.183993730571, 0.363472219043, 70, 2019
N, 100, 0.5618459729491582, 16.9002121342, 25.9312401922, 0.616286526398, 0.0858654221858, 1.04478449397, 70, 2019
E, -100, 0.8261584730712082, 23.7007353505, 14.311323225, 2.01107258101, 0.574244471916, 0.149677765351, 70, 2019
Z, -100, 0.981684092928126, 36.9410812176, 32.6219509298, 1.02359054544, 0.12721269744, 0.0852119184216, 73, 2019
N, 100, 0.9976328034370361, 55.6915380332, 59.5843817559, 0.925251476761, -0.0271170769961, 0.0425299003009, 73, 2019
E, -100, 0.7079131395495416, 16.5806438243, 14.170791961, 1.01807597967, 0.817681216532, 0.465581622629, 73, 2019
Z, -100, 0.9622411824320153, 36.4343992288, 31.5245712982, 1.17738075646, 0.260373233046, 0.000592468981871, 76, 2019
N, 100, 0.9922211681197745, 77.6357142618, 75.9461824484, 1.01903619358, -0.109756241399, 0.0319060029448, 76, 2019
E, -100, -0.08601314904256809, 11.6470784455, 10.7940557248, 0.877383398279, 1.58360356757, 3.44643321894, 76, 2019
Z, 100, 0.2868522823012997, 39.88666217, 24.8801884128, 2.18529237861, -1.16032634276, 0.939776140369, 79, 2019
N, 100, 0.9578006315195207, 56.9736653929, 53.331512628, 1.01960300331, 2.86356475726, 3.19111915664, 79, 2019
E, 100, 0.8520161130285566, 34.9767439991, 16.0083233982, 1.95293049936, -0.186812940691, 0.36070363558, 79, 2019
Z, 100, 0.7381161009854383, 81.7501984608, 28.4382084908, 3.6747732366, 2.5836288971, 3.10202719703, 82, 2019
N, -100, 0.7040164534428144, 24.1955582222, 22.3474008187, 1.33093321043, 0.426025766961, 0.629892755353, 82, 2019
E, -100, 0.9263506436822627, 52.8337088409, 14.6259448584, 3.3407078819, 0.284893719491, 0.0237033992453, 82, 2019
Z, -100, 0.9592796038781208, 46.2807561641, 34.663885517, 1.5157570957, 0.324307364195, 0.154581778576, 85, 2019
N, 100, 0.9912306992934228, 41.2786827566, 53.6586111672, 0.784968889792, 0.0068835939945, 0.0505717135721, 85, 2019
E, -100, 0.17812551088316156, 26.2382050744, 15.8408397237, 1.84433424442, 1.46738192008, 0.0241559962566, 85, 2019
Z, -100, 0.9589458202194805, 44.7604959557, 35.2596530914, 1.24375722591, -2.87463155946, 3.18929443405, 88, 2019
N, 100, 0.9906158715208685, 56.2211694132, 63.1197819577, 0.895906100851, -0.142153381813, 0.0016611905955, 88, 2019
E, 100, -0.16183265210069345, 28.0020021413, 8.35491308166, 2.38000451116, -0.869012471202, 2.22183807107, 88, 2019
Z, -100, 0.9941243903417065, 13.4436475945, 16.272484106, 0.835954129914, 0.0801501483264, 0.0317999829176, 91, 2019
N, 100, 0.9847407526856891, 48.6286373084, 48.283209015, 1.0268829618, -0.153533949523, 0.043930893706, 91, 2019
E, 100, 0.5422298422281193, 18.2566742381, 8.77574840723, 1.97926427336, -0.983039636463, 0.0231739091903, 91, 2019
Z, -100, 0.8223180254892191, 23.8145755692, 19.5508390845, 1.67568161718, -0.131223077518, 0.496810508971, 94, 2019
N, 100, 0.8344799737638896, 26.4088837422, 16.8811800877, 1.71110358289, 2.61813243404, 2.94364096253, 94, 2019
E, 100, 0.8369210997551355, 23.4754148164, 10.9575776792, 2.1888510704, -0.397816973886, 0.274263027802, 94, 2019
Z, 100, 0.8224041616075589, 40.3333706287, 24.1242772436, 2.28725807163, -0.46139355274, 0.298286185772, 97, 2019
N, 100, 0.981098349459469, 20.7379688897, 34.7340731132, 0.629296960029, -0.106679219356, 0.151143766287, 97, 2019
E, -100, 0.8933970435041371, 29.4978189355, 9.57953669395, 3.44874977876, 0.187059925746, 0.256528185092, 97, 2019
Z, 100, 0.6885554047867336, 59.2379032145, 29.0439470834, 1.84716520024, -0.88453480095, 0.185943777332, 100, 2019
N, 100, 0.9870771233935661, 50.7250155882, 65.7777776198, 0.747844945223, -0.0447035166656, 0.0976107749704, 100, 2019
E, -100, 0.8580700573445086, 42.4098294275, 12.1051633596, 3.55852136418, 0.38392990242, 0.191866405032, 100, 2019
Z, -100, 0.974217194722348, 48.5845750802, 39.3002273633, 1.21878584946, 0.216589913779, 0.030340789326, 103, 2019
N, 100, 0.9908877836186578, 72.7426095149, 74.7858945522, 0.982044793335, -0.134118262519, 0.00689569165051, 103, 2019
E, -100, 0.0068682853884585865, 20.4102533629, 10.5993758217, 1.15397462071, -1.07708505793, 1.78711755815, 103, 2019
Z, -100, 0.812262898611268, 26.3356806184, 19.1651357054, 1.26500363272, 0.461445969175, 0.25878006056, 106, 2019
N, 100, 0.9874433231128839, 52.2709443414, 54.749152975, 0.967971331946, -0.153910290201, 0.0224702014877, 106, 2019
E, 100, 0.5358812593351068, 22.3097296562, 12.2900493492, 1.62912382549, -0.899831984681, 0.164698173806, 106, 2019
Z, 100, 0.8495040632340606, 23.7645768218, 30.6159842253, 1.07589512977, 2.58331750342, 2.95072797268, 109, 2019
N, 100, 0.9442018610883072, 18.7370660632, 28.5743201507, 0.617609127889, -3.13476213494, 2.8576811609, 109, 2019
E, 100, 0.9234435304841772, 30.9675568377, 14.0593586005, 2.20790464681, -0.142783070113, 0.0988440322514, 109, 2019
Z, 100, 0.9816508655335137, 35.5240971403, 35.8531150925, 1.06316335863, -0.14914898218, 0.0381429127342, 112, 2019
N, 0, 0.9994009087393724, 48.2151826728, 66.4074744919, 0.731610974703, 0.00450045385877, 0.0170014489509, 112, 2019
E, -100, 0.5072587443258968, 21.8888946608, 9.64179443438, 2.03675601191, 0.994700259963, 0.194513724591, 112, 2019
Z, -100, 0.9958910918617573, 43.2554841514, 38.4886312217, 1.11955663328, 0.0860144223211, 5.47059346845e-05, 115, 2019
N, 0, 0.9990931513535368, 66.066883861, 73.8583940494, 0.904306051671, 0.00276917560171, 0.0203116835259, 115, 2019
E, 100, -0.20651945176381, 16.8457752509, 10.1674631716, 1.14894284287, -1.10003937189, 2.46242221012, 115, 2019
Z, -100, 0.9400746688162491, 29.941506219, 29.5653734615, 0.936801845968, 0.133367467002, 0.267302976416, 118, 2019
N, 100, 0.9938095073511872, 53.3790522405, 59.1229133728, 0.870970662677, -0.12150797731, 0.0991037066516, 118, 2019
E, -100, -0.11833765590135518, 13.8767626537, 8.05027633042, 1.66418480515, 1.38514520932, 3.21553078156, 118, 2019
Z, 100, -0.28353586346818965, 27.5346317685, 5.98883056067, 7.88746246824, -2.33707973514, 1.75188560946, 121, 2019
N, -100, 0.8304857959603815, 18.7187591323, 26.4808749907, 0.521578353997, -0.221970272652, 0.677139221587, 121, 2019
E, 100, 0.650254634763643, 15.9397950378, 8.36650083157, 1.62905921873, -0.683311059416, 0.11835466918, 121, 2019
Z, 100, 0.9495541547116442, 25.9697594273, 25.2727430376, 1.31656210247, 2.88679911406, 3.00624631822, 124, 2019
N, -100, 0.9697313150170526, 29.6525010741, 42.7721739818, 0.627227770933, 0.261013051837, 0.187937669376, 124, 2019
E, 100, 0.9091520099155348, 25.6686296705, 9.25976558536, 3.11778381971, -0.079791067539, 0.192050663725, 124, 2019
Z, 100, 0.9798437598815215, 43.4983208621, 34.2851967802, 1.26714787094, -0.176933743432, 0.0109775646128, 127, 2019
N, -100, 0.9969149971439952, 70.6685961502, 79.3826789088, 0.893041447108, 0.0854489440884, 0.0297473335722, 127, 2019
E, -100, 0.733808519726364, 19.4214833399, 7.75377543434, 2.42723325849, 0.669924934445, 0.282893272669, 127, 2019
Z, 0, 0.9954262035279777, 44.2701174228, 39.2009110605, 1.08888972194, 0.0137797786453, 0.0142655250735, 130, 2019
N, 100, 0.999503554131377, 78.1959490193, 87.5381767039, 0.89577638483, -0.0215229318047, 0.0104625481486, 130, 2019
E, -100, 0.15747140586257316, 14.3428786984, 11.4824806444, 0.745990361805, -1.67700696623, 2.25623544719, 130, 2019
Z, -100, 0.9764340445823332, 43.3430143161, 36.6359570828, 1.27379602158, -2.90773563503, 3.08389733432, 133, 2019
N, 100, 0.9969992283713074, 58.5748003948, 66.3662898657, 0.873518280995, -0.0883474966398, 0.0072899165172, 133, 2019
E, 100, 0.33468225432508797, 14.6096806774, 11.1728750215, 1.17093007439, -1.13081307562, 0.335515856347, 133, 2019
Z, 100, 0.09850029647951991, 249.663327058, 13.3809059383, 17.1197881522, 1.84799821517, 2.68743160668, 136, 2019
N, 100, -0.05601005856940443, 227.169179801, 31.0510718162, 7.12386806219, 1.88428533086, 0.0213835179998, 136, 2019
E, 100, 0.35480730559780743, 289.307836066, 11.402891768, 18.8663231364, -0.906024865473, 0.744224600502, 136, 2019
Z, -100, -0.5300862130099019, 626.136115459, 40.4695425373, 13.0643120822, 0.959712139631, 3.15783564568, 139, 2019
N, -100, 0.5021817087592219, 608.156844538, 73.1865020423, 7.23010952498, 0.908676042751, 0.21704529967, 139, 2019
E, 100, 0.4862463039554117, 720.403519104, 8.45915723673, 71.9895438649, -0.78862230396, 0.28565245181, 139, 2019
Z, 100, 0.9807800700575732, 45.6082373991, 39.5103318835, 1.10041526107, -0.103269670821, 0.0456440617839, 142, 2019
N, 0, 0.9995436380668404, 80.5432083778, 88.4801554122, 0.908159038067, -0.0165155135653, 0.0252854350635, 142, 2019
E, 100, -0.06840805268720297, 10.3629556464, 10.1399509016, 0.595302834483, -1.56896430751, 1.83636000006, 142, 2019
Z, -100, 0.9792883581914869, 45.9888752323, 37.0802725277, 1.2265965965, 0.214639170618, 0.012570430869, 145, 2019
N, 100, 0.9990717679831032, 59.2242148232, 74.2966768324, 0.798442435751, -0.0504223103022, 0.0174532445141, 145, 2019
E, -100, -0.39757674679206384, 12.7763911777, 9.31774071422, 1.26189086397, 0.621724810906, 2.95508961474, 145, 2019
Z, -100, 0.9782893314992619, 39.9231050221, 23.8252768983, 1.77785864167, -2.89563944866, 3.0576739162, 148, 2019
N, 100, 0.9913400707147424, 36.9870307004, 46.2919897129, 0.732189405662, -0.183809540386, 0.17813575945, 148, 2019
E, 100, 0.043776622856354634, 20.0398100866, 7.01984134092, 2.9195328599, 1.37595680447, 2.89787986364, 148, 2019
Z, 100, 0.7822412748024664, 13.012609528, 13.9283147262, 0.817918296254, 2.48372161432, 3.12040650004, 151, 2019
N, -100, 0.986726837265637, 34.4688316047, 41.5527560458, 0.779662535192, -2.92149400781, 2.97265037821, 151, 2019
E, 100, 0.6550651089226138, 21.1092987956, 6.73885615625, 2.82337497175, -0.688839462989, 0.0550966318554, 151, 2019
Z, 100, 0.9902744158632302, 37.3727216622, 34.5107419554, 1.09056517202, 3.08777494891, 3.03512038455, 154, 2019
N, -100, 0.9971567081844639, 75.6102017135, 83.568441976, 0.898993677192, 0.090686950601, 0.0236524077443, 154, 2019
E, -100, 0.6447844410333788, 20.4252489559, 7.09718658166, 3.11069055966, 0.67432774644, 0.274356426077, 154, 2019
Z, 100, 0.9772636310284185, 51.1151812926, 41.986984933, 1.18850750968, -0.1675844271, 0.0119094215499, 157, 2019
N, 0, 0.9995795720659276, 94.5297551937, 102.003887522, 0.920691842858, 0.0128946456796, 0.00415622503156, 157, 2019
E, 100, -0.34498361083727447, 14.0518683026, 11.5398269227, 1.24890239025, -1.25498901717, 2.60778691161, 157, 2019
Z, 0, 0.9939698864288524, 53.9910891796, 41.2139523955, 1.43329239171, 0.091709350094, 0.11120564797, 160, 2019
N, 0, 0.9970580904857915, 72.3656695805, 80.5121669903, 0.868198604029, -0.0696442366421, 0.0802378973312, 160, 2019
E, -100, -0.3050683972108984, 18.5148396742, 12.6423572015, 1.24970556073, 1.19486310506, 3.40147593346, 160, 2019
Z, 100, 0.9851697049724553, 28.5319985959, 24.1524636246, 1.26511284381, -0.0576127633144, 0.00299288032702, 163, 2019
N, -100, 0.9947558393722603, 40.8735580369, 42.6803543711, 0.901451954084, -0.168429381865, 0.257686470574, 163, 2019
E, 100, 0.5482571558872606, 17.6045949262, 9.73143161636, 1.83029319799, -1.10599005173, 0.262056458236, 163, 2019
Z, 100, 0.9469546954251485, 30.239585155, 28.5414749426, 0.972981547839, 2.90022369278, 3.0519853446, 166, 2019
N, -100, 0.9978712133102585, 65.687995697, 68.1537565675, 0.936316201416, 0.0599441970464, 0.0323390958939, 166, 2019
E, -100, 0.9155694250306575, 12.2374737078, 8.0571279542, 1.46999731897, 0.277746966587, 0.0867099116791, 166, 2019
Z, 100, 0.984711172187417, 44.6338557538, 42.9335242149, 1.06370134002, -0.118990239257, 0.0437664362845, 169, 2019
N, -100, 0.9938722241383294, 89.7859631285, 93.5636448998, 0.974021688948, 0.068318907534, 0.0350365684541, 169, 2019
E, -100, 0.272298114536709, 8.69804662736, 8.97836168556, 0.774520959298, -2.03372603719, 2.19362968282, 169, 2019
Z, 100, 0.9971025600535349, 46.6670809086, 37.4755963634, 1.27687655384, -0.00791635365459, 0.0490777988391, 172, 2019
N, -100, 0.9889844877798396, 69.6094334646, 86.537861303, 0.811203026708, 0.152751486642, 0.0175658896804, 172, 2019
E, -100, -0.7794701455312054, 10.7657272606, 10.2144452309, 0.958930017758, -0.0380964171701, 2.76201000558, 172, 2019
Z, 100, 0.9940419238576452, 46.0100100605, 33.8318458935, 1.25925337721, -0.138804002808, 0.119543772097, 175, 2019
N, -100, 0.9844592955536858, 53.6163158701, 60.3736974168, 0.824896522467, 0.042929924384, 0.0899186500382, 175, 2019
E, -100, -0.40064123824113235, 15.004974031, 7.6912967683, 2.09209886641, 0.413080796947, 2.56727683765, 175, 2019
Z, -100, 0.9481437364119228, 29.4768087062, 17.7145819192, 1.9478683366, -2.57144874051, 2.48476584928, 178, 2019
N, 0, 0.9593053424766073, 47.910786164, 34.7876209241, 1.16935275533, -1.24966669539, 1.18671706049, 178, 2019
E, 100, 0.5967865385783298, 17.8148689595, 5.45714167427, 3.39515752081, 2.11025241362, 2.97062312926, 178, 2019
Z, 100, 0.9901693601479155, 27.0327216207, 26.8206128601, 0.953856872332, -0.0469886632831, 0.0636722450389, 181, 2019
N, -9, 0.9991371559750964, 69.5165321202, 74.1106571816, 0.925393164342, 0.0168508821077, 0.0178365608773, 181, 2019
E, -100, 0.8879410639272074, 16.1351039513, 6.44686538716, 2.38128001517, -0.0431332614758, 0.130408680274, 181, 2019
Z, 100, 0.9958082543203204, 49.8384625348, 42.9720933323, 1.14645755019, -0.0345402080959, 0.0580733313281, 184, 2019
N, -100, 0.9986561155333477, 93.5618236525, 105.229633078, 0.880000536545, 0.0383889827545, 0.00501743522402, 184, 2019
E, -100, 0.4702387880359203, 12.1214337838, 10.5549820854, 1.34895282673, 0.818082044573, 0.540575654544, 184, 2019
Z, 100, 0.9939836619008214, 44.9145198238, 40.1865534625, 1.13451971492, -0.0991985595232, 0.0137055722301, 187, 2019
N, -100, 0.9976353756678762, 85.2623424403, 93.1449002585, 0.907192578094, 0.0436296382515, 0.0314141984998, 187, 2019
E, 100, 0.5584566471139207, 4.53865557337, 14.1882436548, 0.243818875832, -0.656806835605, 0.767581026226, 187, 2019
Z, 0, 0.9799406557664555, 41.3113746774, 37.0707008028, 1.19036213213, 0.116331328748, 0.0807700251266, 190, 2019
N, -100, 0.9836961527868592, 47.2166653748, 53.1115750015, 0.806484196118, -0.17505337557, 0.280758705777, 190, 2019
E, 100, 0.44637790414828343, 16.5842341326, 10.3116300754, 1.57072015138, 2.09415632984, 3.2511620872, 190, 2019
Z, 100, 0.9320943278533036, 25.572540434, 21.135335595, 1.22300326634, -0.315201133382, 0.0446691121368, 193, 2019
N, -100, 0.9875009527436063, 50.8433385128, 55.3446865371, 0.918095285659, -2.94798480557, 3.11010632789, 193, 2019
E, 100, 0.9665787145928785, 24.1750990442, 7.9178690179, 3.01808328199, -0.294283657423, 0.195977119001, 193, 2019
Z, 100, 0.9608072408131266, 31.2470388948, 35.1978409947, 0.855758588744, 2.90092668081, 3.11185830512, 196, 2019
N, 100, -0.1376183794416077, 226.419946357, 84.6357764743, 2.02392587604, -0.935365170561, 2.41938194529, 196, 2019
E, -100, 0.9112211300495694, 95.5385142727, 8.23871185751, 11.180840881, 0.300320374085, 0.0698880117468, 196, 2019
Z, 100, 0.9906853235698402, 44.1904788563, 39.5177665181, 1.14426633996, -0.0629042415528, 0.0498415906853, 199, 2019
N, -100, 0.5576118878163395, 358.376067882, 87.7803988078, 3.59081186023, 0.833601059468, 0.214548681346, 199, 2019
E, -100, 0.779441051250075, 139.01186907, 9.91411414817, 12.4764431908, -0.22523669156, 0.578221368278, 199, 2019
Z, 0, 0.9978278895272077, 34.3072392427, 31.9487603039, 1.02899170748, -0.0184459501219, 0.0557011611412, 202, 2019
N, -100, 0.9967074581189709, 64.9624314658, 66.0766012888, 0.965148651959, 0.0776849954099, 0.00503585709422, 202, 2019
E, 100, 0.02548238475863713, 8.84354500236, 8.75736063968, 0.833843419062, -1.45625655905, 0.180350760053, 202, 2019
Z, -100, 0.9907851285387373, 30.7492442287, 28.1684834342, 1.13211071456, -3.00410962453, 3.15430459666, 205, 2019
N, 0, 0.9815479976610753, 39.3565767307, 36.3531372374, 0.955631130957, -0.345406814397, 0.387208417927, 205, 2019
E, 100, 0.41837952739397466, 14.8729597202, 5.7546855065, 3.23928069261, 1.7937590121, 2.3803898496, 205, 2019
Z, 100, 0.9574327833749577, 23.4404921726, 18.4492871181, 1.33528692516, 2.70632714456, 3.34736836245, 208, 2019
N, -100, 0.9834783468637758, 57.0089452596, 55.5709599419, 0.993618523362, 0.239096481997, 0.102944453848, 208, 2019
E, 100, 0.9595811966318167, 17.7153686809, 5.57364189208, 3.22665142549, -0.380196729706, 0.331490196577, 208, 2019
Z, 100, 0.9323707188323112, 38.3357820915, 34.797530173, 1.00542919693, 2.8663664347, 3.03202914889, 211, 2019
N, -100, 0.9944515835013442, 84.1608439661, 91.724733889, 0.901578350397, 0.112960467958, 0.0218782930174, 211, 2019
E, -100, 0.7094482685066903, 18.4391192918, 9.43838658379, 1.9915246872, 0.720491900161, 0.083032934666, 211, 2019
Z, 100, 0.991833179025615, 47.5620723547, 43.1929293932, 1.19807348841, -0.0239740448573, 0.0879592918077, 214, 2019
N, -100, 0.9940277409654426, 88.4468320715, 95.2092283026, 0.909254825095, 0.0869740950439, 0.0391654799554, 214, 2019
E, -100, 0.27063607192284883, 10.7379590306, 14.0363003882, 0.675596711565, -2.01000051687, 2.73448275433, 214, 2019
Z, 100, 0.9890445971036335, 37.9068167817, 32.465343272, 1.30517033564, -0.0666472140318, 0.0884158268187, 217, 2019
N, -100, 0.975795163771354, 48.9442513085, 56.5824365968, 0.812065594681, 0.144187730009, 0.0742682333945, 217, 2019
E, -100, -0.3143476624592536, 9.44446392539, 12.7661022826, 0.727153262749, 0.911041074207, 2.65120879312, 217, 2019
Z, 100, 0.9700329182531626, 23.7290566102, 25.2024816545, 1.14856212823, -0.216328026923, 0.235291145923, 220, 2019
N, -100, 0.975146401741314, 43.8911010306, 41.5922128138, 1.04601787906, 0.349274518277, 0.126816856946, 220, 2019
E, 100, 0.9230510307846269, 15.5139755471, 8.68371558291, 1.92699679024, -0.258921699174, 0.110739586978, 220, 2019
Z, 100, 0.8955130741446629, 33.0338596138, 25.6664183324, 1.26088965567, 2.68128333813, 3.13462024179, 223, 2019
N, -100, 0.9847200195121181, 68.157627891, 68.391861827, 0.994451255751, -2.9756143282, 3.16539421835, 223, 2019
E, -100, 0.9152257612334744, 22.2476764552, 9.06516911905, 2.36505963093, 0.381257651283, 0.0363162624199, 223, 2019
Z, 100, 0.9372620006049434, 39.251425925, 34.6490486685, 1.14371210485, 2.86887862735, 3.02454034382, 226, 2019
N, -100, 0.9860185657263114, 70.951685058, 77.4011762386, 0.902583864723, 0.170849910671, 0.00469293171424, 226, 2019
E, -100, 0.2447068063190436, 13.9705135903, 9.31591413175, 1.45329628144, -1.91531179671, 2.94510075761, 226, 2019
Z, 100, 0.9412428499320371, 37.8376612833, 33.6656673223, 1.28152769785, -0.261170750497, 0.0971422057881, 229, 2019
N, -100, 0.9554889706918288, 52.3415461829, 62.9328698895, 0.797026687536, 0.257025187724, 0.075694154374, 229, 2019
E, 100, -0.9223904694820642, 7.1728051798, 9.07094924056, 0.772804955325, -0.176304312172, 2.90050088653, 229, 2019
Z, 0, 0.9650109294966113, 32.5526056704, 24.4043065405, 1.66220296878, 0.153524642146, 0.254760234459, 232, 2019
N, -100, 0.8307139309025724, 28.9112214829, 33.5520898272, 0.784868512395, 0.421365171013, 0.215106130917, 232, 2019
E, -100, -0.234698656885521, 17.5082497746, 6.51257686171, 3.12250110942, 0.801727465712, 2.6054050111, 232, 2019
Z, 100, 0.8551950449212493, 27.6578446316, 18.8712256381, 1.42790455147, 3.20983191564, 2.4786817215, 235, 2019
N, -100, 0.9717404299616074, 49.0837049614, 39.3959520072, 1.28937824184, 0.15931366086, 0.0910902222814, 235, 2019
E, 100, 0.817025697322463, 27.7402466491, 7.66389592873, 5.9180975603, 1.41950124294, 1.83373844594, 235, 2019
Z, 100, 0.9568855258776092, 26.4653423717, 24.7035822114, 1.06687859932, -0.335126669222, 0.0472354462378, 238, 2019
N, -100, 0.983799670959599, 75.1661173987, 72.2485906214, 1.02386494687, 0.201787988566, 0.0269253480852, 238, 2019
E, -100, 0.9704935897306338, 27.0300996616, 8.83953346998, 2.86343223177, 0.210722543214, 0.0359648910722, 238, 2019
Z, 100, 0.9583107874345959, 34.3286108666, 33.8942305294, 1.00895223423, 3.02507930785, 2.97022711093, 241, 2019
N, -100, 0.9877316194035227, 76.4347319724, 82.9321050187, 0.91549564367, 0.143947107623, 0.031631531862, 241, 2019
E, -100, 0.43313171573997605, 18.7800196814, 12.7521141033, 1.42920366493, 1.06288972167, 0.133161645624, 241, 2019
Z, 100, 0.8493728225732461, 39.5368932958, 37.2236252022, 1.34235185541, 2.62447433074, 2.88926708763, 244, 2019
N, -100, 0.9576605192827762, 49.3374216784, 54.5746012692, 0.854453721959, 0.228359695878, 0.111571784946, 244, 2019
E, 100, -0.6980336443246705, 7.60186271037, 14.1950861267, 0.472779683918, -0.905760675022, 2.58911314602, 244, 2019
Z, 100, 0.8186605482099757, 27.1966903643, 21.5699333044, 1.13017934724, 2.72912706021, 2.66377562542, 247, 2019
N, -100, 0.9681580228573133, 42.817551816, 31.9514805, 1.37729183042, 0.15096954098, 0.111593072569, 247, 2019
E, 100, 0.5610765049048582, 18.092330088, 9.73714086635, 1.8923938391, 2.13547410965, 3.1194109066, 247, 2019
Z, 100, 0.6195640286629611, 21.4260311322, 19.9833215228, 0.780301417517, 3.05415136615, 2.14782353529, 250, 2019
N, -100, 0.9808113556849398, 68.2637204012, 55.9599456004, 1.22492176655, 0.18145689062, 0.0275209133018, 250, 2019
E, -97, 0.9899847715880623, 33.4065993701, 14.0606388661, 2.72673958824, 0.0761898740492, 0.0637744492589, 250, 2019
Z, 100, 0.9281943189682729, 28.9046198392, 23.4912959528, 1.16902537087, -0.23831632994, 0.18566356959, 253, 2019
N, -100, 0.9584349869383771, 62.1204227236, 60.7759326995, 1.00721437536, -2.87353610356, 3.18121125321, 253, 2019
E, -100, 0.7656972243236376, 19.2224401849, 10.3214056699, 1.75472155818, 0.625061205178, 0.107645824812, 253, 2019
Z, 100, 0.8319872626400182, 27.4099033335, 32.5880646001, 1.0109612399, 2.6478883695, 2.97931158911, 256, 2019
N, -100, 0.9467981884590491, 52.7141487408, 50.7145084326, 1.02971859166, 0.322254479855, 0.0294019786983, 256, 2019
E, 100, -0.09564317819671818, 9.55864907595, 8.74914444943, 1.01198261273, -1.72188595419, 2.71389862776, 256, 2019
Z, 100, 0.8139512677732437, 25.780781516, 26.4161646871, 1.32431621113, 2.63259508535, 2.79178237112, 259, 2019
N, -100, 0.7481993092281052, 21.6955368326, 27.538844293, 0.808507671939, 0.0925813977947, 0.73033040062, 259, 2019
E, -100, -0.5568334951669139, 13.3640457245, 7.30672048079, 2.05543202252, 0.734119203927, 2.89193171165, 259, 2019
Z, 100, 0.5152439752344035, 21.8955312051, 15.1108242631, 1.18886395404, -0.562791244781, 5.31410119226, 262, 2019
N, -100, 0.9859512953036919, 48.2608217676, 34.9836972856, 1.42110801082, 0.0381744642309, 0.124847119683, 262, 2019
E, 100, 0.6502450549017444, 20.7125703155, 6.85743671789, 4.38976493597, 1.68747376106, 2.48455856195, 262, 2019
Z, 100, 0.6661171910490161, 22.8747009478, 20.5860239675, 0.876724434077, 2.91901652098, 2.2818678552, 265, 2019
N, -100, 0.9881252809250451, 70.9825047497, 61.2378026533, 1.16361313631, 0.156079566369, 0.00619651912065, 265, 2019
E, 100, 0.9758461946160283, 26.8678963772, 11.1646115085, 2.85055586838, -0.139189588463, 0.0142963826378, 265, 2019
Z, 100, 0.7427720300334422, 27.3403750767, 22.7072140527, 1.07295184405, 2.60905988672, 2.91245825493, 268, 2019
N, -100, 0.9606330623524475, 72.9683818988, 66.693529114, 1.08029382029, 0.271203296502, 0.0281183451168, 268, 2019
E, -100, 0.8618386696738787, 25.6686944578, 12.4964589283, 1.91912668983, 0.483202313395, 0.0344972917857, 268, 2019
Z, 100, 0.8461475001828703, 27.3850156155, 33.5182585904, 1.03739511284, -0.476022391298, 0.307710886739, 271, 2019
N, -100, 0.8125823821977161, 45.6261205729, 44.1254958965, 0.990145702381, 0.54729542553, 0.148669858503, 271, 2019
E, 100, -0.35247252417092384, 15.2829498453, 13.3345022405, 1.03691701109, -1.40319957649, 2.78723321007, 271, 2019
Z, 100, 0.778251234780036, 28.5676029304, 30.476602746, 0.930725180069, -0.488372845772, 0.245040531391, 274, 2019
N, -100, 0.9785785995719827, 54.9638353417, 34.8136720674, 1.72318832166, -0.341812066306, 0.404118233441, 274, 2019
E, -100, -0.20174559307218823, 17.132990061, 12.8667314129, 1.37204229139, 1.40505132282, 3.22110449899, 274, 2019
Z, 100, 0.7785080162908962, 16.3846353261, 21.8685661743, 0.684885387226, -0.486708453931, 0.342554088892, 277, 2019
N, -100, 0.9986758725327105, 78.5714847499, 60.4007246371, 1.29192936019, 0.0461733653831, 0.0116537374795, 277, 2019
E, 100, 0.9115309612409135, 29.0985515875, 13.6164834272, 2.40007550853, -0.36743298682, 0.0335166876968, 277, 2019
Z, 100, 0.3766656878850168, 18.3193618921, 18.4542148288, 0.915526193013, 2.02744144439, 2.94613664622, 280, 2019
N, -100, 0.9824904536849327, 65.1246591954, 55.313765086, 1.16892104025, 0.185192301476, 0.00864545276419, 280, 2019
E, -100, 0.9184316340998046, 35.6267142988, 15.6445389122, 2.3973512711, 0.43891052558, 0.0900555169512, 280, 2019
Z, 100, 0.44129139033656484, 22.0387752368, 19.3429456658, 1.1384241576, 2.37778135981, 2.66416988734, 283, 2019
N, -100, 0.9150984703736826, 47.4860340351, 38.5108771148, 1.24077992572, -2.71402294699, 3.1343226241, 283, 2019
E, -100, 0.26723426301722847, 21.9006952783, 9.46328468638, 2.0477665717, 1.09881573455, 0.333354988221, 283, 2019
Z, 100, 0.5527986969018183, 23.3832571696, 29.3736404235, 1.21279953557, 2.19874339074, 2.5574863689, 286, 2019
N, -100, 0.8444056110065241, 28.6548439738, 22.2994566893, 1.57593937336, -1.39177850685, 1.66902402695, 286, 2019
E, -100, -0.7496688104022037, 16.653217513, 7.4400715247, 2.43896589308, 0.494524408823, 3.19051868779, 286, 2019
Z, 100, 0.28155790418497506, 17.7037417406, 22.3216461369, 0.752573057851, 2.31315621279, 2.04485431723, 289, 2019
N, 100, 0.9787214696407648, 62.6109409657, 44.662720704, 1.42280095166, -0.312354699874, 0.149905800677, 289, 2019
E, -100, -0.02884972467103378, 18.5237919314, 7.81202233674, 2.63512680988, -1.50195901102, 0.142078834987, 289, 2019
Z, 100, 0.23610630348048534, 17.7480429564, 23.4297257858, 0.433475172315, 2.69668444051, 1.80446641453, 292, 2019
N, -100, 0.992536216865477, 79.8906492302, 69.5084777314, 1.13410084292, 0.121383617163, 0.0225681689546, 292, 2019
E, 100, 0.8918862912765186, 31.0109526449, 10.5560528554, 3.37387386251, -0.408081901271, 0.0387141326203, 292, 2019
Z, 100, 0.38260880007563064, 20.6971194227, 21.0408867899, 0.82624325887, 2.49169965249, 2.2614458828, 295, 2019
N, -100, 0.9808233169393987, 79.9670561868, 66.8078949073, 1.20403102585, 0.181199468993, 0.0224729802396, 295, 2019
E, -100, 0.9736668950539512, 40.220772413, 14.5526033936, 2.73166473428, 0.202356122103, 0.00629858567543, 295, 2019
Z, -100, -0.1762432663040417, 23.7615044154, 14.6448517666, 1.84848274269, 1.5611599686, 2.64188786524, 298, 2019
N, -100, 0.922547463348884, 52.2707264216, 37.0055031321, 1.48541697669, -2.68287022593, 3.05063994303, 298, 2019
E, -100, 0.38822016588513486, 32.6464024156, 13.3131426662, 2.25472283453, 1.14750145854, 0.0745596469334, 298, 2019
Z, 100, 0.8107553889420342, 20.9212791624, 35.0272500379, 0.537035670036, -0.260948747154, 0.325189768179, 301, 2019
N, 100, 0.9832356396094458, 56.367639687, 42.4317435518, 1.40123205842, -0.356690975355, 0.225267362884, 301, 2019
E, -100, -0.898139753664501, 11.9610359655, 12.7276336759, 0.765057079839, 0.137944535468, 3.11152297187, 301, 2019
Z, 100, 0.8763469525224635, 18.7184010714, 28.165882896, 0.473780517222, -1.28788215635, 0.810166172101, 304, 2019
N, 100, 0.9987781969126084, 98.8792747155, 75.9520605839, 1.30750852529, -0.0462566790009, 0.00702387780122, 304, 2019
E, 100, 0.6134494736818032, 29.9826526079, 15.2438275687, 2.05344104723, -0.783394152414, 0.194462053899, 304, 2019
Z, 100, 0.3383878957033658, 14.5435640011, 23.5427502567, 0.336801564238, -0.464331882933, 1.09727675264, 307, 2019
N, 0, 0.9997719238534563, 98.6845867817, 71.7293320649, 1.37128300682, -0.0145571154633, 0.0175344957051, 307, 2019
E, 0, 0.9828705249107802, 42.4590016846, 16.9969571218, 2.68863366383, 0.11922401753, 0.115824295426, 307, 2019
Z, -100, -0.26023388217336657, 13.1882070484, 14.457144179, 0.705472823254, 1.98953618278, 2.02266424073, 310, 2019
N, -100, 0.9871245346600513, 69.0362208312, 45.8876718199, 1.5066283251, 0.193392926677, 0.0490554284128, 310, 2019
E, -100, 0.708939576617401, 31.9940710316, 14.4473763193, 2.2125237802, 0.819187822755, 0.0749359895405, 310, 2019
Z, -100, -0.2745169138152294, 9.16767060586, 18.4961752344, 0.789807675514, 0.873027569365, 2.15448981065, 313, 2019
N, 100, 0.9915461520123672, 46.6718521679, 22.9205387219, 2.17173602835, 0.190514341629, 0.246460826309, 313, 2019
E, 100, -0.5494291596050888, 25.645354004, 7.41289013155, 3.24474524901, -1.05153747585, 3.0062774245, 313, 2019
Z, -100, 0.7710916541805451, 17.3525331911, 28.3024196953, 0.662631797671, 0.11613726649, 0.548383637906, 316, 2019
N, 100, 0.9778608934530129, 76.0535903289, 54.8909576891, 1.44366224727, -0.291791416502, 0.108619292371, 316, 2019
E, -100, -0.38651543546703726, 20.7379292079, 9.97612091374, 2.46004588835, 1.34510040369, 3.49851355213, 316, 2019
Z, 100, 0.9755450614128328, 15.2931297128, 28.2068268306, 0.446973792825, 0.371297015221, 0.424444693999, 319, 2019
N, 100, 0.9908467532402525, 100.586084562, 84.4126933662, 1.17578936314, -0.157727499554, 0.0374239992305, 319, 2019
E, 100, 0.48899393446976364, 33.1532399912, 11.2394016483, 2.97849110461, -0.983017642672, 0.100217357031, 319, 2019
Z, 100, 0.6727747235802302, 12.2688632463, 27.0502881641, 0.372307387701, -0.0417610284667, 0.663291676935, 322, 2019
N, -100, 0.9988935942031283, 101.092901125, 84.2366764663, 1.1899983509, 0.0559339723181, 0.024061543626, 322, 2019
E, 100, 0.9861024865695482, 40.9151099571, 14.8231422446, 2.80786627284, -0.018666775417, 0.0807298955027, 322, 2019
Z, 100, -0.3931304810681361, 13.2822779258, 13.1652690898, 0.523950028244, 1.81818973942, 1.11713590145, 325, 2019
N, -100, 0.9971847857166811, 67.8503068737, 50.4341222082, 1.36620881186, 0.0644257534351, 0.00195012796221, 325, 2019
E, -100, 0.8329087668554268, 35.7102015903, 16.7969977841, 2.05205426871, 0.542325117025, 0.00905272544089, 325, 2019
Z, -100, 0.2785650179194335, 16.189287395, 19.9261217189, 0.915863454103, -1.59075289058, 2.91361480714, 328, 2019
N, 100, 0.9781379219813611, 65.8706660117, 45.0131467889, 1.50459364296, -0.282857708581, 0.0793220602506, 328, 2019
E, 100, -0.4211585897757404, 29.2980086369, 11.5152234894, 2.1919838299, -1.2014873275, 2.90216219106, 328, 2019
Z, -100, 0.9474352372992358, 21.9464258038, 37.1987177159, 0.631385457572, -2.13118128532, 2.39853866343, 331, 2019
N, 100, 0.9902581266913458, 101.174701738, 85.5763850675, 1.1838116433, -0.17747272883, 0.0462752396222, 331, 2019
E, -100, -0.0563618190974603, 20.7003257676, 16.2578245329, 1.27977420925, -1.44080618694, 0.350490353034, 331, 2019
Z, 92, 0.9756034823052989, 14.3833480944, 31.1518051923, 0.433135864113, 0.252577220273, 0.28152281674, 334, 2019
N, 100, 0.9982299558467059, 106.075562251, 91.551791789, 1.14906011896, -0.046404801112, 0.0111840511715, 334, 2019
E, 100, 0.8852391479694599, 40.3715614503, 16.2613195345, 2.52505240979, -0.379707617565, 0.117210814242, 334, 2019
Z, 100, -0.2723225007958408, 111.065687345, 20.9726953165, 3.48391993598, 1.56590262187, 0.888028623755, 337, 2019
N, 100, 0.906673374791442, 132.916171315, 66.6850843405, 1.74926436544, -0.407591047177, 0.0852335722902, 337, 2019
E, 100, 0.9261489579202948, 142.922576976, 17.8972131423, 6.07332208075, -0.390714447665, 0.178458617109, 337, 2019
Z, 100, -0.2267146350988566, 1477.12389351, 12.2184753688, 105.034348664, -1.20217111401, 2.87671455865, 340, 2019
N, 100, 0.2739937930338896, 1316.52593249, 37.221425282, 33.8262105468, -1.04400683473, 0.29840888857, 340, 2019
E, -100, 0.718134017675138, 1691.14735863, 12.5344505663, 126.837388407, 0.726424723009, 0.394384045274, 340, 2019
Z, -100, -0.3872779685339361, 239.9015604, 18.4505161646, 9.25078773545, -3.23027667924, 0.755431492304, 343, 2019
N, -100, 0.7881286132497829, 250.296751695, 55.7643562868, 3.5674660131, -3.54055421353, 2.60432943249, 343, 2019
E, -100, -0.513293065427953, 287.503402581, 6.48200047096, 26.3864063406, 0.614989169386, 2.64286207065, 343, 2019
Z, -100, 0.7190211644936191, 22.4749578318, 31.0094641061, 0.724545884455, -2.25957486172, 2.91668605072, 346, 2019
N, 100, 0.9926887264877042, 106.490092522, 91.1816040206, 1.15083562904, -0.127180829321, 0.0121073222336, 346, 2019
E, -100, -0.011551247998856425, 23.9651124002, 12.3223817225, 1.96976830446, -1.42124652898, 0.260095939033, 346, 2019
Z, 100, 0.8891114908780424, 18.4791372905, 33.542335221, 0.368342940931, -1.07641249643, 0.76458090293, 349, 2019
N, 44, 0.9996528780050278, 121.198275824, 101.104414006, 1.19198588413, -0.000569301978688, 0.0144634099784, 349, 2019
E, 100, 0.8665185072619029, 43.0198397001, 14.8773373439, 2.74411083216, -0.445844047094, 0.0937998773606, 349, 2019
Z, 100, -0.10743829782397743, 13.9242021794, 19.0926505367, 0.346376826028, 1.96409423158, 0.855093428024, 352, 2019
N, -100, 0.9990808431700586, 94.7869118154, 70.4866955845, 1.36117150722, 0.0597432337474, 0.0417613389011, 352, 2019
E, -100, 0.9607943691150201, 39.0722563044, 18.9129591888, 2.15187237672, 0.275713954886, 0.136838687557, 352, 2019
Z, -100, 0.8105620100593977, 25.2841746405, 18.53870305, 1.02709533044, 0.448929593681, 0.240737673395, 355, 2019
N, 100, 0.9678608880347274, 58.137755603, 42.7341887722, 1.36229328571, -0.291423051763, 0.029506913028, 355, 2019
E, -100, 0.6253904737733077, 33.1915077122, 16.1592271245, 1.88906332651, 0.821730136298, 0.173999895149, 355, 2019
Z, -100, 0.9224735041589965, 18.8907975303, 31.286031124, 0.553978991977, 0.533978041396, 0.148004314307, 358, 2019
N, 100, 0.9800604897445747, 95.2132012682, 82.9183758443, 1.13865133177, -0.223788235753, 0.0282859975933, 358, 2019
E, -100, -0.7231603871212419, 20.7712861698, 11.0990254801, 1.53333731891, 0.799908793984, 3.51578859943, 358, 2019
Z, -100, 0.9852952423636737, 19.528859914, 34.4856464901, 0.451269824055, 0.239669564186, 0.152205887468, 361, 2019
N, 100, 0.9969753928113296, 115.044212035, 99.2771262851, 1.16421237042, -0.0747884410212, 0.00929487343245, 361, 2019
E, 100, 0.6488989564715463, 34.4678586231, 16.6274992889, 2.03968687979, -0.676190338577, 0.242979031338, 361, 2019
Z, 100, 0.8274591247658255, 9.87737832152, 26.760448742, 0.239296035962, 0.476897128413, 0.664850570149, 364, 2019
N, 100, 0.9970404753487596, 99.4287351111, 82.217121719, 1.2004001704, -0.0749245302947, 0.00685090134956, 364, 2019
E, 100, 0.9613696825997357, 39.599665474, 15.9699741316, 2.51264027169, -0.12368625265, 0.0952991640669, 364, 2019
