Chan, Phase Shift, Correlation, ptp-data, ptp-synthetic, rat, phasem, phasestd, DOY, Year
Z, -100, -0.1745126344959743, 280.671649642, 23.1546616311, 11.174652193, -1.25268518878, 2.18836683078, 1, 2019
N, 100, 0.7493225155664462, 10.8213665472, 25.9588441562, 0.439637411578, -1.93699897753, 0.851725859854, 1, 2019
E, 100, 0.9469257265028618, 68.3561062641, 66.0298959955, 1.03315372889, -0.132009011156, 1.36430760794, 1, 2019
Z, 100, -0.2825457045313686, 297.092784794, 33.4690219942, 7.93770184359, -2.13972726955, 2.70141232169, 4, 2019
N, -100, 0.16261838069947737, 33.0289401028, 15.88379011, 1.57081513428, -3.03508485701, 2.51491567919, 4, 2019
E, 100, 0.943533231658975, 80.323975855, 81.1332507888, 0.972559399557, -0.333069594656, 0.0766346276219, 4, 2019
Z, 100, 0.9492945380087763, 48.5198053177, 37.3328215953, 1.3565510596, 1.21728407473, 2.61853843779, 7, 2019
N, 100, 0.8583882402037358, 23.0891604816, 19.4731205084, 1.25173689204, 0.415645620037, 1.40445172367, 7, 2019
E, 100, 0.93313685017312, 93.1962675687, 92.226438601, 1.02518969605, -0.0514706741503, 1.34008470041, 7, 2019
Z, -100, 0.670479063961915, 94.9405374349, 33.3839859415, 2.20870365702, -0.274954123665, 3.04194624755, 10, 2019
N, 100, 0.43353455832180066, 47.2104354533, 22.4009160643, 2.01042143995, -1.53051216059, 0.688271056147, 10, 2019
E, 100, 0.9079135923345754, 97.4204294018, 86.4458610743, 1.12916687377, -0.521606161404, 0.234093582257, 10, 2019
Z, -100, 0.3945239028924838, 428.379822168, 22.8684652464, 15.8365843471, 1.34512760098, 1.42470686955, 13, 2019
N, 100, 0.544933731726179, 29.6189136611, 20.3776565842, 1.10777955962, 1.36051366984, 1.11688264649, 13, 2019
E, 100, 0.9437655171273869, 66.5760378632, 68.8565191819, 0.977303213511, -0.0510677737973, 1.30499475437, 13, 2019
Z, 100, 0.8287226554537636, 72.0551336137, 19.4391606024, 3.75119843311, 2.3342996447, 3.01208534611, 16, 2019
N, 100, 0.7500611871728456, 42.8432433592, 18.0021934328, 2.3398858214, 2.83378082526, 2.96899605872, 16, 2019
E, 100, 0.9231042172545132, 57.6135303426, 55.2062167908, 1.03851500034, -0.594410422898, 0.175399206021, 16, 2019
Z, 100, -0.08810075414296106, 282.400787719, 36.9160427877, 7.18453937683, -2.39073536706, 2.61680958293, 19, 2019
N, -100, 0.6623935353363225, 51.9109220703, 15.0572109055, 2.9233962906, -3.3879103524, 2.63574947175, 19, 2019
E, 100, 0.9470346107679622, 74.784485744, 82.8861989609, 0.89909843554, -0.21142585926, 0.145304027539, 19, 2019
Z, -100, 0.8167288593014826, 91.0719556577, 47.759671076, 1.94067688288, 0.527915916333, 1.29379033247, 22, 2019
N, -100, 0.743257259992158, 15.3990411256, 22.6243035795, 0.846921576914, 1.02080978682, 1.01334388806, 22, 2019
E, 100, 0.9596857060276364, 114.901714568, 117.405268194, 0.976727733825, 1.09758809991, 2.77370185528, 22, 2019
Z, -100, 0.33221862087376935, 491.742303923, 43.1346333863, 9.15975522789, 0.101491828147, 2.76204908098, 25, 2019
N, -100, 0.726874675195892, 49.9731421342, 35.7419393128, 1.46004096012, 0.366185097277, 2.18123851776, 25, 2019
E, 100, 0.9736040601070475, 129.575378665, 118.584867362, 1.06599015357, -0.106730419124, 0.103090468238, 25, 2019
Z, 100, 0.5886669571570305, 237.927709177, 22.9656803093, 8.66194183179, 2.20010644945, 2.99690752279, 28, 2019
N, 100, 0.7909698803193168, 60.4619608264, 36.4404227781, 1.62358335342, -0.697404337992, 0.362830043488, 28, 2019
E, 100, 0.9661140401086796, 110.795173913, 85.8353083448, 1.33235105727, -0.0354419384481, 1.35778343212, 28, 2019
Z, -100, 0.1094041053187662, 357.181297262, 21.0919466722, 16.0159275082, -2.85687750409, 2.37500422573, 31, 2019
N, -100, -0.4474907930770283, 48.1477569498, 24.6643916444, 1.63717442964, -1.82649567465, 2.07023261291, 31, 2019
E, 100, 0.9497108951923686, 60.8439672956, 58.2674162641, 1.04128932479, -0.00916781576523, 1.33817915487, 31, 2019
Z, 100, 0.6545334714504073, 311.771560098, 33.7574418613, 8.63343967125, -0.117006572718, 1.1436483279, 34, 2019
N, -100, 0.9541893660791043, 6.81078461872, 10.7462393979, 0.612483277952, 0.0548945512412, 1.26157199147, 34, 2019
E, 100, 0.9174412990529799, 73.7114245424, 76.0279716818, 0.982241149475, -0.46294214387, 0.0916853276949, 34, 2019
Z, 100, 0.8579650529463712, 44.4738291855, 39.3051073022, 1.1781746501, -0.210383256671, 1.77376857764, 37, 2019
N, 100, 0.6902584674539448, 10.7202809329, 19.1378192057, 0.727948240654, -1.22965689006, 1.46940688293, 37, 2019
E, 100, 0.9140382149158326, 94.9412346896, 90.7475797141, 1.02757812701, -0.115260865183, 1.34846122702, 37, 2019
Z, -100, -0.18289016231016944, 442.708982135, 35.8556163423, 10.1471792026, -1.83772751625, 0.540329946267, 40, 2019
N, 100, 0.9139040342388931, 14.3296704589, 23.0761028592, 0.78286093076, 0.475804014406, 0.844695882922, 40, 2019
E, 100, 0.9211487582346622, 98.6080493354, 89.6557395605, 1.07538054862, -0.344771360023, 0.14229977269, 40, 2019
Z, -100, 0.1885743904713504, 64.1811183812, 23.5691066227, 2.18069732795, 1.3885404002, 0.384271729979, 43, 2019
N, 100, 0.7652712393823778, 28.0031078773, 23.4711577186, 1.29201209471, 2.90528851921, 2.96596817078, 43, 2019
E, 100, 0.9190251109046632, 83.5962381547, 74.6812088241, 1.11299174332, 0.134387840104, 1.84576557528, 43, 2019
Z, -100, 0.6035256867862637, 224.14900878, 21.1251554016, 10.3275690342, -3.39600391812, 2.71124725132, 46, 2019
N, 100, 0.874736555708011, 38.3148600569, 22.31576977, 1.7087577544, -0.659480893416, 1.57290171724, 46, 2019
E, 100, 0.9294857038453125, 55.5371507585, 58.103215289, 0.962688051326, -0.488879130766, 0.112654940753, 46, 2019
Z, 100, 0.5606315303276475, 446.481448527, 42.6637742786, 10.1191821928, -0.432148236346, 1.19885561299, 49, 2019
N, 100, 0.2864013873386124, 29.5566427304, 16.2547766341, 1.6713068198, -1.24187783167, 2.2033074613, 49, 2019
E, 100, 0.9457237897575438, 87.8925282104, 93.1415191578, 0.91863105283, -0.294835339294, 0.0983899872029, 49, 2019
Z, -100, 0.6469080713609944, 93.2150484585, 51.5219263545, 1.84104489638, -0.0899116152194, 2.78850653605, 52, 2019
N, -100, 0.7929205778733195, 15.1783768887, 28.9075787904, 0.696214932187, 0.844557836209, 1.01888748183, 52, 2019
E, 100, 0.9592005073389812, 131.313144048, 126.250526789, 1.0386719697, -0.00717394954705, 1.34929319104, 52, 2019
Z, 100, 0.1601122711521123, 120.965094843, 40.103049621, 2.57224768632, -1.37051193848, 0.491834131465, 55, 2019
N, 100, 0.8676314508942494, 24.0473494396, 40.6369812991, 0.720870889079, 1.00658731424, 0.812633299578, 55, 2019
E, 100, 0.9565338808870936, 130.875769664, 117.646149392, 1.09114496682, -0.258415899961, 0.109320162813, 55, 2019
Z, 100, 0.10684258856776038, 74.0426301403, 15.6296421332, 4.64751067029, 1.12169696501, 2.52937456657, 58, 2019
N, 100, 0.8679869314169388, 28.5380625242, 35.5694857214, 0.808361983727, 0.0480107895253, 1.84524600708, 58, 2019
E, 100, 0.9626430614662994, 97.4974579915, 75.4972921697, 1.29061088607, 3.18231687775, 2.98497638108, 58, 2019
Z, -100, 0.5476263007385089, 78.0219799128, 23.1880361689, 3.84288391642, 0.707910205287, 1.54513559986, 61, 2019
N, -100, 0.9334727932394827, 36.9814199981, 19.0339806513, 1.74818470273, -0.388231122395, 1.72779543319, 61, 2019
E, 100, 0.9255624695855492, 48.8053742496, 51.2955601545, 0.9994206225, -0.275860995378, 0.109618141546, 61, 2019
Z, 100, -0.38696671873169947, 361.814870176, 37.0986886892, 8.88692099338, -1.53562711857, 2.62015811304, 64, 2019
N, -100, 0.14357997100226444, 18.5815850899, 11.7002228853, 1.51993636702, 0.609089736597, 2.75182218744, 64, 2019
E, 100, 0.913455880052878, 77.972077766, 77.4141697751, 0.984734920839, -0.524943182603, 0.159293442201, 64, 2019
Z, -100, 0.6494083999911784, 220.960641404, 42.446312672, 4.82267455038, -0.342991834715, 3.0117559315, 67, 2019
N, -100, 0.2358574509628903, 12.1330147016, 20.6961564435, 0.613705723776, 0.106041118998, 3.22732986266, 67, 2019
E, 100, 0.9151543751031233, 101.257951221, 95.2630046119, 1.05653970864, -0.085677134799, 1.3307834718, 67, 2019
Z, -100, -0.3023156336737113, 250.939359946, 36.5828166325, 5.61947905353, -1.79792040327, 0.597048342964, 70, 2019
N, 100, 0.661056909389124, 13.7048166046, 25.1906301637, 0.518326119991, -0.467651948468, 0.617554960963, 70, 2019
E, 100, 0.9367155210267287, 100.988976291, 95.0956510345, 1.01633669838, -0.266935778264, 0.120441542418, 70, 2019
Z, 100, 0.20558601574095506, 184.941591595, 19.9753302406, 7.98467645495, -1.09389913209, 0.320621243868, 73, 2019
N, -100, -0.21991712902583904, 17.5319512314, 26.9155415645, 0.751628290517, 1.71238920186, 1.06626020571, 73, 2019
E, 100, 0.9452271598246086, 80.7122327469, 76.0453535148, 0.999930725786, 0.24141564328, 1.76734600013, 73, 2019
Z, 100, 0.8605893618592634, 110.071899083, 28.0698126933, 3.58023392722, -1.014801233, 0.578559997275, 76, 2019
N, 100, 0.10050085731912357, 31.2495054722, 22.9041958231, 1.19400278028, 1.73565881456, 2.80295700714, 76, 2019
E, 100, 0.9531883289558873, 58.7745367204, 61.5541581113, 1.00526577194, 0.28108315914, 1.71715417688, 76, 2019
Z, -100, 0.34762044030879813, 122.303099229, 48.6134589109, 2.95943217258, -1.69221892181, 2.74853371281, 79, 2019
N, -100, 0.6049559884132364, 42.3384497714, 16.4552115146, 2.61484538695, 0.553788778792, 1.30182011714, 79, 2019
E, 100, 0.9713006790123796, 96.0740229974, 107.155028141, 0.800486488954, -0.0112383531085, 0.104926808272, 79, 2019
Z, -100, 0.5025998419560843, 833.481689942, 50.0986585488, 14.5618902979, -0.277317828821, 3.03442116171, 82, 2019
N, -100, 0.2901059889574466, 42.0500984311, 35.2990388633, 1.33321958203, 0.604483635029, 0.736748588001, 82, 2019
E, 100, 0.978770984529324, 103.76308676, 129.181996901, 0.794234390726, -0.151159786084, 0.228416988811, 82, 2019
Z, 100, -0.5167935578092426, 217.009202518, 31.4230793416, 6.22803847543, 0.319968349086, 3.35534830929, 85, 2019
N, 100, 0.816401952035687, 26.0467611599, 40.5920629169, 0.685277893446, -0.748783559836, 0.279499029552, 85, 2019
E, 100, 0.9580812429230908, 111.89992942, 105.903320081, 1.07612620755, -0.287121875076, 0.0994098498262, 85, 2019
Z, 100, 0.7335880454092504, 371.338124176, 10.2758252377, 29.3411151738, -0.595446655849, 1.59854154104, 88, 2019
N, 100, 0.2713650778163647, 22.3796790183, 29.5444748477, 0.785062957546, 1.59416230864, 0.819105484943, 88, 2019
E, 100, 0.9407368114419248, 67.2205420283, 60.8467568033, 1.07138323203, 2.13128194301, 2.95302629448, 88, 2019
Z, 100, 0.7379149093818707, 202.04709854, 27.0995962573, 7.73393043835, -0.986027769343, 0.567648163737, 91, 2019
N, -100, 0.8379905898449905, 29.3094283694, 12.0876890378, 2.49764441103, 0.268801622056, 0.428851057208, 91, 2019
E, 100, 0.9049925087366268, 51.7123635284, 53.0616201919, 0.950102524131, 0.15268889575, 0.342186438849, 91, 2019
Z, 100, 0.7955594724077312, 202.778858882, 40.4444090388, 5.05427004926, 0.119750153636, 1.72898327819, 94, 2019
N, 100, -0.5696247669388944, 27.4513010201, 13.3965025598, 1.83932051636, 1.38519082139, 1.42961905097, 94, 2019
E, 100, 0.8651341922130423, 82.5278967982, 82.9952037986, 0.942067906845, 0.255860428559, 2.72309903071, 94, 2019
Z, -100, 0.6584486521712466, 187.262482978, 43.4559284859, 4.21781870178, -0.646166614635, 2.70575019244, 97, 2019
N, -100, 0.7054861296072165, 23.334578476, 21.8616236238, 1.13763175535, -0.249489685887, 3.09163136518, 97, 2019
E, 100, 0.9343583552099618, 110.301476174, 101.139193673, 1.06975574704, -0.013073732651, 1.32733536441, 97, 2019
Z, -100, -0.2936587293614246, 164.021284501, 33.0345798169, 4.45117936053, -1.86911798275, 0.669940682126, 100, 2019
N, -100, 0.6426144436964509, 15.0324379211, 27.5128504594, 0.568445462442, -0.81891712364, 0.852626101639, 100, 2019
E, 100, 0.9319333312703609, 107.363168125, 96.9514655967, 1.08345937184, -0.357202056698, 0.150215290528, 100, 2019
Z, 100, 0.15321196978895016, 91.8061778939, 14.9599802954, 6.11545085859, -0.216938897386, 1.52962663699, 103, 2019
N, -100, 0.12194216822351221, 25.7163217361, 27.8877679145, 0.788952930378, 1.3376886875, 0.524445261778, 103, 2019
E, 100, 0.9651348783704369, 78.8235460909, 71.8209074788, 1.06802474916, 0.216656043788, 1.8454227938, 103, 2019
Z, -100, 0.27259237343200154, 399.60073545, 35.848351221, 10.389119493, -0.217111303977, 2.48165599519, 106, 2019
N, 100, 0.2577466706044997, 13.1656817462, 19.2782597352, 0.662060166803, 1.53451715136, 2.84471095911, 106, 2019
E, 100, 0.9313844740811011, 71.4247979062, 75.128102278, 0.946945668946, -0.213119158045, 0.0995000925491, 106, 2019
Z, -100, 0.9150547164536142, 191.471657241, 48.8485997559, 4.36168365328, 0.783403410989, 2.72015626264, 109, 2019
N, -100, 0.8736321273344096, 27.7498446862, 23.8324121824, 1.46491325081, -0.533280373154, 0.770370947295, 109, 2019
E, 100, 0.9488647088324, 109.014446062, 115.05745803, 0.883554020382, -0.570160389662, 0.275922831801, 109, 2019
Z, -100, 0.6080807205472258, 298.114671222, 42.3641422802, 6.62672832505, -0.508188596266, 3.28563294358, 112, 2019
N, 100, 0.3720337389490685, 31.5508393277, 36.1337899569, 0.826264729378, -1.61521021901, 1.09634984521, 112, 2019
E, 100, 0.9404450487721717, 133.215812833, 120.005622753, 1.09335549653, -0.45031376158, 0.133608152597, 112, 2019
Z, -100, -0.12948768762512153, 177.05966047, 22.1531007683, 6.95522055003, -1.43160235481, 0.511251032333, 115, 2019
N, -100, 0.37306536028371357, 44.4403596282, 34.9890892091, 1.08235173165, 1.30332301574, 0.479780307398, 115, 2019
E, 100, 0.9745704105091444, 93.3139544403, 87.9447461304, 1.01964429895, -0.0630882280277, 0.0890875246546, 115, 2019
Z, -100, -0.3655078103277121, 660.962390512, 13.9496326364, 45.6167272332, -1.75789959649, 1.88555574245, 118, 2019
N, 100, 0.3558223824010094, 19.1046109261, 21.735885664, 0.878181043001, -0.429423648354, 0.442841734876, 118, 2019
E, 100, 0.9672165054242556, 69.5760683843, 49.8758568667, 1.40772651866, -0.170585651824, 0.127256329432, 118, 2019
Z, -100, 0.7763259766820432, 137.23913327, 30.2685326112, 5.572744343, -2.40621019443, 2.612881927, 121, 2019
N, 100, 0.09948633889384219, 25.6889835386, 7.18623785166, 3.44226021211, -1.48361685841, 2.43769638178, 121, 2019
E, 100, 0.8709107651290942, 58.2301101456, 58.7619320883, 1.05595239033, -0.595024602944, 0.226201204014, 121, 2019
Z, -100, 0.6379651662167746, 186.592046221, 41.814924544, 4.25306764008, 1.77077663721, 0.54722585243, 124, 2019
N, -100, 0.7974185267954791, 56.0305104997, 13.724226709, 4.96869042074, 0.0403509995999, 0.53788269675, 124, 2019
E, 100, 0.904230122398945, 90.1427857723, 89.5137748918, 1.00437680075, 0.541498640651, 2.62821034873, 124, 2019
Z, 100, -0.11638132720345715, 245.876072213, 41.2505248938, 4.7432001129, 1.33175244595, 2.18946098422, 127, 2019
N, -100, 0.7032029462351064, 52.4818543069, 23.2061240944, 2.35393840726, 0.379274066957, 1.49365492166, 127, 2019
E, 100, 0.9557119891003224, 109.233442437, 104.996142868, 1.06487386992, 0.108686289099, 1.31038898409, 127, 2019
Z, 100, -0.8662792618064762, 230.04647324, 27.1098695552, 7.20790219119, 1.19212842739, 2.83857722671, 130, 2019
N, -100, 0.5513819301472145, 29.1580867305, 29.1048301627, 0.9538713322, -0.0171096773424, 1.31717624879, 130, 2019
E, 100, 0.9384370068477793, 110.32581177, 94.4803125985, 1.19120351645, -0.479487699311, 0.178529934604, 130, 2019
Z, -100, -0.5891858096773261, 323.548230059, 22.0040903941, 14.5284890846, -0.808952683497, 2.84261297738, 133, 2019
N, 100, -0.22686979779544791, 19.4203697508, 26.1938547039, 0.830997352875, 0.673513352482, 0.617518425099, 133, 2019
E, 100, 0.9814378885914561, 90.8600655354, 68.6377194749, 1.3913019793, 2.54859964419, 3.05531646473, 133, 2019
Z, 100, 0.5405638073636913, 154.519214206, 38.2360730413, 3.89549864081, -0.901916719545, 2.60307665672, 136, 2019
N, 100, 0.0799321486337515, 26.3277579787, 16.7296169726, 1.28383035447, -1.55486707769, 3.03479416323, 136, 2019
E, 100, 0.96794983551495, 82.6737570279, 86.9834344695, 0.961795286865, -0.207137127841, 0.249579160123, 136, 2019
Z, 15, 0.9355135782811068, 301.407745899, 43.1772756479, 6.07715114583, -0.288353245417, 1.44502645985, 139, 2019
N, -100, 0.9448245704808439, 49.1244977552, 26.1458490416, 2.1450919672, -0.291139238897, 1.42276711597, 139, 2019
E, 100, 0.9322757531459338, 112.383696274, 110.593907466, 1.05130379855, 1.03906892837, 2.77790294567, 139, 2019
Z, -100, 0.6987368486770267, 391.370811093, 33.7942721606, 12.3395237265, -0.207304388822, 1.17199650402, 142, 2019
N, -100, 0.6574876924909893, 71.1328000036, 31.8169970083, 2.32582266366, 0.172012227023, 1.30255409156, 142, 2019
E, 100, 0.9356101701910886, 123.971338179, 103.78838321, 1.19697915824, -0.281264795422, 0.0999740841721, 142, 2019
Z, 100, -0.3640756562135136, 410.251290316, 17.3840010731, 23.3645735539, 0.805730193045, 1.10299138425, 145, 2019
N, 100, -0.14521616602843848, 84.8166152128, 27.6435103339, 3.02130008516, 1.33107333568, 0.248569570088, 145, 2019
E, 100, 0.956679556660682, 90.3561994602, 73.2684884365, 1.16658433984, -0.211231183824, 0.0961423173918, 145, 2019
Z, -100, -0.42246225674925264, 386.180679292, 17.1558215396, 26.1584009319, -1.39149661974, 2.42854026066, 148, 2019
N, 100, -0.761893942488858, 53.7992797561, 16.097551345, 3.03447252085, 1.43695352226, 0.94649446669, 148, 2019
E, 100, 0.9507207753801904, 48.6503514728, 47.1466996178, 0.958489220501, -0.526997758196, 0.168699197272, 148, 2019
Z, 100, 0.3417927852846619, 497.535702126, 31.9048189099, 16.4058501291, -0.322775506505, 2.73541751466, 151, 2019
N, 100, 0.0038602247189356573, 76.1430696764, 6.24854287086, 11.0964849777, -2.5541936364, 2.79139258041, 151, 2019
E, 100, 0.9153886379936105, 50.4642445436, 65.1576258423, 0.801248200901, 0.5860207166, 0.970843830903, 151, 2019
Z, 100, 0.7921779725832787, 199.563167544, 41.4293516829, 4.99643801894, 0.681236925856, 2.93186392536, 154, 2019
N, -100, 0.715771879670405, 32.7327025557, 14.5697290555, 3.31931163715, -0.841201522569, 2.33474902813, 154, 2019
E, 100, 0.9269274270181543, 84.5349966523, 95.6187611662, 0.85481317489, 0.708429744765, 2.88081465798, 154, 2019
Z, -100, 0.8572116002294318, 191.746861594, 38.179908486, 5.47956514514, 0.346790861036, 0.259961415753, 157, 2019
N, -100, 0.9619865215443094, 80.0959353209, 25.3295070237, 2.74911330277, 0.0500322133514, 0.155932744986, 157, 2019
E, 100, 0.9179705471175814, 100.806739893, 107.223956356, 0.931129995441, -0.302888750038, 0.145282771298, 157, 2019
Z, -100, -0.20376233122351148, 384.310486695, 24.3894007991, 16.2851104999, -0.68331088518, 1.08715786971, 160, 2019
N, -100, 0.5438966594055059, 59.7786877803, 30.2640017972, 2.2685710828, 0.424355672453, 0.292390382029, 160, 2019
E, 100, 0.9375856727022552, 105.770511714, 91.684931197, 1.14361137566, -0.283193676655, 0.0870250503071, 160, 2019
Z, 100, 0.06874458999125649, 1325.34563784, 25.0442274631, 37.9417535139, -2.02621123416, 1.87368997273, 163, 2019
N, 100, -0.6089681580493157, 98.2993729102, 25.6133151964, 3.43218513112, 1.07527467316, 1.17764946471, 163, 2019
E, 100, 0.9785943120227243, 87.8192422108, 71.995874806, 1.22693040851, -0.245926880462, 0.0996171455336, 163, 2019
Z, 100, 0.669570779365058, 327.504847487, 35.3283995286, 9.48878719536, -1.09425039136, 1.39462843022, 166, 2019
N, 100, 0.022281614142335454, 105.383364935, 18.8349029789, 5.51560505865, -1.03544087465, 2.98408669397, 166, 2019
E, 100, 0.9817692205455368, 79.8981590798, 87.5078986813, 0.879331490352, -0.0947525503389, 0.0784172643357, 166, 2019
Z, -100, 0.7446784906959073, 503.319350237, 37.319066578, 11.6805509572, -1.11303058663, 2.38881198946, 169, 2019
N, 100, 0.9652308602558191, 213.180002776, 23.2315141379, 9.96634856687, 0.223985847962, 1.90519773588, 169, 2019
E, 100, 0.8280563192457338, 94.8718435983, 99.5897052624, 0.855921278605, -0.481971815612, 1.40223132639, 169, 2019
Z, -100, 0.5757537560732652, 572.447391689, 29.6575777015, 19.9660796164, -0.800650525067, 2.89994026231, 172, 2019
N, -100, 0.5791468612762986, 223.067405994, 26.601319299, 7.90583910671, 0.591271888206, 0.205319620019, 172, 2019
E, 100, 0.8685535704003803, 110.510719697, 90.5765357483, 1.19778617763, -0.503994448222, 0.216893786263, 172, 2019
Z, -100, 0.21441852628262634, 194.650763165, 17.8429245515, 9.78055956468, 1.24815405513, 0.487413511877, 175, 2019
N, 100, -0.07047634430755863, 101.738696754, 22.6553731526, 3.61532505139, 1.65672959103, 0.493034794363, 175, 2019
E, 100, 0.9558293634067202, 77.6060024025, 67.0688497096, 1.16141526588, -0.0734536779922, 1.32952414131, 175, 2019
Z, 100, 0.6532430336041626, 51.9944071626, 18.79646192, 2.46771308253, -0.810913247257, 1.47368570104, 178, 2019
N, 100, -0.5612432301147776, 38.326484888, 14.6229309776, 1.98984324498, 2.65206850036, 3.39607971317, 178, 2019
E, 100, 0.9161959902399859, 51.4551546431, 50.8379560444, 1.02505824122, -0.374353131786, 0.99589236381, 178, 2019
Z, -100, 0.3117056826244668, 103.610515294, 32.6934420351, 3.12842255878, -2.07293142042, 2.39027849343, 181, 2019
N, 100, -0.5728869158443222, 36.1737938002, 9.21450327264, 5.09012883924, -2.52107876193, 2.55459317405, 181, 2019
E, 100, 0.8368270817046903, 64.3497770503, 71.4604597218, 0.949355039819, -0.764059683969, 0.313102197886, 181, 2019
Z, 100, 0.7950444976410543, 357.831254075, 41.9256103723, 8.4644892805, -0.0304443492375, 1.25974717163, 184, 2019
N, 100, 0.7028945299406422, 86.9750536066, 16.9003892419, 6.42578755774, -0.0110119438215, 2.3314309421, 184, 2019
E, 100, 0.8449285902198099, 96.9993483861, 102.485706729, 0.84202335118, 0.472528319318, 2.95744178746, 184, 2019
Z, -100, 0.5448717017204173, 189.16832479, 37.9426520755, 4.65923286594, 0.665794339555, 0.450503709252, 187, 2019
N, -100, 0.5744048739361997, 88.2238759528, 28.841657251, 3.02185432852, -1.19522496077, 1.11815456187, 187, 2019
E, 100, 0.9147211277337952, 132.70192278, 111.171736476, 1.18590370065, -0.627394499838, 0.26957522665, 187, 2019
Z, 100, -0.7552927181267483, 131.406967987, 24.9535067343, 4.81074638801, 0.491984852373, 2.49283906225, 190, 2019
N, 100, -0.2144013932915292, 151.300586471, 33.591892023, 3.68398746596, -0.231216351839, 1.20236761675, 190, 2019
E, 100, 0.963653752393358, 152.689962916, 91.9886765321, 1.64868877059, 0.195212995358, 1.78610513142, 190, 2019
Z, -100, -0.07044526068040745, 155.825653735, 22.98397979, 7.09094045026, -2.09811189675, 2.65116397136, 193, 2019
N, 100, -0.7210313345460501, 136.383397471, 26.871667018, 4.64226370447, 0.107124475889, 2.07035837888, 193, 2019
E, -100, 0.9100982692463297, 121.193709618, 70.6104854658, 1.66129818211, -0.171084847371, 0.139449579543, 193, 2019
Z, 100, 0.6148997349165864, 189.89455565, 32.7736361936, 6.75438101838, -1.73973223366, 2.4547060111, 196, 2019
N, 100, 0.4028180685477998, 113.146090728, 15.9663061128, 6.01019086849, -1.02738947877, 2.79799361803, 196, 2019
E, -100, 0.60088553756938, 46.534430817, 81.4524902245, 0.601800396819, 0.407225658798, 0.624954680555, 196, 2019
Z, -100, 0.7967132774538643, 165.051906706, 35.8701393161, 4.65418872567, 0.346425417136, 2.6078597476, 199, 2019
N, -100, 0.7457434110733066, 88.7725086932, 20.4068717032, 4.3009060014, 0.00812219416753, 1.32165514897, 199, 2019
E, 100, 0.5325797417302711, 91.7133868894, 91.802392319, 0.784940927559, -0.611067016561, 1.9531834373, 199, 2019
Z, -100, 0.22867801202810606, 222.057449646, 30.3381055572, 7.54132664306, -0.666095097602, 2.97982925927, 202, 2019
N, 100, -0.20759067395303826, 96.6926844226, 24.294753196, 2.86169137138, -0.735164933801, 1.3369772762, 202, 2019
E, 100, 0.5862380934731645, 138.365227755, 85.5270624669, 1.56396329994, -0.591155199905, 1.267798394, 202, 2019
Z, 100, -0.5236884205814369, 506.305327648, 19.9812337915, 19.5672416062, 0.494265228216, 1.71670046865, 205, 2019
N, 100, -0.4074118697784867, 85.2029292913, 21.447608559, 3.69799915697, 0.966665288348, 1.37510121768, 205, 2019
E, 100, 0.7540341569253722, 137.05026117, 67.9201229687, 1.91782803431, 3.06471081198, 2.6779081839, 205, 2019
Z, -100, -0.40548718956798835, 162.564501989, 19.3009396923, 8.27603726084, -0.920726917907, 2.91546354184, 208, 2019
N, 100, -0.1583372364540203, 47.9422355654, 16.9141809409, 2.92303451492, -0.20110827458, 1.58520332707, 208, 2019
E, 100, 0.9145247089392801, 73.4145641506, 54.4596469827, 1.36878293048, -0.966282372296, 0.355087202659, 208, 2019
Z, 100, 0.6959614660274533, 216.668265766, 35.8055172332, 6.97369293536, -0.761130159904, 1.82876962796, 211, 2019
N, -100, -0.47319151548859123, 64.4840049592, 12.1848625395, 6.09509122449, -1.27687220934, 2.91384977933, 211, 2019
E, -100, 0.8841541921826198, 65.4710967606, 79.5918283643, 0.934531328803, 0.267415237361, 0.617967219935, 211, 2019
Z, -100, 0.8950553810037984, 203.767463512, 45.9200910711, 4.51120677228, 0.202938328467, 1.92646086814, 214, 2019
N, -100, 0.8721258339246087, 109.838023427, 21.482699964, 5.27037888921, -0.163830879964, 2.04665712583, 214, 2019
E, 100, 0.6200988630490061, 82.0524152284, 113.161672775, 0.662346692655, 1.41350424703, 2.75031795924, 214, 2019
Z, -100, 0.44523197622455285, 149.438548494, 39.193924427, 4.03126128363, -1.07965998071, 1.11044164649, 217, 2019
N, -100, 0.35830537341378543, 106.73639313, 35.7114881908, 2.8463525368, 0.32286061171, 1.40907731812, 217, 2019
E, 100, 0.79955164927321, 156.563217382, 116.955481246, 1.12740268978, -0.229745881556, 1.15634546318, 217, 2019
Z, 100, -0.23560999879111408, 92.3412654929, 22.0111297383, 4.80802335326, 1.28935248442, 0.695755777502, 220, 2019
N, 100, -0.635916335450236, 70.1997870423, 36.9951624385, 1.83425500078, 1.6774599226, 0.584101620321, 220, 2019
E, 100, 0.978351271101, 125.930635477, 87.5903107418, 1.39047521542, 0.529388642769, 2.08381705886, 220, 2019
Z, 100, 0.6155189259170628, 135.347646001, 22.3297213971, 5.35029878956, -1.83994306989, 0.677239784763, 223, 2019
N, -100, -0.6942395782108639, 83.5369382673, 23.7930784799, 3.67131474834, -2.52036436607, 1.45406420255, 223, 2019
E, -100, 0.7980385155318552, 94.1544482181, 60.7636347896, 1.48779725506, -0.279565919788, 0.266888256168, 223, 2019
Z, 100, 0.9580121562476349, 182.098629761, 34.360291447, 4.72517372134, -0.770016035671, 1.51463890303, 226, 2019
N, 100, 0.7754710851886616, 84.4204761293, 12.0842466518, 5.34610426338, -1.8898991364, 2.05427338559, 226, 2019
E, 100, 0.09575654075085276, 34.6405577432, 78.5444569781, 0.4866015074, 1.25297512748, 1.0077929508, 226, 2019
Z, -100, 0.8044542092098709, 112.393107919, 38.1745592179, 3.34133030549, 1.14480604711, 2.77660434681, 229, 2019
N, -100, 0.6513430257404683, 41.1684868474, 21.2195603696, 2.15756857178, 0.142815426605, 1.04624872038, 229, 2019
E, 100, 0.7012896507689194, 91.5738512245, 91.0146243094, 0.914249287189, -0.713965473689, 1.50803549473, 229, 2019
Z, -100, 0.01647470836222325, 117.341497637, 32.6194075018, 3.24400974678, -0.238975600447, 3.12306352022, 232, 2019
N, 100, -0.506543604300288, 49.5539684177, 24.5742417886, 1.55061064097, -0.420581247175, 2.58120468984, 232, 2019
E, 100, 0.6903780797883726, 144.794829578, 87.0259661715, 1.5721542827, -0.593044375654, 1.30698783465, 232, 2019
Z, 100, -0.7674218294472229, 50.6282853806, 20.6096482382, 2.18514028467, 0.0587964468598, 1.2991699059, 235, 2019
N, 100, -0.8570760117958327, 28.8031803794, 22.7464673776, 1.35272560493, 0.514368720126, 2.73475372672, 235, 2019
E, 100, 0.9392621427368945, 111.558306994, 70.0579359787, 1.59033204879, 0.558958203126, 2.44051606942, 235, 2019
Z, 100, 0.41813527089927566, 121.987201456, 22.4663663926, 4.74648444078, -1.66042835251, 1.64666454843, 238, 2019
N, -100, -0.9014357478754684, 59.8013423109, 19.7874044216, 2.67009391498, 0.62797392922, 2.79717833379, 238, 2019
E, -100, 0.8932876305156331, 99.5666487496, 55.7824317178, 1.64601367135, -0.121717232192, 0.856805884137, 238, 2019
Z, -100, 0.9364436405721626, 108.514976896, 43.2238848887, 2.8226713295, -0.870591238566, 0.570467195554, 241, 2019
N, 100, 0.41572841935619337, 42.3977654316, 12.0420291325, 3.38009584736, -1.39407625411, 2.2643165076, 241, 2019
E, 100, 0.896486708624939, 44.8583053888, 93.8886694645, 0.630576210616, 0.306701793847, 0.855177888203, 241, 2019
Z, -100, 0.7458748700467774, 195.322491481, 49.9686001552, 4.20460318683, 0.421507219877, 0.327334173879, 244, 2019
N, -100, 0.4834433347948692, 85.2142247273, 30.2145402449, 3.302881225, 0.468223615649, 0.596336153149, 244, 2019
E, 100, 0.5966393529126284, 123.546643566, 126.126030294, 0.813900219636, -0.548862702239, 1.94915763349, 244, 2019
Z, 100, 0.5624721021717838, 57.3133343495, 36.8029400998, 1.41399841438, 0.0790718529424, 0.36667914128, 247, 2019
N, 100, 0.6934353474025929, 17.6104753498, 41.7893411795, 0.431273391563, 0.103766474266, 0.504416817777, 247, 2019
E, 100, 0.9341411666964575, 153.623109097, 116.194121386, 1.34184904915, -0.527440532765, 0.194194100034, 247, 2019
Z, 100, 0.7349721850865977, 125.255511088, 15.8747539425, 6.38870144333, -0.747596199323, 0.196021609002, 250, 2019
N, 100, 0.48860444594550373, 22.9149223308, 34.5479446899, 0.731310717033, -0.376738110454, 1.34147359422, 250, 2019
E, 100, 0.9784356191644814, 97.893854105, 73.1541984207, 1.2947571976, 1.50173525282, 2.7978135631, 250, 2019
Z, -100, 0.9378390601460209, 107.065926457, 25.8821288755, 4.08460211963, -2.30635198511, 2.70395563271, 253, 2019
N, 100, 0.19293529982392693, 45.428156277, 16.613554506, 2.04077556835, -1.72146817089, 1.63341676216, 253, 2019
E, 100, 0.6777662339391685, 33.297142677, 56.3233896609, 0.642684371829, -0.626922561583, 0.829177800948, 253, 2019
Z, -100, 0.7957588835808516, 65.7378451827, 38.2645217962, 1.89979622997, -0.0530372567321, 1.95896484513, 256, 2019
N, 100, -0.0974804162411348, 23.8329918632, 14.4131203633, 2.12773166084, 0.285199887271, 1.793956386, 256, 2019
E, 100, 0.7583363295291214, 90.4272682368, 81.6534664182, 0.956149368172, 0.253556394493, 2.73694733516, 256, 2019
Z, -100, 0.22431184134893684, 34.2812608686, 41.0218781015, 0.835293086141, 1.94347039823, 1.37971774972, 259, 2019
N, 100, -0.9781030564927763, 19.9221676728, 22.904640752, 0.866398950195, 1.4308087845, 2.86487489343, 259, 2019
E, 100, 0.8611612526994521, 119.813449658, 94.8478959469, 1.25550715263, -0.167814485701, 1.33970718189, 259, 2019
Z, -100, 0.08896342664550379, 149.919050743, 33.3424085022, 4.28334691549, -0.286396601331, 3.004522967, 262, 2019
N, 100, -0.7431858558141075, 43.4590641625, 25.207322681, 1.91290573387, 0.151355455837, 3.19905375957, 262, 2019
E, 100, 0.8608419676567796, 147.359342786, 89.7721686594, 1.46681751518, 0.055514266789, 1.15329116744, 262, 2019
Z, 100, -0.46290701441909843, 177.702933094, 18.8055975263, 7.90249690317, 0.577019919269, 2.76516134232, 265, 2019
N, -100, -0.7573645931735817, 17.8452812939, 24.6524110399, 0.793440193457, 1.09017969287, 2.84287918221, 265, 2019
E, 100, 0.9348158322507789, 125.66845555, 68.6270388905, 1.87040226911, -0.52782496552, 0.18663638146, 265, 2019
Z, -100, 0.7886284048039298, 132.964378396, 30.6298961322, 5.06795923076, -3.40851489308, 2.53368771586, 268, 2019
N, 100, 0.22708170931130323, 20.1716482829, 19.4025011165, 1.30074040165, 2.90786240983, 3.00756491835, 268, 2019
E, 100, 0.9366879836422014, 37.703306329, 63.2612628178, 0.629903869698, -0.0982666847443, 0.979285088029, 268, 2019
Z, -100, 0.8479008845617891, 174.366463388, 49.8344974244, 4.15316026919, -0.492025134751, 0.46473660197, 271, 2019
N, -100, 0.6667770665418759, 58.2577278146, 18.2322225558, 3.740856216, -1.1542051105, 1.00610306059, 271, 2019
E, 100, 0.6752375199968538, 88.7285266336, 111.721520221, 0.741994535209, -0.630902425222, 0.250766107179, 271, 2019
Z, -100, 0.4630806127019519, 75.0448297527, 48.655990689, 1.23740481098, -0.641085891782, 2.15744925113, 274, 2019
N, -100, 0.3368592652218033, 35.9858632998, 37.6195927342, 0.831223037033, 1.6892101203, 0.897098687614, 274, 2019
E, 100, 0.8696004324680574, 157.867937839, 130.923732308, 1.13680473776, -0.451955018014, 0.121243073847, 274, 2019
Z, 100, -0.2821703714883446, 37.919126595, 30.7613576593, 1.45845027081, 0.797552913572, 1.40528009073, 277, 2019
N, -100, -0.07251016915665758, 9.90130339484, 40.7697759981, 0.228416427857, -0.648141354522, 0.970348103364, 277, 2019
E, 100, 0.9522242250056584, 141.699202277, 102.790867013, 1.37013859918, -0.407920368236, 0.125235298824, 277, 2019
Z, 100, 0.7133864213650901, 273.68523755, 13.68369884, 16.3454281015, -0.654634615239, 0.295065860894, 280, 2019
N, 100, 0.5447260163664406, 35.1696925202, 26.9977019124, 1.2851049183, -0.543057562531, 0.432028167706, 280, 2019
E, -100, 0.9606998553897467, 76.0153832024, 55.3606384851, 1.3130696681, 2.76695460042, 2.98305995569, 280, 2019
Z, 100, 0.6717093175617529, 185.279168301, 30.1343470377, 6.82327022111, -0.8422623552, 1.22397513386, 283, 2019
N, -100, -0.1077195016902442, 81.3366961108, 9.85509574237, 7.35574119226, -1.23380579555, 2.25480674771, 283, 2019
E, 100, 0.530855487510216, 37.3051279002, 59.6194794448, 0.592849440659, -0.466094510157, 0.459791715571, 283, 2019
Z, -100, 0.28546654367711893, 48.1129481835, 41.2526352683, 1.50303175435, 1.69096552491, 1.62729401924, 286, 2019
N, 100, -0.8210922968740381, 41.4311443883, 16.1860377604, 2.7099576602, 2.40439168145, 1.51959077399, 286, 2019
E, 100, 0.7881118641042857, 97.5218760808, 86.9402733968, 1.11171230299, 0.740819846746, 2.83758065989, 286, 2019
Z, -100, 0.5739402893477222, 148.435321792, 41.6920355936, 3.30290552102, 1.26066393942, 1.94354483192, 289, 2019
N, 100, -0.0892031313626376, 73.791000444, 22.8966228131, 2.84345114407, 1.02176012696, 1.88419093458, 289, 2019
E, 100, 0.8735824567154163, 120.689751554, 98.9391930261, 1.21306741036, -0.0243139560801, 1.28173475013, 289, 2019
Z, -100, 0.17288720468493143, 150.52766987, 31.5790591923, 3.98190592292, -0.0399670466441, 3.0398124314, 292, 2019
N, 100, 0.051979590340209054, 25.4675929436, 25.8242744819, 1.06215630833, 1.92583324077, 3.15626194699, 292, 2019
E, 100, 0.886426153797542, 113.20721428, 89.790747009, 1.30576487053, -0.720816260124, 0.291876990979, 292, 2019
Z, 100, 0.6821422451176475, 288.703721231, 16.5634553439, 12.6582890693, -0.798661163788, 0.244703619035, 295, 2019
N, 100, 0.6442387513725761, 62.8141627319, 24.471910719, 2.51958943767, -0.66101589672, 0.445820293964, 295, 2019
E, 100, 0.9826688764951895, 71.5470862399, 63.7561550366, 1.04158606074, 0.423586040534, 1.75885513463, 295, 2019
Z, 100, 0.42530404472784794, 214.998805605, 38.2687060539, 5.73755376565, -0.996196070946, 1.25168992243, 298, 2019
N, -100, 0.12480703540529733, 32.334048891, 15.9095793656, 2.04477269073, 1.0821142293, 2.90610210505, 298, 2019
E, 100, 0.869563139711955, 67.7809598515, 79.5105417456, 0.832728909741, -0.519666997084, 0.194501846739, 298, 2019
Z, 100, -0.2372821468521634, 208.017947012, 49.7615478815, 3.71577205836, -1.90747132117, 2.71740045531, 301, 2019
N, 100, -0.25336668143854263, 73.6186884104, 26.0561132132, 2.79964619377, -2.30735326517, 2.67492746207, 301, 2019
E, 100, 0.9087132262778517, 120.878189286, 120.654098568, 0.946885774281, 0.0897321603635, 2.40007245212, 301, 2019
Z, -100, 0.7134830861516152, 116.393541061, 42.4031444703, 2.47155693163, -0.482775496254, 3.29033176729, 304, 2019
N, 100, 0.9042912573997002, 10.1215352831, 37.825963602, 0.346689053326, -0.777447366691, 3.03628268693, 304, 2019
E, 100, 0.9248181604503373, 136.629154038, 121.499364835, 1.10519311147, -0.425545582217, 0.0967969341686, 304, 2019
Z, 100, 0.08588468877260526, 19.2592289281, 24.5246537714, 0.692461077236, -0.837710957162, 0.647715537574, 307, 2019
N, 100, 0.5681797210935234, 44.5097100655, 33.7806703564, 1.29696449693, -1.33205150306, 0.376881787144, 307, 2019
E, 100, 0.9322856100046286, 124.20720047, 83.843077241, 1.52460289847, -0.539476363991, 0.125803810067, 307, 2019
Z, 100, 0.06943604111454323, 89.6427782829, 17.0344084234, 5.23348950473, 1.11080949104, 2.69014075779, 310, 2019
N, -100, 0.9480055328665876, 24.3125697121, 19.4044945158, 1.33996815861, -0.505992135698, 1.28713229478, 310, 2019
E, -100, 0.9046890121840168, 85.7370804911, 44.807861409, 1.8312454794, 0.142898951679, 0.216698865582, 310, 2019
Z, 100, 0.4454260319966257, 237.887282546, 32.4910860034, 7.19252656846, -0.603106678097, 1.60050045746, 313, 2019
N, -100, -0.5183418371300936, 47.0565044121, 7.13086116956, 4.57463767795, -0.0133140757078, 2.65235783607, 313, 2019
E, 100, 0.833848071596111, 61.0499497104, 63.8845514475, 1.04795260363, -0.7887981844, 0.185536429489, 313, 2019
Z, 100, -0.21508786771011693, 156.550055025, 41.7880568513, 3.28857151423, 0.861403493857, 2.50592804176, 316, 2019
N, -100, -0.32178401872012763, 3.62456327903, 15.1434868343, 0.238204320271, 0.983499863575, 1.35950297858, 316, 2019
E, 100, 0.9188562674802966, 100.027565332, 90.9897276342, 1.30984329694, 0.943687670844, 2.48401051901, 316, 2019
Z, -100, -0.39946997449764504, 220.644934597, 40.1606477874, 4.57439792188, -2.0383129898, 1.09927408061, 319, 2019
N, -100, -0.22249354709482003, 40.26232679, 22.3914763115, 1.67663030779, -1.97645943307, 1.13402941775, 319, 2019
E, 100, 0.9343513867703874, 106.196304019, 101.300323089, 1.06074422236, -0.125562605276, 0.156112430385, 319, 2019
Z, 100, 0.2491281050646667, 249.158919394, 29.1332835213, 7.07234035561, -1.34213831264, 0.422007817873, 322, 2019
N, 100, 0.19727484922655603, 87.8003628096, 26.1901374878, 3.12556323049, -1.54587926029, 0.687737117197, 322, 2019
E, 100, 0.8574143386715479, 108.638681912, 87.789442963, 1.31380672978, -0.784598554198, 0.27046509326, 322, 2019
Z, -100, -0.17446309157753576, 85.7791416705, 23.123734458, 3.3949178917, 1.39619136446, 2.85746589206, 325, 2019
N, 100, 0.5910089536922914, 85.4816991644, 22.7929944366, 3.48957271106, -0.68608656089, 0.455716900445, 325, 2019
E, 100, 0.9272424752085044, 101.445502107, 62.9353211004, 1.6361602461, -0.722786934386, 1.66499299022, 325, 2019
Z, 100, 0.3514376456426314, 256.740231957, 39.437986176, 6.13416800999, -0.952726515791, 1.17444229108, 328, 2019
N, -100, -0.34560496822179904, 44.3851106688, 16.7973838097, 2.07106836553, -0.944964417928, 2.52267749309, 328, 2019
E, 100, 0.9114959066446694, 86.7268032581, 90.6932543549, 0.97067408477, -0.520972534717, 0.201631364836, 328, 2019
Z, 100, -0.49413721580856307, 325.305970232, 44.1429421996, 6.36107282662, -1.55996124396, 2.6475358314, 331, 2019
N, 100, -0.15499752769359812, 30.3588918689, 27.3013844104, 1.01672008239, -2.08671864064, 2.73204909834, 331, 2019
E, 100, 0.9617200289248693, 121.863565695, 115.205014913, 1.17714845001, 0.903090617721, 2.51079548838, 331, 2019
Z, -100, 0.5941664311569158, 245.565360014, 36.1176687049, 5.66680292784, -0.274680206022, 2.73865108169, 334, 2019
N, -100, 0.7903817232588293, 31.2732691464, 32.1414479535, 0.952123923063, -0.528594238544, 3.09001054441, 334, 2019
E, 100, 0.9735944493624639, 114.026499437, 105.267737224, 1.0988429843, 0.058929112243, 0.137090207032, 334, 2019
Z, -100, 0.9565637342542515, 29.6865314174, 21.2461084842, 1.443862531, 0.407579222604, 0.160579438881, 337, 2019
N, 100, 0.9178709332614317, 14.2391238762, 26.5448278637, 0.585221219866, -0.583534882947, 0.314617537982, 337, 2019
E, 100, 0.9383344918393439, 66.8571458629, 70.7188057863, 0.843316173626, 0.456388560426, 1.0081004906, 337, 2019
Z, -100, -0.1403170564719293, 141.996532106, 18.358762758, 7.36751751153, 0.764980590536, 2.91940867153, 340, 2019
N, 100, -0.6856964378894962, 96.8338868387, 15.5965296244, 5.37163734148, 0.202448917068, 3.00458597911, 340, 2019
E, 100, 0.47613311690102483, 47.3541515976, 44.5066831944, 1.21975791346, -1.59394232212, 1.67612937914, 340, 2019
Z, -100, 0.9656363842996832, 32.5293116756, 32.3329057666, 1.1274659885, 0.513791776077, 0.290810001346, 343, 2019
N, -100, -0.19119733356808982, 96.922085956, 7.36449699305, 10.0053741539, -1.15129484191, 1.77571556394, 343, 2019
E, 100, 0.8103726607935136, 83.0528928962, 66.0553721705, 1.45025782047, -0.749283010444, 0.443026347913, 343, 2019
Z, -100, 0.5027628373085449, 48.6241809339, 41.0525010048, 1.26235535004, 1.77670811224, 0.959257968997, 346, 2019
N, 100, 0.4168043504183267, 57.2378282664, 13.5986137926, 4.05385482351, -0.211642648855, 1.33290892532, 346, 2019
E, 100, 0.9410755353558823, 90.8063018442, 94.2207999109, 1.09547890306, -0.333308520239, 0.15395652669, 346, 2019
Z, -100, 0.7401929048886754, 81.5781391551, 39.4489739876, 1.86113492346, -0.298953135679, 3.08580792857, 349, 2019
N, -100, 0.46865020271678254, 65.9980038197, 23.2553038902, 2.77413542538, 1.10791925605, 1.26631430859, 349, 2019
E, 100, 0.9618538414812697, 99.9154496749, 103.980789771, 0.9870359572, -0.0395600223172, 0.129144287495, 349, 2019
Z, -100, 0.6783196128356729, 46.4684901193, 28.5917429743, 1.40637650321, 0.796471686013, 0.223577332419, 352, 2019
N, -100, 0.4184575580323545, 46.1170930544, 27.7789823821, 1.61455060867, 1.47980933912, 0.667455941906, 352, 2019
E, 100, 0.9561142524440858, 87.1870621361, 88.2592427479, 0.893847657027, 0.178536238125, 1.08875652399, 352, 2019
Z, -100, 0.5831992302313723, 176.130908691, 24.314898342, 6.80533525717, -1.15818351353, 2.44168478677, 355, 2019
N, -100, 0.23907579951305086, 17.6378696527, 25.2628011202, 0.703104303627, 1.65288118941, 1.36425178172, 355, 2019
E, 100, 0.9431358548867302, 71.5793040379, 69.5873044553, 1.01936953077, -0.508194544484, 0.152398011539, 355, 2019
Z, 100, 0.5401072630679014, 316.161405012, 35.6463449455, 8.60281575552, -0.427997598396, 1.6665674163, 358, 2019
N, 100, 0.3317656426969436, 6.50732916775, 20.0312958655, 0.303249785936, -0.0830879695336, 1.22097815936, 358, 2019
E, 100, 0.9619657853699906, 86.8778346138, 89.0802359586, 0.920044091543, -0.0250352388305, 0.346242126539, 358, 2019
Z, 100, 0.5706543576747045, 74.2144817846, 39.3696661773, 1.73633478789, 0.431610251678, 2.59734554808, 361, 2019
N, 100, 0.13231778370965483, 14.9182345853, 23.3022312666, 0.719078148043, -1.39840873524, 2.58757507957, 361, 2019
E, 100, 0.9159660594026626, 112.711443818, 103.404700731, 0.986051423784, 0.619111620581, 2.82343505646, 361, 2019
Z, 100, 0.2565537172416587, 70.5068339089, 33.7910428408, 1.77648207822, -1.69893912388, 0.570764350833, 364, 2019
N, 100, 0.7344229678991961, 15.5771780883, 26.9583420315, 0.680732051355, -1.43670619518, 0.61187932084, 364, 2019
E, 100, 0.9160107030939241, 102.201195876, 93.3876122153, 1.1040358632, -0.499628903975, 0.22628981573, 364, 2019
