Chan, Phase Shift, Correlation, ptp-data, ptp-synthetic, rat, phasem, phasestd, DOY, Year
Z, -100, 0.8363941364479452, 85.5555545746, 56.9663389979, 1.62718268201, 0.168167246312, 0.0946141357898, 1, 2019
N, 100, 0.2843528756960054, 1397.65368768, 55.5021330659, 27.4009569352, -1.50288236407, 0.263086806247, 1, 2019
E, 100, 0.581478044475027, 177.707072129, 16.3373486463, 13.424649966, -1.25774481034, 0.608914797681, 1, 2019
Z, 100, 0.8870146054827034, 218.781677488, 97.7026887169, 2.01458024621, -0.528499738282, 0.115989460041, 4, 2019
N, 100, 0.3235933214632592, 1151.50814123, 89.4355677447, 12.2917094272, -1.28870864694, 0.0718439647665, 4, 2019
E, 100, 0.8123130303412128, 186.867540854, 29.6028636264, 5.28031204031, -0.746869997492, 0.237393544955, 4, 2019
Z, 100, 0.9982539255796467, 107.595749166, 106.789451445, 1.00021168634, -0.0594963965269, 0.0400017501619, 7, 2019
N, 100, 0.48605629480032664, 1363.17932586, 96.2669855059, 13.7098811792, -1.1469131955, 0.127483046958, 7, 2019
E, -100, 0.7356575889811426, 327.476388794, 38.4229613104, 7.68529306939, 0.807470129083, 0.590363400134, 7, 2019
Z, -100, 0.9200064156661905, 101.428249982, 92.4604601315, 1.09041172929, 0.551887613389, 0.23877324371, 10, 2019
N, 100, 0.7332603374366236, 988.379944783, 77.1788504396, 11.8285435827, 2.31778601546, 3.01745464765, 10, 2019
E, 100, 0.8642935335850475, 820.698575626, 32.9416722282, 24.275585953, 0.372486322435, 0.513788084141, 10, 2019
Z, -100, 0.9847961557115961, 68.1440231009, 58.1076500512, 1.25817172985, -2.96993599689, 3.02621674329, 13, 2019
N, 100, 0.7726021981840094, 1171.85062312, 45.5720322539, 27.0791010635, -0.165042951607, 0.461619202417, 13, 2019
E, -100, 0.9752274546737739, 856.714231936, 17.6539428278, 55.7823642755, 0.405330732234, 0.335722093619, 13, 2019
Z, 100, 0.980897191440341, 86.955258978, 56.8213897254, 1.50871855055, 0.0467349301253, 0.125734676648, 16, 2019
N, -100, -0.07929211895704637, 1368.09718775, 52.6843681462, 27.5450223531, -1.90199834928, 0.29956818762, 16, 2019
E, 100, 0.6273832160965735, 867.379476078, 16.9460781518, 57.4652262363, -1.25644811451, 0.550866090912, 16, 2019
Z, 100, 0.976779514275097, 131.777159384, 111.633309472, 1.15382212021, -0.242647108323, 0.114981929618, 19, 2019
N, 100, 0.05309253750727383, 1153.27135132, 101.208963377, 11.0174820406, -1.62002454063, 0.136696869531, 19, 2019
E, 100, 0.7800654627294138, 832.397113765, 32.5849520517, 24.410387709, -0.730310944621, 0.0906882997281, 19, 2019
Z, 0, 0.9984507676599468, 127.965487384, 126.333604996, 1.03225180686, 0.0176526407519, 0.0396506268848, 22, 2019
N, 100, 0.5377236340714648, 1449.79098943, 109.870848111, 12.5874817186, -0.978255877557, 0.0151072927595, 22, 2019
E, 100, 0.9531460471616134, 947.347453287, 45.0265775413, 20.4263968522, 0.0366546031194, 0.191357421277, 22, 2019
Z, 100, 0.9774241813938792, 121.876242442, 97.5271025158, 1.28074577835, -0.0675930335331, 0.00287663026373, 25, 2019
N, 100, 0.7519603079213258, 1209.78301313, 61.8900544671, 19.8789810452, -0.588264523623, 0.118877764651, 25, 2019
E, -100, 0.8876233277524054, 840.766988955, 34.2826015386, 27.9930901701, 0.598118074394, 0.289136328252, 25, 2019
Z, -100, 0.5903831829280641, 49.4468533763, 36.6316632215, 1.68421739782, -3.42622346198, 2.13300499231, 28, 2019
N, 100, 0.051483775695503185, 1521.14792776, 37.8281170457, 44.4884895738, -1.71241251087, 0.217930482587, 28, 2019
E, 100, 0.620261221375754, 924.70132817, 11.2234566064, 98.2128526933, -1.36550293842, 1.17272963129, 28, 2019
Z, 100, 0.9575363493699481, 85.156139914, 78.5037346058, 1.11946070038, -0.213941741262, 0.0894799532761, 31, 2019
N, -100, -0.06986480202266901, 1756.72784198, 73.291083248, 24.0038260529, -1.70729948704, 0.111257178386, 31, 2019
E, 100, 0.6907682781814394, 864.741583201, 22.4934724099, 38.5091667866, -0.920980725022, 0.171726423248, 31, 2019
Z, 100, 0.9216302445303997, 85.8434544065, 94.8489250472, 0.846734438621, -0.406766800267, 0.077078306122, 34, 2019
N, 100, 0.19876158042585618, 1999.68743367, 86.8090243493, 22.0642193104, -1.38677444623, 0.0354259558988, 34, 2019
E, 100, 0.8842606542854513, 1098.63135762, 30.7785843971, 33.4107149274, -0.376914190604, 0.114303639453, 34, 2019
Z, -100, 0.8854821068388798, 128.655983971, 84.2888179577, 1.47962938307, 0.589965448679, 0.537264700853, 37, 2019
N, 100, 0.4756803559196026, 2193.49763067, 73.464515522, 28.8647403339, -1.06596882756, 0.00276956178957, 37, 2019
E, 100, 0.9467781840331922, 1158.18903679, 33.7418759024, 35.5489275656, -0.022423246618, 0.232040813333, 37, 2019
Z, 100, 0.9050293461322908, 315.84105991, 63.1575739076, 5.41968916557, 0.0616717860971, 0.291200183546, 40, 2019
N, 100, 0.6129747516473417, 1711.57381767, 41.1679480173, 41.1907668959, 2.32078807337, 3.23175572958, 40, 2019
E, -100, 0.9337698382869642, 837.202504403, 23.6624765489, 40.4149982671, 0.318203301454, 0.240900086169, 40, 2019
Z, -100, -0.204296368861028, 502.886665577, 32.3626398955, 15.7726300346, -1.94376177426, 0.520041465241, 43, 2019
N, -100, -0.38437460054803246, 1578.18024012, 31.3065156349, 58.8871455097, -2.3070542036, 0.368469231232, 43, 2019
E, 100, 0.30156506242578895, 906.008607023, 10.3932982104, 107.965198502, -1.87914917594, 1.0906367142, 43, 2019
Z, -100, -0.7278423735138034, 613.221484572, 82.9247935137, 5.78870638316, 0.0624319255225, 2.58444386275, 46, 2019
N, -100, -0.377526356433334, 1684.96245684, 76.6707139679, 20.7739581841, -2.02418062451, 0.101616104615, 46, 2019
E, 100, 0.5499178354122959, 783.603162871, 24.2714494683, 28.4850519817, -0.923969720943, 0.0794410867194, 46, 2019
Z, 100, 0.9960486971760109, 106.703868753, 110.110385197, 0.95616069282, -0.0699315507961, 0.0143826083968, 49, 2019
N, 100, 0.23491450625133012, 2125.91640704, 98.6239546673, 20.3623353591, -1.31698719787, 0.00258814560846, 49, 2019
E, 100, 0.863825986507747, 1108.00744337, 33.460484514, 30.7710241699, -0.43098336995, 0.0850890654972, 49, 2019
Z, 100, 0.8837880841550863, 66.4111851997, 85.5375387586, 0.680268086557, -0.442583286406, 0.155188538057, 52, 2019
N, 100, 0.5774871559959217, 2092.07763367, 63.1878628733, 34.122125344, -0.82317175084, 0.143039467434, 52, 2019
E, 100, 0.9042808304318731, 1127.69132083, 38.8177004636, 33.0082391669, 0.219353646508, 0.326279351802, 52, 2019
Z, -100, 0.9944088407110457, 42.8473603431, 50.0105514191, 0.883550873448, 0.0912988990173, 0.116584827403, 55, 2019
N, -100, -0.7252638058146924, 2263.76100909, 21.6723637494, 125.934324825, 0.275328652022, 3.58782767287, 55, 2019
E, 100, 0.6414904766126807, 1156.34106919, 16.612063171, 114.286060597, 0.865003668156, 1.07717485021, 55, 2019
Z, -100, 0.7973567747411292, 57.4230400441, 58.0524044329, 0.884062817743, 0.736990253119, 0.154812695434, 58, 2019
N, -100, -0.7232082697549994, 2401.79557092, 57.7606382096, 40.0564998673, 0.661158396631, 3.28315360512, 58, 2019
E, 100, 0.010801352269225468, 1162.96611046, 17.3304823996, 66.2562110072, -1.80884816872, 0.353036568661, 58, 2019
Z, -100, 0.9565540161403576, 108.16672556, 76.5189345183, 1.47529941828, 0.15005183062, 0.0414579892806, 61, 2019
N, -100, -0.2457204580226511, 2367.14205547, 70.4657381107, 31.9141465171, -1.78435313815, 0.0114024076191, 61, 2019
E, 100, 0.56052565110871, 1167.34233408, 22.5464912486, 48.6476705672, -0.986578137634, 0.0279872735273, 61, 2019
Z, 100, 0.9628799304527692, 79.1845480162, 68.0800753569, 1.07456546487, -0.284638659932, 0.149762758677, 64, 2019
N, 100, 0.15240021380123805, 2622.03124991, 60.5335813677, 41.9967125431, -1.44023528577, 0.0516699290874, 64, 2019
E, 100, 0.8680055870873211, 1188.31387404, 25.9456456529, 45.8176990051, -0.267385333897, 0.222842408133, 64, 2019
Z, 100, 0.9061006447282834, 62.22339827, 46.6765165995, 1.67487426231, 0.145979111096, 0.380865120191, 67, 2019
N, 100, 0.4625714347034, 2890.57722304, 30.1743198787, 98.3473917099, -0.86004966605, 0.261397170765, 67, 2019
E, 100, 0.8437196794450877, 1246.10188332, 24.9391373042, 64.2072089434, 0.17094159955, 0.433852540277, 67, 2019
Z, 100, 0.9469523345970476, 57.032454962, 29.0938035276, 2.00271575193, 0.0189549961859, 0.265525993277, 70, 2019
N, 69, -0.9357777884552909, 2681.82778023, 23.7601477134, 123.648181601, -0.450214343339, 3.60120288212, 70, 2019
E, 100, 0.27068999051234904, 1173.1433715, 10.7102476837, 163.816223865, 0.569707378713, 1.59249446286, 70, 2019
Z, 100, 0.9359398080498832, 81.4299045803, 63.456831362, 1.32421213595, -0.374463428112, 0.282505912779, 73, 2019
N, -100, -0.9109133621804555, 2920.16633353, 61.8608326959, 45.2962609615, 0.362240377791, 3.21639727397, 73, 2019
E, -100, -0.25570576440695236, 1526.12284807, 19.2575630661, 79.6887582119, -2.03325967874, 0.32835788308, 73, 2019
Z, -100, 0.9883867395946258, 89.4606089306, 87.8784501705, 1.02395608859, 0.145325340221, 0.0180560396879, 76, 2019
N, -100, -0.4510871815726363, 3142.89264238, 80.6331246574, 37.3841095442, -2.03676257616, 0.025271018239, 76, 2019
E, 100, 0.2782948017927916, 1294.77911986, 25.40850877, 47.3416744907, -1.34544442244, 0.106727774342, 76, 2019
Z, -100, 0.9640272861376077, 108.185002572, 70.1287975017, 1.50619426449, 0.282435864121, 0.0309316435941, 79, 2019
N, 100, 0.12750787340650444, 3302.57784686, 56.0330613025, 60.2008251997, -1.28922279807, 0.170431117693, 79, 2019
E, 100, 0.7621332351541648, 1238.45658513, 27.4079563709, 47.7359474907, -0.313354830111, 0.323103666698, 79, 2019
Z, 100, 0.9936280095625712, 44.7215260837, 35.1444708887, 1.13841030152, -0.107378992827, 0.0463632678128, 82, 2019
N, 100, -0.7468538976291946, 3312.6042049, 24.300468389, 158.044570824, -1.14318720523, 3.80541330714, 82, 2019
E, 100, 0.5239120694552442, 1360.17562577, 23.7975763917, 99.5433681439, 0.265813173083, 0.867690418716, 82, 2019
Z, 100, 0.8467855266607026, 76.1924111859, 58.1485729975, 1.25677751013, -0.582249600059, 0.00577013528913, 85, 2019
N, 100, -0.9884044938651002, 3121.32180934, 60.5925055713, 48.0571674442, -0.0872524949308, 3.15223425802, 85, 2019
E, -100, -0.59181619841224, 1047.33998067, 16.2631468441, 66.5511589915, -2.68204788455, 0.470434504109, 85, 2019
Z, 100, 0.9550491859007025, 62.7403274251, 66.2343339714, 0.877707071257, -0.0982379028169, 0.0787533157597, 88, 2019
N, -100, -0.854800076977623, 3047.64197016, 66.0178894823, 43.786874708, 0.475662232736, 3.24140463031, 88, 2019
E, -100, -0.2780878615161691, 1018.9497532, 20.6299970821, 45.5765620925, -1.92339563903, 0.123281538695, 88, 2019
Z, 100, 0.9820673094143608, 75.0517678722, 56.8985606191, 1.35482639523, 3.08188839055, 3.12367804459, 91, 2019
N, -100, -0.3015358634759553, 2313.80356811, 50.6718144004, 45.2777315225, -1.86521703148, 0.0196618851119, 91, 2019
E, 100, 0.16856111123444084, 919.651830698, 17.4825888868, 49.8164453698, -1.41401420553, 0.0323304733392, 91, 2019
Z, -100, 0.4616249871598841, 1564.23626892, 30.9957553822, 62.1677901986, 0.905771142141, 0.747433449786, 94, 2019
N, -100, -0.17160407980693543, 1991.61296001, 20.9090110646, 113.62687009, -1.45309847105, 0.395255825256, 94, 2019
E, 100, 0.5922434166583217, 1374.46398826, 18.5642369646, 103.737463121, -0.377833523052, 0.594487074298, 94, 2019
Z, -100, 0.30982729612852006, 111.360340342, 39.6269184485, 1.84594534383, 1.72407145718, 1.20930654116, 97, 2019
N, 100, -0.6789728955930247, 2287.46858692, 34.9432033628, 66.5304582308, -1.04688498669, 3.42803433845, 97, 2019
E, -100, -0.1978506730684709, 1016.37522105, 12.9997440666, 119.508528941, -0.256791161498, 1.87678002619, 97, 2019
Z, 100, 0.8166219849560673, 145.178339038, 71.9152457419, 1.91013244672, -0.664117623438, 0.0872086864101, 100, 2019
N, 100, -0.9349026627911164, 2326.66970553, 70.2958810287, 30.8869628063, -0.421577358538, 3.25682660441, 100, 2019
E, -100, -0.7446506334309287, 969.256553267, 19.9725294592, 50.4350063459, -2.86842156058, 0.428927576707, 100, 2019
Z, 100, 0.9964565005639248, 82.3785861508, 80.0430574419, 1.03057391665, -0.0845550332549, 0.0451225264797, 103, 2019
N, -100, -0.9642205156398653, 2158.11492971, 80.5671128729, 25.5810432369, 0.283623947017, 3.06923060984, 103, 2019
E, -100, -0.36697803339747515, 895.737709087, 25.0059318502, 32.9042577766, -2.04163403977, 0.146651959663, 103, 2019
Z, 100, 0.9594121360411396, 62.8797172219, 64.2602304438, 1.06894422504, 2.94728719591, 3.01975829667, 106, 2019
N, -100, -0.5203987815445706, 2529.35506578, 52.608541001, 49.2064684577, 1.27392989482, 2.81421539814, 106, 2019
E, 100, 0.22894713135250402, 942.608601088, 18.8285753841, 49.6487442107, -1.20561861232, 0.169345284987, 106, 2019
Z, 100, 0.8036003400630185, 35.6537357498, 30.7834445853, 0.987328889421, -0.28043512962, 0.402085383386, 109, 2019
N, 100, -0.4731591609340589, 2894.49128083, 31.6718924525, 106.120642126, -1.55447320268, 3.7891593422, 109, 2019
E, 100, 0.1783417128347874, 817.242664847, 18.8392149698, 76.2121170445, -0.457543542326, 1.17203093036, 109, 2019
Z, -100, 0.9589052135250568, 65.1948203181, 74.6223135478, 0.831783171803, 0.157261508232, 0.0906863251363, 112, 2019
N, 100, -0.6714693923059634, 2768.22152238, 74.9594219707, 33.8052827552, 2.16396713839, 0.219067001105, 112, 2019
E, -100, -0.7477668740527436, 683.978285139, 19.1875768368, 40.6112338784, 0.0336658044603, 2.59962184731, 112, 2019
Z, -100, 0.9037968189703715, 82.4437003686, 77.7762703122, 1.1533628139, 0.384238320126, 0.0458737373444, 115, 2019
N, -100, -0.954129747708493, 2101.87454461, 82.4139486642, 23.8678396019, 0.33822360175, 2.83883016037, 115, 2019
E, -100, -0.6807315332822205, 841.013321021, 23.8696333442, 33.8647787242, -2.41311824513, 0.110345893624, 115, 2019
Z, 100, -0.42642616974880754, 431.850634696, 36.5011367795, 12.9623128822, 0.184523811533, 2.20065502854, 121, 2019
N, -100, -0.6393960981213246, 1601.42307181, 25.5617136476, 63.6516559831, 3.88338211826, 0.162835447939, 121, 2019
E, -100, -0.08368844440594848, 2043.11573265, 11.6264421276, 210.487940683, -1.06322068183, 0.858081547547, 121, 2019
Z, -100, 0.9859775453755409, 101.433251755, 88.6383661535, 1.12250967249, 0.185365817711, 0.0963299006252, 127, 2019
N, 100, -0.7171115974231898, 1997.42186822, 84.605756353, 22.2791223811, -0.780131643569, 3.16691559957, 127, 2019
E, -100, -0.8083797689119502, 971.07284707, 23.392989909, 45.8449664117, 0.0725705341363, 2.66275752766, 127, 2019
Z, -100, 0.9819862333732592, 143.19584252, 94.9757587022, 1.56307161399, 0.151328176925, 0.0466863045931, 130, 2019
N, 100, -0.968081902720479, 2476.52457489, 97.5143408333, 24.4051653781, -0.176577546911, 3.08285235434, 130, 2019
E, -100, -0.6780465051743478, 901.301021525, 28.1366923328, 31.951070025, -2.41405416142, 0.140037272574, 130, 2019
Z, -100, 0.9935328576867866, 113.111222313, 67.2313914599, 1.65995966895, 0.087250685328, 0.0176932875273, 133, 2019
N, -100, -0.9680992578003674, 2316.06132909, 67.1360020509, 37.1662326521, 0.287149103565, 2.97764309175, 133, 2019
E, -100, -0.5176046773761739, 726.090430213, 22.830970662, 30.1886230615, -2.11977099387, 0.0388416730655, 133, 2019
Z, 100, 0.9017672658701961, 34.9533178171, 38.8422883095, 0.984778762407, 2.52909447918, 2.38178944796, 136, 2019
N, 100, -0.5295884688344439, 2401.31113256, 32.5903758928, 87.2478752438, -1.70667988395, 3.95661276782, 136, 2019
E, -100, -0.617867783370963, 627.745979755, 12.2589106615, 64.9690250384, -1.03763415789, 1.33089788451, 136, 2019
Z, 100, 0.9728746327269165, 122.758304936, 83.1184599451, 1.46463415243, -0.259723487537, 0.0653024601561, 139, 2019
N, 100, -0.38376802500088447, 2416.37621122, 81.1083959732, 29.1521519802, -1.27207781147, 3.27632780276, 139, 2019
E, -100, -0.7888150260484461, 693.908825513, 21.7879267884, 37.6703256342, -0.295413826564, 2.47787329464, 139, 2019
Z, 100, 0.9975481246241924, 98.1438323632, 96.6294121737, 1.00499128129, -0.0559832112544, 0.0151054603291, 142, 2019
N, 100, -0.5942473876292625, 1882.97092319, 99.0671195442, 17.9390309542, 2.18948243367, 0.0332506571646, 142, 2019
E, -100, -0.8677672328674778, 586.756240058, 27.0910632531, 23.1674662048, 0.170935992028, 2.81457503302, 142, 2019
Z, 100, 0.5579417164649024, 54.1148524794, 74.6853261522, 0.722921027878, -0.997299294556, 0.203921336617, 145, 2019
N, 100, -0.914782443519766, 1136.66397046, 80.7424562995, 11.8735638531, 2.62164970384, 0.258045420892, 145, 2019
E, -100, -0.5870385828907032, 442.761694075, 24.7905856403, 15.9723940235, -2.39358414101, 0.200200203141, 145, 2019
Z, -100, 0.8821112306637032, 35.5483357846, 44.3438529843, 0.890482408242, 0.471035364706, 0.145218002051, 148, 2019
N, 100, -0.8959301866651364, 834.137315187, 43.7309283413, 19.7735385722, 2.8016354549, 0.00389595948884, 148, 2019
E, -100, -0.3801997846257241, 666.384852281, 16.6340999209, 41.818257828, -1.72262481886, 0.336026783594, 148, 2019
Z, 100, 0.8157392628147442, 54.9239998366, 45.3928094342, 1.40625148387, -1.02399966914, 0.504390475825, 151, 2019
N, 100, -0.6764037051896787, 943.037826037, 42.0522875969, 22.8898971693, -0.820169843377, 3.15890237172, 151, 2019
E, -100, -0.8848330435498338, 799.937888965, 12.9772698874, 73.4676895675, -0.277017292163, 2.54392106038, 151, 2019
Z, 100, 0.8185437146355005, 74.2307119053, 94.7111448446, 0.757893973873, -0.601861950288, 0.0127610681677, 154, 2019
N, 100, -0.5476542433039683, 1700.55929675, 88.8749350089, 18.5504484, -1.11305132757, 3.31389715029, 154, 2019
E, -100, -0.8784161994362208, 856.064724597, 25.6244928097, 36.4628423466, -0.13078343677, 2.65304224192, 154, 2019
Z, 100, 0.936994823309129, 106.809928421, 113.534527199, 0.850227912843, 0.15038388282, 0.349697572636, 157, 2019
N, 100, -0.9025982454855028, 1871.05562893, 112.01801755, 15.8828864294, -0.438221001601, 3.16021596252, 157, 2019
E, -100, -0.6273119674286387, 670.230266757, 31.4596584262, 22.8278238788, 0.655798756968, 2.86998434943, 157, 2019
Z, 100, 0.9665043467393537, 107.847620396, 81.6784189123, 1.20113099573, -0.272878597965, 0.254451667435, 160, 2019
N, 100, -0.9901682211729358, 1652.79854534, 89.9326570474, 19.0249023328, 0.0589751096708, 2.99872279871, 160, 2019
E, -100, -0.49239966633995463, 651.528803511, 26.7699836678, 23.9257339745, -2.09271155453, 0.0274016465825, 160, 2019
Z, -100, 0.8345966508839793, 71.6095025321, 38.6426628724, 2.07321090924, 0.6171774042, 0.486413487902, 163, 2019
N, 100, -0.6339552631900345, 1959.24047009, 30.1707233954, 79.4950157545, -0.0754027647341, 2.43894883589, 163, 2019
E, -100, -0.799562800597311, 488.185741714, 18.2645987683, 31.6876775305, -2.18868298371, 0.594868819936, 163, 2019
Z, 100, 0.9948191501517587, 73.0100201953, 78.1183547538, 0.92818501656, -0.148763620351, 0.115860030155, 166, 2019
N, -100, 0.09593023991947897, 2639.12589623, 76.6326308517, 32.828555947, 1.30949695015, 0.240836822065, 166, 2019
E, 100, -0.9148375313822807, 768.55990909, 21.7392316388, 37.9338426187, -0.668027918346, 2.75766872888, 166, 2019
Z, -100, 0.980701039252641, 70.1356427264, 104.757363583, 0.6538161924, 0.22903557778, 0.184308603251, 169, 2019
N, 100, -0.515926653474019, 2503.03023725, 102.975778496, 22.2484364673, -0.89841618822, 2.99415648617, 169, 2019
E, 0, -0.951992483104659, 797.77891479, 28.5123102172, 30.5247313266, -0.261918240631, 2.82897144832, 169, 2019
Z, 1, 0.9998588261256268, 94.973749564, 90.3764665662, 1.04493606536, 0.00718617071366, 0.0138346979953, 172, 2019
N, 100, -0.7891932657909585, 2741.92636191, 95.6211263832, 27.6512261036, -0.541272046202, 3.0320726774, 172, 2019
E, -100, -0.9395549221665924, 673.926156457, 26.7861729594, 25.2346143537, -2.92859975311, 0.12675136086, 172, 2019
Z, 100, 0.6353463065617798, 33.01112854, 55.2259690556, 0.468768242119, -0.586625773511, 0.439434875881, 175, 2019
N, 100, -0.9148535616470029, 3127.85689173, 63.2848147056, 51.3181282451, -0.298367123409, 3.00836249682, 175, 2019
E, -100, -0.9026403647156656, 705.465880909, 20.0511493919, 34.8427283205, -2.63929070751, 0.106805045789, 175, 2019
Z, -100, 0.24161741084738955, 53.5674745404, 36.1555627121, 1.83420450049, 1.19185096789, 0.0667954530991, 178, 2019
N, 100, -0.42518018445306166, 2656.50039995, 33.9051887564, 88.8595808985, -1.44542416295, 3.47995525392, 178, 2019
E, 100, -0.9696372824498867, 554.974110902, 14.5110508138, 40.4183911486, -3.16356293618, 0.197244730976, 178, 2019
Z, 100, 0.9941152208459912, 87.1313651528, 84.7616719294, 1.02049014748, -0.095439401092, 0.0137946930292, 181, 2019
N, 100, -0.09793576329538203, 2818.63123265, 79.4409070661, 34.9511360503, -1.56352462151, 3.2644949325, 181, 2019
E, 100, -0.7663341725272218, 534.291541172, 24.2602061934, 22.6176200707, -0.901116258192, 2.8512870551, 181, 2019
Z, -100, 0.9666242809267241, 117.429410898, 120.110600571, 0.932911592149, 0.244198333978, 0.0432967193584, 184, 2019
N, 100, -0.43320719374938266, 3095.4339398, 114.815600909, 25.413474587, -1.14902932687, 3.19367179281, 184, 2019
E, 100, -0.9694244396822942, 411.003877046, 32.8861102477, 13.0914029027, -0.231070858532, 2.91385394589, 184, 2019
Z, -100, 0.9750574480673967, 116.179072051, 98.7861696584, 1.23137187756, 0.0818383497439, 0.0950380307228, 187, 2019
N, 100, -0.6830865062350457, 2649.25997092, 105.511092917, 23.3032827361, 2.30745873609, 0.0330401748085, 187, 2019
E, -100, -0.8263714844663157, 322.798586767, 28.7212701586, 10.783026161, -2.45614579401, 0.155576265983, 187, 2019
Z, -100, 0.9089360702712538, 48.9738404026, 39.1192248806, 1.20265910277, -0.511317971801, 0.760180885754, 190, 2019
N, 100, -0.7455426561102914, 2357.96336636, 50.6005106953, 56.7545810825, -0.0112156348557, 2.5161817008, 190, 2019
E, -100, -0.9682364240790295, 537.59476171, 18.0547743536, 31.2591108539, -2.90068756004, 0.25935759157, 190, 2019
Z, -41, 0.9746939844925412, 106.60241043, 64.7896033059, 1.69665083584, -0.190023428528, 0.228093436412, 193, 2019
N, -100, 0.1602498102853482, 2949.33986563, 62.577639713, 46.5005554234, -1.90950424958, 3.37814406865, 193, 2019
E, 100, -0.6743048244915414, 299.140036467, 19.2544306196, 14.2548550933, -0.974334959151, 2.9860100373, 193, 2019
Z, 55, 0.9994915016333702, 104.000164834, 98.5208715245, 1.05518074709, 0.0129275804879, 0.0273304122568, 196, 2019
N, 100, -0.08941939192534681, 2428.5463767, 95.6896431849, 24.6219389347, -1.57403196319, 3.28359902042, 196, 2019
E, 100, -0.5465110725908126, 245.057100038, 27.8613582591, 9.85813080339, -1.08863396363, 2.93021799249, 196, 2019
Z, -100, 0.9955532736609366, 143.689451106, 95.8115523736, 1.45131619067, 0.103254055141, 0.0238009738627, 199, 2019
N, 100, -0.483026508510479, 2207.00889417, 96.8581608585, 20.7181421023, 2.00932023373, 0.110722181691, 199, 2019
E, 100, -0.1614044436566679, 147.895324523, 26.9834913777, 5.41386933726, 1.39484091845, 0.449410458606, 199, 2019
Z, 100, 0.9899413534632396, 69.4151187306, 62.7582365139, 1.10025541993, -0.143962599863, 0.0753927532322, 202, 2019
N, 100, -0.8349421666652792, 1856.85990788, 73.4858239079, 26.0630692254, -0.30583268699, 2.86710085537, 202, 2019
E, -100, -0.9529151414806032, 107.166964743, 19.7731212174, 5.81061393297, -3.05962762277, 0.0802345647151, 202, 2019
Z, 100, 0.9492607046498647, 64.8517639913, 27.6785275323, 2.32841680807, 0.0924962864081, 0.343253039912, 205, 2019
N, 100, -0.5087130747137131, 2450.88365555, 33.7596927134, 86.1965144304, 2.4874368487, 0.422198693393, 205, 2019
E, -100, 0.7236577342073187, 237.74227066, 12.3121609545, 19.687127539, -2.39763393512, 2.63831118448, 205, 2019
Z, 100, 0.8742765604143636, 66.7061196054, 64.590758354, 0.934109263003, -0.691875673184, 0.322525627972, 208, 2019
N, -100, 0.395295374437315, 1372.29192734, 58.9882817108, 24.2924789859, 0.915482557987, 0.290937771326, 208, 2019
E, 100, 0.8395140375272027, 176.473320476, 19.420764028, 7.82533034647, -0.11737590172, 0.42551862733, 208, 2019
Z, 100, 0.979991328804778, 91.0713386373, 108.194745418, 0.798318392545, -0.219686272079, 0.18472618099, 211, 2019
N, -100, 0.02130580215810588, 1979.00185152, 102.290968754, 17.0803738864, -1.5214668362, 3.06515320292, 211, 2019
E, -100, -0.3965786818205021, 386.154766776, 31.0705564877, 9.90721176512, 0.559522658431, 3.58575732731, 211, 2019
Z, -100, 0.9773856207665745, 83.443442282, 107.375016685, 0.734215421197, 0.190946744917, 0.216918520159, 214, 2019
N, 100, -0.42842178778227874, 1638.77323641, 106.489042393, 10.0330158559, 1.48996303396, 0.708403213852, 214, 2019
E, -100, -0.8290766453366701, 568.863167834, 29.3852997921, 14.4466142272, -0.629866894922, 2.48861056086, 214, 2019
Z, 100, 0.9655970160325582, 57.1837508297, 44.727877013, 1.45573629994, -0.022563174968, 0.181407210185, 217, 2019
N, 100, -0.8191764682742194, 1679.37489208, 65.7471490973, 30.1023158949, -0.17681229096, 2.71969571405, 217, 2019
E, 100, 0.11663689389079018, 169.593730487, 14.3967096446, 12.5633439772, -3.56351239054, 1.97148778817, 217, 2019
Z, 100, 0.38931161824991983, 27.8076414472, 48.6290547214, 0.490703414832, -2.16449188846, 1.23216556324, 220, 2019
N, -100, 0.2585715784743831, 934.441702139, 44.3362729086, 22.2106464655, -2.02956825404, 3.33615475112, 220, 2019
E, 100, -0.8853589681904837, 458.84284716, 16.0859052027, 30.1760855728, -0.0626738381695, 3.35255802086, 220, 2019
Z, 100, 0.9989517308522984, 84.1188444132, 84.299203263, 0.99857494411, -0.0470252357344, 0.00288132240622, 223, 2019
N, -100, 0.2684661709876918, 1532.7721791, 80.6013252836, 18.2875245175, -1.87880686008, 3.22073716345, 223, 2019
E, 100, -0.5213715287071968, 298.389595715, 25.0576628674, 7.88374382329, -1.05369293499, 2.44015514538, 223, 2019
Z, 100, 0.89184874809364, 88.0502820322, 88.2884890789, 1.07975451847, -0.446663308485, 0.0168081710411, 226, 2019
N, -100, 0.023825351654932492, 1485.53759182, 86.4146488466, 16.3317585597, 1.5172641845, 0.0757724336209, 226, 2019
E, 100, 0.6569052222330956, 181.824285711, 25.198061007, 6.73467466218, 2.30042102518, 3.13325060961, 226, 2019
Z, 100, 0.9063301781476327, 100.136948184, 62.1639586957, 1.49530015171, -0.49622631772, 0.113535291828, 229, 2019
N, 100, -0.3516532405189257, 823.543143179, 69.2199718553, 10.5898106906, 1.84200803646, 0.139816728079, 229, 2019
E, -100, 0.955568552985866, 231.052457774, 17.4821004295, 13.3574025308, 2.86559603264, 2.78462292204, 229, 2019
Z, 100, 0.9209338084717991, 19.7278991542, 19.2909095652, 0.947345069536, -0.437732623346, 0.134399354982, 232, 2019
N, 100, -0.620907348043709, 376.277011122, 37.1319519389, 12.3583116706, -0.145932202098, 2.46205350209, 232, 2019
E, -100, 0.9313071568685795, 323.705477659, 6.503357177, 59.752985242, 0.40712185994, 0.228275314157, 232, 2019
Z, -100, 0.51447010529301, 44.840116957, 45.6965697721, 0.828806995781, -1.84381178538, 2.65323353906, 235, 2019
N, -100, 0.8252665354506676, 360.656444642, 39.114989555, 9.17802378993, 2.92782482827, 2.48841220027, 235, 2019
E, -100, -0.18519114555261684, 371.692699753, 13.4903616041, 26.3163464001, 1.1789200877, 2.8981394905, 235, 2019
Z, -100, 0.9663042637591739, 65.8640094838, 87.6430381571, 0.716707617177, 0.0168882512267, 0.188875756312, 238, 2019
N, -100, 0.7029271624240792, 815.739246361, 81.2458743912, 9.76033575747, -2.36184243578, 3.17454306122, 238, 2019
E, 100, 0.6060711212984585, 461.959067139, 26.1216869736, 14.6604518867, -0.675028710877, 0.243662685203, 238, 2019
Z, -100, 0.9719740212852732, 62.8613047447, 99.4163293672, 0.555463606719, 0.218669722268, 0.143993019955, 241, 2019
N, -100, -0.3953872852833007, 1408.4236134, 94.3979030161, 11.879835254, 1.08708921577, 2.49671990517, 241, 2019
E, -100, 0.10405698639875688, 786.66665956, 27.9568426361, 22.8850853343, 1.99699574709, 0.867360526593, 241, 2019
Z, -100, 0.910748534424596, 30.4202627857, 50.6398879642, 0.64003904491, 0.473375089612, 0.120582572005, 244, 2019
N, -100, -0.9296736471917867, 2168.47764498, 62.6184299907, 41.8835618425, 0.102007877185, 2.87939471292, 244, 2019
E, 100, -0.34689503973717656, 1248.83003895, 12.0616848195, 90.9382797055, 1.04542457199, 1.09806592121, 244, 2019
Z, -100, 0.9555882837848294, 39.2733002893, 37.3506432177, 0.877877052225, 0.347485048078, 0.27823071919, 247, 2019
N, -100, 0.625235311799732, 1635.00145667, 32.7989752209, 58.5700696451, -0.260732063725, 0.819710609238, 247, 2019
E, -100, 0.34273284183495695, 476.027602007, 10.1534820508, 34.6831386182, -2.25272922245, 2.63247735126, 247, 2019
Z, -100, 0.9578676215335836, 113.119884423, 75.7254642288, 1.41925832255, -2.83443011805, 3.0978117867, 250, 2019
N, -100, 0.7948564716294946, 850.490053866, 66.451078153, 11.0862552497, 0.39969501125, 0.290675425264, 250, 2019
E, 100, -0.39856142436061454, 522.379001793, 21.7770598552, 20.4888822581, -0.732523637293, 3.60836023409, 250, 2019
Z, 100, 0.9868047249272881, 72.7368268407, 75.0188320885, 0.937725647284, -0.0827248939336, 0.0218513128557, 253, 2019
N, 100, -0.08831895112842594, 1022.00396838, 73.4155233858, 12.123423553, -1.24998249591, 2.83093931628, 253, 2019
E, 100, -0.559029423635465, 728.382955471, 22.5865897286, 30.1652253531, -1.05794630689, 3.01402858868, 253, 2019
Z, 100, 0.6522017555830386, 40.4288154733, 52.5599937418, 0.627638000347, -0.848503330722, 0.372479815079, 256, 2019
N, 100, -0.4262632317731401, 1369.94402461, 55.9862980696, 24.3268955643, -1.00617443918, 3.00809918841, 256, 2019
E, 100, -0.8486998073149044, 687.582534279, 14.4384595337, 49.4471558486, -0.647868625366, 2.77176084018, 256, 2019
Z, 100, -0.26280667018436177, 34.634094893, 9.61348223094, 2.65262872129, 2.38213157665, 0.39359621036, 259, 2019
N, 100, -0.6447838696683128, 1057.31548379, 29.3488794529, 42.1384695142, 2.67133931478, 0.317758727755, 259, 2019
E, 100, 0.21643814579029463, 346.156832707, 7.41031266118, 118.117379967, 0.850307913391, 1.22460778106, 259, 2019
Z, 100, 0.9911324189681398, 47.1184426562, 42.4006179388, 1.11397944791, -0.0180730556736, 0.0567886767826, 262, 2019
N, -100, 0.9241217466648899, 929.874183271, 34.8699392988, 29.4371411578, -0.0366365060286, 0.311154394266, 262, 2019
E, -100, 0.528832296990483, 494.444577662, 12.5441643003, 32.9145311431, 0.894582652532, 0.197555026997, 262, 2019
Z, 100, 0.9809498158665693, 80.6948821015, 78.677488214, 1.01570231395, -3.0096196268, 2.93932553846, 265, 2019
N, -100, 0.8868306734167721, 1090.52935415, 67.7748305616, 15.4672346811, 0.402313918575, 0.0952176246637, 265, 2019
E, 100, -0.23277066422084802, 262.161720635, 22.7174369383, 10.404530607, -1.51549210875, 2.86557759417, 265, 2019
Z, 0, 0.96950984458578, 118.408399274, 85.5553162035, 1.20440242889, -0.144652212749, 0.219276901286, 268, 2019
N, -100, 0.9016372430625449, 791.241026577, 80.640149635, 9.58562576785, 0.383964948353, 0.127786535581, 268, 2019
E, -100, -0.24077338575212287, 963.247820234, 25.5052815136, 35.2730799244, 1.40039080487, 3.49588168019, 268, 2019
Z, -100, 0.7287865047167024, 52.2862621239, 49.5014325994, 1.06220154405, 0.798012118662, 0.0949870507934, 271, 2019
N, 100, -0.18288557653251158, 854.346803419, 51.6799535758, 16.4320209279, -0.775041275169, 2.49527996926, 271, 2019
E, -100, -0.8622496228974769, 1088.31860222, 11.5551998292, 126.958648005, 0.0966024340339, 3.02952746176, 271, 2019
Z, -100, 0.9805262718235166, 43.1104535307, 42.1464782417, 1.0143713377, 0.074324912426, 0.0409271542214, 274, 2019
N, 100, 0.6798693370410406, 957.754612851, 39.5506251409, 27.4492202579, -0.865118899826, 0.548776710443, 274, 2019
E, -100, 0.8811905961754731, 847.784447888, 18.6167117358, 48.8130939577, 0.330221646168, 0.0562290556066, 274, 2019
Z, 100, 0.8772436804628079, 66.4968186734, 85.7528015588, 0.792008141477, 2.64978526778, 3.14779994715, 277, 2019
N, -100, 0.9853324391566803, 1481.23424027, 68.6952387458, 21.2213188523, 0.0584424500607, 0.0531717947093, 277, 2019
E, -100, 0.42718312091141414, 878.440821871, 24.7616700785, 33.6038889459, -1.95032933678, 3.20209878537, 277, 2019
Z, 100, 0.9977671961931076, 73.6439859217, 77.3380180662, 0.951100843611, -0.0174396386081, 0.0402956156628, 280, 2019
N, -100, 0.8255163824152669, 1488.627291, 70.3155921348, 19.8752130681, -2.55147274693, 3.14832063471, 280, 2019
E, 100, -0.04310215324823938, 702.835006528, 23.1868593824, 27.2346414288, -1.66147303301, 2.93474791088, 280, 2019
Z, 100, 0.8759076055600945, 61.4450555767, 43.7202875958, 1.64947386548, -0.245508125151, 0.24746043016, 283, 2019
N, -100, 0.31028882808713104, 1070.25274105, 49.5882861795, 20.0324140319, -1.93040674775, 3.27089897746, 283, 2019
E, 100, -0.7423238418436053, 459.228719972, 13.7443459473, 32.9244185905, -0.360190229055, 3.56750609468, 283, 2019
Z, -100, 0.669249178820212, 64.2918317546, 13.3405760829, 5.41690756068, -2.48473679914, 2.36878857297, 286, 2019
N, 100, -0.022120830967438557, 1563.44978231, 17.7688060408, 131.912755085, -0.642226413121, 1.75673229593, 286, 2019
E, 100, 0.6881526162598925, 633.525847603, 8.26934867136, 105.623829991, 0.192231483294, 0.655305356865, 286, 2019
Z, -100, 0.9647903403381609, 104.633348175, 55.2761843035, 1.81628884678, 0.159716956296, 0.0632719812018, 289, 2019
N, 100, 0.6815333495946484, 1088.22348993, 47.7301999753, 23.2910835612, -1.03259200947, 0.373522907481, 289, 2019
E, -100, 0.9521840015104954, 867.477925033, 21.7791206264, 39.7711277385, 0.162043861277, 0.120709789518, 289, 2019
Z, 0, 0.9995683491864897, 89.9444246678, 89.1880336864, 1.00811082866, -0.0211849747291, 0.0259557637109, 292, 2019
N, 100, 0.9721491045606847, 1409.78589611, 75.1735798848, 18.078504237, -0.252195169397, 0.113419219102, 292, 2019
E, -100, 0.7653233998881089, 979.603546898, 27.5846952622, 32.8864846925, 0.724293125373, 0.0276442096388, 292, 2019
Z, -100, -0.7258105230527551, 551.464106957, 91.6394763621, 4.89535358853, -2.76284139668, 0.627802819093, 295, 2019
N, -100, 0.6469948430402452, 840.706725416, 79.7992268458, 8.43730427753, 0.455610958243, 0.354449786892, 295, 2019
E, -100, 0.13561544283974603, 648.699020549, 26.9058395132, 19.4073127453, -2.0028990077, 2.70914455168, 295, 2019
Z, 100, -0.901967008320785, 792.935288169, 48.2644582556, 13.5326954397, -3.44467975656, 0.171624517689, 298, 2019
N, -100, 0.13957597614222966, 1330.59773145, 53.5340965573, 30.2001020526, -1.59052445416, 2.73452539489, 298, 2019
E, 100, -0.61462075164991, 815.215243082, 14.994402104, 62.2044261636, -0.508619015122, 3.56964252196, 298, 2019
Z, -100, 0.8949652456415649, 69.6418254718, 50.5689842464, 1.30424490747, 0.486975182069, 0.0561650537377, 301, 2019
N, 100, 0.6218002803640397, 1441.94488794, 47.6481559609, 33.1522043424, -1.24608323954, 0.505313942123, 301, 2019
E, 100, 0.947149247265799, 892.18671436, 15.8844076719, 52.8177313467, -0.139883999783, 0.0796126886427, 301, 2019
Z, -100, 0.23614510321245383, 842.428582149, 97.8082573372, 6.26651606688, 2.0242181754, 1.01861392476, 304, 2019
N, 100, 0.4670517544201726, 2013.99007881, 85.2191970003, 24.8101483441, -0.937728706434, 0.279191480583, 304, 2019
E, -100, 0.3104202837844204, 2190.48490747, 34.7990100445, 50.2040962723, -0.461793626635, 1.61384547981, 304, 2019
Z, -100, 0.23463525087963313, 2622.25661056, 101.154556504, 23.0264196388, 1.3501224858, 0.0650071733127, 307, 2019
N, -100, -0.32674763059392803, 4304.44623471, 83.092623844, 45.0454632157, 1.11395377862, 2.95757258286, 307, 2019
E, 100, -0.20342696172295383, 6182.29702881, 30.6080435903, 184.724287173, -1.37374760567, 3.14917022568, 307, 2019
Z, -100, 0.7336290541015098, 61.362513137, 59.9142409232, 0.978331750522, -2.22176826147, 2.74029164599, 310, 2019
N, -100, 0.871580320350109, 1026.80605325, 60.2285318222, 17.3855175134, -2.49698871224, 2.86528142517, 310, 2019
E, -100, 0.25169895214599536, 645.494442608, 19.1362688385, 33.2793894945, -1.48312099118, 3.50256922371, 310, 2019
Z, 100, 0.9808056900242008, 19.982588469, 19.942972814, 0.987840151273, -0.0434957415027, 0.170812491847, 313, 2019
N, 100, 0.8687018181224919, 1223.26532725, 28.0864909767, 57.4137836794, -2.43569993162, 2.26457182092, 313, 2019
E, -100, 0.8619059462459816, 789.141384331, 6.13024171441, 143.755371678, 0.664049537449, 0.282789043835, 313, 2019
Z, 100, 0.9942102640408081, 110.275938179, 66.193526617, 1.58888950033, -0.050615630798, 0.0355229597296, 316, 2019
N, 100, 0.5726664957345527, 1410.0060308, 58.1232145823, 24.8893042926, -1.15530035151, 0.256613318875, 316, 2019
E, 100, 0.9579885599433912, 840.865592024, 21.5956772023, 35.5427539021, -0.0644314233119, 0.151212711005, 316, 2019
Z, -100, 0.9920985676161101, 103.914336864, 103.848956058, 0.982319314747, -0.0344758957162, 0.0855876179905, 319, 2019
N, 100, 0.7361670489020546, 1466.98111079, 91.3724567839, 15.5544501586, -0.875394881487, 0.217534982481, 319, 2019
E, -100, 0.973681258955259, 926.497678191, 35.7984241817, 24.6478076557, 0.196520739065, 0.0609939713512, 319, 2019
Z, 1, 0.9976664355719551, 108.084592858, 112.223707008, 0.966890954364, 0.041136919631, 0.0599540626553, 322, 2019
N, 100, 0.9773681490417302, 1445.84709027, 93.622939611, 14.8657982522, -0.126016518881, 0.054859191498, 322, 2019
E, -100, 0.7771844754583058, 857.597430186, 34.7999857237, 23.9051452914, 0.741823674005, 0.074014975357, 322, 2019
Z, -100, 0.9681748912184981, 96.1110043811, 72.209678393, 1.44883972222, -2.92090446063, 2.89422894491, 325, 2019
N, -100, 0.9699503136457118, 1259.94595968, 65.0265213198, 20.0934719574, -2.87189011379, 2.94493945182, 325, 2019
E, -100, 0.4233771668126914, 738.171246413, 22.004015159, 36.6691169485, -1.8356904779, 3.32393144685, 325, 2019
Z, 55, 0.608246313943874, 44.2434950453, 48.379497876, 0.734387430976, 0.868728882175, 1.25256128047, 328, 2019
N, 100, 0.6043246960672363, 1370.2988984, 46.7039002813, 34.6751858032, -1.37529490623, 0.543326191804, 328, 2019
E, 100, 0.9472634564834747, 820.386812925, 13.3577191886, 69.5562978063, -0.428824912315, 0.300994236246, 328, 2019
Z, -100, 0.938893637965633, 105.726368884, 105.272715453, 1.03928894441, 0.349503400289, 0.0391091560856, 331, 2019
N, 100, 0.5749896109664486, 1594.91546431, 95.5265822661, 16.2560183649, -1.07540115964, 0.167288683703, 331, 2019
E, 100, 0.95786794460144, 977.546872946, 34.4011164415, 25.8278092202, -0.11066297024, 0.0981650636528, 331, 2019
Z, 100, 0.9985932571868973, 127.537139508, 118.212844179, 1.07939354223, -0.0524709664229, 0.0114179761985, 334, 2019
N, 100, 0.8604320742518747, 1519.13284087, 101.390560682, 14.1791420692, -0.573006522147, 0.0901151459173, 334, 2019
E, -100, 0.9483505918401819, 859.361070624, 41.1927216547, 20.0695754808, 0.304641363997, 0.056716491014, 334, 2019
Z, 100, 0.9410345337306029, 141.673713499, 91.2997486422, 1.655596396, -0.164896250544, 0.173558133386, 337, 2019
N, 100, 0.9837282489285761, 1538.87253636, 76.827645526, 20.0347110831, -0.0520094680638, 0.110601180408, 337, 2019
E, -100, 0.704147457122454, 858.069519095, 28.5116643012, 31.2526235917, 0.901925838467, 0.137840594749, 337, 2019
Z, 100, 0.8558402023552382, 74.2153185933, 38.3104351143, 1.53078191482, -0.786159687168, 0.31813227563, 340, 2019
N, 100, 0.9303352897707553, 1458.44025134, 45.3878526787, 35.9955517633, -2.96436475576, 2.70039188604, 340, 2019
E, -100, 0.6391366450790192, 867.205637006, 12.5707632937, 84.0277092619, 1.35696532599, 0.575825864659, 340, 2019
Z, 100, 0.9478836251260873, 52.861779242, 62.7366267629, 0.879854199754, -0.311052320717, 0.108336830815, 343, 2019
N, 100, 0.4451699166673799, 1511.85510192, 56.1839636187, 28.139550098, -1.43823448899, 0.392217953116, 343, 2019
E, 100, 0.9244975469562239, 962.46982394, 18.2014548605, 51.9793723686, -0.50501237435, 0.16060744022, 343, 2019
Z, 100, 0.9695947943825114, 80.9309080247, 109.647286662, 0.668264602902, 0.14720242964, 0.22597990581, 346, 2019
N, 100, 0.6279103599517132, 1138.28590395, 98.4444202081, 11.1900079872, -0.995957697439, 0.149714046098, 346, 2019
E, 100, 0.981442636742209, 886.581568822, 35.1945224651, 23.1893063609, -0.0611219516265, 0.0860325243675, 346, 2019
Z, 0, 0.9994024109465989, 124.32755686, 126.734316929, 0.980797767773, 0.0139552269417, 0.0155408949447, 349, 2019
N, 100, 0.6341814263446988, 854.863421737, 110.012395207, 7.03962309344, 2.08271592519, 2.80869097553, 349, 2019
E, -100, 0.7841228691340325, 988.997126843, 43.4026388972, 19.1643971335, 0.829490731001, 0.592255321981, 349, 2019
Z, 100, 0.9191880648554869, 93.2897546187, 102.469154514, 0.893583073563, 2.73072199401, 3.09212440687, 352, 2019
N, -100, 0.9020810251681495, 1150.84962989, 79.4339018169, 14.0883051507, 0.365139563124, 0.403937230746, 352, 2019
E, -100, 0.8624812991859894, 1252.49859705, 31.4091837988, 35.3063784414, 0.367305631409, 0.203655883187, 352, 2019
Z, -50, 0.999712513732368, 37.9649647144, 38.462299154, 0.989459014537, 0.0508626212618, 0.0550021013882, 355, 2019
N, 100, 0.5778464014303519, 1063.35323113, 40.230494511, 28.512254073, -0.60343284155, 0.332834488372, 355, 2019
E, -100, 0.6616256393993376, 993.917741081, 11.6287297959, 105.434541614, -1.07520504085, 1.38093197824, 355, 2019
Z, -100, 0.9705194784925241, 69.4096117369, 97.1388986243, 0.683989034159, 0.0366497407436, 0.149977480244, 358, 2019
N, 100, 0.40472477997699885, 1130.27313198, 89.8287789009, 12.3768391225, -1.28172982911, 0.164345860521, 358, 2019
E, 100, 0.8908547446618231, 883.798927226, 27.9796248102, 29.8732664401, -0.501851602043, 0.0549588987643, 358, 2019
Z, 0, 0.9742853886467359, 78.0300288413, 121.296906599, 0.685867568568, 0.017576334759, 0.0526840046813, 361, 2019
N, 100, 0.8401776233837625, 1326.92400601, 109.797548328, 11.4609072002, -0.497542439031, 0.077055816647, 361, 2019
E, 100, 0.9636004073239852, 693.979001723, 41.8860879251, 14.5585168382, -0.204731728229, 0.100525601795, 361, 2019
Z, -100, 0.9688745854696368, 102.074658009, 108.228554984, 0.812488136713, -0.124940706632, 0.277034063629, 364, 2019
N, 100, 0.7863611603741697, 1052.67683665, 90.6991020758, 10.8739543392, -0.703789802559, 0.075449730861, 364, 2019
E, -100, 0.9260426754923301, 891.337204234, 37.9171648085, 24.1838340749, 0.430363090026, 0.0951749469433, 364, 2019
