Chan, Phase Shift, Correlation, ptp-data, ptp-synthetic, rat, phasem, phasestd, DOY, Year
Z, -100, -0.6103026514630849, 0.871138613074, 40.5060679503, 0.0194893985917, -0.464471164082, 3.88692138306, 139, 2019
N, 100, 0.5434132797705172, 1.98830406569, 69.3925920858, 0.0253173610583, -1.1061054884, 0.398323248619, 139, 2019
E, 100, 0.09535553955330421, 1.05392254634, 14.2728600352, 0.103750554204, 0.800273280779, 1.76122421114, 139, 2019
Z, -100, 0.031071124990145704, 0.592324143696, 35.2538254927, 0.0158604155714, 1.54327137829, 0.0379979604317, 145, 2019
N, 100, -0.6655941552294716, 0.426372025061, 65.851536086, 0.00484389717763, 2.45922932902, 0.178157921346, 145, 2019
E, 100, 0.5379044580045467, 1.13189975851, 12.2752301511, 0.0733258419068, -0.491347464676, 0.308869520646, 145, 2019
Z, 100, -0.11838733023524609, 0.670220839673, 22.318206263, 0.0332048074275, 1.87641454278, 0.306876332569, 148, 2019
N, 100, -0.7886987222102345, 0.401829368396, 35.9247103253, 0.00925897219574, 2.81943921294, 0.0371519471123, 148, 2019
E, 100, 0.7930868248281262, 1.36050941138, 11.4375287601, 0.142940515014, -0.352576569404, 0.352903171484, 148, 2019
Z, -100, 0.665320430007848, 0.691783194855, 23.7193630285, 0.0307415941945, 0.0157227702043, 0.684720973589, 151, 2019
N, -100, 0.4539132853806728, 0.265455724758, 35.559503744, 0.00843482720521, 0.564648967072, 0.526578369553, 151, 2019
E, 100, 0.41073285556961275, 1.39168947962, 7.2096833965, 0.207299060427, 0.861197858882, 1.95519866503, 151, 2019
Z, -100, 0.8096778920794258, 0.686280605067, 48.1081958621, 0.0119271907119, -0.360076965587, 0.658025618776, 154, 2019
N, -100, 0.3830767767884769, 0.132779654442, 76.176180097, 0.00161298527361, 0.931225732104, 0.374948386005, 154, 2019
E, 100, 0.17563357976599941, 1.31473265855, 12.7904277925, 0.0994789929498, 0.66482813054, 1.99338439233, 154, 2019
Z, -100, 0.17765380825982618, 0.38419288387, 55.6482097404, 0.00752562244358, 1.39344636879, 0.0584205820469, 157, 2019
N, 100, -0.3228167058369214, 0.442612780807, 93.5565127795, 0.0038252091974, 1.88073585329, 0.269026775969, 157, 2019
E, 100, 0.725237331689495, 0.726542088637, 14.2908920503, 0.0634194917173, 2.5263010628, 2.77818222581, 157, 2019
Z, 100, -0.10795052114160161, 0.785945825761, 38.8130215547, 0.0228892381403, 1.68954098022, 0.0263679212905, 160, 2019
N, 100, -0.6711848807175235, 0.386524332232, 73.1157714157, 0.0039549567439, 2.62088572677, 0.108190823794, 160, 2019
E, 100, 0.911012656571922, 1.54551627413, 12.8980338029, 0.120027902204, -0.36908886661, 0.176046326171, 160, 2019
Z, -100, 0.3342762775875162, 0.752730334311, 23.2562918015, 0.0322994772739, -0.73745391777, 1.94019080998, 163, 2019
N, 100, -0.6017068665549372, 0.208818440227, 26.0697434255, 0.00900356094412, 0.316476943207, 2.20035171222, 163, 2019
E, 100, 0.4279649987884738, 1.47874977252, 15.8176699547, 0.108161795344, -3.0507715266, 2.09184027049, 163, 2019
Z, -100, 0.5917345834413968, 1.25853867066, 38.2079539569, 0.0351661820746, 0.410798255544, 0.440524592608, 166, 2019
N, -100, 0.2095761004319372, 0.531403174899, 65.5713496492, 0.00626466378594, 1.00254356652, 0.578040754538, 166, 2019
E, 100, 0.32396588366855017, 2.43096777319, 10.9068862418, 0.265597208221, 1.2663133968, 2.21867212635, 166, 2019
Z, -100, 0.770015723758342, 0.809561468588, 51.0944438818, 0.0156966781625, 0.520023555571, 0.173966121612, 169, 2019
N, 100, -0.2067870686880281, 0.202485044029, 86.6655493468, 0.00210033172942, 1.65713526252, 0.224962185353, 169, 2019
E, 100, 0.33116919892759145, 1.61953970063, 13.1203235902, 0.145868001749, 1.42590328246, 2.40199340536, 169, 2019
Z, -100, 0.40817282876243427, 0.803171039742, 43.0926377699, 0.0130147160875, -0.170597130891, 1.05387493553, 172, 2019
N, -100, 0.5470369703687535, 0.18684159632, 77.9985209623, 0.00194167363233, 0.58907483436, 0.464803277779, 172, 2019
E, 100, 0.15991681378057723, 1.58811239286, 12.0237279971, 0.0991520418753, 1.02227678797, 2.07657258625, 172, 2019
Z, 100, -0.17711904001851167, 0.305378118385, 25.0710024665, 0.0109429451522, -0.618754310674, 2.31986219135, 175, 2019
N, 100, -0.8881200930211657, 0.248035686313, 50.8596507977, 0.00361455273522, 2.71349869538, 0.389846591961, 175, 2019
E, 100, 0.5948216207681034, 0.609345985497, 12.0023972775, 0.0464760109772, -3.01906792768, 2.43413556145, 175, 2019
Z, -100, 0.15634057163967488, 0.788828581419, 19.2661686409, 0.0459163361673, 1.2807614681, 0.0915479465799, 178, 2019
N, 100, -0.7047243873143823, 0.297447370131, 27.2178391315, 0.0109606357759, -1.18466805737, 3.79768781425, 178, 2019
E, 100, 0.8319884614684797, 1.54301683401, 12.3340162227, 0.16933468553, -0.269012554817, 0.33963576099, 178, 2019
Z, -100, 0.737264654248662, 0.836328505129, 43.4023782204, 0.0190288281266, 0.259550035559, 0.450371219169, 181, 2019
N, 100, -0.27401500176609067, 0.355890474222, 68.0122672463, 0.0034750047075, 1.21786480973, 0.91220350856, 181, 2019
E, 100, 0.25839940507710474, 1.6275409014, 12.7454568774, 0.135323640603, 1.34460855367, 2.54294240268, 181, 2019
Z, -100, 0.5565076513521352, 0.809382351056, 60.1678659793, 0.00936148686529, -0.510225448732, 1.33136689235, 184, 2019
N, 100, -0.3603769194084637, 0.195919448109, 97.820478732, 0.00159734897019, -0.551182184347, 2.43535724724, 184, 2019
E, 100, 0.6041259921152117, 1.61087999561, 15.3672363586, 0.0863394408626, 0.529283655167, 1.43581244135, 184, 2019
Z, -100, 0.09278069402937233, 0.881662538064, 48.0005746351, 0.0179316570709, 1.26588060099, 0.387508131329, 187, 2019
N, 100, -0.5978786127504605, 0.413587845557, 85.6041573859, 0.0036249799426, 2.06100658549, 0.356708651773, 187, 2019
E, 100, 0.6753274980972738, 1.74120213362, 12.3695297491, 0.150594436657, 2.36015641995, 2.56241488808, 187, 2019
Z, -100, 0.6987134321920597, 0.678128593244, 18.3773201768, 0.033152282035, 0.338499986144, 0.390409391728, 190, 2019
N, -100, -0.8639085272973347, 0.220665006205, 39.3287252137, 0.00435314743612, 2.79358682501, 0.496084210473, 190, 2019
E, 100, 0.0124608455058049, 1.34510489314, 15.8991840755, 0.0915871928759, -1.50461417149, 0.0271162303042, 190, 2019
Z, -100, 0.5481229497418364, 0.885526331656, 32.1102265169, 0.0322764847476, 0.729406116292, 0.10563928949, 193, 2019
N, 100, -0.212101147057565, 0.201363939435, 53.6705552793, 0.00397707327629, -1.49790388057, 3.56970753272, 193, 2019
E, 100, 0.5092868824555435, 1.74691215809, 15.8863201044, 0.152450585044, -0.654912486918, 0.414250639288, 193, 2019
Z, -100, 0.8236362144690588, 0.684526560898, 48.8236102342, 0.0141932407291, 0.542421278663, 0.0748724293533, 196, 2019
N, 100, -0.23511714033571832, 0.211335300845, 81.2232715111, 0.00190356316758, 1.4511373349, 0.582185976174, 196, 2019
E, 100, 0.2519744412765483, 1.49716574376, 13.1962041966, 0.134125782797, 1.56862411297, 2.73591057564, 196, 2019
Z, -100, 0.5744783524943039, 1.04212163661, 46.5175672857, 0.0233576696141, 0.777965588926, 0.249356379909, 199, 2019
N, 100, -0.4850111273602234, 0.385385655871, 79.9463888207, 0.00343839550154, 1.95610844949, 0.404825455261, 199, 2019
E, 100, 0.31012558016567315, 2.07545534369, 11.6703374759, 0.218575057878, 1.71065567523, 2.42666551497, 199, 2019
Z, -100, 0.2005162106237736, 0.784733387028, 28.7368592906, 0.0315041667958, 1.36133916861, 0.0861597919374, 202, 2019
N, 100, -0.8089698886498284, 0.308318819926, 58.2327461121, 0.0042469648879, 2.50479015097, 0.175406042752, 202, 2019
E, 100, 0.7672767705323154, 1.6405925695, 8.39108959422, 0.224807001025, 2.48718812614, 3.11014784324, 202, 2019
Z, 0, 0.9294928260012656, 1.11748135535, 14.4680769837, 0.0730322661292, 0.0203641843649, 0.0368464433946, 205, 2019
N, 100, -0.44440141788116444, 0.270940607422, 26.3117972491, 0.00866218776346, 2.00936123697, 0.00158394266107, 205, 2019
E, -100, -0.17536200741880875, 2.31897655774, 12.2656446852, 0.23956290444, -1.38758303683, 0.467064545076, 205, 2019
Z, 100, 0.888312083715982, 1.00057381674, 33.8542756381, 0.0267377258258, -0.561251454285, 0.333332361363, 208, 2019
N, 100, 0.15691019973557213, 0.104015691929, 50.2724792185, 0.0015476477823, 1.23935951284, 1.56434640606, 208, 2019
E, -100, -0.42537263441548373, 2.12156896797, 13.8093744859, 0.153273949607, 1.12982323178, 3.19598380773, 208, 2019
Z, -100, 0.7788868710413, 0.69998536282, 54.9840143742, 0.0130076216876, 0.64837330171, 0.0132396532263, 211, 2019
N, 100, -0.6245476277774632, 0.0815799816514, 87.6694490388, 0.00100565562883, -0.775063795397, 3.20705156013, 211, 2019
E, 100, 0.18287221500052744, 1.36903064211, 15.3761621123, 0.0969753213548, 1.68173719571, 3.03471352031, 211, 2019
Z, -100, 0.5538598027651627, 1.04254629006, 53.683239463, 0.020169872598, 1.05273053874, 0.110022564355, 214, 2019
N, 100, -0.3704960453706312, 0.35198332047, 89.3536636277, 0.00301213267904, 1.87223699721, 0.305389658257, 214, 2019
E, 100, 0.4783763908156848, 2.02224723709, 12.4258317317, 0.202012655574, 1.97191051595, 2.67411956197, 214, 2019
Z, -100, 0.6129914579472748, 1.09643605314, 19.6869534614, 0.055759596093, -0.20577746234, 0.457233309063, 217, 2019
N, 100, -0.5514962841566668, 0.174092888996, 48.5390010389, 0.00256586875235, 2.30814940089, 0.116693194266, 217, 2019
E, -100, -0.40628911632734993, 2.13321016406, 6.40351599316, 0.347092777895, 0.671710595917, 2.81283497604, 217, 2019
Z, 100, 0.7402750696844302, 0.786827459887, 25.7010456985, 0.026142528167, -0.455722422373, 0.227281838381, 220, 2019
N, -100, 0.28065789164239, 0.106670697959, 38.6182385026, 0.00350204277501, -2.17111198032, 3.60450719591, 220, 2019
E, -100, -0.5138315718109712, 1.52929652696, 19.0489821484, 0.108735293487, -1.54692263405, 0.689618277006, 220, 2019
Z, -100, 0.9326566885012751, 0.64278901092, 42.3221168736, 0.0157408452756, 0.0156464826665, 0.141897584753, 223, 2019
N, -100, 0.22677821082026092, 0.307553318652, 68.7800515272, 0.00333712823133, 1.05159778147, 0.49077461013, 223, 2019
E, -100, -0.20616226697078802, 1.30087054516, 13.6245430089, 0.0996205434009, 1.37129110176, 3.20800666735, 223, 2019
Z, -100, 0.8088535472568023, 0.83522249838, 43.5386484303, 0.0122837794163, -0.847247577905, 0.92889259864, 226, 2019
N, -100, 0.7446684634320373, 0.0616751027252, 72.4864335855, 0.00083783985721, 0.378782191238, 0.0575123695701, 226, 2019
E, -100, -0.021462701703545813, 1.70224626497, 11.1011928289, 0.114100887393, -0.0342213401811, 1.81111896426, 226, 2019
Z, -100, 0.6222945870657778, 0.496385373835, 28.6557107459, 0.0144988092124, 0.393949303123, 0.339621275244, 229, 2019
N, 100, 0.4568161998069787, 0.222623929608, 55.4604773209, 0.00199849026369, -0.779193243966, 0.779529950181, 229, 2019
E, 100, 0.37274574257023585, 0.983066108701, 7.5268389061, 0.150195183622, 1.17648921167, 2.08791061321, 229, 2019
Z, 100, 0.7741537145791344, 0.940359922377, 15.7084204359, 0.094364870982, -0.199802250247, 0.402741658674, 232, 2019
N, 100, -0.7132704136521387, 0.170964195033, 26.9062212688, 0.00768947993407, 2.54103168058, 0.281363936765, 232, 2019
E, -100, -0.4970642735585503, 1.84305452587, 6.53342703036, 0.434360883942, 1.07282652989, 3.54973043346, 232, 2019
Z, 100, 0.23516306537869153, 0.850039710644, 27.4045426113, 0.0276378999951, -1.32935315422, 0.003519546802, 235, 2019
N, -100, 0.23308730213609344, 0.0629869152418, 33.5338844107, 0.00157352423442, 3.10825008077, 1.9656192444, 235, 2019
E, -100, -0.9564435734227645, 1.7575352224, 13.2437106767, 0.16108243268, 0.392475560925, 3.33000084564, 235, 2019
Z, 100, 0.9604903597177774, 0.69080441185, 45.4516407516, 0.0138093127963, -0.0416504426672, 0.191688817953, 238, 2019
N, 100, -0.2459462238000944, 0.23083926789, 69.7374843688, 0.0035361401179, -1.40300718013, 3.30926506011, 238, 2019
E, -100, -0.5764041051074983, 1.33195531627, 14.7545755313, 0.0793575715414, 1.28826888645, 3.4931251924, 238, 2019
Z, -100, 0.908430288337267, 0.622156550854, 50.4894438894, 0.0117524830349, 0.388915358474, 0.0117230484923, 241, 2019
N, 100, -0.11744734037477667, 0.302759242018, 80.4026815953, 0.00314589698771, 1.52899544391, 0.310554500959, 241, 2019
E, 100, 0.04807890335519576, 1.27714744331, 12.7312573604, 0.107387149177, 1.38196926819, 2.90700413031, 241, 2019
Z, -100, 0.47763808846991485, 1.38673084819, 22.9408192223, 0.0746047621425, 1.02850828844, 0.0550310198066, 244, 2019
N, 100, -0.48348243104664224, 0.342779811681, 48.1974145173, 0.00658179093321, 2.04424937808, 0.0149075127488, 244, 2019
E, 100, -0.274968310971905, 2.74739013533, 12.2960367599, 0.577422555116, 2.17608525451, 1.20642569732, 244, 2019
Z, 100, 0.02215722259439482, 0.774543959876, 37.1131892423, 0.0232393873938, -1.17196522113, 0.408480182436, 247, 2019
N, -100, 0.16044058249893778, 0.126227736719, 29.3251554702, 0.00341378805483, 2.9085968852, 1.66754325335, 247, 2019
E, 100, -0.8769946728688272, 1.54238849362, 12.8178755518, 0.14814778624, 0.30547499225, 3.5043324546, 247, 2019
Z, 100, 0.3952540076474185, 0.965449846813, 41.4132610274, 0.0160586333792, -1.5792570925, 0.616475675629, 250, 2019
N, -100, 0.24632600922514655, 0.188213095513, 57.3837024151, 0.00312516499896, -1.79503404345, 3.08498438324, 250, 2019
E, -100, -0.8779492627773758, 1.99437338995, 18.4979275211, 0.0984919621365, 0.207570249239, 2.81606550236, 250, 2019
Z, -100, 0.9292842349028956, 0.933077883416, 37.2694929528, 0.024496348292, 0.19159431775, 0.175997080978, 253, 2019
N, -100, 0.18308451049503954, 0.30632776961, 61.3470489365, 0.00327683649453, 1.06715668568, 0.638026454991, 253, 2019
E, -100, -0.052381897660337996, 1.76439270133, 10.7423831698, 0.164430678044, 1.39177019559, 2.98407005228, 253, 2019
Z, -100, 0.7941183692073264, 0.779532896375, 24.3010090145, 0.03384464107, 0.606961132866, 0.0602452354109, 256, 2019
N, 100, -0.7009658605842275, 0.188588421322, 45.6530780429, 0.00304597252833, -0.942424042085, 3.4854255489, 256, 2019
E, -100, -0.00744766428162142, 1.46051830127, 7.06610195637, 0.335495680224, 1.26889462892, 2.20132963138, 256, 2019
Z, -100, -0.08310690712714247, 0.959308374285, 11.6128756868, 0.166609383528, -0.828184142418, 1.18268990096, 259, 2019
N, 100, -0.8163060175537354, 0.310904471837, 20.2112371868, 0.0162224429086, 2.5099253022, 0.187109392298, 259, 2019
E, 100, -0.38008796716500864, 1.87223217393, 12.3297318001, 0.256446902973, 2.83828080386, 0.799114258033, 259, 2019
Z, -100, -0.07886544965694216, 1.10980069673, 36.4632907046, 0.0351331486515, 1.58361631685, 3.36363516486, 262, 2019
N, -100, -0.03701184250252121, 0.188413518616, 30.411964512, 0.00361223843027, 2.44218022382, 1.92002480138, 262, 2019
E, 100, -0.904620661790896, 2.17559874367, 11.6058081321, 0.224930633337, -0.215706424849, 3.32280075182, 262, 2019
Z, -100, -0.12799441252351665, 0.800900828072, 44.9838102566, 0.0132571374758, -2.04205953297, 0.456147250857, 265, 2019
N, 100, -0.0798781617054756, 0.108880538209, 58.1541917432, 0.00196440071324, 1.73781618065, 0.145356831253, 265, 2019
E, 100, -0.9591852386580705, 1.64588833538, 14.8751353516, 0.0951550443465, -0.44438060288, 2.74725754612, 265, 2019
Z, 100, 0.5491667763905054, 0.990999446134, 43.9878378376, 0.0173515197795, -1.2886279342, 0.569056698021, 268, 2019
N, -100, 0.23348007865878484, 0.288516745567, 68.2269648735, 0.00311238923094, 1.04282003552, 0.532866968261, 268, 2019
E, -100, -0.8456426358641499, 2.02497456978, 13.2495490874, 0.120045216227, 0.107319262637, 2.70735292583, 268, 2019
Z, -100, 0.7013307821319131, 0.519213190881, 24.9141161525, 0.0210776582835, 0.892024758402, 0.119888215566, 271, 2019
N, 100, -0.5260719862264039, 0.166872391243, 41.7920358018, 0.00373068142242, 2.08908128537, 0.13240977965, 271, 2019
E, -100, 0.34421522273143107, 0.996181343369, 7.86649260296, 0.279859313749, 1.58455234965, 1.43730100661, 271, 2019
Z, 100, 0.3616785938161631, 1.12508801144, 27.5856219359, 0.0435266075286, 1.94965137274, 3.21327366352, 274, 2019
N, -100, 0.41464100241283997, 0.190521257411, 35.0274828182, 0.00361483562028, 2.45869057342, 1.8754003085, 274, 2019
E, -100, -0.8983664143885411, 2.099294493, 21.7832381728, 0.138176669816, 3.26105960079, 0.363370594778, 274, 2019
Z, -100, -0.014802778962115907, 1.06556600467, 58.0581487094, 0.018012606935, -1.55330747036, 0.0271586138111, 277, 2019
N, -100, 0.6966799229644994, 0.276696384685, 59.8639219497, 0.00294587780452, 3.02548845572, 2.47273383222, 277, 2019
E, 100, -0.9684301746375764, 2.09954363049, 17.1402449526, 0.129006843566, -0.154745208566, 3.1448986145, 277, 2019
Z, 100, 0.6874579200456878, 0.932304977092, 41.3919369766, 0.0223481793546, -0.600511970461, 0.206692286388, 280, 2019
N, 100, -0.08433805120383368, 0.143540140372, 58.0090168625, 0.00210095021586, -1.65503692107, 3.39563778342, 280, 2019
E, -100, -0.7560251624089643, 1.802566219, 14.8397716825, 0.146307242664, 0.995877677609, 3.49294622992, 280, 2019
Z, 100, 0.929296913226083, 0.752638364111, 20.2387766577, 0.0392657750525, -0.338464194055, 0.00254134915375, 283, 2019
N, -100, 0.17800648051151838, 0.219425726442, 38.2529092943, 0.0059915883432, -1.78138440059, 3.15824367779, 283, 2019
E, -100, -0.8144382437315902, 1.43405314805, 5.18789729476, 0.301774754352, 0.375676347622, 2.92167659949, 283, 2019
Z, 100, -0.2156173269646371, 0.954836736789, 7.64102662137, 0.0786934555973, -1.63335957201, 1.97753815764, 286, 2019
N, 100, 0.7399863735982322, 0.120559811531, 11.1890277463, 0.0127307237402, -0.335560376232, 0.531364728959, 286, 2019
E, -100, 0.795816720659583, 2.07692432326, 14.0661530981, 0.140775325243, 0.521874390355, 0.354986464155, 286, 2019
Z, -100, -0.20173821743953324, 0.526683082666, 33.3133285797, 0.0159516760422, 1.37674914716, 3.1862857101, 289, 2019
N, 100, 0.5349774478095639, 0.215013231874, 41.4828822363, 0.00430914603475, 1.82441303425, 2.4418892094, 289, 2019
E, 100, -0.8262543114627623, 0.95087296876, 20.3341527904, 0.0623543892045, 2.7372321414, 0.260975869785, 289, 2019
Z, -100, -0.08013759259525763, 0.565393429324, 55.7875079797, 0.00984769779042, 1.47431695797, 3.13442479868, 292, 2019
N, 100, -0.6669602559716611, 1.16908625422, 64.6438775102, 0.0124478768361, -0.578956905647, 2.5495131173, 292, 2019
E, 100, -0.9569108438595363, 1.06257484712, 17.4268935444, 0.0641500640243, 2.88340812698, 0.0137472313069, 292, 2019
Z, 100, 0.6069779240417602, 0.904518033943, 51.1468421681, 0.017146946606, -0.618264245747, 0.377905305521, 295, 2019
N, -100, -0.2887925705468746, 0.476170639409, 67.2555725201, 0.00409116914205, -2.24792137849, 0.588429267906, 295, 2019
E, -100, -0.7112115750952225, 1.76224914765, 15.5297743688, 0.124386432219, 0.935516949427, 3.56596689106, 295, 2019
Z, 100, 0.9116189921248061, 0.954381504738, 24.1309984625, 0.0424488964777, -0.330758231914, 0.0643046217393, 298, 2019
N, 100, -0.39673740550500597, 0.146274956183, 41.0009234568, 0.00301924289066, -0.852996790344, 2.33561827657, 298, 2019
E, -100, -0.6645203633193442, 1.79520598997, 6.01583096363, 0.338853504042, 0.943052348575, 3.3459813419, 298, 2019
Z, -100, -0.774250259966636, 0.566506191291, 24.9489207931, 0.0208962420778, 0.322018300882, 2.87470008267, 301, 2019
N, -100, 0.13486265435738007, 0.126263012488, 41.9988873251, 0.00170589216184, 0.623456522875, 1.52121860806, 301, 2019
E, 100, -0.09591366363240143, 1.03297412191, 20.2951205256, 0.0626166029681, 1.92525891737, 0.248014411749, 301, 2019
Z, 100, 0.10500167615428156, 0.668332435722, 57.2155862236, 0.0119747896615, 1.76030538018, 3.28792146798, 304, 2019
N, -100, 0.2900005131129286, 0.101114522672, 74.459596852, 0.00119584377134, 1.53939759239, 0.375820689756, 304, 2019
E, 100, -0.8915352742571029, 1.18248985029, 28.1563036811, 0.0529481949512, 2.92276383412, 0.244345357291, 304, 2019
Z, 100, 0.1423918300312133, 0.712494359681, 62.119798844, 0.0113783022353, -1.32095260479, 0.128629994317, 307, 2019
N, -100, 0.45401613659270773, 0.121753722708, 70.4427180294, 0.0015900875227, 0.943122659489, 0.210516539116, 307, 2019
E, 100, -0.9857897067224589, 1.22417283732, 17.7049799224, 0.0738438959227, 0.0366102630371, 3.25916564478, 307, 2019
Z, 100, 0.5137984325171442, 0.425469247543, 31.2656431275, 0.0134336423397, -0.566257323543, 0.435299698457, 310, 2019
N, -100, 0.007463520699133716, 0.112350412069, 46.5970266764, 0.0019536215821, -1.62116807337, 3.23169116446, 310, 2019
E, -100, -0.8994357890735877, 0.78811387086, 10.5250556993, 0.0869214686382, 1.08189298427, 3.86698777806, 310, 2019
Z, -100, -0.4598481764780458, 0.564504449065, 10.9572755103, 0.0691427495425, 0.629203711736, 2.54125075716, 313, 2019
N, -100, 0.5624298629822596, 0.165478635122, 17.1214250985, 0.00814877730161, 1.21299318641, 0.699163908677, 313, 2019
E, 100, -0.6388120979285487, 1.01113565052, 4.99181130299, 0.226516559563, 2.35427378937, 0.143030670688, 313, 2019
Z, 100, 0.6605853283662136, 6.52471655943, 35.2562058463, 0.1354078171, 0.0236748481849, 0.675131879339, 316, 2019
N, 100, 0.7883208592847579, 2.40514600258, 50.2598261758, 0.040138279145, 0.132725778973, 0.419963772709, 316, 2019
E, 100, -0.6478395726242949, 1.27133341222, 21.351766051, 0.0766002992301, 2.37227196564, 0.243417020536, 316, 2019
Z, 100, 0.5940838518399297, 12.4799774361, 57.4404184058, 0.182157634541, 2.15177071935, 2.98715397689, 319, 2019
N, 100, 0.6098412502964004, 4.47188342526, 78.7079017985, 0.0490124406519, 2.11656157759, 2.75494159101, 319, 2019
E, 100, -0.714326530607571, 0.986623522788, 26.5846616795, 0.0410298132746, 2.69900878893, 0.384687912749, 319, 2019
Z, -100, -0.20247413105912537, 0.708863628126, 67.3973278103, 0.0089351012743, 2.0468080228, 3.79968522927, 322, 2019
N, -100, 0.5472930806784576, 0.118933545962, 80.2117482608, 0.0013126822238, 0.848974314258, 0.140881112859, 322, 2019
E, 100, -0.7802171030857205, 1.3482385113, 19.6633396168, 0.0615465089761, 0.0907629572841, 3.66552898266, 322, 2019
Z, 100, 0.5888367548607161, 0.863790821554, 40.2792284258, 0.0227112831605, -0.76614032773, 0.202798815961, 325, 2019
N, -100, 0.41504229802067927, 0.160056258433, 51.8569359017, 0.00290009411478, -2.09187438936, 3.26905911975, 325, 2019
E, -100, -0.7274304212256658, 1.61901315843, 13.5456317601, 0.160206316677, 1.06919213803, 3.62986928673, 325, 2019
Z, -100, -0.8182437563344926, 0.704060055971, 23.7867952136, 0.0327552231301, 0.139200507307, 2.77524452302, 328, 2019
N, -100, 0.5698675435860713, 0.155542769511, 40.3230414705, 0.00252183920529, 1.62110351968, 1.728353282, 328, 2019
E, 100, -0.12365265034216458, 1.3871012001, 7.79984400811, 0.172642228894, 1.63832672015, 0.0683623660217, 328, 2019
Z, -100, -0.6671262522989345, 0.516708603757, 54.4059419193, 0.00875082553851, 0.793562910972, 3.06860268724, 331, 2019
N, 100, 0.23998503629503454, 0.222270336954, 82.7840617569, 0.00147727543808, 1.86559897259, 1.87478885424, 331, 2019
E, 100, -0.4473018343316601, 1.00894562187, 29.4169862168, 0.0385642340377, 2.22269088717, 0.262719420119, 331, 2019
Z, -100, -0.3069775596378269, 0.603055087879, 69.2050527172, 0.00780590940808, 1.52955764613, 3.44744548839, 334, 2019
N, -100, 0.7713722631070986, 0.174922041247, 86.9398680202, 0.00185336458676, 0.546240478119, 0.129459612913, 334, 2019
E, 100, -0.6367993640869396, 1.1440622286, 27.6565818999, 0.0418447589784, 2.71550014238, 0.360266862394, 334, 2019
Z, 100, 0.16778093766233604, 0.468739362358, 55.1481136521, 0.00875098529503, -1.06227036557, 0.325426435916, 337, 2019
N, -100, 0.7824861826765294, 0.217347957665, 63.2746480012, 0.00256064013128, 0.278511917738, 0.38795939058, 337, 2019
E, 45, -0.9706687136747568, 0.925465326132, 15.3176060247, 0.0690725935391, 0.323566443414, 3.46932064972, 337, 2019
Z, 100, 0.012794124554839779, 0.640521989031, 18.1984788561, 0.0412280941947, -0.766597002134, 0.828232745224, 340, 2019
N, -100, 0.8199669969690323, 0.27421602149, 32.1184704122, 0.0068837963521, -2.73150757382, 3.30142837117, 340, 2019
E, 100, -0.7771473000475548, 1.22262552024, 6.86423261599, 0.264267577113, -1.48254573924, 1.75215255985, 340, 2019
Z, -100, -0.8924105179519998, 0.910924175428, 33.2810076209, 0.0256836413916, 0.00562658334681, 2.80935676363, 343, 2019
N, 100, 0.6756790057440908, 0.405377372091, 48.0722246003, 0.00616034408744, 1.82741291572, 2.15179844871, 343, 2019
E, -100, 0.04514579552287949, 1.71998153127, 10.8339856432, 0.137084807028, 1.46146615621, 0.0877077464089, 343, 2019
Z, -100, -0.8033068671384026, 0.759121681462, 57.6750044024, 0.0121520863591, 0.607932994179, 3.14405175286, 346, 2019
N, 100, 0.6849775573305574, 0.395184361807, 84.5770530605, 0.00324909621893, 2.17103268445, 2.37117783372, 346, 2019
E, 100, -0.18176196598693298, 1.42660076117, 26.6535060876, 0.0562865525022, 2.00729616611, 0.267615312709, 346, 2019
Z, -100, -0.5547493721864893, 0.687958783271, 71.2691133231, 0.00881038398901, 0.971825857807, 3.11462976649, 349, 2019
N, -100, 0.6689995981314376, 0.260655634109, 94.1395382665, 0.00164536293009, 2.92263403871, 2.2793754788, 349, 2019
E, 100, -0.5137192503160805, 1.28278535164, 28.7671736222, 0.0463512585011, 2.18734519997, 0.074064619689, 349, 2019
Z, 100, 0.24420126986521046, 0.541618043097, 63.8457702264, 0.0085472058684, -3.72898528813, 2.36961863071, 352, 2019
N, -100, 0.6964523696490276, 0.240313727014, 67.6300830649, 0.00243842919998, 3.43848620169, 2.63627207135, 352, 2019
E, 100, -0.8141596437487499, 0.999848113699, 17.6221410516, 0.063295065096, -2.34785351742, 0.820487407027, 352, 2019
Z, -100, -0.14804042870430656, 0.56523228449, 18.4387073281, 0.0379622016993, 0.000818978110923, 1.81905425008, 355, 2019
N, -100, 0.725267280054078, 0.219547427848, 32.4904685292, 0.00538405586812, 1.72957300858, 1.66366774357, 355, 2019
E, 100, -0.07136317227595727, 1.04048491484, 9.0301990907, 0.188500524142, 1.38193067444, 1.40349408493, 355, 2019
Z, -100, -0.7311895605081851, 0.560634878533, 49.3179718868, 0.00921972182857, 0.658649605131, 3.24993545303, 358, 2019
N, -100, 0.9367227057247239, 0.125135940815, 78.0694847677, 0.00148514062367, 0.111915791223, 0.1467268522, 358, 2019
E, 100, -0.20435477970795077, 1.06283696514, 16.1569205623, 0.0505417646337, 2.11007842891, 0.352232893694, 358, 2019
Z, -100, -0.0636603835682547, 0.722971331442, 64.2412391818, 0.0112275750228, 1.49472685867, 3.10535831455, 361, 2019
N, -100, 0.6647120498140076, 0.155152836464, 94.3188851739, 0.00147975117995, 1.03290937549, 0.265567113454, 361, 2019
E, 100, -0.8572161659984394, 1.30144540612, 31.0471426172, 0.0492519103722, 2.75969660256, 0.203097834975, 361, 2019
Z, -100, -0.20707300202553347, 0.629268275378, 65.5446403829, 0.009816182913, 1.65209601147, 3.48715011386, 364, 2019
N, -100, 0.5008696951260228, 0.179715513429, 76.975784053, 0.00234157409592, 1.01292489495, 0.00591074718373, 364, 2019
E, 100, -0.7296491830969261, 1.10547599188, 23.2805522401, 0.0526397187418, 2.76837252135, 0.344090867126, 364, 2019
