Chan, Phase Shift, Correlation, ptp-data, ptp-synthetic, rat, phasem, phasestd, DOY, Year
Z, -100, 0.922020745894978, 6.92037197769, 49.2750308015, 0.138204087225, 0.425914297498, 0.059638447022, 100, 2019
N, -100, 0.9213366407304446, 9.39453882843, 66.1967150512, 0.13677000397, 0.151527194239, 0.234874491355, 100, 2019
E, 100, -0.3471080288927251, 2.43287809088, 17.8818129785, 0.12729544061, -1.16589735149, 3.1345155326, 100, 2019
Z, -100, 0.4571069409545896, 8.20757400673, 52.7767818383, 0.154738842668, -1.8465931563, 2.83942765378, 103, 2019
N, -100, 0.4214607304658989, 10.8792509325, 74.9058759817, 0.139292244047, 1.26929850893, 0.190828052086, 103, 2019
E, 100, -0.9325954445756199, 3.13604043415, 19.2920733127, 0.153083293614, 0.148835588403, 3.46895650188, 103, 2019
Z, 100, 0.9485652943382412, 6.80901160444, 48.6201339932, 0.120896882816, 0.152049602801, 0.295929427178, 127, 2019
N, 100, 0.9831638706404383, 9.44675863009, 80.0192608035, 0.109198049991, -0.0234086972719, 0.0884033393006, 127, 2019
E, -100, 0.014445903226569811, 2.82903320018, 24.6542863936, 0.111364252172, 1.83716766518, 0.421595992966, 127, 2019
Z, -100, 0.9126244614312717, 8.62662648577, 65.1601338978, 0.132851404551, 0.496571875607, 0.153960185855, 130, 2019
N, -100, 0.9369690950391523, 11.3213104938, 87.9494884236, 0.123775926516, 0.333135175283, 0.0197855168919, 130, 2019
E, 100, -0.5121071350041583, 3.28631462209, 23.6573228522, 0.131563610731, -0.934074514616, 3.20781635977, 130, 2019
Z, -100, 0.5022017981718033, 6.57513484051, 43.6579082882, 0.164071118835, -1.94472143025, 2.76682289101, 133, 2019
N, -100, 0.5468628134093824, 8.4068652651, 62.5924145847, 0.13355051853, 1.11880569563, 0.29926538495, 133, 2019
E, 100, -0.8999975685627598, 2.56967936709, 19.1028932293, 0.148038243038, 0.177908611584, 3.48853578355, 133, 2019
Z, 100, 0.5546478226751429, 5.9399438438, 19.0882970953, 0.319422616796, -0.965502474292, 0.0619491028505, 136, 2019
N, 100, 0.867085693328935, 8.12192132435, 29.3284105494, 0.31140382747, 2.29714952089, 2.53433027109, 136, 2019
E, -100, 0.2498458870557897, 2.4021606606, 4.58453547073, 0.692900340952, 0.79909789857, 0.468011989639, 136, 2019
Z, 100, 0.6332595595601134, 6.41284620884, 47.5201822027, 0.114340203324, -1.03206404816, 0.341882931282, 139, 2019
N, 100, 0.7549752058184379, 9.44750427303, 75.2483365627, 0.116110677997, -0.982426486385, 0.478077193709, 139, 2019
E, -100, 0.6204772137853749, 2.73073002953, 24.1962012366, 0.105757794835, 0.808664208877, 0.131105293482, 139, 2019
Z, -100, 0.9634489764142407, 6.61040659852, 61.7327379115, 0.106037520538, 0.278950667092, 0.254901628309, 142, 2019
N, -100, 0.9952858778839654, 9.08532846578, 88.1011025126, 0.101814078859, 0.105350835098, 0.0486018415092, 142, 2019
E, 100, -0.1332275021271411, 2.65670628271, 27.8311396658, 0.10043361794, 1.84550695897, 0.186112882511, 142, 2019
Z, -100, 0.888586415216462, 5.11560100142, 56.2774964752, 0.0948685761318, 0.603448097296, 0.266096088519, 145, 2019
N, -100, 0.9426310807141197, 7.24909384675, 70.8202258443, 0.0998324677861, 0.367161434488, 0.0544239399837, 145, 2019
E, 100, -0.5693529546146276, 2.1654112334, 19.9136030285, 0.107882717226, -0.886963063258, 3.18949707369, 145, 2019
Z, -100, 0.8010549852231178, 6.96552001365, 26.4001210577, 0.313283535894, -2.32837968337, 2.84622750611, 148, 2019
N, -100, 0.895790715510805, 9.44472702105, 39.7488772359, 0.266075111869, 0.605618972427, 0.250396686557, 148, 2019
E, 100, -0.8756919819845497, 2.60694926878, 12.2553255778, 0.26172508695, -0.0531402230752, 3.52585060203, 148, 2019
Z, 100, 0.6469539408614091, 5.80681647615, 22.3959454293, 0.269343304982, -0.93334029932, 0.18540312048, 151, 2019
N, 100, 0.8550842698313289, 7.86693782282, 41.4826957154, 0.20982852781, -0.765397794981, 0.294375639994, 151, 2019
E, -100, 0.3664422847381528, 2.25704486816, 6.40228105072, 0.397452818338, 0.973749621438, 0.204203401547, 151, 2019
Z, 100, 0.800687903806659, 6.03005985846, 49.3967903773, 0.112434630761, -0.619080404934, 0.00699207081627, 154, 2019
N, 100, 0.9105455504767188, 7.63776250614, 85.4634382879, 0.0873321622856, -0.437915393724, 0.0232688669436, 154, 2019
E, -100, 0.3546421120480444, 2.14580981491, 20.5485009074, 0.0962210518307, 1.35155777608, 0.265116072537, 154, 2019
