Chan, Phase Shift, Correlation, ptp-data, ptp-synthetic, rat, phasem, phasestd, DOY, Year
Z, 100, -0.8322580720264123, 0.716131715893, 178.950001216, 0.00437703842318, 0.348245208425, 3.21419322059, 100, 2019
N, -100, 0.6556000329072986, 0.934946836847, 13.3976502958, 0.073812730914, -0.721575137581, 0.951870476765, 100, 2019
E, -100, -0.163289874734825, 0.332542924655, 99.1317197519, 0.00297582578766, -1.32216204254, 2.60069747747, 100, 2019
Z, 100, 0.3285111298177211, 1.13629582366, 76.0294813462, 0.0107903511188, 2.25070736065, 0.916063772296, 103, 2019
N, 100, -0.7836997598490516, 1.52861138946, 11.6263499851, 0.106977556204, -0.761733405731, 2.30576279462, 103, 2019
E, -100, 0.23787724942580338, 0.425117806424, 44.3422826606, 0.00697937076463, 0.719112506109, 3.26154277507, 103, 2019
Z, 100, -0.5617195297926165, 0.797355556386, 224.733015172, 0.00313377829042, -0.302877472501, 1.03912371123, 127, 2019
N, 100, 0.6777772685113128, 1.15664105726, 18.0845161601, 0.0574465161323, 1.1572132083, 3.25830093446, 127, 2019
E, -100, -0.3518613480146631, 0.314477281015, 125.765616303, 0.00224309681552, 1.19546277845, 1.05640006294, 127, 2019
Z, -100, -0.813026406393561, 1.0341888071, 148.556208437, 0.00624888360294, 0.718696202134, 2.91726549034, 130, 2019
N, -100, 0.3398851048126852, 1.43502199813, 12.47259898, 0.105327021657, 0.326257560032, 1.35090876243, 130, 2019
E, 100, 0.47728924371385895, 0.375423416998, 81.7788471882, 0.00390080397636, 0.84027298887, 3.14811590726, 130, 2019
Z, -100, 0.7901672524729073, 1.62709124322, 117.689518652, 0.0133483932962, -1.37009589835, 2.39083699594, 133, 2019
N, -100, -0.5832486032431393, 2.47247217618, 14.9530273943, 0.143183400316, -0.610068215355, 2.25072045679, 133, 2019
E, 100, -0.28452199835116215, 0.630658504846, 69.2879728351, 0.00904003859497, 0.435431386803, 2.82411348529, 133, 2019
Z, -100, 0.22472724890635895, 0.769564553704, 213.900932534, 0.00370196660659, -0.971282924236, 2.74008908601, 136, 2019
N, 100, 0.19051526127525376, 1.20983045074, 20.7485179867, 0.0573956632875, 0.396827496697, 0.898452928499, 136, 2019
E, 100, -0.9084494236214886, 0.398167225236, 122.683088868, 0.00302378724965, -1.19372733273, 1.38294625471, 136, 2019
Z, -100, 0.17350929418903394, 1.0322107561, 242.981124005, 0.00460775533234, 0.609087951111, 0.484035918751, 139, 2019
N, 100, 0.22786642646615113, 1.60494446267, 19.7304620502, 0.0864594504719, -1.72803280368, 1.24147372557, 139, 2019
E, 100, -0.832951538235801, 0.416411753916, 136.954199919, 0.00329371911771, -2.2334168187, 2.49928937219, 139, 2019
Z, 100, -0.8212841591677282, 0.678148541035, 194.904446642, 0.00303776726608, -0.0467035914876, 3.10805680881, 142, 2019
N, -100, 0.8477080637862391, 0.918737292155, 12.5449620494, 0.0789297456532, -1.073762148, 0.945861754445, 142, 2019
E, -100, -0.5384296314907699, 0.311799873498, 107.367864383, 0.00335835046538, -1.62607452598, 2.57201015444, 142, 2019
Z, -100, -0.3515519822084778, 0.553519743354, 105.948877277, 0.00619382131347, -0.0547649185691, 2.58696385832, 145, 2019
N, 100, -0.5245859817270353, 0.738871699711, 6.82740099888, 0.104109630267, -1.25603939151, 2.95883356807, 145, 2019
E, 100, 0.8341406096584156, 0.170249471326, 58.472286118, 0.00328957526583, -0.0699939635586, 0.593433463687, 145, 2019
Z, 100, 0.6318584653061151, 0.781605547195, 96.5692746108, 0.00981440472694, -1.40687411665, 1.78593573608, 148, 2019
N, 0, -0.81922344324538, 1.12020613318, 10.3329292826, 0.115638418423, -2.28851437213, 2.58954585503, 148, 2019
E, -100, 0.13628841048714585, 0.313285864147, 56.1981771021, 0.00642769609665, -0.763364706022, 1.34543112085, 148, 2019
Z, -100, 0.4707935554364908, 0.732160656002, 177.762998022, 0.00393459695482, -0.376825232558, 1.20735900631, 151, 2019
N, -100, -0.11941138220001749, 0.878678086155, 16.4933612715, 0.0455781972506, -0.600311468963, 2.830140058, 151, 2019
E, 100, -0.912151118789073, 0.24446960481, 102.133662676, 0.00216397706379, -1.39197593842, 3.09084531757, 151, 2019
Z, 100, -0.6055226247472307, 0.624850300479, 225.595184156, 0.00332186746348, 2.40386907195, 1.48617289547, 154, 2019
N, 100, 0.840456851149806, 0.934910209775, 19.9833957134, 0.0569027762754, 1.80870135853, 2.55152796848, 154, 2019
E, -100, -0.5210241437662085, 0.26294892234, 127.598986549, 0.00233784442288, -1.3630488679, 1.26889355456, 154, 2019
