Chan, Phase Shift, Correlation, ptp-data, ptp-synthetic, rat, phasem, phasestd, DOY, Year
Z, -100, -0.7093424558631611, 124.077929103, 72.0747081573, 1.48128321507, 0.248307427399, 2.78948822374, 1, 2019
N, -100, -0.6914333493002768, 2093.59898955, 39.4882785308, 53.6231166482, 0.651014288145, 2.97463257266, 1, 2019
E, 100, -0.9498095043645559, 339.752682718, 35.6693171444, 9.8584351111, -0.298426076889, 2.86492142969, 1, 2019
Z, 100, 0.18146288793817258, 208.690097939, 117.216999567, 1.89704796544, 1.68137141049, 3.0226469333, 4, 2019
N, -100, -0.5370360871598996, 2466.82915306, 61.4772239143, 38.3531952612, 1.07328097297, 3.22746510152, 4, 2019
E, -100, -0.9528728201851909, 285.622837711, 63.0027802532, 4.24955105648, 0.349174444837, 3.25415270871, 4, 2019
Z, 100, 0.6371531905469334, 424.123895562, 129.726067052, 2.41322252004, 2.19667417205, 2.8423772708, 7, 2019
N, -100, -0.3624209662253379, 2417.13260184, 64.8615717366, 33.8686972094, 1.02490315286, 2.92558864302, 7, 2019
E, -100, -0.838321875205518, 335.132995135, 70.0778547091, 4.05261362811, 0.329244114208, 2.85320546798, 7, 2019
Z, 100, 0.416605200858291, 215.820668891, 106.426032539, 2.00909009047, -0.893106372539, 0.321463223261, 10, 2019
N, 100, 0.19483120365124534, 3022.75629281, 52.397919834, 56.3928735032, 1.93677090783, 3.38155244417, 10, 2019
E, -100, -0.4173510684355276, 516.384107569, 58.8672106085, 8.29264631148, 1.38724975686, 3.49231453033, 10, 2019
Z, -100, -0.1619424491413056, 251.609135021, 53.7460650223, 4.6089503526, -1.741342217, 0.0303258785457, 13, 2019
N, 100, 0.007851387315406992, 3319.01349612, 30.110644505, 120.541301933, -1.39916408356, 0.246415672083, 13, 2019
E, -100, -0.5221245884664458, 644.797215175, 35.0359258923, 20.8092455559, 1.3141174599, 3.54641564999, 13, 2019
Z, -100, -0.671816353406374, 148.964092054, 71.1656502706, 1.82009047618, 0.147810970174, 2.59744832322, 16, 2019
N, -100, -0.7303709216507586, 2206.90204451, 36.6867026865, 64.8351643445, 0.55437528508, 2.94173794814, 16, 2019
E, 100, -0.9682174933535435, 451.859666089, 34.7708581317, 14.7373504549, -0.302307261401, 2.89043638975, 16, 2019
Z, -100, -0.6051703721857494, 174.960517349, 133.250790448, 1.19019427355, 0.950929092163, 3.19786653045, 19, 2019
N, -100, -0.6811437514740604, 3409.86285847, 67.9044865402, 48.3419868277, 0.786047952638, 3.09792938965, 19, 2019
E, 52, -0.9787930392409158, 695.484278154, 70.2889349756, 9.11058625138, -0.0065066522979, 3.14315953508, 19, 2019
Z, 100, 0.16944725208885586, 259.739543246, 153.679828969, 1.69183652714, 1.73892904996, 3.16934661744, 22, 2019
N, -100, -0.2839499926977185, 3702.05208672, 74.0394321193, 47.76475525, 1.26640228699, 3.11432665163, 22, 2019
E, -100, -0.8468618172450597, 794.727495747, 82.7779097895, 9.12860132924, 0.553683256967, 3.11728106307, 22, 2019
Z, -100, -0.21135337167459853, 318.802711239, 102.697933037, 3.13979903863, -1.51630390012, 0.277487743346, 25, 2019
N, 100, 0.0907490902664616, 3668.55728703, 43.2458896958, 92.4546000114, -1.26637086377, 0.309333367403, 25, 2019
E, -100, -0.43766934649846434, 854.407446242, 58.8142777328, 15.6644966252, 1.39500753652, 3.51193003109, 25, 2019
Z, -100, -0.7756550065385486, 275.512426919, 49.098472599, 6.94568221099, 0.105878733881, 2.64148974701, 28, 2019
N, -100, -0.8552076939230473, 3763.66005061, 27.6284958412, 147.726783817, 0.26732954217, 2.88072636717, 28, 2019
E, -100, -0.84533960566021, 1010.35316862, 23.0931258057, 54.8261171661, -0.612733618346, 2.33062918866, 28, 2019
Z, -100, -0.9000441713703043, 203.89860123, 95.179765705, 2.08817719984, 0.403620177069, 3.09063842833, 31, 2019
N, -100, -0.9098271897351053, 3708.16451731, 51.1357703934, 70.5285364087, 0.319367008552, 3.01589360759, 31, 2019
E, 100, -0.9579987095763259, 1055.28106411, 50.3895126474, 20.0772792657, 2.83324302625, 0.0582413540154, 31, 2019
Z, -100, -0.15348993244812575, 169.616823012, 113.344538021, 1.5844831189, 1.35693895288, 3.08969298227, 34, 2019
N, -100, -0.7065472552488709, 2974.01311174, 59.035316869, 48.4400128282, 0.747221623218, 3.09220544912, 34, 2019
E, -100, -0.9724155401428383, 976.330900103, 63.1667399952, 14.5005136716, 0.171101680418, 3.14516348238, 34, 2019
Z, 100, 0.19813757176954463, 157.759543676, 104.453485557, 1.55959772172, 1.88520414178, 3.3515103239, 37, 2019
N, -100, -0.3641550152795218, 2745.26098723, 50.3924724995, 53.5993822351, 1.19426102482, 3.13907729668, 37, 2019
E, -100, -0.8522978117894295, 1166.0071854, 56.7629776479, 20.1412879147, 0.611085662027, 3.2204653101, 37, 2019
Z, -100, -0.4350693494958146, 338.484799441, 64.8381679519, 4.42063052708, -2.08870821345, 0.0846711481593, 40, 2019
N, -100, -0.16735419962608816, 2770.83752778, 28.3425263255, 104.096991482, 1.64972114343, 3.46372274121, 40, 2019
E, -100, -0.5822396245378973, 1267.71991934, 38.2284638074, 36.1818509925, 1.31707137999, 3.63851106245, 40, 2019
Z, -100, -0.8649224886378906, 169.738743344, 42.6040665624, 4.90742819207, -0.27942088967, 2.62769071191, 43, 2019
N, -100, -0.9377843156497794, 2653.95126974, 22.5231786372, 137.105899248, -0.195350715904, 2.77431004405, 43, 2019
E, 100, -0.7374135912472098, 1445.92022599, 19.9787232604, 89.1372631365, 1.952865056, 0.997370785675, 43, 2019
Z, 100, -0.9232204419857954, 174.378069509, 102.092163626, 1.59300602571, -0.407401574945, 2.77274313116, 46, 2019
N, 100, -0.984226044060015, 2580.26575774, 52.8178415391, 48.6920642838, -0.155356289361, 2.96570456195, 46, 2019
E, 100, -0.9104367400381541, 1643.64800816, 51.6850572549, 31.2541102229, 2.69191407435, 0.0629796158607, 46, 2019
Z, -100, -0.7490908864170642, 320.956376736, 129.64164115, 1.49382133678, -0.407169031471, 2.25094944405, 49, 2019
N, -100, -0.8974934918112929, 3085.66125048, 65.7128847483, 45.8401158511, 0.47888349796, 3.16973142065, 49, 2019
E, -100, -0.9834595682883537, 2413.65182678, 72.1976134659, 31.5393735973, 0.0894889281356, 3.18767239854, 49, 2019
Z, -100, -0.4635936494271677, 299.762198617, 110.074691566, 2.52907573355, -2.07721326245, 0.0587619077894, 52, 2019
N, -100, -0.6931950293860613, 2505.2154864, 44.1511783084, 57.7655148654, 0.849554568535, 3.19477329693, 52, 2019
E, -100, -0.8699252945382924, 2183.41376913, 57.3185481775, 38.9598560889, 0.594973777021, 3.25528673884, 52, 2019
Z, -100, -0.28220444791707106, 300.038886573, 30.7582623178, 13.7928851334, -0.875967510743, 1.84144689442, 55, 2019
N, 100, -0.8344473896244712, 2885.14233397, 16.5124321142, 214.38672352, -0.818696473857, 2.64493755681, 55, 2019
E, -100, -0.36807907709792764, 1835.63527033, 26.5155448836, 110.78337778, -1.57300137802, 1.34841563065, 55, 2019
Z, 100, -0.9345776263480635, 250.510760413, 74.8604927197, 3.48650379135, -0.282271216529, 2.97776439472, 58, 2019
N, 100, -0.8721296147761534, 3389.67716548, 41.0809863298, 79.6368933772, -0.556026164522, 3.05130444529, 58, 2019
E, 100, -0.6781770024070386, 2293.25932562, 37.4690416297, 59.5751296394, 2.24299865216, 0.0949640924852, 58, 2019
Z, -100, -0.7513606024503168, 237.420758003, 90.8664582307, 2.57758579629, 0.704457057657, 3.22982469527, 61, 2019
N, 100, -0.9907478144932839, 3501.99544602, 49.0861976359, 69.5446838746, -0.0798604078919, 3.18293399084, 61, 2019
E, 100, -0.9572842240200692, 3068.39129095, 51.0558316979, 55.8712725427, 3.01070770901, 0.0958335585098, 61, 2019
Z, -100, -0.5129869168487774, 351.565108829, 82.2334279026, 4.14764942619, 1.20901464026, 3.40707376351, 64, 2019
N, -100, -0.9871681491128441, 3586.86211793, 41.8924584806, 85.9256075283, 0.199310996083, 3.20785941738, 64, 2019
E, -100, -0.9406867853700795, 3854.60692478, 47.2795813134, 78.0652296489, 0.377624533963, 3.21670199629, 64, 2019
Z, -100, -0.11573203886968361, 392.502858074, 60.3347726574, 8.12526970617, -1.43373723392, 0.398751945192, 67, 2019
N, -100, -0.8566859664876147, 3254.56933366, 21.7053350907, 163.930369423, 0.685425519575, 3.41706173533, 67, 2019
E, -100, -0.5765657243110299, 4170.8260382, 30.7346358613, 153.040932, 1.22321841719, 3.54241075659, 67, 2019
Z, 100, -0.1198141026426697, 417.791917962, 30.8757069156, 16.5646856302, 1.34546972509, 0.634139439242, 70, 2019
N, -100, 0.27043497237489905, 2808.77376544, 16.0607149006, 195.546263846, 0.964895200429, 0.411488666409, 70, 2019
E, -100, 0.15482560420272154, 4606.30704643, 16.0830731341, 355.658874944, 0.99114124199, 0.883133450762, 70, 2019
Z, 100, -0.012479890934235635, 264.755339783, 80.9357145498, 2.73193385204, 1.21409637423, 0.621977898197, 73, 2019
N, 100, -0.46232834728842365, 2018.82108107, 42.749530362, 40.9774078496, -0.874031308332, 3.37432898174, 73, 2019
E, 100, -0.21812741360683857, 3105.42846354, 40.6284096028, 79.9334500459, 1.60612191225, 0.24690900438, 73, 2019
Z, 100, -0.9638076753158556, 184.160432782, 105.571043888, 1.5998446505, -0.160603336615, 2.96474304712, 76, 2019
N, 100, -0.7969262062663781, 2595.45709179, 55.0119170073, 45.0758660623, -0.730683558382, 2.98110904902, 76, 2019
E, 100, -0.7633387703719515, 3542.76250509, 57.2663086377, 57.0592286015, 2.43607758276, 0.0524687453337, 76, 2019
Z, -100, -0.2716488603356624, 293.727949288, 84.1357654551, 3.6003000862, 1.44150590967, 3.64562501432, 79, 2019
N, -100, -0.8796813321703338, 3065.62652858, 38.2716993814, 80.0903532641, 0.519751051794, 3.58534051721, 79, 2019
E, -100, -0.9129311879767372, 4133.76229966, 49.6105576399, 83.1952864549, 0.367187273196, 3.4312927195, 79, 2019
Z, -100, 0.26765780444724013, 379.105489872, 43.4085115396, 16.5588542224, 1.08729425833, 1.09795179199, 82, 2019
N, -100, 0.444781505955003, 3560.25460452, 16.8096851535, 261.596012891, 0.493040770597, 0.609649343166, 82, 2019
E, -100, -0.0068635528051542724, 4767.31179896, 22.3377099221, 382.129365009, 1.19935437275, 1.6872197588, 82, 2019
Z, 100, -0.13255791244356185, 372.880165629, 72.857088897, 5.08287246154, 1.62083293251, 0.123351795035, 85, 2019
N, -100, 0.20340026120407828, 3647.98122267, 41.9717340437, 82.3863715368, 1.36016727699, 0.0195528456611, 85, 2019
E, -100, 0.15449466931977648, 5011.33164198, 38.3488247837, 128.492272811, 1.22489093456, 0.262529878667, 85, 2019
Z, 100, -0.7852651377937215, 358.009527161, 84.9758866715, 3.90540940593, -0.579301036217, 3.22521463566, 88, 2019
N, 100, -0.3711334503510194, 3659.05222444, 46.9340661599, 74.7165094671, -1.1614907355, 3.16408361601, 88, 2019
E, 100, -0.5031291697002302, 5129.60788645, 45.0999526659, 108.054759033, 2.10327036208, 0.0111410583989, 88, 2019
Z, -100, -0.9349820922118369, 437.948592001, 65.1487466441, 6.39902281509, 0.396309806893, 3.41595753759, 91, 2019
N, 100, -0.782074171444299, 3279.92185108, 36.112809009, 89.8550863442, -0.549901059826, 3.24877471343, 91, 2019
E, 100, -0.8541970987498125, 5130.18512579, 39.9350543441, 125.863496999, 2.74474340685, 0.144595827329, 91, 2019
Z, -100, -0.5167071888918364, 553.622349883, 40.4945951482, 18.4663006335, 1.2239746554, 3.73118488124, 94, 2019
N, 100, -0.8588108874290201, 3465.64132886, 15.3659961765, 267.10966716, 0.107198598496, 3.60112746088, 94, 2019
E, 100, -0.8721046563662954, 5150.28865716, 22.6687374122, 277.041373314, 3.45775745502, 0.423882109793, 94, 2019
Z, -100, 0.4151481311756151, 555.343480673, 45.2078467221, 13.3476216797, 0.675533292679, 0.437406943243, 97, 2019
N, -100, 0.7614388929914541, 3223.15938403, 22.7561933544, 147.02493437, 0.403722071756, 0.296889162195, 97, 2019
E, -100, 0.6625365504886026, 5355.13884535, 22.6169035849, 256.252128007, 0.290210003981, 0.438273277799, 97, 2019
Z, 100, -0.1125199012174144, 576.386396879, 86.7353031072, 6.599424653, 1.59895033168, 0.111329019318, 100, 2019
N, -100, 0.2578050791989631, 3577.60517886, 47.0414348965, 70.9237606063, 1.33402573289, 0.029570656554, 100, 2019
E, -100, 0.4695515560647711, 4960.6850629, 46.3761006482, 103.87595528, 0.867301110798, 0.267978210205, 100, 2019
Z, 100, -0.4225286093652776, 424.216270402, 103.737724694, 3.5461655443, 2.10161979189, 0.0236327073025, 103, 2019
N, 100, -0.25034989823664733, 2931.84822149, 55.2132073169, 50.6829826866, 1.8207588966, 0.0208145615585, 103, 2019
E, 100, -0.2327051520662178, 5047.97972007, 53.6878695438, 90.4014301378, 1.80577400783, 0.0135930951168, 103, 2019
Z, 100, -0.9114562633731582, 355.57743869, 72.9713637669, 5.08779075793, -0.221634460198, 3.31348207242, 106, 2019
N, 100, -0.6564129222151822, 2503.42041922, 37.0005145216, 72.0035905517, -0.691415004153, 3.32139126001, 106, 2019
E, 100, -0.6349332057382973, 4722.76656162, 45.3982209938, 104.972237454, 2.46231714897, 0.213520247613, 106, 2019
Z, -100, 0.4344155065508158, 453.095530655, 39.0715953487, 13.9508893468, 0.464171510208, 0.725921251639, 109, 2019
N, -100, 0.661398274800123, 3066.7645313, 22.0143501149, 161.403164489, 0.346500459353, 0.490270868583, 109, 2019
E, -100, 0.16856115199665897, 4838.86488735, 17.8232182462, 328.900340332, 3.08127649022, 1.83574582087, 109, 2019
Z, -100, 0.2576454793701875, 515.279292181, 87.1022643144, 5.96365066762, 1.20746349638, 0.187690024209, 112, 2019
N, -100, 0.6686462065469664, 3430.58276113, 50.1999283227, 66.5292144369, 0.771654582447, 0.090318972903, 112, 2019
E, -100, 0.6688145147114505, 4194.96597582, 47.911147896, 84.1127823021, 0.588223128649, 0.260962861707, 112, 2019
Z, 100, -0.4377107696321412, 506.984067632, 99.913521422, 4.75856190772, 2.20840552878, 0.266017648137, 115, 2019
N, -100, 0.13269070702111146, 2968.34584379, 56.8950839277, 48.5256304628, 1.61928505995, 0.234241874689, 115, 2019
E, -100, 0.22482999150086144, 4437.95736884, 53.8865493325, 79.3920267602, 1.3229093121, 0.0429383872507, 115, 2019
Z, 100, -0.6191070998283412, 545.121257125, 78.2202332857, 6.81250889695, 2.29752473925, 0.0475473193726, 118, 2019
N, 100, -0.3003437940288598, 3225.91513885, 43.5391272334, 75.5821038378, 1.95485447469, 0.0983977758792, 118, 2019
E, 100, -0.2809729311654457, 3883.94975847, 42.5612146007, 88.3913475343, 1.94035845728, 0.110146929312, 118, 2019
Z, 100, -0.6667113728724675, 564.512628189, 35.6869624707, 20.4912623446, 3.09461728747, 0.740123649272, 121, 2019
N, 100, -0.3365142036382115, 3267.48514381, 19.9777503508, 198.855108101, 2.38964581976, 0.544378972019, 121, 2019
E, 100, -0.42524298046283, 4104.60461672, 25.2132796008, 196.63318385, 2.43920315488, 0.507330166366, 121, 2019
Z, -100, 0.5640970441933826, 544.78225519, 57.2288681512, 10.5143585091, 0.451625388008, 0.484586668115, 124, 2019
N, -100, 0.843656706127447, 2800.35970443, 28.668121933, 104.432681387, 0.175088661541, 0.351049597186, 124, 2019
E, -100, 0.7601062672463562, 3789.25240124, 27.5381341854, 153.000043398, 0.0984499179616, 0.535182230113, 124, 2019
Z, -100, 0.4398496435205212, 615.129609137, 103.046364491, 5.97720400591, 0.918523761017, 0.235399720646, 127, 2019
N, -100, 0.6884260590254941, 3304.37196166, 55.9083731392, 57.4396222643, 0.765213892013, 0.0575931368235, 127, 2019
E, -100, 0.7049330811109593, 3630.72172317, 56.1513487215, 62.2811380439, 0.610984920398, 0.201101577935, 127, 2019
Z, 100, -0.04217108519891459, 528.005904621, 118.52646734, 4.17918700181, 1.52327189887, 0.121311070252, 130, 2019
N, -100, 0.2622795012342132, 2812.84971623, 65.4960760434, 41.1554482928, 1.34224398751, 0.036713201537, 130, 2019
E, -100, 0.3441885083958686, 3517.14207509, 64.27592772, 52.0757364722, 1.15593871178, 0.0986376728876, 130, 2019
Z, 100, -0.5287772244093742, 489.758639278, 90.7452594769, 5.42632615978, 2.40825950968, 0.282179380963, 133, 2019
N, 100, -0.3005833364677992, 2734.31312006, 47.0259890016, 61.0045354214, 2.11189871575, 0.290599674876, 133, 2019
E, 100, -0.16100016136660558, 3346.3486645, 48.3522605924, 69.1260320701, 1.85990177763, 0.183512675696, 133, 2019
Z, -100, 0.20636735810513576, 636.862501419, 40.3070843997, 19.2655523237, 0.255102445701, 1.09181287544, 136, 2019
N, -100, 0.5457821100005219, 3189.17813093, 23.2353829796, 170.663073322, 0.139584116978, 0.789562615196, 136, 2019
E, -100, 0.2353552657066574, 3114.70391038, 26.1972626516, 159.328913317, 2.40315392161, 1.21089434673, 136, 2019
Z, -100, 0.6115426037926646, 649.33000857, 98.9394341919, 6.7572462717, 0.716729496706, 0.221405192458, 139, 2019
N, -100, 0.7945478697145237, 3315.99953887, 54.2889423965, 60.2786256932, 0.549179681255, 0.116324435296, 139, 2019
E, -100, 0.7950867370444443, 3024.87396914, 51.7535396935, 58.7719516244, 0.430493199251, 0.240811115203, 139, 2019
Z, -100, 0.2814460178654715, 634.491100043, 115.330477131, 5.46756018978, 1.24539336554, 0.0526871808102, 142, 2019
N, -100, 0.5001834599818866, 3366.51032736, 66.4998319325, 49.0206557021, 1.09930400396, 0.0674674947078, 142, 2019
E, -100, 0.5856491885798346, 3046.49780432, 65.401181162, 44.1394075155, 0.871005435593, 0.102229775791, 142, 2019
Z, 100, -0.25706612759886005, 580.442423452, 98.7877472162, 5.8889705075, 1.90435967265, 0.127512271735, 145, 2019
N, -100, 0.12762489432731913, 3284.48610087, 56.8732566056, 57.9514386101, 1.54815749451, 0.127453450902, 145, 2019
E, -100, 0.23437810504526949, 2842.18900544, 53.8850161271, 50.6363411682, 1.32822349697, 0.0243440193502, 145, 2019
Z, 100, -0.24734845565703734, 532.666228358, 61.3500345508, 9.56960698645, 2.14684745372, 0.387633054156, 148, 2019
N, 100, -0.051087639808927825, 3137.58387065, 33.0710348454, 105.396472739, 1.84861517875, 0.294339468246, 148, 2019
E, 100, -0.057185377377159674, 2501.49026915, 33.1494845712, 78.7320728918, 1.85697766836, 0.286495114261, 148, 2019
Z, -100, 0.5772400334455586, 552.64000165, 55.7518380282, 11.1165495627, 0.394737758392, 0.529055092226, 151, 2019
N, -100, 0.7538455850209433, 2520.5210541, 28.2294669555, 97.8993247198, 0.0503916961434, 0.563274024978, 151, 2019
E, -100, 0.7041090044362251, 2457.99640133, 26.4564014379, 110.763737183, 0.142554740101, 0.563092727585, 151, 2019
Z, -100, 0.6234116312836068, 513.303461533, 111.905589472, 4.59678887043, 0.75440879275, 0.135295333683, 154, 2019
N, -100, 0.7626439380596062, 1999.22966661, 58.4016900445, 33.5567643343, 0.709111191693, 0.0127304708025, 154, 2019
E, -100, 0.875558695554368, 2212.53621632, 58.5582216757, 37.3289038145, 0.296779947732, 0.221519041628, 154, 2019
Z, -100, 0.30141263739554386, 583.945120719, 133.752391893, 4.31247110811, 1.1910517273, 0.102208123765, 157, 2019
N, -100, 0.5010599265558178, 2552.97061196, 74.1626382991, 33.283878715, 1.07276975035, 0.0339906486733, 157, 2019
E, -100, 0.6156348743523284, 2243.26643682, 75.1323592149, 28.4354076653, 0.81262753219, 0.138255719715, 157, 2019
Z, 100, -0.14803557799645303, 559.123572942, 109.599051611, 5.25931619216, 1.79797899788, 0.148502708314, 160, 2019
N, -100, 0.044300386537086824, 2730.18841052, 60.7256133643, 46.3580976345, 1.69708042825, 0.235717625951, 160, 2019
E, -100, 0.10806091299615478, 1973.50935064, 59.0655982551, 31.920983433, 1.4779121495, 0.00524742744627, 160, 2019
Z, -100, 0.4814492033178969, 374.184893262, 58.2747560927, 8.20551250358, 1.56504017405, 0.649866523584, 163, 2019
N, -100, 0.4577866097296916, 2490.43763915, 25.7175577412, 119.558729026, 1.73831865173, 0.719217672943, 163, 2019
E, -100, 0.021656622591485243, 1567.65004779, 30.6047609904, 59.1479239059, 2.00015096887, 0.498432605186, 163, 2019
Z, -100, 0.8925638998663069, 411.07102336, 95.4392903491, 4.43409018434, 0.352367357735, 0.123373390433, 166, 2019
N, -100, 0.9062027075047093, 3171.08676864, 51.8206989784, 63.0080144713, 0.254564574686, 0.18885173354, 166, 2019
E, -100, 0.6374818537076914, 1875.10702688, 47.6167283257, 41.9892587065, 0.683384481758, 0.243131927457, 166, 2019
Z, -100, 0.7747322784895067, 512.283420453, 123.298307775, 4.14267307651, 0.639117395455, 0.0609200949975, 169, 2019
N, -100, 0.751298827486939, 3230.00860224, 68.32154382, 45.155433909, 0.757059855422, 0.0493206200668, 169, 2019
E, -100, 0.5327406559613832, 1776.50347309, 68.6054957081, 24.2127524842, 0.857046304708, 0.213550806097, 169, 2019
Z, -100, 0.4707434042486987, 462.864771076, 111.107797305, 4.1038207585, 1.12853869878, 0.0652999078773, 172, 2019
N, -100, 0.4321520802004096, 2833.18062816, 64.4618708265, 42.3480255168, 1.24862882777, 0.166893267769, 172, 2019
E, 100, -0.08075021566880637, 1392.56845457, 63.6945243586, 20.9711278234, -1.44770971904, 3.09599412224, 172, 2019
Z, -100, 0.29633337043880814, 415.085564258, 78.0679486108, 5.31020452261, 1.34592801531, 0.0731802723405, 175, 2019
N, -100, 0.21064173923518123, 2724.82589994, 45.1854099223, 63.8047333037, 1.53927414752, 0.225418197489, 175, 2019
E, 100, -0.194398532854509, 1537.65063947, 42.2454471223, 36.1799270244, 1.84869123142, 0.0952459624545, 175, 2019
Z, -100, 0.6021476254390193, 475.849007318, 45.1133070076, 11.1657087907, 0.916957156177, 0.0470553078446, 178, 2019
N, -100, 0.6574816276943317, 2901.05690325, 23.6395527474, 137.987905914, 0.618306969374, 0.154706079184, 178, 2019
E, -100, 0.36941915176627776, 1578.76869855, 22.9376216713, 75.4739320877, 1.25291937304, 0.112302697582, 178, 2019
Z, -100, 0.8196745792990761, 523.917723713, 102.609406606, 5.30836617282, 0.495357064844, 0.136279282843, 181, 2019
N, -100, 0.8871688799585684, 2854.94856731, 53.1344316009, 54.9927060412, 0.401174458218, 0.0934136442347, 181, 2019
E, -100, 0.6187245905875137, 1289.13020699, 51.4173209974, 24.5019636314, -2.30484188267, 3.22477418183, 181, 2019
Z, -100, 0.7617604822011445, 521.168123175, 140.677687623, 3.65290640355, 0.562713384914, 0.151050797524, 184, 2019
N, -100, 0.8002872628755502, 2664.92992601, 75.3728304507, 34.2281618651, 0.594279901181, 0.0610872601525, 184, 2019
E, -100, 0.4681361839326344, 1547.2594721, 76.7865011322, 19.5772658261, 0.980748493739, 0.160305781655, 184, 2019
Z, -100, 0.3548103834500987, 418.002165003, 120.780424905, 3.38205055174, 1.17248006447, 0.0501015476096, 187, 2019
N, -100, 0.5242707081054546, 2310.9024983, 69.0898390831, 32.8894018865, 1.06624804895, 0.0737028493421, 187, 2019
E, -100, 0.1178652109100896, 1404.39275374, 69.0539758131, 19.4749923388, 1.46742794295, 0.00813440229054, 187, 2019
Z, -100, 0.12890158556136067, 307.150368027, 68.3995100619, 5.14464006011, 2.02191810531, 0.662327491394, 190, 2019
N, -100, 0.5449242671234361, 1476.15880472, 36.2851924674, 45.3808469305, 1.68371746009, 0.751577915078, 190, 2019
E, -100, 0.20650629792148706, 1243.79421482, 34.4929695938, 37.7761408972, 1.50178719575, 0.152514281477, 190, 2019
Z, -100, 0.843554734116745, 465.441316458, 79.7367121193, 6.11294434909, 0.328334372342, 0.218957991075, 193, 2019
N, -100, 0.9690982977512971, 2630.20543479, 43.379380005, 64.1469411625, -0.0682412526995, 0.226273249797, 193, 2019
E, -100, 0.7070825189636133, 1371.67620784, 38.9793755758, 37.8792716764, -2.60062367678, 3.40903725912, 193, 2019
Z, -100, 0.7684521896621836, 361.07168315, 117.364793961, 2.96342492139, 0.729960235138, 0.0529271493759, 196, 2019
N, 100, 0.47937764145084505, 6555.15918671, 63.7713235722, 91.8064421599, -0.917047489642, 0.208866603022, 196, 2019
E, -100, 0.6970867159704555, 1108.90850696, 62.7158881539, 17.4139325242, 0.649428680367, 0.204291516885, 196, 2019
Z, -100, 0.5520346163856935, 476.495928725, 112.317109808, 4.20834843556, 0.969873206939, 0.0225025196536, 199, 2019
N, 100, 0.048279347451429436, 5833.04644162, 64.5236890961, 53.2340059091, -1.95162193942, 0.753400755864, 199, 2019
E, -100, 0.3670517945435835, 1168.16363592, 65.7642039976, 17.1103286634, 1.18691924673, 0.0381208240311, 199, 2019
Z, -100, 0.5900980490379933, 467.348920507, 80.7944168883, 4.71752535832, 0.572784740081, 0.419925683542, 202, 2019
N, -100, 0.681775074937539, 1655.39738707, 50.2814722508, 32.6971343489, 0.824467862558, 0.0102236188839, 202, 2019
E, -100, 0.17948740309554356, 1087.69121951, 47.5879258873, 22.3143026795, 1.36230441556, 0.0749022809407, 202, 2019
Z, -100, 0.24992123290450283, 335.506768927, 45.2800981531, 8.8472436293, 1.66195743004, 0.452973370299, 205, 2019
N, -100, 0.7870385727586394, 1286.79823937, 26.4269616798, 57.9276171328, 1.08545053768, 0.556259866452, 205, 2019
E, -100, 0.3243263137341325, 1420.41411899, 23.2886512085, 66.2642860944, -1.63709150045, 2.83030811355, 205, 2019
Z, -100, 0.7935008301805534, 492.391376638, 78.4807310419, 6.85048020813, 0.411545288977, 0.22222192467, 208, 2019
N, 100, 0.9288918217322166, 1679.89657371, 40.574730463, 43.7769834162, -0.52710452888, 0.29135811636, 208, 2019
E, -100, 0.9635095060360471, 2126.1820285, 38.7274262138, 58.4524694876, 0.0933666691181, 0.137212843406, 208, 2019
Z, -100, 0.8582453373620014, 446.612316644, 129.104443963, 3.37185498388, 0.450950344184, 0.107927240044, 211, 2019
N, 100, 0.9844343044888543, 1385.91380628, 67.8683237035, 19.6111670722, -0.101080560008, 0.101156669613, 211, 2019
E, -100, 0.9730365443495987, 1920.64415086, 67.8483014626, 27.5072408447, 0.0122692311895, 0.176892760705, 211, 2019
Z, -100, 0.486706185756738, 466.871173088, 123.933284501, 3.86118075873, 1.06088771869, 0.00340196797546, 214, 2019
N, -100, 0.7797005239622913, 1810.04364155, 69.1141182865, 25.3400881889, 0.806688962753, 0.200521140315, 214, 2019
E, -100, 0.8064547172515619, 1729.56319564, 72.1168980468, 22.5062703096, 0.561054843615, 0.0862079513728, 214, 2019
Z, -100, 0.3811589000460951, 331.392629229, 62.555314164, 5.40136413976, 1.28983053241, 0.130548418913, 217, 2019
N, -100, 0.676496288447999, 1819.21974896, 41.4081997979, 51.4257972608, 1.04272580852, 0.397025708969, 217, 2019
E, -100, 0.5953471854637732, 1411.77713785, 37.9809297797, 38.3467226038, 1.07497768438, 0.197678378405, 217, 2019
Z, -100, 0.8942576433425192, 347.336391057, 57.8358447513, 6.22441506346, -0.0810854277635, 0.437096682231, 220, 2019
N, 100, 0.6813644394945444, 1617.9413121, 31.7461277224, 56.3403704894, -1.08294646009, 0.393351307008, 220, 2019
E, 100, 0.9653180181629889, 1582.70917987, 28.8275308122, 55.6794880907, -0.363648296403, 0.178867358925, 220, 2019
Z, -100, 0.7813958488373931, 433.868459431, 100.984679113, 4.27743254656, 0.705706737437, 0.0662973425089, 223, 2019
N, 100, 0.9008309230550937, 1690.09323705, 54.2264101248, 27.255233922, -0.125738929645, 0.269191760044, 223, 2019
E, -100, 0.9715271115379835, 1575.86722019, 52.8789252503, 28.6505396429, 0.130524429345, 0.108713905555, 223, 2019
Z, -100, 0.7053084824953877, 431.162677198, 103.786322209, 4.15973936144, 0.794504920465, 0.00577593764055, 226, 2019
N, 100, 0.9822880861121781, 2212.73581065, 57.2863736265, 38.4698396884, -0.229070461808, 0.0787023114606, 226, 2019
E, -100, 0.8097392805953605, 2324.52161267, 59.2110889749, 40.0889202542, 0.658215515999, 0.0336217296399, 226, 2019
Z, -100, 0.61621384712077, 354.981107385, 74.0455197523, 4.52341123072, 0.749284333989, 0.173121368268, 229, 2019
N, 100, 0.9777701512058922, 1717.26153706, 46.1304090305, 36.6445446966, 0.0571385512277, 0.124796595557, 229, 2019
E, -100, 0.73124223276236, 2827.97893479, 45.7872535069, 58.6665669005, 0.774518951684, 0.0339433501147, 229, 2019
Z, -100, 0.3765903713787363, 410.881777902, 30.8521370496, 15.2825661083, 1.38551541404, 0.395120179339, 232, 2019
N, -100, 0.9071575313951207, 1993.23268008, 25.8036443968, 91.6974465754, 0.540165317761, 0.462972658771, 232, 2019
E, -100, 0.7956218683676333, 3491.94869637, 20.0691782916, 186.732402207, 0.7936878035, 0.29842535729, 232, 2019
Z, 0, 0.9770701567665436, 239.153458693, 53.0434838087, 4.01319662041, 0.251920459678, 0.276411448871, 235, 2019
N, 100, 0.12675522594377014, 1131.65484569, 27.4578721951, 46.3452058, -1.84738778912, 0.497029220785, 235, 2019
E, 100, 0.6126534047043466, 2638.39472296, 26.9574147922, 93.0352453986, 2.00694140844, 2.80417137126, 235, 2019
Z, -100, 0.8135823303384, 1789.04756616, 104.606613696, 15.6744653355, 0.615590376305, 0.0265715288342, 238, 2019
N, -100, -0.24050865047546935, 488.796134628, 54.875580565, 6.11739347186, -2.27895212373, 0.662691388878, 238, 2019
E, 100, 0.9600818078593367, 3017.09457996, 54.3683869405, 49.4725010918, -3.04998454247, 2.9123399437, 238, 2019
Z, -100, 0.692231265531113, 446.005524181, 115.783717179, 3.79818090476, 0.83133951697, 0.0818152754136, 241, 2019
N, -100, 0.22284925832579303, 103.964882442, 61.5228130758, 0.815763282226, 0.0119919230134, 0.881224388812, 241, 2019
E, -100, 0.8892483002067817, 3663.04437462, 64.4277901778, 58.0803226684, 0.262100839147, 0.193901940777, 241, 2019
Z, -100, 0.5203620533507727, 404.787779986, 55.454594561, 7.47674683821, 1.03248229549, 0.016819017015, 244, 2019
N, -100, 0.62734460843236, 322.489937085, 37.8065271592, 4.81128117257, -0.492526963375, 0.984301126778, 244, 2019
E, -100, 0.4984324283495394, 6925.58624556, 38.2231009034, 155.904519869, 0.94983091054, 0.135484179492, 244, 2019
Z, -100, 0.7614823100605387, 404.007448765, 85.3409137266, 3.52378583488, -1.49825140886, 1.99513714319, 250, 2019
N, -100, -0.23327872834972968, 436.777884349, 45.6640326144, 7.36649541272, -2.16285611857, 0.570870741289, 250, 2019
E, -100, 0.8824933742793949, 11473.7736238, 45.8129429204, 196.391042863, 2.97051134133, 2.73617263274, 250, 2019
Z, -100, 0.3467405256042602, 1852.82228137, 60.5314040017, 29.4627646159, 1.18555030547, 0.0625064915055, 256, 2019
N, -100, 0.37699129810020837, 251.722387824, 36.9297339599, 6.50833432795, 1.18656847689, 0.00590737762307, 256, 2019
E, 0, 0.6988809934090494, 406.227656683, 37.6772879174, 8.27625274547, -2.01383493771, 2.03622186845, 256, 2019
Z, 100, 0.911895311915267, 556.992320374, 88.2993947817, 5.07929512766, -2.77984046715, 2.67850324035, 265, 2019
N, -100, -0.6978376930032693, 17090.8968742, 46.1277627225, 303.529564243, -2.39727191514, 0.0507684354507, 265, 2019
E, -100, -0.5945500149841102, 1272.19310552, 47.5615419619, 24.1060949598, 0.616185615648, 2.84301842737, 265, 2019
Z, -100, 0.634696018128835, 366.003729348, 51.3316805358, 7.50862550763, 1.02090068156, 0.346203635908, 271, 2019
N, -100, 0.7431416604552133, 99.050853584, 31.323132836, 3.4094688221, 0.618093054849, 0.707994582068, 271, 2019
E, 100, 0.594100807329454, 117.630593027, 33.0096877098, 3.76776569878, -0.393508938283, 0.553628996523, 271, 2019
Z, -100, -0.23878292594171088, 324.562195593, 50.1459533174, 5.5386260916, 0.906047355699, 2.64728137655, 274, 2019
N, -100, -0.5617131915935972, 161.132002524, 26.495030785, 6.30982804413, -0.198672848171, 2.30558664402, 274, 2019
E, 100, -0.6276850310756993, 192.128746549, 24.1355040246, 7.99247282139, -1.17143081608, 2.40868190942, 274, 2019
Z, 100, 0.8449136533587779, 653.518795522, 92.78912327, 6.51390020604, -0.45342958222, 0.127453445019, 277, 2019
N, 100, 0.8650925037165487, 119.307642628, 47.1635988186, 2.3074717149, -0.458100749038, 0.0692166482124, 277, 2019
E, -100, -0.028420930777475217, 136.842154331, 50.1585745925, 2.35632606791, 1.67736529469, 3.34668072717, 277, 2019
Z, -100, 0.9471974960101323, 821.425932615, 85.8056340248, 9.04697337736, 0.235742736508, 0.199535211855, 280, 2019
N, -100, 0.9474662853749695, 153.156106581, 47.0138764898, 3.0435904882, 0.140245926023, 0.193923184069, 280, 2019
E, 100, 0.4683497984174173, 178.391989701, 48.7956017128, 3.41239273331, 2.20723616421, 3.39587734412, 280, 2019
Z, -100, 0.9025102416208229, 466.545971009, 52.9404960898, 8.9292358008, 0.492924987202, 0.266276221309, 283, 2019
N, -100, 0.6488132381784704, 83.736398551, 32.0140947395, 2.56628560895, 0.925475542269, 0.373477533084, 283, 2019
E, 100, 0.8415214905865434, 114.274390849, 31.1263518408, 3.78325484849, -0.216268641447, 0.303807859437, 283, 2019
Z, 100, 0.2199996947327706, 985.108987876, 64.7297552858, 14.3844728172, 1.82223628554, 3.1996482145, 289, 2019
N, 100, 0.09321691703641087, 220.699287961, 31.4060715838, 7.38449984993, 1.51859002448, 2.93592593632, 289, 2019
E, -100, -0.804872331396941, 253.718919084, 32.0874079771, 7.75208150257, 0.554712643624, 3.06552849857, 289, 2019
Z, 100, 0.7456831765394456, 409.176898089, 101.039579443, 3.89015557129, -0.721587739166, 0.0359170067316, 295, 2019
N, -100, -0.08064518349128266, 124.611978456, 53.3064291767, 1.5707366808, -2.02400745842, 0.513748653971, 295, 2019
E, -100, -0.8268209490275396, 182.968566458, 56.7947539248, 2.08616944286, -0.0702647811164, 2.60220651404, 295, 2019
Z, 100, 0.9209476636792616, 339.903562002, 56.4168869747, 6.8642145037, -0.0125691307756, 0.318467062831, 298, 2019
N, 100, 0.07145331225683912, 148.878356907, 32.2472681049, 3.4826822374, -1.70870406607, 0.355032839806, 298, 2019
E, -100, -0.6337354364887602, 191.837029812, 32.0045899302, 4.34380851567, -2.69200351155, 0.467203890774, 298, 2019
Z, -100, -0.3705480828898156, 258.404636056, 60.4803623188, 4.19577182055, 0.951120657987, 2.89750775517, 301, 2019
N, -100, -0.7663789121636173, 93.830344566, 32.6580228992, 2.97587176667, -0.361637325969, 2.37725435443, 301, 2019
E, 100, -0.4711250436115471, 139.129090139, 28.9084699421, 4.20882284389, -1.57144487682, 2.35713733468, 301, 2019
Z, 100, 0.42477257847029404, 339.271881328, 117.733930167, 2.80868998506, 1.96426223965, 3.1010990672, 304, 2019
N, -100, -0.6217993148278746, 88.8054041725, 58.039452505, 1.07734278576, 0.0834390973749, 2.41739653962, 304, 2019
E, 100, -0.7526537540978816, 123.872676084, 60.5397302466, 1.40163252697, -0.927247563927, 2.49183508102, 304, 2019
Z, 100, 0.7894156259862611, 303.490342843, 110.143564396, 2.8716919124, -0.595069228789, 0.108188673563, 307, 2019
N, 100, 0.527808313145886, 38.7934670102, 56.6775849897, 0.72597404179, -0.846510414768, 0.241349246721, 307, 2019
E, -100, -0.56323560313827, 45.4319818242, 61.9416063129, 0.740777792052, 1.10971336222, 3.45394100413, 307, 2019
Z, 100, 0.8433291912548082, 262.033640286, 67.243996708, 4.09583690306, -0.482600698843, 0.112835666252, 310, 2019
N, 100, 0.43800874430349684, 36.3324448082, 39.454089243, 0.827615860893, -1.14709098723, 0.0610709558036, 310, 2019
E, -100, -0.532962114372399, 44.5788289674, 39.7502265537, 1.03096836329, 1.05785808363, 3.20169822235, 310, 2019
Z, 100, 0.3087065326244644, 703.926580091, 25.2162419239, 31.1863212656, -0.0595846815115, 1.10558931995, 313, 2019
N, 100, 0.5869281917707572, 119.085205687, 17.6663225434, 7.62868879825, 0.158465940395, 0.899277971299, 313, 2019
E, -100, -0.27206141293518765, 144.358638989, 12.0758493711, 13.1553664639, 1.77081702314, 3.72008298835, 313, 2019
Z, -100, -0.1445287474190225, 237.719462761, 78.3860807739, 2.33256605703, -0.691129719815, 1.03808429879, 316, 2019
N, -100, -0.11920785008487954, 24.0025525009, 38.9172827103, 0.495346065824, 0.0543501298985, 1.74203785133, 316, 2019
E, 100, -0.17301532472895917, 29.1257444302, 39.2541074546, 0.702284048012, -1.38365729157, 2.26656791982, 316, 2019
Z, 100, 0.19099132783061948, 842.911146559, 123.87222795, 6.23783721295, 1.70882776418, 3.0894928869, 319, 2019
N, 100, 0.10790183278314215, 88.9984101596, 61.0114635392, 1.32735301126, 1.59923489572, 3.03684588883, 319, 2019
E, -100, -0.7902776372235351, 95.1130988916, 64.7637212747, 1.28165910073, 0.559152444796, 3.09774408186, 319, 2019
Z, 100, 0.4987829006926372, 439.223775569, 125.952871459, 3.40720701709, -0.778472340516, 0.3942750787, 322, 2019
N, 100, 0.48470880902449914, 92.5325923402, 63.370343989, 1.21052275703, -3.55325458733, 2.43574986738, 322, 2019
E, -100, -0.44224385746745787, 114.21695478, 69.5746460826, 1.33518262602, -1.55704816693, 0.747649461855, 322, 2019
Z, 100, 0.3175677573093333, 567.8307135, 75.9902133244, 6.96990522172, -1.39238170255, 0.157574028811, 325, 2019
N, 100, 0.3388040355072278, 122.803632616, 41.605009364, 2.73181936056, -1.32451281224, 0.0845885626341, 325, 2019
E, -100, -0.6647508939214216, 153.044621565, 45.5487962013, 3.0455602194, 0.728736869435, 3.04046776541, 325, 2019
Z, -100, -0.5188866719803572, 232.869506143, 60.7704588138, 3.57823060256, -0.00282193596371, 2.24773934437, 328, 2019
N, -100, -0.5596507586620149, 161.564740025, 33.1943737477, 3.7118436531, -0.924709699925, 2.00282665124, 328, 2019
E, 100, -0.22898239411326018, 225.79433901, 28.5808411197, 5.80627764238, -2.03449290475, 2.07683180055, 328, 2019
Z, 100, 0.5593639274576085, 211.038388005, 126.957209879, 1.63675972629, 2.20501497602, 3.18011037838, 331, 2019
N, -100, -0.34462987165669, 35.5909648593, 64.9426049353, 0.482933665372, -0.0954614957399, 1.85517299581, 331, 2019
E, 100, -0.6691688859215255, 57.2213388896, 65.9947544705, 0.665222465137, -1.2056797857, 2.00409816594, 331, 2019
Z, 100, 0.2692198400694853, 579.836505989, 140.746045786, 3.87090241024, 1.82953523136, 3.15583691928, 334, 2019
N, 100, 0.026862879178719525, 108.529625636, 69.1082532306, 1.47549378745, 1.55867960672, 3.12624158385, 334, 2019
E, -100, -0.8248982670970987, 130.889051933, 75.4478324828, 1.60990871861, 0.547253936061, 3.16708453435, 334, 2019
Z, 100, 0.5478287976568835, 246.585392264, 98.641656292, 2.52584934646, -0.718447364926, 0.320643967971, 337, 2019
N, -100, -0.4336506747022949, 57.7703243356, 51.9995687414, 0.675099390766, -3.28192616365, 0.538717702756, 337, 2019
E, 100, -0.48738133281264223, 102.765651591, 57.4538068782, 1.07275850973, -0.893948029548, 2.4780584382, 337, 2019
Z, 100, 0.2847881428054882, 247.609078744, 43.4932673687, 6.96290209983, -1.05838070818, 0.287454742669, 340, 2019
N, -100, -0.29074950881318423, 81.9825566228, 28.69058884, 2.1477219394, -2.21817758147, 0.301953057254, 340, 2019
E, -100, -0.8818400930278358, 125.452928649, 26.969996279, 3.51981560607, -0.270264711905, 2.8100985667, 340, 2019
Z, -100, -0.5066524691610335, 173.219026706, 76.1205876808, 2.2483865834, 0.835396768651, 2.90899362013, 343, 2019
N, -100, -0.8175174760313002, 45.7708409135, 38.4696297982, 0.97373139901, -0.426289777277, 2.42002319626, 343, 2019
E, 100, -0.40814130904550994, 70.2380139664, 37.8929178706, 1.38341181406, -1.66072909405, 2.4238073611, 343, 2019
Z, -100, -0.24575711912308662, 145.249057165, 131.108850693, 0.939191652593, 1.18540687254, 2.9872961582, 346, 2019
N, 100, -0.6229103098706333, 41.754693656, 65.900158947, 0.565187891691, -0.756191856409, 2.80540551331, 346, 2019
E, -100, 0.13834330629796254, 62.6320995819, 68.8140180246, 0.791037742941, -1.84465196318, 2.84638860115, 346, 2019
Z, 100, 0.4245600138577841, 284.817764217, 150.694172843, 1.93704446679, 2.04712272748, 3.22848383702, 349, 2019
N, 100, -0.8012668652257402, 62.3153228748, 73.8275116361, 0.495548717334, -0.697245489403, 2.40255478946, 349, 2019
E, 100, -0.23820314514986612, 85.8907886818, 80.6329832136, 0.591581581422, -1.92183206166, 2.29482447813, 349, 2019
Z, 100, 0.48097416671648413, 266.887620028, 107.371863176, 2.64806263319, -0.894629563807, 0.245931594973, 352, 2019
N, -100, -0.6635379150236626, 107.228423228, 53.6637073319, 1.34847881802, -2.87673253366, 0.547045571507, 352, 2019
E, 100, -0.814085645219835, 148.536749973, 62.9748213551, 1.56004112709, -0.703851445261, 2.6336065234, 352, 2019
Z, -100, -0.26060951967231416, 191.72335064, 50.6211383768, 4.54073732452, 0.380777573256, 2.28780928335, 355, 2019
N, -100, -0.6497755320104671, 128.731458605, 28.5816257838, 3.43368162651, -0.768752133068, 2.14622784654, 355, 2019
E, 100, -0.5923534774584557, 178.680256106, 24.5402242567, 5.82188348918, -1.64708388338, 2.2374765571, 355, 2019
Z, -100, -0.16543511160208332, 250.557225464, 116.375514358, 1.87425567608, 1.15229567769, 2.73510723941, 358, 2019
N, -100, -0.8485925570088693, 32.1845990141, 61.384315704, 0.478750741943, 0.0147959577552, 2.672220052, 358, 2019
E, 100, -0.48387401777951733, 53.6445551772, 60.9353683046, 0.732332275942, -1.36021139107, 2.62262979218, 358, 2019
Z, 100, 0.594302719750463, 151.613594934, 148.039996491, 1.01080155885, 2.29490618679, 3.26803381085, 361, 2019
N, 100, 0.7615949471709633, 18.5718398689, 73.8243856283, 0.221821543238, 2.30632458025, 2.82280234615, 361, 2019
E, -100, -0.4783749092272188, 15.2654225754, 79.3945676515, 0.187010529066, 0.785304414508, 2.80712096998, 361, 2019
Z, -100, -0.04002008746495194, 258.452986877, 125.811361668, 1.40585721377, -0.863219964906, 0.713148142891, 364, 2019
N, -100, -0.8205986016124986, 89.0718422149, 61.8520875038, 1.11466787026, -0.0689641645687, 3.01095787225, 364, 2019
E, 100, -0.5167786552938785, 134.707479105, 69.3402409171, 1.36444851054, -1.09956425458, 2.91371741143, 364, 2019
