Chan, Phase Shift, Correlation, ptp-data, ptp-synthetic, rat, phasem, phasestd, DOY, Year
Z, 100, 0.9618930597759928, 130.110099572, 114.216113347, 0.994479098695, 0.453015275922, 0.700522939676, 1, 2019
N, -100, 0.3028620652133799, 607.854842838, 22.8670364928, 24.113445253, -0.0474119056264, 1.54589028396, 1, 2019
E, 100, 0.17787484414785878, 103.309479243, 64.6258718222, 1.24100897103, -2.15672081326, 1.87796549677, 1, 2019
Z, -100, 0.9806379549560938, 200.465248443, 164.62168059, 1.2949753455, 0.41220720776, 0.274276011137, 4, 2019
N, 100, -0.6034624717878356, 575.559037703, 37.457906903, 15.0811189221, -0.0862710686548, 2.01286833193, 4, 2019
E, 100, 0.8692055608495483, 151.982027628, 89.4623363473, 1.51925922657, 0.522155686062, 2.91964591703, 4, 2019
Z, -100, 0.8424501048158224, 196.172234183, 180.55333439, 1.23327598903, 1.49024567006, 0.887035788121, 7, 2019
N, -100, -0.911684199512324, 502.24313288, 40.8471060116, 12.0566940277, -1.56664061502, 3.03975507923, 7, 2019
E, -100, 0.9759181674430208, 146.00083752, 93.7283546489, 1.55166759333, -0.213361130569, 0.15961346365, 7, 2019
Z, -100, 0.985481134932813, 187.954810384, 154.946535759, 1.28202793836, -0.0298989072113, 0.128517073629, 10, 2019
N, -100, -0.661760531643557, 843.656386392, 32.537543159, 21.2862434901, -0.986925889524, 2.80077474608, 10, 2019
E, -100, 0.8239586204788222, 210.809294431, 77.2679168661, 2.26433495095, -0.239181855073, 1.12807923053, 10, 2019
Z, -100, 0.8782924943797784, 173.851423454, 101.411656014, 1.6602115897, 0.265647913248, 1.20378974077, 13, 2019
N, -100, -0.07225631458636035, 808.451150109, 17.2607341838, 43.7436706672, -0.336220851689, 3.22922358238, 13, 2019
E, -100, 0.1652242690147532, 181.611780995, 46.9864828165, 3.59828375773, 0.653784114971, 0.355178309217, 13, 2019
Z, 100, 0.9753776214592006, 104.101789023, 94.2727641334, 1.00763810362, 0.115457460755, 0.34924886051, 16, 2019
N, -100, 0.4022794486898504, 592.156126681, 13.8421307059, 44.6475118034, -0.525457400917, 1.34035468603, 16, 2019
E, -100, -0.2780226304951521, 96.4467976555, 54.3440125651, 1.94020145853, -1.74374161841, 2.53368189804, 16, 2019
Z, 100, 0.9896966173706319, 215.381105406, 178.972414406, 1.15968074258, -0.270161756041, 0.0939975365957, 19, 2019
N, 100, -0.46279331583246475, 946.284142575, 31.4803574575, 30.0385339742, 0.312149839178, 1.89072280633, 19, 2019
E, 100, 0.7794016356812195, 262.889987246, 103.55448799, 2.33312689307, -0.593800682595, 2.52064393095, 19, 2019
Z, -100, 0.9960185625031001, 262.673062772, 227.038027347, 1.10315579365, 0.499660719452, 1.24318284954, 22, 2019
N, 100, -0.9362152605924697, 925.132262818, 41.7153268828, 21.4627760778, -2.00781833005, 2.89959544284, 22, 2019
E, -100, 0.9600711048111812, 341.073316808, 124.45792984, 2.59043399988, -0.153834430409, 0.16293276909, 22, 2019
Z, -100, 0.9548256105670375, 336.295930814, 193.572803961, 1.7870420897, -0.856403287138, 2.08772730616, 25, 2019
N, -100, -0.6582493596780798, 840.929129303, 36.1478913481, 20.8505082274, -1.5274586009, 2.73002930306, 25, 2019
E, -100, 0.5898326329043936, 309.096382299, 99.5150607633, 2.79186407089, 0.277559334109, 0.302959784525, 25, 2019
Z, 100, 0.9021437565021688, 96.8643134589, 103.790822338, 0.964959648921, -0.451747250838, 1.48881915482, 28, 2019
N, 100, 0.3867324309443666, 907.497765842, 18.4413378334, 42.450832772, -0.414362135172, 3.02743555577, 28, 2019
E, 100, -0.5922326966566572, 262.341597127, 45.7314761788, 4.76466194788, 0.617164511068, 2.04801114771, 28, 2019
Z, 100, 0.9764933263364485, 129.950496128, 105.345226261, 1.50116302827, 0.417461669984, 1.15320407633, 31, 2019
N, -100, 0.16778539067291545, 843.441434623, 23.3115737477, 36.3195370084, -0.269318372389, 1.41440729901, 31, 2019
E, 100, 0.485644065897302, 281.452932368, 61.1329366915, 4.42359301098, -0.870684922918, 2.71037155288, 31, 2019
Z, -100, 0.9759323628898584, 201.791131057, 166.05223393, 1.25159854865, 0.828182563935, 1.10390059405, 34, 2019
N, 100, -0.6486744880475103, 716.735286233, 37.9597863866, 19.4038742158, -0.277560414852, 2.6098787032, 34, 2019
E, 100, 0.9560367309582629, 342.495034781, 92.2177330668, 3.56226923612, 0.45422576098, 2.61487046178, 34, 2019
Z, -100, 0.9976016053971971, 225.470666359, 191.102268631, 1.11058949134, 0.0279580766961, 0.0641686534522, 37, 2019
N, 100, -0.9719362549431978, 725.686850809, 41.4962592216, 16.3755016642, -1.37997252528, 2.97373563032, 37, 2019
E, -100, 0.9741482448470727, 390.100667003, 101.638148183, 3.56581307127, 0.0295622006091, 0.125626047572, 37, 2019
Z, -100, 0.9546565438140887, 299.53784349, 169.618968186, 1.85601660339, -0.8721483094, 2.01581016733, 40, 2019
N, -100, -0.9053848337797773, 605.482700902, 33.653301843, 16.2562932974, -2.27074348952, 2.32245881377, 40, 2019
E, -100, 0.7249903093454758, 417.415045795, 86.7215181641, 4.20014052614, -0.358776918036, 1.07161054106, 40, 2019
Z, 0, 0.9837802564366864, 102.888310571, 109.288499802, 0.911552322405, -0.23249770941, 0.1054076447, 43, 2019
N, -100, -0.47010246324338345, 547.56175324, 18.2202720342, 28.8523255394, -1.11284020629, 2.83495573029, 43, 2019
E, 100, -0.279295041801657, 388.271655917, 50.4141010263, 6.99819416008, 0.835472871571, 1.14372881834, 43, 2019
Z, 100, 0.9629630260905099, 111.00052294, 104.606113289, 1.00710085441, -0.194471466879, 0.174787174551, 46, 2019
N, -100, 0.659724167615221, 577.563926445, 15.2756067547, 44.4355202676, -0.453116215321, 0.874612999077, 46, 2019
E, 100, 0.2651815946367671, 410.459375651, 62.9927446989, 7.19695894803, -1.24221633368, 2.48357838836, 46, 2019
Z, 100, 0.9032424400423685, 247.838065778, 206.076105382, 1.35258947842, -1.05593153901, 0.611728062765, 49, 2019
N, -100, 0.1341651499490459, 724.857370506, 36.1795591609, 21.0896247107, 0.0137936145956, 1.93903125624, 49, 2019
E, 100, 0.9366078540831382, 753.723073414, 121.089242024, 6.04205294839, 0.299664122356, 2.7019159476, 49, 2019
Z, 39, 0.9833311548525748, 316.276285526, 245.647052411, 1.4158065694, -0.543853981817, 1.18610397964, 52, 2019
N, 100, -0.49993473240444386, 516.451194843, 45.6890321229, 12.4107647715, -2.6534064738, 2.60795869842, 52, 2019
E, -100, 0.9168127538478056, 713.318143633, 134.562009278, 5.0864781812, -0.22594521654, 1.30690119881, 52, 2019
Z, -100, 0.9896101746421935, 193.730695349, 185.654254615, 1.00680711443, 0.0410117800535, 0.0429587115465, 55, 2019
N, -100, -0.8080791173978153, 582.661112345, 36.6063271322, 14.0278783308, -2.0640006678, 2.50783226006, 55, 2019
E, -100, 0.4413249389141142, 526.760842034, 91.6724169745, 5.06579434698, 0.195059926757, 1.1604141867, 55, 2019
Z, 100, 0.5394970221367035, 134.617608128, 76.6354789788, 1.55339376731, -1.22843333854, 0.405527517777, 58, 2019
N, 100, 0.19692355418973415, 734.080802293, 15.5332855038, 41.8585669118, -0.353209444766, 3.15907156707, 58, 2019
E, -100, -0.28686810469342894, 534.963513829, 28.3092515786, 14.4355856451, 0.311293938558, 2.33707757835, 58, 2019
Z, 30, 0.955335196800813, 148.105367064, 116.642995327, 1.64724370892, -0.156062731134, 2.65178019664, 61, 2019
N, -100, 0.5556215210594495, 904.424971362, 25.9297641536, 35.6350954724, -0.266843646232, 1.02922651577, 61, 2019
E, 100, 0.8564877168147192, 736.122953521, 69.8293431856, 10.2924673383, -0.546995522815, 2.51540993676, 61, 2019
Z, 100, 0.998151502204207, 224.717691587, 183.138321303, 1.18097468804, -0.123424273728, 0.0685065876175, 64, 2019
N, -100, 0.14080119351615425, 941.715049058, 40.2266272234, 23.0722783222, -2.99854488139, 2.81704046018, 64, 2019
E, -100, 0.9702436267250768, 964.776827455, 102.944194365, 8.57434691947, 0.62506546548, 2.2751872178, 64, 2019
Z, -100, 0.9981925607358089, 247.941611679, 206.798613451, 1.18261696108, 0.014850432039, 0.0235205997451, 67, 2019
N, 100, -0.465927335211992, 843.130954473, 42.8636472245, 17.40027222, -2.57904280784, 2.83960506546, 67, 2019
E, -100, 0.721105508288986, 987.584269145, 111.157562677, 8.46821497685, -0.209968777623, 1.7201915774, 67, 2019
Z, -100, 0.9819457974517268, 231.93081731, 174.579857741, 1.41853925544, -0.0249627220194, 0.137221102499, 70, 2019
N, 100, -0.7975124485436322, 757.752413531, 33.8471332919, 19.0204123014, -2.24685941037, 2.76372470597, 70, 2019
E, -100, 0.3109717846462342, 1060.83197683, 88.7870978708, 10.9086821348, 0.614008239459, 1.2139648759, 70, 2019
Z, -100, 0.7423595843294319, 123.098681978, 97.1829895637, 1.21636087754, 0.322241392287, 0.16278630965, 73, 2019
N, 100, -0.6552628770491983, 446.249235293, 16.8181449756, 24.9437946468, 1.37677704821, 1.70047723942, 73, 2019
E, 100, -0.36609195407097006, 808.198120034, 41.231038657, 18.3487264057, 1.43341059067, 0.647045373953, 73, 2019
Z, 100, 0.97283286918463, 167.917581427, 139.769036975, 1.50730781744, 0.214959431992, 1.26392232052, 76, 2019
N, -100, 0.7615297045460251, 633.782411834, 21.8049773712, 33.7089082401, -1.34020291552, 1.36710805089, 76, 2019
E, 100, 0.484942229912374, 953.825479093, 86.3227477386, 11.3774814216, -0.953052290869, 2.66251907929, 76, 2019
Z, -100, 0.9985101134505106, 278.687761675, 236.012138701, 1.14665625974, 0.141032857353, 0.094429486959, 79, 2019
N, -100, 0.195514437250154, 811.947561935, 42.8816519526, 17.7738494157, -0.91337745881, 2.66657848592, 79, 2019
E, -100, 0.93850576724644, 1004.28709801, 136.108293069, 6.66179154995, 0.448369985768, 2.6785077261, 79, 2019
Z, -100, 0.9975439637027401, 272.04877325, 240.173188209, 1.10254681607, 0.00788920168444, 0.0346080004891, 82, 2019
N, 100, -0.4977892750819068, 868.221122974, 47.3644812339, 17.0674199154, -2.45824204829, 2.78650843965, 82, 2019
E, -100, 0.5833240997555602, 1012.4103209, 128.16923963, 6.88755420109, -0.505479244798, 1.96167606257, 82, 2019
Z, -100, 0.9862753976823503, 157.9426928, 152.401309191, 0.999286352147, -0.0468116008328, 0.0817788798789, 85, 2019
N, 100, -0.8817445863774507, 883.787704784, 32.8958694583, 24.1990134309, -2.06649781313, 2.90105041134, 85, 2019
E, 100, -0.1768896402122265, 901.219978168, 69.3530750439, 11.506028988, 0.458477284419, 1.51160581533, 85, 2019
Z, 100, 0.8742549247376562, 60.6999402897, 51.9975723508, 1.14525656562, -0.480673593211, 0.249923305714, 88, 2019
N, 100, 0.25344283450875577, 866.982747376, 10.798169574, 63.7338341457, -0.718326484791, 3.07090169721, 88, 2019
E, 100, 0.2845611752682806, 768.108333752, 34.1794111021, 22.5578776655, -2.37387029309, 2.06703155207, 88, 2019
Z, 100, 0.9872435416232995, 178.92557378, 136.481084425, 1.23274834367, -0.00938592971626, 0.104533888619, 91, 2019
N, -100, 0.5829688033708854, 817.653884144, 29.3465848887, 29.1343372013, -0.418303557271, 1.56393367703, 91, 2019
E, 100, 0.9075137320456422, 852.464847688, 80.8489057561, 10.0088270571, -0.595745852486, 2.14063752139, 91, 2019
Z, 100, 0.995876084463479, 256.897878113, 199.494535064, 1.27002138785, -0.238607951027, 0.154704259931, 94, 2019
N, 100, -0.020495074828701457, 770.797299941, 41.7534512571, 17.7168809426, -2.9842815157, 2.84057433185, 94, 2019
E, -100, 0.9654646186874032, 896.648758243, 111.46415236, 7.25353016823, 0.258430703508, 1.95386064593, 94, 2019
Z, -3, 0.9896782135219754, 272.529040085, 211.022607075, 1.3719758693, -0.560229771986, 1.23235912261, 97, 2019
N, 100, -0.47261619040322955, 715.835576123, 42.3857078866, 15.7827074907, -2.46501024736, 2.75663318899, 97, 2019
E, -100, 0.7672614527493828, 899.637927718, 112.396552748, 6.90799026646, -0.700718363846, 1.96886104468, 97, 2019
Z, -100, 0.9791894205225834, 180.658845424, 158.940746504, 1.10805891586, 0.0289592826524, 0.0561177998549, 100, 2019
N, 100, -0.9066276082928576, 669.183303005, 31.3275312108, 18.8321993905, -2.11969004461, 2.86834546147, 100, 2019
E, -100, 0.14439399903889222, 591.579032196, 77.6196171644, 7.53291471521, 0.209460877323, 1.63775248779, 100, 2019
Z, -100, 0.588095923557087, 194.141202229, 73.0120681486, 1.9443983809, 0.270651176838, 1.80902714991, 103, 2019
N, -100, -0.35635919776826164, 626.864198894, 12.8004923656, 43.1327461475, -1.36458137325, 3.14974301293, 103, 2019
E, -100, -0.4819640928792193, 857.556903384, 43.813161066, 17.397426712, 0.00152279973478, 2.76027906903, 103, 2019
Z, 100, 0.9900241137269977, 196.4197295, 177.573995141, 1.05833854572, -0.0408526599763, 0.109463736763, 106, 2019
N, -100, 0.8150964670238652, 565.891519969, 30.0183161551, 20.5028979729, -0.790981817844, 1.26102449042, 106, 2019
E, 100, 0.6567506921813353, 1019.53389285, 106.674887746, 9.43451113571, -0.584576572011, 2.76979670332, 106, 2019
Z, 100, 0.9959559983413566, 278.020344208, 238.162016953, 1.12018967828, -0.0448857529018, 0.0657260033303, 109, 2019
N, -100, 0.06964551290526956, 601.70853201, 45.9773637551, 12.0488438739, -3.04398693157, 3.11931385902, 109, 2019
E, -100, 0.946122186336093, 813.35615663, 132.343506587, 5.86933936998, 0.832443374269, 2.57565564571, 109, 2019
Z, -100, 0.973794789663052, 221.102200119, 204.845338121, 0.917194757362, 0.617764626735, 1.18880305302, 112, 2019
N, 100, -0.7995941949897498, 597.290899519, 43.9745449619, 11.6001464197, -1.78950697846, 2.93463593289, 112, 2019
E, -100, 0.19791593971659438, 563.952149813, 104.512224541, 4.0350099602, -1.22172402403, 2.4064588152, 112, 2019
Z, -100, 0.9682620221120386, 147.661860953, 114.072145314, 1.31009846197, 0.0927072159444, 0.0787978553663, 115, 2019
N, -100, -0.8385193541812469, 518.163698252, 26.5434527029, 16.7232041476, -1.44703765369, 3.07448124, 115, 2019
E, 100, -0.45390037681033796, 526.768047576, 46.6455038656, 10.8383204647, -0.0911211803478, 2.55348158126, 115, 2019
Z, 100, 0.7696952591194295, 96.934028597, 70.5980883407, 1.18542730703, -0.110284071276, 0.458542710074, 118, 2019
N, -100, 0.6890736055848539, 562.979050185, 13.5783263013, 38.032238706, -1.2062673477, 1.49869247048, 118, 2019
E, 100, 0.597829242224316, 506.639233446, 44.0045227774, 11.2783591995, -2.02586668999, 0.672562873192, 118, 2019
Z, 100, 0.9908402264177346, 202.670358817, 151.763887775, 1.26350255559, -0.246391398724, 0.0968182336579, 121, 2019
N, -100, 0.4369722776414128, 605.145164826, 31.0959174044, 18.737073034, 0.351763311595, 1.77168919206, 121, 2019
E, 100, 0.967892739629033, 596.446205848, 87.8690111836, 6.78006270965, -0.533288500903, 0.259345085807, 121, 2019
Z, 78, 0.9937167903955652, 260.471915999, 204.526858115, 1.28023771788, -0.249175814286, 0.184482727284, 124, 2019
N, 100, -0.1118428732625933, 473.674139402, 40.9895795749, 12.0276280737, -3.19205380956, 2.8623182739, 124, 2019
E, -100, 0.9216119519280614, 603.142773828, 112.859090759, 4.72407189131, -0.268219410512, 0.428681809731, 124, 2019
Z, -100, 0.9856995921856876, 256.182869216, 198.509809657, 1.36863958018, -0.418065185886, 1.23662540952, 127, 2019
N, 100, -0.691738109839411, 534.793091073, 39.5030904507, 11.3806250547, -2.18696196537, 2.87785899371, 127, 2019
E, -100, 0.5297196394270187, 499.702653266, 103.474262867, 4.11430907863, -0.828417240828, 2.17627433932, 127, 2019
Z, -100, 0.9306658431875559, 197.04621844, 132.991054501, 1.50606475934, 0.00238379240422, 1.30045369632, 130, 2019
N, 100, -0.8482165572911627, 480.527262175, 26.7916884849, 16.0342897931, -2.13238414482, 2.90507898964, 130, 2019
E, 100, -0.35368308133582377, 462.053830862, 60.6299588119, 6.38693679887, 0.105523016232, 1.77922821207, 130, 2019
Z, 100, 0.8334035110321716, 113.464542055, 107.109318556, 1.19422482054, 0.685222629705, 1.02748129005, 133, 2019
N, 100, 0.5232888186630743, 378.44335912, 14.4850054744, 26.3367280526, -0.881401885678, 2.85576839693, 133, 2019
E, -100, -0.1932083068594734, 441.627299522, 65.3787621944, 6.35713421248, -1.65211024038, 2.6160804235, 133, 2019
Z, 100, 0.9968441212080843, 235.891610185, 188.448073249, 1.21527312039, -0.0828419228913, 0.0218720996234, 136, 2019
N, -100, 0.44539116702159764, 447.047350793, 35.0066692046, 12.2655213108, -0.374235437447, 1.62892665262, 136, 2019
E, 100, 0.8884619009521829, 456.684498168, 108.329932971, 4.0853674007, -0.596795468032, 2.07296314361, 136, 2019
Z, 100, 0.9952104699450308, 260.571909984, 210.70721701, 1.20593939866, -0.240418457809, 0.137560440657, 139, 2019
N, 100, -0.2683946088979988, 363.71002981, 44.1214714805, 7.85060523931, -2.91112785964, 2.86271073661, 139, 2019
E, -100, 0.8005718904484488, 493.38938155, 112.344357906, 3.69236254303, -1.22392067925, 2.35742756733, 139, 2019
Z, -100, 0.992789382999516, 212.622550523, 165.994881401, 1.32296003152, -0.388377435952, 1.2902395321, 142, 2019
N, 100, -0.7439613940947526, 354.757657245, 38.1937968039, 8.27920216738, -2.49548522704, 2.98857401914, 142, 2019
E, -100, 0.34338193675566797, 429.727810822, 80.5792458489, 4.61651544841, -0.347407868345, 1.9047839216, 142, 2019
Z, -100, 0.9147927642033505, 77.9350602798, 92.1561526039, 0.77222221369, -0.67242631491, 0.320363691426, 145, 2019
N, -100, -0.6434502001783199, 421.022164276, 21.2260501126, 17.5472919491, -1.8800741367, 3.06416637197, 145, 2019
E, 100, -0.6198687615525269, 353.245237491, 36.126761911, 8.19687500459, 0.543154112097, 1.72845861333, 145, 2019
Z, 100, 0.8980782276579651, 110.787515461, 85.1472191847, 1.23393580931, 0.440316796686, 0.790878635196, 148, 2019
N, -100, 0.8168401135125108, 433.401518422, 15.5243760356, 27.1023907978, -1.45110753901, 0.873998253799, 148, 2019
E, 100, 0.37483830190663425, 393.522587528, 49.9904297046, 7.29975916489, -1.70227718847, 0.383533891492, 148, 2019
Z, 100, 0.9849833025115756, 200.111192795, 157.58719583, 1.22141575878, -0.362251514904, 0.138369987136, 151, 2019
N, -100, 0.7720244212385309, 425.272330228, 30.4521572738, 14.100046443, -0.382277109072, 1.21689140586, 151, 2019
E, 100, 0.8486651680464439, 499.269804115, 89.4811703758, 5.22190466124, -1.08963986977, 0.464879236505, 151, 2019
Z, 100, 0.98509079506116, 251.869746504, 199.697834647, 1.28164442398, -0.457210933127, 0.298706149989, 154, 2019
N, -100, 0.1983850538277586, 329.880049364, 38.5960847703, 9.09763892073, -3.35276957236, 2.73569420445, 154, 2019
E, -100, 0.9501710056132564, 472.160247012, 108.542728146, 4.05066579877, 0.609340830158, 2.60067078562, 154, 2019
Z, -100, 0.988860057324378, 225.417241309, 182.971603669, 1.25586940417, -0.29074832906, 1.2830148349, 157, 2019
N, 100, -0.5907633296318348, 285.29793075, 36.2388449299, 6.8938969416, -2.08077650367, 2.95737830382, 157, 2019
E, -100, 0.5471768178222558, 376.32299893, 93.5075719185, 3.85127243811, 0.143922368927, 1.23756919572, 157, 2019
Z, -100, 0.9775993331735738, 101.502089796, 121.429588553, 0.819811848504, 0.00571683557703, 0.0868211405631, 160, 2019
N, -100, -0.5560810594284926, 334.76431157, 22.9351455614, 11.6853115604, -1.81915980386, 3.25372701259, 160, 2019
E, 100, -0.6315488572183036, 256.69317928, 55.5895304863, 4.20235678674, 1.2329796251, 1.36086569706, 160, 2019
Z, 100, 0.9760418119655829, 113.44379745, 122.016849249, 0.95637580606, -0.000795165205042, 0.145210356247, 163, 2019
N, -100, 0.7280958481267251, 336.610959526, 19.9727251343, 15.5063186806, -0.911994716296, 0.997291451883, 163, 2019
E, 100, 0.8382365118244647, 231.943998213, 70.5783046241, 2.97869614728, -1.01462341413, 0.453869454987, 163, 2019
Z, 100, 0.9841504180270868, 190.335877622, 172.878182158, 1.0208996896, -0.0953184618302, 0.104548013889, 166, 2019
N, 100, -0.1525341304032261, 373.418716452, 35.6560863561, 10.6733379093, 0.776782673293, 1.76050622486, 166, 2019
E, -100, 0.9077446122246092, 334.020297363, 95.4155744612, 3.16066913789, 0.465123114809, 0.18916510298, 166, 2019
Z, -100, 0.990747626804654, 218.521262063, 182.242747057, 1.16000156877, 0.00119567230149, 0.0582614575833, 169, 2019
N, 100, -0.8053946670304588, 438.17335883, 40.8628107535, 8.49273405692, -2.08177081867, 3.05045379385, 169, 2019
E, -100, 0.6858204944385777, 300.330218414, 94.6021300779, 2.89733041626, -0.358516582699, 1.8659082044, 169, 2019
Z, -100, 0.9849646883630945, 152.128043615, 147.177373202, 1.00604289615, -0.00815870783088, 0.0850262289944, 172, 2019
N, 0, -0.9260760116773947, 364.212792528, 34.0363033434, 8.68149805532, -1.38006246777, 3.23463859751, 172, 2019
E, -100, 0.13345351987941187, 166.632606435, 70.6639530713, 2.06088241619, 0.161887633143, 0.846026769859, 172, 2019
Z, -100, 0.9184675580406715, 119.832378419, 92.3703283138, 1.26752570377, 0.0881574557801, 1.22347221875, 175, 2019
N, -100, -0.40165478618745076, 435.997951835, 18.9020704951, 18.037046395, -1.24535275483, 3.20917284091, 175, 2019
E, 100, -0.7488563693771196, 233.937321322, 39.5132980704, 4.74700178205, 0.769534557351, 1.23374275562, 175, 2019
Z, 100, 0.9186930926791177, 97.6582492132, 91.0985707462, 0.972545531278, 0.570816752734, 0.793989434972, 178, 2019
N, -100, 0.7812039448891733, 383.357614537, 15.1614521527, 25.2329324163, -1.13953214373, 0.909394035146, 178, 2019
E, 100, 0.4931110114048631, 240.325792656, 51.5169283333, 4.3267920607, -1.21534281148, 2.62748096511, 178, 2019
Z, 100, 0.9902731248954458, 198.950385329, 159.005083928, 1.18531371851, -0.106662482801, 0.0395996640682, 181, 2019
N, 100, -0.12407865868165502, 428.726548274, 29.0007247937, 13.0837543191, 0.492157928519, 2.09874129725, 181, 2019
E, -100, 0.9361029876493998, 328.610348103, 89.9333276077, 3.33968951716, -0.770192521599, 0.578958699178, 181, 2019
Z, 100, 0.9881874470745687, 245.494625739, 200.280718606, 1.27560983923, -0.36531325724, 0.245935789933, 184, 2019
N, 100, -0.8224924019216171, 274.779356164, 37.4842171614, 6.73030151935, -1.76465927342, 3.07738848996, 184, 2019
E, -100, 0.8521313596103464, 271.629846192, 108.926800623, 2.41849000405, -0.854048038559, 2.52073934901, 184, 2019
Z, -100, 0.9936170408856414, 203.412136772, 182.936176799, 1.14272682384, -0.293644069083, 1.33065961182, 187, 2019
N, -100, -0.7783351434734823, 159.259043755, 35.2139618709, 3.82490366702, 0.263147273537, 1.7286875726, 187, 2019
E, -100, 0.14978751129038556, 208.216469487, 94.0523164724, 2.1363809382, 0.396121373434, 0.356072190327, 187, 2019
Z, 0, 0.9925894125476349, 112.589046546, 123.390761116, 0.911587813205, -0.0287591525685, 0.0706007428056, 190, 2019
N, -100, -0.19711140151975132, 206.831759984, 21.488965618, 8.97896155826, 0.100082946012, 2.59092396087, 190, 2019
E, -100, -0.797749053779902, 136.700473633, 58.3235160305, 2.34118360013, 1.325264116, 1.93892166477, 190, 2019
Z, 100, 0.9862646413495426, 130.799503298, 112.389357388, 1.24856374299, -0.130384397515, 0.099970048057, 193, 2019
N, -100, 0.485657057822063, 297.022552699, 21.7388999882, 12.9113824045, -0.0343795247436, 0.889277866309, 193, 2019
E, 100, 0.8923213131299516, 202.019828354, 63.054209219, 2.60464059, -0.674930872406, 0.547699886912, 193, 2019
Z, 100, 0.97627133361944, 192.493958408, 160.244618549, 1.05660782055, -0.557682248943, 0.337682442446, 196, 2019
N, -100, 0.6963538260754613, 3306.10086806, 35.5847580937, 73.459192693, 1.38788601273, 2.23220744066, 196, 2019
E, -100, 0.8875143545932327, 145.861557291, 87.9381195496, 1.57528779582, 0.184508525552, 0.454677167287, 196, 2019
Z, -100, 0.9946568178926983, 211.121729153, 175.677684152, 1.2027596595, -0.16573073093, 1.33648112929, 199, 2019
N, -100, 0.2650822993970543, 2793.0293098, 39.7275068022, 63.9489536684, -2.51441450268, 2.82886525128, 199, 2019
E, -100, 0.765662852509421, 250.127794287, 91.8278016643, 2.28161036831, -0.03109404583, 0.346499930145, 199, 2019
Z, -100, 0.9463046119868944, 266.321047742, 150.965162155, 1.83893838947, -1.13777982156, 2.2911098974, 202, 2019
N, 100, -0.719867098996155, 236.852754456, 32.783407427, 6.87440690074, -2.60192309919, 2.55072377729, 202, 2019
E, -100, 0.15103322337339928, 152.108021601, 74.61716434, 2.13264857518, 0.234566469185, 1.79817783598, 202, 2019
Z, -100, 0.9877994296522118, 78.6278310823, 100.666923304, 0.70820783019, 0.00428288011763, 0.110122549641, 205, 2019
N, -100, -0.7719862673006536, 181.331966075, 18.2541481242, 9.25676142895, -1.45103462308, 3.07168339485, 205, 2019
E, 100, -0.8479637232149555, 211.10335333, 45.6488236308, 4.34329569366, 0.561366971884, 2.61653089201, 205, 2019
Z, 100, 0.9089785579619161, 122.035204478, 92.7790589949, 1.61582561851, -0.343118459872, 1.23591919427, 208, 2019
N, -100, 0.8222973651191738, 216.782085538, 14.15383849, 14.9905259169, -0.984913581323, 0.997614578702, 208, 2019
E, 100, 0.4316872382144499, 239.049711197, 52.7233351289, 4.29782910399, -1.68497852605, 2.43285941721, 208, 2019
Z, 100, 0.9961231435092734, 219.5369592, 173.058134581, 1.22051615306, -0.115439161966, 0.066279926405, 211, 2019
N, -100, 0.18965895970774255, 277.27319394, 30.3596086582, 8.60642241657, -0.0658971878406, 2.07194183052, 211, 2019
E, -100, 0.9042059672284494, 364.954876593, 100.195823528, 3.13822850743, 0.858930407504, 1.53043926407, 211, 2019
Z, -100, 0.9914248009393538, 257.821299007, 220.268870896, 1.16193901643, 0.271908334488, 0.139506876055, 214, 2019
N, 100, -0.5486094661437108, 308.249958003, 40.3014100002, 6.65878702574, -2.18304501043, 2.86949294054, 214, 2019
E, -100, 0.5960831411357943, 364.895850621, 121.2711889, 2.56888936016, -0.640816130827, 2.70914941779, 214, 2019
Z, -100, 0.9930442673158867, 214.165836836, 191.136052741, 1.1380620088, 0.908111806863, 2.18197001122, 217, 2019
N, 100, -0.8766308338674249, 251.281659196, 36.5545224639, 6.09301718879, -2.40868395864, 2.80553652955, 217, 2019
E, -100, 0.013576949623094876, 219.262757312, 97.4635071201, 2.24265725847, 0.449442605197, 1.21123688512, 217, 2019
Z, 61, 0.9870645641480521, 93.5473296527, 106.623577348, 0.918998122903, 0.0574036441405, 0.114754998774, 220, 2019
N, -100, -0.41324098533847786, 260.550093491, 19.1602669797, 11.0314730236, -0.902084688477, 3.35946873407, 220, 2019
E, -100, -0.5722670758974225, 230.247492083, 46.5084378445, 4.16449575014, 0.72407255552, 2.38407383484, 220, 2019
Z, 100, 0.9933679142389519, 145.800542625, 111.078681727, 1.4482618624, 0.305891233094, 1.24671862703, 223, 2019
N, -100, 0.43773311199583625, 350.418145312, 23.7650068614, 16.1919836684, 1.71938218532, 3.31882464102, 223, 2019
E, -38, 0.8887789261631215, 359.054051529, 64.614791556, 5.29507386081, -1.14779783823, 0.653248508256, 223, 2019
Z, -100, 0.9920243024246008, 213.005879334, 168.852885128, 1.23940009255, 0.351114942098, 0.18708926614, 226, 2019
N, -100, 0.3703613586310927, 440.259574722, 37.7747922748, 11.2065636049, -2.33276527961, 2.95743734876, 226, 2019
E, -100, 0.9339807949903534, 388.87831828, 94.0526031011, 4.31447474006, 0.564691916444, 0.249664521484, 226, 2019
Z, -12, 0.9874130214013985, 233.786021634, 187.732358523, 1.33983783477, -0.575649326434, 1.21309854122, 229, 2019
N, 100, -0.04911125925943003, 383.225670082, 40.9836712492, 8.95364227082, 0.737918837004, 0.332424708859, 229, 2019
E, -100, 0.515453437550319, 385.039666147, 99.7052846658, 3.50165375123, -0.608960646743, 1.55498379295, 229, 2019
Z, -100, 0.9631061396765394, 175.580052621, 160.877469555, 1.04959760248, -0.625092354554, 2.20018960907, 232, 2019
N, 100, -0.8715740573188572, 345.103253529, 32.6891512705, 8.96346678389, -2.19398894728, 2.79651694579, 232, 2019
E, -100, 0.13708027575871845, 323.125222821, 81.1382037664, 3.44625889067, -0.367493737219, 2.75047529806, 232, 2019
Z, -100, 0.6778288082514609, 120.587616419, 99.5123246825, 1.21660322622, 0.469753179382, 0.236630858591, 235, 2019
N, -100, -0.6280885880533928, 311.036736661, 16.6546673725, 15.2783073073, -1.68408992661, 3.11622717536, 235, 2019
E, 100, -0.6314819599853047, 312.271145174, 44.5193675657, 6.55844159702, 1.08305918403, 1.71898947951, 235, 2019
Z, 100, 0.8868883443364952, 869.16219911, 110.884256291, 6.43095503358, 0.354119793266, 2.61057849056, 238, 2019
N, -100, 0.42378705784382387, 147.164954159, 16.7336407515, 10.1660321408, -0.823401006572, 0.760058825231, 238, 2019
E, 100, 0.338988199117727, 1051.52596454, 66.5556392588, 13.2314184186, -2.34158924681, 2.36793508054, 238, 2019
Z, -100, 0.9660598015126526, 255.53238482, 209.20155258, 1.34672922248, 0.965679720954, 1.03168516081, 241, 2019
N, -100, -0.30760009699302165, 69.9969364237, 36.600444135, 1.92333389543, 1.03030373259, 2.62772151257, 241, 2019
E, 100, 0.8030129721889455, 1495.65271262, 122.39042759, 12.3949517639, 0.0305915533749, 0.605818064141, 241, 2019
Z, 100, 0.7322474388613853, 285.687970494, 69.27488601, 2.91874218682, -0.587062356374, 1.27817386989, 250, 2019
N, 100, -0.3516689659528953, 201.356800656, 13.1435488175, 13.1459233068, -1.63670913825, 2.7644917807, 250, 2019
E, 100, -0.20727906286595527, 5606.86178919, 31.5099180163, 152.273485431, 0.546179864873, 3.1149780237, 250, 2019
Z, -100, 0.38906112397037035, 602.460369192, 188.953509943, 3.27068023745, 0.666994804143, 0.341213180216, 256, 2019
N, 100, -0.9176367250021422, 88.6321111965, 41.2049708916, 2.29305226262, -1.49852953843, 2.98900680538, 256, 2019
E, -100, -0.4000893145422531, 191.596181039, 105.202206722, 1.88842706701, 2.33685843701, 1.7341234124, 256, 2019
Z, 100, 0.49841628034218743, 287.739377532, 81.5748098115, 2.5645099435, -0.0788557478218, 1.61196047259, 265, 2019
N, -100, 0.7124227092285004, 10903.2064647, 12.8411498571, 818.469484423, -0.209922539841, 1.26991872739, 265, 2019
E, -100, -0.3329971069899628, 393.051260378, 33.7959694032, 10.3373717729, 0.965128761654, 2.49992169479, 265, 2019
Z, 100, 0.9950823041588823, 294.183101102, 242.99278015, 1.16099923124, -0.213336536158, 0.115519257169, 271, 2019
N, -100, -0.9189831438174385, 32.1491003888, 44.0800847791, 0.656838977101, -2.71040024071, 1.35291341231, 271, 2019
E, 100, 0.8022689897162426, 32.4205063335, 139.060558002, 0.18945059529, 1.43651680434, 0.997746147535, 271, 2019
Z, -100, 0.9865073832918774, 290.445076279, 235.353575796, 1.29298257784, -0.130929211793, 0.117853765764, 274, 2019
N, -100, -0.7623573691442547, 35.0448565781, 46.690166773, 0.619791943524, -2.61349377648, 2.36851464549, 274, 2019
E, -100, 0.7313976522304733, 32.6969699442, 124.401487359, 0.265240843917, -1.63565226799, 1.12876306392, 274, 2019
Z, 100, -0.421300651117428, 193.496726177, 138.34453856, 1.12185950543, -3.14065514917, 2.91790625811, 277, 2019
N, -100, -0.3009498807935081, 61.4756734748, 29.0846516665, 1.49927997977, -0.810056733698, 2.81993654189, 277, 2019
E, -100, 0.18203395930001584, 72.3714654786, 61.7373836871, 0.831237216763, 0.573368011921, 1.234675789, 277, 2019
Z, 100, 0.8650781173479267, 299.273280034, 68.7892225305, 3.51203364376, -0.548148741224, 0.618214399462, 280, 2019
N, -100, 0.021202370815888095, 63.8692078022, 13.3674808158, 4.01372203839, 0.120742810347, 3.0895389989, 280, 2019
E, 100, 0.29693327736350356, 75.0980299804, 44.2850650202, 1.56979846951, -1.27229618863, 2.41358063727, 280, 2019
Z, 100, 0.9902017470782457, 192.546894929, 151.860898325, 1.28976532159, 0.463960045425, 0.325923659798, 283, 2019
N, -100, -0.7112678597974555, 30.6635273187, 32.6879721427, 0.99667498382, 0.883473774519, 2.87105342142, 283, 2019
E, -100, 0.7449651311949305, 38.8189114179, 88.4011131567, 0.45185240382, 0.101281161859, 1.06572714919, 283, 2019
Z, -100, 0.09505104944234877, 314.774424801, 202.068385005, 1.32529279295, 0.75363114303, 0.413475367602, 289, 2019
N, -100, -0.8733331993492301, 82.7911559201, 41.131047113, 1.58620641005, -1.66677455791, 2.69151644003, 289, 2019
E, -100, 0.8740234453105521, 97.0418094983, 106.288516034, 0.724545845362, -0.695622628253, 1.66683224721, 289, 2019
Z, -100, 0.6725152114950464, 163.04111167, 78.032643087, 1.76119059539, 0.318873349108, 1.68897075168, 295, 2019
N, 100, -0.6077705677889418, 63.3849927648, 8.91035637072, 6.15287529193, -1.85349725796, 2.84038017819, 295, 2019
E, -100, 0.46256617672756223, 93.3935484318, 50.0323814382, 1.8515841745, -0.836123127479, 1.8516402771, 295, 2019
Z, 100, 0.9961222593732283, 220.601647136, 190.583335441, 1.11990542782, -0.0810165927926, 0.0520199609154, 298, 2019
N, 100, 0.35490681625456993, 69.7681577907, 32.539425708, 2.21411550155, 2.12716007299, 3.80111705628, 298, 2019
E, 100, -0.3791862365659835, 90.8721405986, 113.260228676, 0.791847348694, 1.30169318222, 1.73147123307, 298, 2019
Z, -11, 0.9977458847898465, 289.801064128, 243.97641981, 1.17197371277, -0.124296165963, 0.0885889274779, 301, 2019
N, -100, 0.5876255592177848, 37.1033521934, 47.2182461435, 0.728256973217, -3.80328775234, 2.64869679764, 301, 2019
E, -100, -0.5863534034370181, 60.3755881016, 134.480083011, 0.403057385361, -0.962944663531, 2.48823655917, 301, 2019
Z, -100, 0.9841058571795667, 211.306791741, 199.890934887, 0.985271837267, 0.309305836403, 0.132211046312, 304, 2019
N, -100, 0.09664540571761994, 36.9144385366, 42.1887057746, 0.77533166122, -2.83618117566, 2.55188368203, 304, 2019
E, -100, -0.08437665225223877, 50.6265095051, 100.869163238, 0.433648124745, -1.73981267895, 0.483265634352, 304, 2019
Z, -100, 0.9803096253431987, 80.2098026128, 99.9896562869, 0.739083260147, -0.239015628553, 0.175962122795, 307, 2019
N, 100, 0.36845223293918156, 14.2518697046, 21.3548259207, 0.599023470677, -0.904864006919, 1.26747374798, 307, 2019
E, 100, -0.5366458275372115, 11.2579134909, 40.8836827958, 0.248343644198, 0.226854490038, 2.87264720322, 307, 2019
Z, 100, 0.9784721538488221, 80.7116090551, 86.0083961841, 0.985235798132, -0.0627033558551, 0.285758124335, 310, 2019
N, -100, 0.7287427687780064, 10.0108905944, 17.0598910052, 0.555827674506, 0.0646946044092, 3.2271405354, 310, 2019
E, -100, -0.7044416755195418, 11.0814326865, 52.6195916161, 0.206622154461, -0.846496041227, 1.16967237594, 310, 2019
Z, -100, 0.8950720147457594, 335.206035607, 162.2874905, 1.70213649282, 0.375855375838, 0.167557288934, 313, 2019
N, 100, -0.8691955880130495, 63.3104738206, 34.2795029836, 1.44014369133, 0.496576133388, 2.62909058244, 313, 2019
E, 100, 0.8172595578817017, 75.7933492277, 92.3200752539, 0.639100645233, -0.291476792613, 1.19328751448, 313, 2019
Z, -100, 0.9286890242819796, 260.974972966, 204.433122315, 1.24554987818, -0.222906954105, 0.253108725543, 316, 2019
N, -100, -0.654709052367249, 35.56892004, 42.1233255598, 0.684093522676, -3.28099494452, 2.50207846014, 316, 2019
E, 100, 0.5634123387681675, 37.8443492774, 110.918033547, 0.293402646952, -0.663687611812, 2.18577956433, 316, 2019
Z, -100, 0.513739108227777, 231.201948694, 189.98833096, 1.23854430746, 0.672500809678, 0.387210193443, 319, 2019
N, -100, -0.8516738930163792, 55.8997834055, 37.8243721636, 1.27849120434, -1.0599556188, 2.84115061284, 319, 2019
E, -100, 0.8694560637880769, 62.6009528503, 97.8547735392, 0.52143387996, -0.145489530768, 1.23668838791, 319, 2019
Z, -100, 0.21176509281081776, 183.133563872, 121.324899795, 1.16879435631, -0.786089562053, 1.19901690614, 322, 2019
N, -100, -0.5884970412609531, 54.0376586285, 22.3646948582, 1.87694317119, -1.93875424653, 2.48654917693, 322, 2019
E, -100, 0.32857234752027276, 65.4223048401, 56.5282595693, 0.863532399622, -0.46361077548, 1.36560949843, 322, 2019
Z, 100, 0.11096493766054004, 208.78525049, 112.868293054, 2.10328428498, -1.05779193489, 2.73248143284, 325, 2019
N, 100, 0.20140396120831267, 61.9400530658, 15.7545094983, 4.47392246923, -1.25031119886, 1.38401678123, 325, 2019
E, 100, -0.4030995477313693, 75.4289634858, 68.897345642, 1.18005478217, -2.0634943933, 2.71343287429, 325, 2019
Z, 100, 0.9803583124413154, 233.200620496, 195.755826536, 1.15723192637, -0.507009147703, 0.21163698666, 328, 2019
N, 100, 0.43006005647845486, 70.0535006034, 36.6698093162, 1.8141559924, -1.15173706333, 1.34632736064, 328, 2019
E, 100, -0.47925521535924737, 103.608510619, 111.771740981, 0.854936781091, -1.95622327942, 2.67293778782, 328, 2019
Z, -100, 0.9339017317259573, 263.949462316, 215.492324648, 1.28286238782, 0.772811654372, 1.09947819098, 331, 2019
N, 100, -0.49000548955071416, 25.809357847, 44.79633842, 0.482238697538, -2.89488897708, 2.68571263372, 331, 2019
E, 100, 0.33011277279341494, 31.8474562366, 114.058507312, 0.258734786092, -1.58675189667, 1.25165778344, 331, 2019
Z, -100, 0.6386371292998939, 311.074405034, 164.472210932, 1.63431182688, 0.709360349481, 0.226355678302, 334, 2019
N, -100, -0.9231801737633544, 51.4717518643, 36.0115071574, 1.12009562021, -1.26751719831, 2.91248730518, 334, 2019
E, -100, 0.9040496092848971, 63.2914003127, 80.0313575374, 0.596722215079, -0.223434881913, 1.16542057558, 334, 2019
Z, -100, 0.9154589502106132, 117.53204982, 83.9356255104, 1.3516097404, -0.023792921873, 1.30690005652, 337, 2019
N, -100, -0.4729258436762004, 26.8490275717, 16.9710069159, 1.62427094846, -2.29424294231, 2.66473609917, 337, 2019
E, 100, 0.44804696763199486, 50.0675299045, 34.1470897277, 1.24544422555, -0.865225186868, 0.41529317914, 337, 2019
Z, 100, 0.958107466138254, 105.392607361, 90.7081085735, 1.27662855329, -0.503884329499, 0.202583574292, 340, 2019
N, 100, 0.1913970508070521, 53.1023379064, 17.6121125951, 3.01695975901, -1.41396262201, 0.81298369319, 340, 2019
E, 100, -0.18038401828839198, 73.792676429, 52.777829104, 1.40046752073, -2.59049918828, 2.31852934045, 340, 2019
Z, 100, 0.998387973059796, 190.555928666, 159.724976959, 1.1742288188, 0.0573100217867, 0.0723784033055, 343, 2019
N, 100, 0.4455878564322837, 18.7198420359, 32.4102347904, 0.532524224588, -0.965296266325, 1.37339643589, 343, 2019
E, 100, -0.48565537105307105, 30.1793346753, 89.3684516358, 0.316534154182, -1.83405297774, 2.64214745997, 343, 2019
Z, 100, 0.9911278216779769, 245.821573852, 198.100485011, 1.25944575439, -0.343839323979, 0.217812202897, 346, 2019
N, -100, 0.5028982820070839, 14.7034060454, 39.3793124656, 0.373746358856, -3.6775216556, 2.633878954, 346, 2019
E, -100, -0.5606180038211751, 23.3790690848, 106.245354276, 0.218762582198, -0.828530673578, 2.47445582643, 346, 2019
Z, -100, 0.9890562408513977, 198.06074648, 180.578728792, 1.0207308625, 0.221125029611, 0.113237300838, 349, 2019
N, -100, 0.1637546674311826, 49.1721305953, 34.7913428869, 1.26928485951, -3.04358677988, 2.61009678098, 349, 2019
E, -100, -0.11761225892135464, 69.3895937473, 92.5465363673, 0.648461286665, -1.8954613438, 0.448042979263, 349, 2019
Z, -100, 0.9824630745759553, 127.704946276, 117.656572781, 1.09347165782, 0.0426567475377, 0.0892172333365, 352, 2019
N, 100, -0.3565470955335678, 54.6664417173, 19.5885203431, 2.45697622225, -2.5146281513, 2.66296983124, 352, 2019
E, 100, 0.45792789353520746, 76.4433141186, 55.8360642768, 1.10144070131, -0.883696520464, 0.342757352721, 352, 2019
Z, 100, 0.9788501136661971, 133.958349848, 119.490501359, 1.10235280251, -0.285055155774, 0.0641981483273, 355, 2019
N, 100, 0.05230319076683869, 59.5762047643, 19.5715209458, 2.95882297685, -1.75716433282, 0.752580237639, 355, 2019
E, 100, -0.08122628868284057, 83.8233724897, 69.1614698195, 1.12632488588, -2.82279152376, 2.36112329276, 355, 2019
Z, -100, 0.9711512527050957, 211.983315669, 175.801510808, 1.41552629742, 0.67738681784, 1.04329106735, 358, 2019
N, -100, 0.4551916980087131, 7.31069511004, 36.4743342952, 0.207126113181, -0.250864533418, 1.39194815734, 358, 2019
E, -100, -0.5781980774004916, 15.5918338971, 97.3921846041, 0.152961787151, -1.27061807442, 2.57940992886, 358, 2019
Z, -65, 0.9978413547693074, 223.011378884, 190.323789974, 1.1227109582, -0.0720508348956, 0.0497166716663, 361, 2019
N, 100, -0.5958110860391463, 11.5421633148, 41.6452608927, 0.290523390977, -1.66720961785, 1.65646363761, 361, 2019
E, 100, 0.586269774580491, 10.8240568039, 99.170526177, 0.114934140429, 0.150485906188, 3.16876234204, 361, 2019
Z, -100, 0.9532808108630247, 282.936709903, 153.248587604, 1.8989276812, -0.67291066739, 1.65222284467, 364, 2019
N, 100, -0.07027048640904962, 62.3288694048, 33.1628689809, 1.71520648562, -2.62028434964, 2.62604958483, 364, 2019
E, 100, 0.11791027682381328, 86.5941056632, 75.1093851867, 0.994745908674, -1.52960338196, 0.420366860918, 364, 2019
