Chan, Phase Shift, Correlation, ptp-data, ptp-synthetic, rat, phasem, phasestd, DOY, Year
Z, 100, 0.18253542605609102, 507.020544534, 71.5115590364, 4.52414188837, 0.941051532673, 2.10488785322, 1, 2019
N, -100, 0.9137582075660937, 25.5599856107, 44.3353186218, 0.581373739671, 0.193348540023, 0.0783414252977, 1, 2019
E, 100, 0.9546435344385843, 56.9391979985, 56.6509954401, 0.931132517378, 0.126308930983, 0.330151289314, 1, 2019
Z, -100, 0.4945893837603171, 527.758223708, 116.423316585, 3.23033677296, -2.4906634759, 2.64654247602, 4, 2019
N, 100, 0.8886950856841079, 72.4568703299, 76.530763256, 0.712100955832, -0.604896510801, 0.434126042738, 4, 2019
E, 100, 0.9959096491517736, 101.229802866, 104.130329493, 0.954400219787, -0.110712026595, 0.0303466416917, 4, 2019
Z, 100, 0.3794972829924298, 48.5786318686, 124.928520714, 0.331486526663, 1.83504460977, 2.69195493546, 7, 2019
N, -100, 0.9461812106642973, 94.1206636373, 84.9587533116, 1.11791209303, 0.345971381242, 0.080678082307, 7, 2019
E, 100, 0.9990598817768782, 117.482706428, 119.254146687, 0.9824395864, 0.0150171218523, 0.037233178052, 7, 2019
Z, 100, 0.6306244931230423, 413.3779882, 101.011749013, 3.54463126485, 0.283204833233, 0.732041111673, 10, 2019
N, -100, 0.879414368392882, 145.253382393, 69.1380808883, 1.46189910075, -0.360495647046, 0.550021397619, 10, 2019
E, -100, 0.9888344871979481, 110.673381272, 98.7620535176, 1.14355101768, 0.0251703164269, 0.0472154102824, 10, 2019
Z, 100, 0.3363352993325273, 1632.36999193, 57.5798184521, 31.0465597976, 1.93991298325, 3.23670126402, 13, 2019
N, -100, 0.8402201713658816, 61.9787337087, 39.2719507654, 1.67707011672, 0.641135571591, 0.321961526345, 13, 2019
E, -100, 0.9273583381842816, 56.5905403272, 55.74792323, 1.01624391251, 0.620232984279, 0.290043361971, 13, 2019
Z, -100, 0.7828543987246398, 194.366924126, 66.0702658318, 3.03075368171, -3.47420458291, 2.62789723384, 16, 2019
N, 100, 0.5944819356891197, 52.7405513611, 43.0661782471, 1.01046689223, -2.45482468342, 2.18720327128, 16, 2019
E, 100, 0.9347031574387122, 53.3618925139, 54.8559317156, 0.892207116487, 0.40898194232, 0.533491836174, 16, 2019
Z, -100, 0.37726481482684443, 500.886546135, 130.034675043, 2.36900145189, -2.42809529271, 2.48604706201, 19, 2019
N, 100, 0.8023102669625211, 119.228182906, 85.8204042887, 0.916713425909, -1.01982456367, 0.76813356408, 19, 2019
E, 100, 0.9916405610159276, 118.045820301, 114.533462697, 1.06466349093, -0.158424733091, 0.0958065776031, 19, 2019
Z, -100, 0.14553165506466864, 228.172574717, 143.599401471, 1.19103157243, -0.595807216713, 4.5842662566, 22, 2019
N, 100, 0.9671105187558294, 90.8537052875, 98.4663203148, 0.861644670404, -0.294313295395, 0.2212093075, 22, 2019
E, 100, 0.9979559624113697, 136.23087129, 140.483348752, 0.962292784399, -0.0592567939375, 0.0112878565717, 22, 2019
Z, -100, 0.8943647410672073, 790.704541756, 87.1199045915, 6.3859870681, 0.223851087261, 0.0777565801158, 25, 2019
N, -100, 0.2574916885636868, 41.7685680677, 62.6635438136, 0.512547233158, 0.788388880403, 0.224881832853, 25, 2019
E, 100, 0.959049269990392, 90.0625233615, 92.6627846315, 0.954576927445, -0.29758518279, 0.0307736562872, 25, 2019
Z, -100, 0.1083676761122276, 335.293629242, 48.4116678463, 4.48899557134, -3.94673416683, 2.06872409391, 28, 2019
N, 100, 0.44803583816651665, 84.6682450859, 28.566366082, 1.92672960357, -2.2639912865, 1.84929703748, 28, 2019
E, 100, 0.7891787491769265, 49.5904150403, 37.4531586843, 1.70250186423, -0.991601518567, 0.943541239797, 28, 2019
Z, -100, 0.3586077103583813, 650.240975707, 94.7469237068, 4.09609946371, -2.42294853524, 2.50642685246, 31, 2019
N, -100, 0.51468572321786, 119.512323808, 61.7623338746, 1.3468327, 0.523740323048, 0.586256808021, 31, 2019
E, 100, 0.9782732761303439, 83.963169748, 84.9994058133, 0.97840614275, -0.185732120879, 0.0306547040534, 31, 2019
Z, 100, 0.023473018542986394, 666.13492957, 112.52644488, 4.13707789327, 1.29820647879, 2.57358008787, 34, 2019
N, -100, 0.8137488763237142, 63.0034651836, 75.8948906056, 0.814092329414, 0.635391390101, 0.0953174404583, 34, 2019
E, 100, 0.9853505403735631, 101.881206402, 107.934775071, 0.92057133792, -0.109779496794, 0.0560468236874, 34, 2019
Z, -100, 0.5270453705874522, 163.03113178, 97.1239563873, 1.42796822516, 0.882464434367, 0.71851085919, 37, 2019
N, 100, 0.9622106599153283, 62.8424989607, 66.2298880634, 0.995519296262, -0.245749472181, 0.0880887526643, 37, 2019
E, 100, 0.992209536078206, 93.4819734241, 96.7412580504, 0.964817415036, -0.146520720386, 0.031213387663, 37, 2019
Z, 100, -0.3783194041708182, 779.236799656, 57.7641521469, 8.64297413762, -1.26040262843, 2.7825023067, 40, 2019
N, 0, 0.8672937813593687, 33.3819060965, 38.3396974947, 0.74409229813, -0.185317136134, 0.215279919087, 40, 2019
E, 100, 0.98836901564195, 58.969388367, 57.8810779752, 1.03796992593, 3.04488978709, 3.07303790148, 40, 2019
Z, 100, 0.1891074439246223, 210.127873629, 38.7815600523, 6.02736424709, 1.34724017262, 3.54140618832, 43, 2019
N, 100, -0.4963096761639446, 46.1487844383, 24.7053911497, 2.50741424487, 2.33841583745, 0.340925516215, 43, 2019
E, 100, 0.9395102127426033, 24.7735371125, 33.1004948551, 0.735614367379, 0.328319925596, 0.491520188931, 43, 2019
Z, 100, 0.4623554355388534, 316.089888136, 97.4816158023, 2.18801726296, 2.56043014074, 3.39414660106, 46, 2019
N, -100, 0.44512330361312796, 48.7742160786, 63.9784368673, 0.680327195292, -1.77807970908, 2.3972988965, 46, 2019
E, -30, 0.9973285964444819, 81.0274174816, 86.5446670455, 0.937121513574, 0.0179914546178, 0.0176642068336, 46, 2019
Z, 100, 0.1405241577249896, 831.098973161, 127.379384784, 3.9676850041, 1.22915957567, 2.30335385981, 49, 2019
N, -100, 0.6685628001159716, 93.5651238482, 86.4491917826, 0.947008871564, 0.592793332463, 0.273756382339, 49, 2019
E, 100, 0.983769063855357, 103.378233988, 121.627255318, 0.82899974392, -0.204992361596, 0.110588321196, 49, 2019
Z, 100, 0.9240633240864548, 440.992032286, 87.3545534403, 4.95851309039, -0.425911685712, 0.110530303029, 52, 2019
N, 100, 0.8464579178329406, 17.3990843123, 63.2671997867, 0.272496488977, 0.0310609073999, 0.441879339922, 52, 2019
E, -100, 0.9561926079814654, 64.9434465081, 97.4821917003, 0.669270708511, 0.295102114916, 0.240326116145, 52, 2019
Z, -100, -0.5084705121531983, 178.092317059, 29.9171504981, 6.59273401079, 0.572675458956, 3.92064238312, 55, 2019
N, 100, -0.24194288223113192, 63.1414072217, 15.0630538615, 5.51056903844, 0.61797916295, 1.37095971915, 55, 2019
E, 100, 0.9509139179774772, 32.7180073377, 26.2148022685, 1.04070441311, -0.366043720489, 0.398810346815, 55, 2019
Z, 100, 0.1696705706474298, 201.234341281, 73.7669346917, 2.24684663793, 3.59716782012, 1.45169207368, 58, 2019
N, -100, 0.3405905821411836, 66.1649062413, 48.0697356743, 1.32993747297, -1.93981640695, 3.18028789795, 58, 2019
E, 100, 0.9871695263383474, 50.2518866703, 67.8862890283, 0.752614370814, -0.158855945411, 0.10376976329, 58, 2019
Z, 100, 0.7460575296488805, 360.196799318, 91.0627953087, 4.11017352446, 2.44045928055, 3.12262667715, 61, 2019
N, -100, 0.6653102186107679, 40.5191784237, 61.8908999284, 0.571484344535, -2.21280305366, 2.91569110784, 61, 2019
E, -100, 0.9906052602308326, 81.7889702044, 88.3882555887, 0.902848841155, 0.174192215366, 0.0901348224166, 61, 2019
Z, -100, 0.49521087142167997, 554.320650403, 79.8568342058, 5.0262082912, 0.486817848718, 0.0651957804115, 64, 2019
N, -100, 0.062073351145383794, 56.1318252468, 54.4497110391, 0.620204205521, 0.766611604652, 1.22900855426, 64, 2019
E, -54, 0.99829043207412, 83.1452180617, 82.5299602455, 1.00845039722, -0.0129932551518, 0.0169169903271, 64, 2019
Z, 100, 0.7923948149415122, 615.654144883, 44.8706427563, 12.4353604875, -0.515055765055, 0.000974596728839, 67, 2019
N, -100, -0.8655650531534248, 64.7772847555, 29.8963378056, 2.40314760026, 0.681633333222, 2.74707807616, 67, 2019
E, 100, 0.8407449155694104, 34.0078107782, 49.673577146, 0.540792671899, -0.478883558683, 0.208818257862, 67, 2019
Z, -100, -0.8175614403651386, 402.322323319, 31.5826135207, 14.36968691, 0.367669557215, 3.5090956218, 70, 2019
N, -100, 0.7020502954715472, 86.4422473592, 19.5245730576, 5.0147716798, 0.483075502216, 0.329322170863, 70, 2019
E, -100, 0.8062350184064367, 46.5650110144, 23.1542498305, 2.70408639485, 0.288571606701, 0.525276448212, 70, 2019
Z, -100, -0.4540222655754203, 499.120601754, 77.453088449, 6.28537645345, 1.17751207721, 2.97872489775, 73, 2019
N, -100, 0.5040499693708637, 145.241889244, 51.666672246, 2.82758564381, 0.951158804873, 0.112491006035, 73, 2019
E, -100, 0.9684148630512488, 72.6867560955, 71.7811042835, 1.06750723762, 0.155451909124, 0.102094525151, 73, 2019
Z, -100, -0.24541281854111496, 702.645069222, 102.622476504, 6.42827977311, 1.27340946049, 3.24339350359, 76, 2019
N, -100, 0.05107248697841239, 181.629897025, 70.6875971077, 2.42271202683, -1.71338856461, 3.32213311124, 76, 2019
E, -100, 0.9877387318282903, 69.5930491348, 98.5781059127, 0.711945321016, 0.124778745076, 0.0192371449174, 76, 2019
Z, 100, 0.6901468697878625, 605.831090305, 75.2270722313, 8.12862070734, -0.365327793783, 0.49533766415, 79, 2019
N, -100, -0.770125885027137, 123.848998146, 54.1717270704, 2.19975383546, 0.384553283046, 2.59253808222, 79, 2019
E, 100, 0.7733610309122958, 98.0332776072, 85.588645753, 1.17598309633, -0.452738604734, 0.153325417333, 79, 2019
Z, -100, -0.38628287960494107, 1772.96591573, 33.0956167528, 44.6733489993, 1.7092516807, 1.39199342437, 82, 2019
N, -100, 0.3907584429943617, 191.430818453, 18.1161497034, 12.9500577366, -0.307210482585, 0.846433377386, 82, 2019
E, 100, 0.20840186893796642, 126.528914592, 25.1466716587, 8.96129194781, 0.322362268046, 1.29871532065, 82, 2019
Z, -100, -0.702875517116209, 1374.48394651, 75.3269207475, 13.2236182018, 2.89498752766, 0.736781309183, 85, 2019
N, -100, 0.8373602814256832, 136.246092112, 49.8101517514, 2.49056911506, 0.229411167444, 0.358860907805, 85, 2019
E, 0, 0.984121860772276, 56.2734619681, 69.9630608863, 0.844195364552, -0.0277486294023, 0.0536934662578, 85, 2019
Z, 100, 0.048076773630653644, 523.089098065, 82.7931900844, 5.45802854661, 1.6478302239, 2.71851707634, 88, 2019
N, -100, 0.6587070473843268, 128.502385499, 59.1022965823, 1.99966017035, -2.39405192319, 3.27587307425, 88, 2019
E, -100, 0.9756381540978115, 80.8629685298, 83.9314480534, 0.953723644377, 0.225538051192, 0.0755859041554, 88, 2019
Z, -100, -0.10363085407542685, 670.083328722, 66.3682437947, 10.7470383981, 1.5604887075, 3.04318356561, 91, 2019
N, 100, -0.4754446905652319, 73.2298082708, 46.9267082959, 1.43196180612, -0.87293516482, 2.93557333669, 91, 2019
E, -100, 0.8725792389588286, 87.1844477189, 70.0747833804, 0.898855039713, -0.13854247052, 0.519007666697, 91, 2019
Z, -100, -0.19035110683079193, 719.840370969, 31.1452588625, 20.7961392721, 1.22351890001, 2.75540916655, 94, 2019
N, 100, -0.7984162070101142, 87.7242573158, 20.95015811, 4.81455477309, 0.34772204173, 2.52990681783, 94, 2019
E, -100, 0.6821776790044256, 69.5549479613, 39.7647304107, 1.59280398782, 0.59309118799, 0.455561471784, 94, 2019
Z, 100, -0.5744563496258522, 793.20758714, 45.0517120465, 17.5052120388, -1.19174242212, 3.89464885453, 97, 2019
N, -100, 0.7941230723389667, 111.986258793, 29.4573620595, 3.73235891239, -0.335804939708, 0.677972425574, 97, 2019
E, 100, 0.892765206461036, 97.0421885886, 32.5827479194, 3.32577403113, 2.76172346849, 2.7918922855, 97, 2019
Z, -100, -0.8466948023330481, 671.740845096, 87.358508978, 7.28127401403, 0.547061059651, 2.98164495528, 100, 2019
N, -100, 0.7809026338034682, 169.49676689, 59.1621801702, 2.76730851581, 0.74661627549, 0.153240601588, 100, 2019
E, -100, 0.9753729172864677, 144.560888143, 79.3991035953, 1.79566925733, 0.217582799068, 0.00698508853969, 100, 2019
Z, -100, -0.6963317475642355, 660.631906341, 98.9681458691, 6.06302066107, 0.906638086379, 2.96852916494, 103, 2019
N, -100, 0.7631588203595553, 184.016763303, 70.564926441, 2.49130025033, 0.614767481674, 0.111965393708, 103, 2019
E, -100, 0.9548643044698011, 192.584985584, 98.8684230975, 1.90174583556, 0.299925025879, 0.0123230014446, 103, 2019
Z, 100, 0.6763790485042989, 616.957906157, 68.9185634311, 10.3536174364, 2.5614398701, 2.77546149128, 106, 2019
N, -100, 0.5113656728038725, 115.154513725, 52.3999605193, 1.81458015419, 0.760537856705, 0.449298490872, 106, 2019
E, -100, 0.8158737319409028, 108.08924835, 76.0794770636, 1.27670090755, 0.504443103146, 0.129751547641, 106, 2019
Z, 100, -0.7284251213342855, 1034.56407989, 41.0352738546, 29.9304447836, -1.05850416727, 3.74507822862, 109, 2019
N, -100, 0.7692483767908367, 215.625339034, 23.2709623392, 11.241864576, -0.454528474617, 0.671132861895, 109, 2019
E, -100, 0.7523132592967839, 109.517264929, 26.9727452657, 4.33513648338, 0.00593457077406, 0.39744032948, 109, 2019
Z, 100, -0.6166523500749517, 1275.24738679, 93.6444961623, 11.4145434351, 2.05527051431, 0.539827156856, 112, 2019
N, 100, 0.9728301226137518, 187.219263023, 61.3127612628, 2.91506931918, -0.2683560242, 0.16874320614, 112, 2019
E, 100, 0.9033165952959672, 169.593652152, 81.7228084697, 2.05890200832, -0.481722119943, 0.162563505766, 112, 2019
Z, -100, -0.16235904051737818, 579.955139535, 99.2505677342, 5.33392163611, 1.50528868364, 2.7011421536, 115, 2019
N, -100, 0.8393094826970486, 147.109443471, 71.3123856619, 1.55653435302, 0.119410269063, 0.314850618511, 115, 2019
E, -100, 0.987068644275248, 109.000970078, 101.506157295, 1.06970298273, 0.147658087451, 0.00298862925069, 115, 2019
Z, -100, -0.8401548292139948, 1680.1796609, 74.2182516216, 20.764636846, 0.460093919894, 3.26116807094, 118, 2019
N, -100, 0.41209172966770263, 213.020039288, 56.1704671507, 3.92173904105, -1.80670561697, 2.84354026888, 118, 2019
E, -100, 0.9638221837716849, 144.397546575, 80.1166899716, 1.76161393425, 0.314272546851, 0.130805561032, 118, 2019
Z, -100, -0.8235351942055426, 800.000684373, 36.3949416154, 24.6538736394, 0.783346938485, 2.81935737492, 121, 2019
N, -100, 0.5956306236169155, 206.958845914, 26.568895136, 9.43847681764, -1.90340477148, 2.75334115434, 121, 2019
E, -100, 0.571001815096746, 62.1466297756, 42.3548032371, 1.44939211007, 0.38930805541, 0.684629034139, 121, 2019
Z, 100, -0.9499244714313232, 698.398847411, 54.7866377913, 13.2501608886, -0.44423856137, 3.48956283852, 124, 2019
N, 100, 0.808292583141474, 267.957244738, 36.2018887296, 7.89138860919, -0.934386220528, 0.552572819094, 124, 2019
E, 100, 0.936198967208954, 169.732492584, 40.4490279429, 4.7888524629, 2.75786532909, 2.73484657666, 124, 2019
Z, -100, -0.8506988169425124, 918.338142165, 106.136735512, 8.246597453, 0.534489121851, 3.1699933102, 127, 2019
N, 100, 0.9782552683914617, 285.46307475, 71.0766388313, 4.03018013062, -0.192036405389, 0.114428219043, 127, 2019
E, -100, 0.9835560769158143, 254.766373853, 92.2843193376, 2.77247789357, 0.0541295507447, 0.118964878453, 127, 2019
Z, -100, -0.6403447159205039, 1175.11540908, 117.444708875, 10.0334813666, 0.839157542521, 3.15888894868, 130, 2019
N, -100, 0.9769202358240879, 297.015268744, 83.1262463172, 3.38061914707, 0.144459086737, 0.0835406079371, 130, 2019
E, -100, 0.9687009753979642, 257.096824547, 116.985854136, 2.10330950453, 0.209103060427, 0.0552279226064, 130, 2019
Z, -100, -0.8068004225776174, 1197.74981527, 81.3235276695, 15.0046389824, 0.870867891779, 2.75157238661, 133, 2019
N, -100, 0.5937029599408562, 204.378143252, 63.8844396549, 3.12364059358, -1.87408677796, 2.66298214969, 133, 2019
E, -100, 0.8770305600327228, 132.515870425, 89.1089921275, 1.30614077358, 0.290292636655, 0.123990185162, 133, 2019
Z, 100, -0.7435702554167288, 1161.96627396, 41.2762560615, 32.2065286534, 1.46043634077, 1.13508429466, 136, 2019
N, -100, 0.8561217955946978, 217.915484893, 23.8478563633, 10.4973637688, -1.37849018176, 1.4483948083, 136, 2019
E, -100, 0.6771079592839897, 124.583478833, 34.72164675, 4.26683510349, 1.83673498001, 1.35331490662, 136, 2019
Z, 100, -0.9407031661414996, 1346.84850051, 103.528358486, 11.859494178, -0.250712166726, 3.07141483395, 139, 2019
N, 100, 0.9407301831371081, 313.758938375, 67.1599129257, 4.63828226325, -0.362878239512, 0.0362150966308, 139, 2019
E, -100, 0.9850565936193788, 211.785779089, 84.4957133506, 2.4606972559, 0.1361508087, 0.0145243699913, 139, 2019
Z, -100, -0.9851389114002995, 1798.54874923, 121.259411068, 14.4059711587, 0.139621913426, 3.14608571299, 142, 2019
N, 100, 0.9887613217263939, 412.349243754, 83.5414748429, 4.8011175501, -0.106175460161, 0.00961374757768, 142, 2019
E, -100, 0.9229992464091665, 289.732691584, 117.105304336, 2.41229850226, 0.350557890071, 0.0719059009126, 142, 2019
Z, -100, -0.7385245358192267, 1782.04929256, 96.9554329484, 17.4821820647, 0.865301407311, 2.97298283031, 145, 2019
N, -100, 0.9847571903124085, 439.33501234, 71.2024049914, 6.24064414092, 0.172041134198, 0.0106107405441, 145, 2019
E, -100, 0.7544500309149483, 262.114612514, 103.441588234, 2.50485834227, 0.706379125228, 0.0445668097251, 145, 2019
Z, -100, -0.6305489601812381, 1823.62145724, 54.9055376451, 37.3754267406, 1.14340107863, 2.79684089773, 148, 2019
N, -100, 0.9132559559034664, 393.506334908, 42.1834190401, 10.1671436339, -2.54043283624, 2.85217927426, 148, 2019
E, -100, 0.46760077146702317, 228.539394353, 61.7692799956, 3.9212642562, 1.21666492954, 0.135783229568, 148, 2019
Z, 100, -0.8021017640762185, 2173.66247117, 52.0690920322, 47.2929907202, -0.90098390623, 3.61337147545, 151, 2019
N, 100, 0.8213206759954929, 379.203615893, 34.3602895332, 11.6916330799, -0.788800137201, 0.284038482048, 151, 2019
E, -100, 0.9254292225734986, 231.605323803, 39.0016998572, 6.92206538137, -0.404046384084, 0.581349845355, 151, 2019
Z, 100, -0.6285145666818277, 1218.98581762, 112.413392488, 10.8560824393, -1.09745018014, 3.46918026699, 154, 2019
N, 100, 0.9390427467617317, 346.730737421, 74.7950770599, 4.50267191247, -0.355335377058, 0.00463714255664, 154, 2019
E, 100, 0.96518476449144, 213.278614147, 93.5955783306, 2.25392118163, 2.85202545268, 2.87813882375, 154, 2019
Z, 100, -0.8334987148811309, 1195.5968705, 138.83588047, 8.29916314158, -0.660653142668, 3.28809678791, 157, 2019
N, 100, 0.9291583796403955, 396.547569798, 95.2004094854, 4.04559928784, -0.432345620231, 0.101561120662, 157, 2019
E, -100, 0.9337003026160282, 215.05554529, 130.642280538, 1.60739175281, 0.343812653233, 0.0427042179333, 157, 2019
Z, -100, -0.4577530804119015, 572.839700098, 103.272271828, 4.22698719989, 1.1249404165, 3.00476861267, 160, 2019
N, -100, 0.9695196485349628, 341.94018172, 78.4878853858, 4.48986788263, 0.232187530367, 0.261934186973, 160, 2019
E, -100, 0.7748634209461093, 132.302720802, 113.398937609, 1.11077946833, 0.62168688425, 0.0678157650489, 160, 2019
Z, -100, -0.4115345585938011, 3163.16211256, 40.3153506716, 90.6580711162, 1.70815564786, 2.39493430106, 163, 2019
N, 100, 0.7679660524120819, 434.218554616, 36.5549455464, 14.7501141868, -3.17241821305, 2.52886782299, 163, 2019
E, -100, 0.5192719720283048, 140.124998636, 51.752753806, 3.0372231534, -1.38568934503, 2.35951237875, 163, 2019
Z, 100, -0.8214305066565776, 1365.71525479, 97.3228470609, 14.9253961451, -0.726902273919, 3.379305781, 166, 2019
N, 100, 0.29389151401023567, 377.353162472, 61.7873307412, 6.20300907671, -1.40072271379, 0.158340465848, 166, 2019
E, -100, 0.9590557192921326, 140.865898355, 77.8880384318, 1.93356089915, -0.252589276534, 0.331743369842, 166, 2019
Z, -100, -0.938183175214879, 1869.85726892, 129.382459878, 12.9100697192, 0.403410798756, 2.90959913563, 169, 2019
N, 100, 0.46246867654718166, 645.997945499, 87.4349294343, 7.48700429536, -1.17270659514, 0.132609552621, 169, 2019
E, -100, 0.9718079155760142, 115.005756446, 116.582521442, 0.895593343491, -2.92740275252, 3.07238474435, 169, 2019
Z, -100, -0.9231859116950792, 2424.10297027, 115.082599904, 20.5136662633, 0.291273117951, 3.24082416705, 172, 2019
N, 100, 0.7069606215704362, 625.892139612, 81.9287302632, 7.03910884031, 2.23695712178, 2.94225448357, 172, 2019
E, 100, 0.9667883924722568, 81.584484509, 117.444236632, 0.76165776936, -0.171188226677, 0.0726388330424, 172, 2019
Z, 100, -0.9169020365332313, 733.63294978, 73.7152515392, 7.30765997978, 2.70256150025, 0.479393054606, 175, 2019
N, 100, 0.972457660811299, 401.892660146, 56.4659093806, 5.99059184521, 2.871721298, 2.89912658276, 175, 2019
E, 100, 0.7887883890389886, 104.702290809, 82.7989767878, 1.3581891436, -0.429435675974, 0.295057986008, 175, 2019
Z, 100, -0.840055085559943, 652.566236082, 41.619313051, 18.791561342, -0.530029688713, 3.22418556926, 178, 2019
N, 100, 0.949040796261197, 207.754730173, 27.9853264904, 8.3887356564, -0.343111681295, 0.159383130732, 178, 2019
E, -100, -0.0877656186367299, 122.34000525, 39.8105430122, 3.83542980594, -1.31941146698, 0.401354701873, 178, 2019
Z, 100, -0.5914954100664195, 634.658899044, 99.7280224442, 6.1952990085, -0.872494898648, 3.05941286562, 181, 2019
N, 100, 0.8623184675898365, 203.632558438, 65.5224568688, 3.20399751116, -0.500179095291, 0.0241875436282, 181, 2019
E, -100, -0.5757247928885689, 74.690411168, 82.1092041787, 0.947642739977, 0.851588717669, 3.02700654263, 181, 2019
Z, 100, -0.6286475738294329, 1125.89549551, 144.599778771, 6.90675226306, -1.12902442318, 3.55826563006, 184, 2019
N, 100, 0.6858570414030385, 230.352296143, 97.3122443924, 1.84725275617, 1.95539522029, 2.32602203111, 184, 2019
E, -100, -0.27007414604630353, 154.2256961, 128.092059186, 1.15435913533, -1.72484282671, 0.150541171754, 184, 2019
Z, 100, -0.964958373757267, 805.494248224, 124.341593225, 6.56804735371, -0.0364438175982, 3.09761964269, 187, 2019
N, -100, 0.5256433122946128, 279.911597891, 89.467239943, 3.31866051194, 1.05996042787, 0.138348340078, 187, 2019
E, -100, -0.043679809337511984, 260.261929243, 128.311541944, 2.08943915176, -1.49242816896, 0.152083297421, 187, 2019
Z, 100, -0.8668023256012732, 1307.51265359, 52.9816116755, 29.7751142081, 0.110761641005, 2.63407285723, 190, 2019
N, -100, 0.7206970360611147, 253.119344702, 48.2882684089, 6.24960142345, 0.556647379641, 0.593852157145, 190, 2019
E, -100, -0.3239878136358042, 328.704626477, 71.3938720713, 5.37920722168, -1.71635877375, 0.273699223966, 190, 2019
Z, 100, -0.0945428251373169, 1264.93532206, 80.1474100319, 15.747711598, -1.59931129599, 3.29862349919, 193, 2019
N, 100, 0.39001249706033164, 284.023958108, 48.6653075394, 5.48685023301, -1.14992704481, 0.00440364861274, 193, 2019
E, 0, -0.9233027996052027, 260.289591442, 64.0758075077, 4.56466825812, -0.401711035488, 2.6988188798, 193, 2019
Z, 100, -0.6907429694266306, 1023.03838098, 120.656930178, 7.52458011393, -0.632798645995, 2.95780837622, 196, 2019
N, 100, 0.8104059963061392, 362.201258966, 79.9739748011, 4.15444276481, -0.47102270558, 0.181065006921, 196, 2019
E, -100, -0.9417452165405347, 159.575676979, 106.200914687, 1.48498008364, 0.161678283311, 2.98559738044, 196, 2019
Z, 100, -0.9698835499078959, 1025.97238209, 118.844657717, 7.9462788837, -0.202428830614, 3.13361379732, 199, 2019
N, 100, 0.9208832062553094, 297.542962995, 82.2386944439, 3.30014875855, -0.44644171191, 0.15926828552, 199, 2019
E, -100, -0.41477364967982205, 125.435798743, 115.826002758, 0.983223151672, -1.90756275942, 0.108706895418, 199, 2019
Z, 100, -0.9578922601259025, 1062.43153906, 84.9465013047, 12.1729814542, 0.193853005683, 2.88653218771, 202, 2019
N, -100, 0.892288743435081, 473.981761062, 61.6636192074, 7.54438579126, 0.51716666015, 0.40674936678, 202, 2019
E, -100, -0.3400329275548333, 183.209005756, 92.7398728748, 2.15525740487, -1.8682433981, 0.07576802737, 202, 2019
Z, 100, -0.901239235146966, 2131.25214684, 38.2725483293, 61.5341467577, 0.204111170864, 2.68150502057, 205, 2019
N, 100, 0.8677828990693676, 546.081194304, 30.7354704043, 20.8302511375, -0.0287619148431, 0.434562419784, 205, 2019
E, -100, -0.5432210430192389, 175.439205581, 49.7189144161, 4.00715478892, -1.84180881096, 0.435150522805, 205, 2019
Z, 100, -0.1285166877298494, 881.778734286, 74.2730277089, 12.0768001037, -1.7502071937, 3.49072591808, 208, 2019
N, 100, 0.6108343944637024, 262.201153262, 47.679414449, 5.00281592344, -0.659039394129, 0.276593804857, 208, 2019
E, -100, -0.9703679746984338, 76.8477212782, 62.6929711973, 1.16330721705, 0.12780780659, 3.28158286731, 208, 2019
Z, 100, -0.3829586545549692, 1092.07988159, 128.808295302, 8.31882972282, -1.31119870316, 3.34137408274, 211, 2019
N, 100, 0.7742488522457696, 391.48500184, 85.2971185822, 4.47603952085, -0.747378090313, 0.10716551598, 211, 2019
E, -100, -0.86551658175072, 76.5513513345, 113.111079387, 0.629322249648, 0.490214337063, 3.18338491237, 211, 2019
Z, 100, -0.8274783525582617, 1177.75293601, 130.673669021, 8.830034732, -0.489603872303, 3.03769687077, 214, 2019
N, 100, 0.9628401316623778, 444.832424547, 90.5764113014, 4.77615598731, -0.152991473203, 0.104963883845, 214, 2019
E, -100, -0.3921468105979058, 141.166437189, 126.33075416, 1.06304773463, -1.78447565372, 0.262243164597, 214, 2019
Z, 100, -0.8845366905773329, 1049.12267859, 63.5113628017, 17.988909126, -0.00969394889581, 2.7357054036, 217, 2019
N, -100, 0.9771993077842929, 399.282734576, 52.761299964, 7.85562537694, 0.189789685999, 0.172150510074, 217, 2019
E, -100, -0.2260750450291913, 179.427962441, 81.327976991, 2.30295791353, -1.53580617976, 0.362522662597, 217, 2019
Z, -100, 0.10416209916966676, 919.450491473, 58.7773405979, 16.3700895129, 1.44676784478, 0.0263534394525, 220, 2019
N, 100, 0.4992878022256892, 347.72618924, 33.7222777027, 12.6886210309, -1.53178509896, 0.545483651302, 220, 2019
E, 100, -0.880693385555771, 176.571833259, 46.6700178542, 4.66964198865, -0.52223743339, 2.68535601767, 220, 2019
Z, 100, -0.0961540065301745, 1140.98179421, 101.956916931, 10.7484378667, -1.5464711019, 3.2451407779, 223, 2019
N, 100, 0.5676858529521495, 410.429894444, 65.6987381933, 6.13047130424, -1.07220840979, 0.158394537627, 223, 2019
E, 100, -0.9244888285180003, 146.889064118, 90.4508435406, 1.46995186464, -0.340785369767, 3.17575107174, 223, 2019
Z, 100, -0.5402453709525524, 1263.34842703, 108.372088304, 11.474853825, -0.987853791692, 3.1280416867, 226, 2019
N, 100, 0.9208848230533456, 456.144158587, 74.0987579733, 5.95439027873, -0.342374372391, 0.0719727458945, 226, 2019
E, -100, -0.9611326731682922, 146.955002737, 101.82141902, 1.40374894337, 0.0867807914342, 2.98348127971, 226, 2019
Z, 100, -0.6929145485256978, 671.945409092, 82.2129475457, 6.75118193803, -0.976920550476, 3.47338280284, 229, 2019
N, 100, 0.9575028595473496, 262.411416593, 58.192748987, 4.47406776422, 0.118603899924, 0.141074018036, 229, 2019
E, -100, -0.45594354954404726, 110.033945055, 86.0376441348, 1.32554687628, -1.91531445177, 0.155969958304, 229, 2019
Z, 100, -0.8352876679541076, 928.301926606, 35.0748033547, 31.7087363256, -0.195237884703, 2.75068129113, 232, 2019
N, -100, 0.9176602428439797, 351.659466802, 29.0920352548, 14.2869951183, 0.411338634578, 0.403335153325, 232, 2019
E, -100, -0.6708880561580658, 164.144649568, 48.4726426602, 3.9327933666, -2.14257030822, 0.303248525102, 232, 2019
Z, -100, 0.3268049571136267, 636.05861016, 50.9374790707, 12.8861860965, 1.22270554253, 0.000787018249706, 235, 2019
N, 100, 0.2751759872562832, 235.584175562, 31.680862466, 8.24921627692, 1.67553176611, 3.31159452848, 235, 2019
E, 100, -0.7404560837653312, 100.522044488, 43.2250221253, 2.70188078733, -0.963531860832, 2.85294187804, 235, 2019
Z, -100, 0.18010605282047454, 1074.45195787, 102.668151197, 10.3462230141, -1.81302014676, 3.24788713046, 238, 2019
N, 100, 0.4084020768035624, 422.868785928, 67.0233584671, 6.21433912309, 1.9126011505, 3.25490522135, 238, 2019
E, 100, -0.3831696603735184, 112.193082551, 91.2765076058, 1.10723783875, -1.37103660464, 2.88871727057, 238, 2019
Z, 100, -0.3770429120759792, 690.608611535, 118.20084545, 5.32678405222, -1.26888705107, 3.30893610145, 241, 2019
N, 100, 0.8066481882079289, 321.643616546, 80.914955276, 3.8816504486, -0.602864826717, 0.0489260055671, 241, 2019
E, -100, -0.5704980310894865, 46.0289347824, 110.544627695, 0.365585923436, 1.28746929907, 4.21571312697, 241, 2019
Z, 100, -0.8089739309036837, 1112.75524296, 66.6163751158, 18.6790666104, -0.429524104651, 2.91516314161, 244, 2019
N, 100, 0.9493691624446036, 462.256137377, 50.8343040617, 9.7479141571, -0.13387223791, 0.178494165592, 244, 2019
E, -100, -0.8094559833961944, 139.1889741, 74.9829650547, 1.90545065298, -2.42207673814, 0.196960844718, 244, 2019
Z, -100, 0.7693019051543369, 572.57289295, 46.143759127, 13.4291456981, 0.179012955373, 0.443061970296, 247, 2019
N, -100, -0.29595910070795434, 197.615527989, 25.3582740587, 8.98457119378, 0.184707774158, 4.11321350625, 247, 2019
E, 100, -0.4075112885291856, 135.120018561, 34.0170732398, 4.84973461297, -2.08986285399, 1.9719756242, 247, 2019
Z, -100, 0.34119134943960494, 415.096798975, 86.3893049588, 4.37807415892, 1.26658778384, 0.0725836220192, 250, 2019
N, 100, 0.2388583348746746, 168.047843996, 54.2694476594, 3.05685015906, 1.84589379172, 3.08174824344, 250, 2019
E, -100, 0.24842309286748063, 60.0667696229, 78.5405589707, 0.732214734438, -2.0053652301, 2.86552834804, 250, 2019
Z, 100, -0.24214153958723766, 697.837171902, 91.2484591362, 7.13564697473, -1.19671071832, 2.92820284016, 253, 2019
N, 100, 0.5591980227942366, 366.290391987, 61.7340658063, 5.72491188874, -0.905946920407, 0.110437120383, 253, 2019
E, 100, -0.3896424374481722, 53.7481358932, 86.7062106541, 0.478479893338, -0.803812345076, 3.57099352515, 253, 2019
Z, 100, -0.4907534957465027, 458.625629499, 68.0669301878, 6.32313701821, -1.09396923747, 3.26075554021, 256, 2019
N, 100, 0.803039242098721, 253.874654976, 47.7442928167, 5.16874119416, -0.535170581829, 0.0112195441386, 256, 2019
E, -100, -0.8280664603013309, 47.3358127975, 68.7146020045, 0.51853272694, -2.64846612967, 0.206734493253, 256, 2019
Z, 100, -0.6681073975011235, 383.998932413, 25.0838560961, 19.8399774449, 0.22295655231, 2.47690252145, 259, 2019
N, 100, 0.7820329477121372, 212.696356772, 20.5109768498, 12.6460687594, 0.421243376523, 0.499577958273, 259, 2019
E, -100, -0.3468113949240804, 78.0376421015, 35.0771749808, 2.62141903633, -1.72643574569, 0.764275539868, 259, 2019
Z, -100, 0.9340043325405787, 845.214110206, 46.5869983234, 19.0261958895, -0.134155077918, 0.353775570867, 262, 2019
N, -100, -0.6922008977953308, 384.067723056, 29.4873216943, 13.8292267666, 0.37183905599, 3.56105598885, 262, 2019
E, -100, 0.5343856399745688, 207.639830353, 36.7777170213, 5.88285509908, -2.39069951386, 2.81821698095, 262, 2019
Z, -100, 0.7985877691129918, 795.230613825, 87.5756593904, 7.56392828101, 0.175409841828, 0.459061713123, 265, 2019
N, -100, -0.31856712595094017, 214.58951332, 56.8868295567, 3.3355790836, 0.906781808442, 3.56989524763, 265, 2019
E, -100, 0.38635436005309837, 178.906875196, 79.4837101132, 2.00466412881, -2.27563469776, 2.72538151095, 265, 2019
Z, -100, 0.02975492641762438, 367.902033655, 100.174465939, 3.37083848854, -1.32230346301, 2.74994481647, 268, 2019
N, 100, 0.6196304923759953, 167.03474141, 67.8741063727, 2.33842396256, 2.49411630044, 2.8354166871, 268, 2019
E, -100, 0.295720810544913, 51.6367818607, 95.3736308742, 0.433701768335, 0.297998890533, 1.04421482576, 268, 2019
Z, 100, -0.3695615862522042, 742.074186394, 59.5190040907, 14.119868672, -0.9782019784, 2.92829871414, 271, 2019
N, 100, 0.7189070848264948, 329.350569996, 44.268550732, 8.18439493945, -0.603961285662, 0.200386998932, 271, 2019
E, 100, -0.8721171949298109, 115.661506258, 62.2109669693, 1.80823960266, -3.34355931669, 0.200479121736, 271, 2019
Z, 100, 0.8902748919106556, 602.925334893, 53.6534609951, 11.6075335548, -0.526999737138, 0.352711374255, 274, 2019
N, -100, -0.8467854634422916, 170.517619879, 31.0836762856, 6.00688041888, -0.471961550703, 3.70169541435, 274, 2019
E, -100, 0.6893967455653791, 115.708039077, 36.4236724861, 3.45557688775, -2.82003162944, 2.66245916344, 274, 2019
Z, -100, 0.9172791974846021, 524.411727586, 92.0078605962, 5.60456426399, 0.351102357106, 0.0535383568516, 277, 2019
N, -100, -0.6591445537502584, 119.793189811, 58.7369160048, 2.01810485252, 0.786649472539, 3.21347028268, 277, 2019
E, -100, 0.6275095695850134, 139.761444725, 82.2896824098, 1.72142785653, -2.34119044315, 3.00557437228, 277, 2019
Z, -100, 0.3310444095867242, 403.32766603, 87.3831480852, 4.1593454106, -1.85582606477, 2.74276720426, 280, 2019
N, 100, 0.2856892276564975, 162.993580919, 58.5606586819, 2.65387203413, 2.06007853917, 2.84646456806, 280, 2019
E, -100, 0.7080131915216927, 109.121898923, 85.9541658376, 1.25052463626, 0.851055378531, 0.0894126436904, 280, 2019
Z, -100, 0.3319536776140961, 546.508516084, 57.1044928092, 8.411656651, -2.04685476277, 3.37264725669, 283, 2019
N, 100, 0.33839240306587687, 285.035152795, 40.7974652303, 6.6689319083, 1.87877026364, 3.24825857868, 283, 2019
E, -100, 0.5310528759044939, 100.107984119, 58.7070846488, 1.44432341336, 0.790685334272, 0.284837927079, 283, 2019
Z, -100, 0.045614521955276634, 272.694899049, 13.993596185, 25.9220620644, -0.536135971188, 1.49261395427, 286, 2019
N, 100, 0.3401055338044122, 131.843812334, 12.6886078449, 14.6887322514, 3.10180167088, 1.94875584939, 286, 2019
E, 100, -0.07945264232811242, 43.1986344436, 19.1511638668, 2.5200746205, -2.91580788564, 1.41763174081, 286, 2019
Z, 100, 0.8502934584941617, 336.697905518, 62.1778884122, 4.831656889, -0.567411141698, 0.267593930473, 289, 2019
N, -100, -0.8271381063924322, 162.43693291, 40.9459697765, 3.14783141775, -0.199431945564, 3.53788123177, 289, 2019
E, 0, 0.9710839335986807, 73.9709715476, 48.1790693611, 1.42486797434, 0.0164223963057, 0.0692770001884, 289, 2019
Z, 0, 0.8851817804581351, 525.692292815, 98.5728464247, 4.3521701551, -0.324749748846, 0.46541165822, 292, 2019
N, -100, -0.3124200978348505, 117.362852747, 65.3926162453, 1.32043779285, 0.672856267653, 3.85129288852, 292, 2019
E, -100, 0.8380889512390705, 101.671704741, 86.9803210082, 1.28312837533, -2.73515477866, 2.9592752778, 292, 2019
Z, 100, -0.247140811191187, 428.641355205, 100.754511671, 2.8893049487, 1.9019406772, 0.244065548439, 295, 2019
N, 100, 0.6953114816783239, 155.992922601, 68.4616378606, 2.48189955514, -0.598476519791, 0.0698258261671, 295, 2019
E, -100, 0.8989784102607485, 99.8878234758, 97.3634068774, 0.95782862336, 0.524759919978, 0.125449489513, 295, 2019
Z, -100, 0.5755149655287846, 693.025100467, 58.7672528292, 10.3296360231, 0.818096764214, 0.149927334376, 298, 2019
N, 100, 0.06935927249716764, 180.018946726, 43.2455495196, 3.46207962841, 1.45689879916, 3.408388724, 298, 2019
E, -100, 0.8657726560007998, 66.8319073518, 61.0751598658, 1.04248075977, 0.430887358532, 0.148960483083, 298, 2019
Z, -100, 0.5073363072304597, 329.693094156, 63.0088275241, 3.4208708542, -2.87126487593, 2.49380531032, 301, 2019
N, 100, 0.012824022356192318, 111.128148198, 37.3491554126, 2.15586347439, -2.20939214802, 1.19044734883, 301, 2019
E, 100, 0.8910798781884793, 73.197241675, 43.2617990186, 2.05718434198, -0.401656259369, 0.504303848813, 301, 2019
Z, 100, 0.967898457477236, 266.759088412, 113.778508564, 2.27266715753, -0.208769799493, 0.178304379625, 304, 2019
N, 100, 0.39821641568574284, 42.1200818226, 73.8943360415, 0.518173192078, -1.34413792653, 0.299771602393, 304, 2019
E, -100, 0.9935089109172625, 113.697623675, 98.9778936179, 1.17245081018, 0.0401641998654, 0.0420709268715, 304, 2019
Z, -100, 0.8573714192582387, 162.161008113, 108.131224024, 1.50270402692, 0.646053876516, 0.170829751434, 307, 2019
N, 100, 0.8942867714548232, 113.597124459, 72.7976547492, 1.48383175996, -0.509406725066, 0.223560797434, 307, 2019
E, -100, 0.9083049650780455, 108.804726704, 104.546395662, 1.05349157671, 0.236587062361, 0.130740322061, 307, 2019
Z, -100, 0.9194161840324997, 285.151212797, 70.5397836491, 3.15518744719, 3.21979915514, 2.90161189876, 310, 2019
N, -100, 0.9934418321722351, 61.526913567, 49.2929655828, 1.31524998849, 0.0274493962209, 0.0261908472065, 310, 2019
E, -100, 0.3190958578360521, 71.2360247882, 72.4007687174, 0.894922302551, -2.06198893786, 3.12437885026, 310, 2019
Z, 100, 0.693920949064148, 474.59844658, 23.2984411224, 14.9972074999, -0.0209027011353, 0.435649232945, 313, 2019
N, -100, -0.47182699439228687, 79.581447998, 20.0406508346, 2.47493523995, 3.19633594001, 0.292065065792, 313, 2019
E, 100, 0.5336703014568577, 52.8935900115, 26.5627866664, 1.50565399512, 2.05828145031, 3.02786688635, 313, 2019
Z, -100, 0.6045903747305984, 309.913991055, 74.7089515273, 3.7280247049, -2.67711852433, 2.63036836077, 316, 2019
N, 100, 0.4856936190876747, 25.6670740372, 49.3500941308, 0.44304170497, -2.94457809914, 2.11452922807, 316, 2019
E, 100, 0.3492952561314367, 83.110082539, 59.3885709529, 0.902345822426, 3.54354260536, 1.85858278435, 316, 2019
Z, -100, 0.47544205136226836, 431.415770933, 119.214136435, 3.44239017158, -2.29573665788, 2.94713101984, 319, 2019
N, 100, 0.634131501280445, 110.712480482, 79.6645650793, 1.31323356206, -1.07124824763, 0.436116739409, 319, 2019
E, 100, 0.9230653835155418, 66.6686107518, 103.846210501, 0.567768458875, 0.249545597315, 0.393205523954, 319, 2019
Z, -100, -0.4913851488515222, 462.702284605, 121.834486001, 1.85103187986, -0.180821346844, 2.1796178514, 322, 2019
N, -100, 0.8188703290889298, 210.179055017, 83.084934344, 1.69370180329, -0.32859307585, 0.567376430085, 322, 2019
E, -100, 0.9441332267846155, 154.279803318, 115.955287562, 1.40328167778, 0.0753257035922, 0.104306405142, 322, 2019
Z, -100, 0.8208905732041178, 293.43667505, 77.4514130683, 4.73839386138, 0.268755526293, 0.314294979261, 325, 2019
N, -100, 0.9111066163729551, 199.296097559, 55.6977424407, 2.99495255815, -0.0824862998099, 0.218664076698, 325, 2019
E, -100, 0.4009944892117239, 80.1518181738, 79.3642121417, 1.13880780312, -2.04281039166, 3.19242204022, 325, 2019
Z, -100, -0.16062251762598606, 548.933517978, 60.8222308483, 6.60492816335, 0.28472433228, 2.05786062468, 328, 2019
N, -100, 0.6513421415945613, 52.5118431602, 36.4314318253, 1.65340176551, 0.038378484542, 0.327086623277, 328, 2019
E, 100, 0.9553376933439792, 44.9653703736, 42.4727263183, 1.18558151687, -0.759381478537, 0.538340036008, 328, 2019
Z, -100, 0.160223717729887, 668.378055568, 125.167547894, 3.2089798218, -2.04773278983, 2.46428159715, 331, 2019
N, 100, 0.877159704573575, 105.663544971, 81.1642309483, 0.99702944141, -0.653042136321, 0.553635737121, 331, 2019
E, 100, 0.9009642922485211, 100.034951188, 108.073741697, 0.803887836737, -0.0881719146193, 0.305229069703, 331, 2019
Z, 100, 0.7201499670403413, 440.956877332, 133.193140448, 2.07613916012, 2.28611043516, 2.54480841374, 334, 2019
N, -100, 0.9185405229449385, 66.6555401427, 90.345365574, 0.708280687405, 0.295354010978, 0.180039877323, 334, 2019
E, 100, 0.8944490080789442, 104.490364427, 126.876948853, 0.783345907791, 2.82792449626, 3.08739294926, 334, 2019
Z, -100, 0.437891535690973, 78.9463632493, 97.5960089785, 0.684123213793, 1.11159410956, 1.00995810192, 337, 2019
N, -100, 0.9662212794670739, 83.2914171921, 67.6485592013, 1.25900152671, -0.0490543405806, 0.0877684767236, 337, 2019
E, 100, 0.8748498594413989, 116.453863293, 98.1898719872, 1.08344036722, -0.622731938774, 0.215512165771, 337, 2019
Z, 100, 0.7458840353161876, 409.347101559, 48.44195237, 6.17673697548, 2.38889244972, 2.85551726383, 340, 2019
N, 100, -0.6308011480028798, 193.819734068, 35.0972952456, 3.89085214746, 2.47566165316, 0.240747358501, 340, 2019
E, 100, 0.5666845568983914, 133.163912958, 49.2213928204, 1.95254504114, 1.88262135431, 2.71023693014, 340, 2019
Z, 100, -0.16242930701335015, 98.7726867873, 71.2879086571, 1.26783762169, -1.25389850689, 3.38849043153, 343, 2019
N, -100, 0.036661901821062916, 175.039766752, 47.0346906021, 2.65323152623, 1.12085769208, 0.753581555303, 343, 2019
E, 100, 0.4077759223190772, 85.2541863391, 57.7764623761, 0.996235921712, 3.52337615085, 1.80514932869, 343, 2019
Z, -100, 0.7979059327373365, 244.923734692, 126.802505877, 2.08918572134, 0.530764933679, 0.0582167416678, 346, 2019
N, -100, 0.45008323349600654, 134.787781508, 84.4571204236, 1.672991249, 0.909960307982, 0.184945853778, 346, 2019
E, 100, 0.9397229066797546, 97.2669744715, 110.691781935, 0.774764946615, 0.115732650874, 0.346689921651, 346, 2019
Z, 100, 0.7955345173479395, 500.73637152, 142.97624946, 2.4956729564, -0.597608707219, 0.673074459116, 349, 2019
N, -100, 0.5504292512863478, 85.1385910413, 97.6837998678, 0.760628044969, 0.507723543198, 0.431940172042, 349, 2019
E, 100, 0.9475149155878475, 133.748054549, 135.04712466, 0.9554253046, 2.94350200497, 3.04591803647, 349, 2019
Z, -100, 0.8989209300717794, 273.041706068, 103.311877117, 2.69357085411, 0.196208371674, 0.167858143879, 352, 2019
N, -100, 0.8015945287460702, 34.9092159794, 72.3731557148, 0.448564627446, 0.397154134165, 0.114049842561, 352, 2019
E, 100, 0.9540949565730847, 117.728396416, 104.334933786, 1.06486215898, -0.360837177825, 0.115666288987, 352, 2019
Z, 100, -0.3359014041762451, 352.573602481, 49.8751561253, 6.10186694321, -1.8178446048, 2.12162338821, 355, 2019
N, -100, 0.473613823510069, 53.2458045091, 31.0290609017, 2.12353040839, 0.551777005566, 0.141747199299, 355, 2019
E, 100, 0.9160924836979155, 46.1260300439, 37.2824937673, 1.17744954541, 2.8904445758, 2.94445470027, 355, 2019
Z, 100, 0.08172564900972944, 643.293958039, 116.828795694, 5.30316975441, -1.69665077863, 0.323531129219, 358, 2019
N, -100, 0.9653958291384888, 55.3811317836, 74.9382524449, 0.720141185142, 0.041695729334, 0.107062816256, 358, 2019
E, 100, 0.9775081075987434, 99.2465262324, 98.7870541613, 1.07733088165, -0.236466119141, 0.149274156084, 358, 2019
Z, -100, -0.12374374139079035, 306.218344173, 143.223454585, 1.04492439555, 0.365184571334, 1.86488824679, 361, 2019
N, -100, 0.9893180741002313, 82.0840659495, 96.516626791, 0.834112291678, 0.186435378414, 0.117358605022, 361, 2019
E, -100, 0.9771656950145484, 148.274553044, 134.323831682, 1.13288474426, -0.0652208266607, 0.132600297524, 361, 2019
Z, -100, 0.3796080372886526, 98.8316039723, 118.992437915, 0.618405379945, -2.58322263866, 2.45588070462, 364, 2019
N, -100, 0.9425040753860502, 76.3447442871, 82.0931853841, 0.862478648671, 0.148237878462, 0.0213533506989, 364, 2019
E, -100, 0.9861664631578971, 123.747564374, 117.278489626, 1.07719453385, 0.0570114147944, 0.0366224818573, 364, 2019
