Chan, Phase Shift, Correlation, ptp-data, ptp-synthetic, rat, phasem, phasestd, DOY, Year
Z, -100, -0.7562974507506193, 0.196516129408, 242.291378437, 0.000669915588034, -1.02263466384, 2.13051113176, 139, 2019
N, 100, -0.7079944940327906, 0.822403878185, 28.0520624895, 0.0209914584874, -1.29768122607, 3.23199028169, 139, 2019
E, 100, 0.6309001024740659, 0.204165791796, 152.536321262, 0.00127076183623, -0.509965077762, 0.44411658306, 139, 2019
Z, -100, 0.12520382043568345, 0.101615977956, 103.092245941, 0.00112404680111, -0.610044540064, 0.737781595569, 145, 2019
N, 100, 0.7844135716973472, 0.269684725449, 13.3965821275, 0.0167773645957, -0.124616745116, 1.24156265894, 145, 2019
E, 100, 0.4493521443212883, 0.273181859423, 70.8622077271, 0.00412294255805, -1.89127620058, 0.727815757545, 145, 2019
Z, -100, -0.6266838866982913, 0.0956984384868, 95.6249075958, 0.0012157586605, -0.37248755836, 2.75896601834, 148, 2019
N, -100, 0.1792543927990067, 0.232648687821, 11.3088291742, 0.0198592912016, -0.0387934678521, 2.8056108532, 148, 2019
E, 100, -0.527311601520479, 0.171498764748, 63.8514194732, 0.00303260747242, 1.21638262702, 1.42494775084, 148, 2019
Z, 100, 0.14750890551635978, 0.0703991094911, 179.114661379, 0.000409886576888, -0.987681007087, 2.6320983447, 151, 2019
N, 100, -0.28196354447571953, 0.104261225492, 19.6643941584, 0.00536076030849, 1.79929908103, 1.97595146039, 151, 2019
E, -100, -0.9095757441797347, 0.148326765034, 112.299073891, 0.00134002102735, -2.06559165173, 2.60016552069, 151, 2019
Z, -100, -0.012401614798814575, 0.238961196007, 227.738652629, 0.00102912980668, -0.405127776327, 2.34805816254, 154, 2019
N, -100, -0.587255317188961, 0.0945930431095, 24.3034657601, 0.00339417571432, -1.0155085404, 2.1897433376, 154, 2019
E, -100, -0.5570203812395549, 0.443899449208, 141.893095461, 0.00305743855959, -2.00827741214, 2.44068011834, 154, 2019
Z, -100, 0.5588851347547426, 0.19933921608, 208.13722293, 0.000897346173784, -0.021037799539, 2.73477759593, 157, 2019
N, 100, 0.24984515276174035, 0.218525356516, 22.6076953384, 0.00786834665538, -1.02778352809, 1.16200195405, 157, 2019
E, 100, 0.7153353248756522, 0.394185590214, 131.775269979, 0.00289269666835, 0.455391239841, 2.14171790613, 157, 2019
Z, 100, -0.5873604700706125, 0.252954081358, 132.20530303, 0.00168128137031, 1.15114163867, 2.48020985656, 160, 2019
N, 100, 0.7097939748402364, 0.248374848247, 14.4718634941, 0.0137357274425, -0.0671196736899, 1.24282305954, 160, 2019
E, -100, 0.6308395524760467, 0.521514289088, 90.0314296769, 0.0050013857918, -0.141503782848, 2.7565358228, 160, 2019
Z, -100, -0.6419586231824755, 0.118812585262, 136.325673077, 0.000823215445471, -2.69024533227, 2.46324471716, 163, 2019
N, -100, 0.1441462937673345, 0.136867240988, 16.4339695499, 0.00810908634859, 0.0699686481375, 2.98961103547, 163, 2019
E, 100, -0.5337479614524571, 0.226830263567, 90.2231275795, 0.00211683395582, 0.611958553537, 1.86765343072, 163, 2019
Z, 100, 0.5305486490675332, 0.328715526042, 198.479457265, 0.00166251768348, 0.763104501815, 2.89036075159, 166, 2019
N, 100, -0.5792088656534542, 0.225665997837, 23.2445240304, 0.00872266397526, -0.661228791784, 2.78697152355, 166, 2019
E, -100, -0.6519056806194287, 0.65016655831, 125.951570137, 0.00496308136323, -0.267176193779, 2.72050734361, 166, 2019
Z, 100, 0.4898282075865623, 0.117052981908, 211.11664952, 0.000632243481961, -1.84830412301, 1.02501334672, 169, 2019
N, -100, -0.018327995854760862, 0.0913654566594, 24.9992380679, 0.00293142571269, -1.16635824598, 1.74458233202, 169, 2019
E, -100, -0.40585314565994174, 0.216540367293, 133.674057407, 0.00204817581785, -2.02163619642, 2.46815319023, 169, 2019
Z, 100, 0.45418211798888536, 0.276751327917, 170.496322347, 0.00144398580694, -1.33647658356, 0.568234623686, 172, 2019
N, 100, 0.06072233886797263, 0.043320941917, 20.8552568935, 0.00209054372104, -1.92885006034, 2.86865362381, 172, 2019
E, -100, -0.23209439648711605, 0.512414011677, 109.396836425, 0.0042784266224, -0.951530594246, 2.4866838387, 172, 2019
Z, -100, 0.16497157216600922, 0.13816685459, 103.395140976, 0.00125239826685, -0.481480993078, 0.598002200796, 175, 2019
N, -100, 0.6097161410432247, 0.0951059629853, 12.8042726323, 0.00640042785109, 1.27226099276, 2.82628813696, 175, 2019
E, 100, 0.169909821858221, 0.262080255659, 69.9589118454, 0.00345727975253, -1.77102368957, 0.69720867134, 175, 2019
Z, -100, -0.555709980767403, 0.305733665267, 101.594528874, 0.00281723157096, -0.139443007849, 2.70603703693, 178, 2019
N, -100, 0.13400656171621833, 0.137871555392, 11.6679404213, 0.0110014915994, 0.0831803711279, 2.78383833746, 178, 2019
E, 100, -0.4592581145862664, 0.604090468176, 67.9044595257, 0.00852160548887, 1.74971082244, 1.19307729508, 178, 2019
Z, -100, -0.1772713964794779, 0.0769296026011, 180.386778533, 0.000448845417144, -0.467410010253, 2.86735518975, 181, 2019
N, -100, 0.10565178537910523, 0.121613027469, 19.5688229853, 0.00556654673205, 1.54100176269, 2.2266278184, 181, 2019
E, 100, -0.813661613617028, 0.159140029014, 113.252941086, 0.00142368193425, -1.63507799064, 2.71748335297, 181, 2019
Z, -100, -0.2685090526204237, 0.372392715915, 227.764839078, 0.00143774324939, -1.75004056139, 1.55916786867, 184, 2019
N, -100, 0.31968897239336747, 0.190974524525, 24.4133614464, 0.0066096274249, 0.400601897621, 1.55282008857, 184, 2019
E, 100, -0.26298753362211835, 0.729376879755, 143.092928133, 0.00448072110807, -2.23168105716, 2.54540907584, 184, 2019
Z, -100, 0.5390616249470151, 0.155686117003, 207.054215431, 0.000714832910383, 1.15706030364, 0.307818895822, 187, 2019
N, -100, -0.02965235445773913, 0.0667539864399, 22.8320429593, 0.0024911968989, 0.237687571907, 2.81259147937, 187, 2019
E, 100, 0.8233503772570459, 0.313462745877, 132.809990633, 0.00233897404815, 1.41288865834, 2.81040067363, 187, 2019
Z, -100, 0.21322293771301476, 0.14829126111, 134.750984815, 0.00101200458726, -0.392978159732, 1.32404031035, 190, 2019
N, 100, 0.9082911489389366, 0.0860050779399, 15.1925259991, 0.00501001867717, 1.57897688378, 2.78014698949, 190, 2019
E, 100, 0.2973091596168514, 0.289767855497, 91.9303155922, 0.00275193272929, -1.47396120845, 0.623883813682, 190, 2019
Z, -100, -0.3620236032917928, 0.111674292994, 127.14495124, 0.000977606514168, -1.23195484589, 1.08213499702, 193, 2019
N, -100, 0.43132360570475065, 0.0429003981829, 15.7672694612, 0.00318998651307, 1.18695557483, 0.572984830893, 193, 2019
E, 100, -0.8620860884539231, 0.210805542398, 84.6726044376, 0.00293225471882, 0.793124796644, 3.05684145131, 193, 2019
Z, 100, 0.5069382929855023, 0.102148791093, 185.841730423, 0.000589643041414, 0.0860799338646, 1.72186417093, 196, 2019
N, 100, -0.03129045535244852, 0.0711847906139, 21.7213699351, 0.0027002734613, -1.60306593657, 1.9891416619, 196, 2019
E, -100, -0.7128878210954817, 0.272738703889, 117.664156853, 0.00267844416566, -0.77577776085, 2.09266803976, 196, 2019
Z, -100, 0.9667898856719646, 0.214849193819, 203.990266263, 0.00114076510064, 0.587813153898, 1.21896894968, 199, 2019
N, -100, -0.09119285742243095, 0.154623389964, 23.9341972722, 0.00519452185001, -0.830237383775, 2.02241437816, 199, 2019
E, 100, 0.26265252296423536, 0.490214347999, 128.567473371, 0.00400464032459, 0.494645539482, 2.91599744827, 199, 2019
Z, -100, 0.40201434987745016, 0.222294634545, 173.551317199, 0.00118850295554, 1.35524861913, 0.429792557506, 202, 2019
N, 100, 0.4814245883796725, 0.127496060622, 20.4753196799, 0.00512480383502, -0.605021629886, 1.13825348646, 202, 2019
E, 100, 0.7999248003289945, 0.554752012998, 110.55631787, 0.00463649244393, 1.84840832728, 2.63939862058, 202, 2019
Z, -100, 0.7540570356883753, 0.216816776011, 112.076662583, 0.00198062904114, -0.114962187994, 0.276605987369, 205, 2019
N, -100, 0.6764638087826268, 0.0955420763311, 12.9913948551, 0.00613754568117, 0.210787987359, 1.21487647575, 205, 2019
E, 100, 0.5360348508843599, 0.354664429245, 74.3439738533, 0.00489118156202, -1.26739342806, 0.45546128335, 205, 2019
Z, 100, -0.8015422920343096, 0.115038801024, 102.112451019, 0.00111497526404, 0.192094321717, 1.29879617954, 208, 2019
N, -100, 0.7539144755018191, 0.0416694468015, 11.5052532804, 0.00420819237132, 0.374028927843, 2.74929480326, 208, 2019
E, 100, -0.012327584757453864, 0.221487218771, 68.3188450075, 0.00333984862435, 1.90678622815, 2.9007920203, 208, 2019
Z, 100, 0.1592054290953887, 0.112443000663, 197.077814948, 0.000629847363709, -0.648023154667, 2.66614884268, 211, 2019
N, -100, 0.641560690223351, 0.0515888935037, 21.3328006351, 0.00266588563458, -1.64560030167, 2.70045664763, 211, 2019
E, -100, -0.6869373314477607, 0.208147417537, 122.834965185, 0.0020316043338, -1.96874558023, 2.58835598541, 211, 2019
Z, -100, 0.8959328859387082, 0.197828784185, 249.699767836, 0.000783599355416, 0.787696577124, 1.17273999088, 214, 2019
N, 100, 0.0625722681921231, 0.14851159551, 27.1330924421, 0.00444603408386, -0.985151810896, 1.78993669671, 214, 2019
E, 100, 0.39431975454334395, 0.383968547843, 157.494748218, 0.00245142078808, 0.593226513388, 2.84897326699, 214, 2019
Z, 100, 0.24725463254913482, 0.293889568065, 215.527667321, 0.00118620145671, 1.50877703877, 3.12173404675, 217, 2019
N, 100, 0.6790340898140698, 0.0991667513037, 24.2448875698, 0.00340088643768, -0.389038440688, 1.19163734526, 217, 2019
E, -100, -0.10077680275436003, 0.55993483726, 139.231499838, 0.00356238829682, 1.66050496777, 2.50695024585, 217, 2019
Z, 100, -0.13648190230750415, 0.172280713482, 117.166960662, 0.00153122156885, 0.214352341197, 1.33159140644, 220, 2019
N, -100, 0.7637656644328562, 0.0789319631817, 14.1228924884, 0.00489007972622, -0.960081103734, 2.92051307088, 220, 2019
E, -100, 0.6403276552900078, 0.277825912462, 80.8596888302, 0.00383788128079, -0.793439475452, 0.925229085249, 220, 2019
Z, -100, -0.05782653336596415, 0.270340873501, 127.007011486, 0.0020458540645, 0.139022437997, 2.50222313788, 223, 2019
N, 100, -0.12706776614398937, 0.134399692974, 15.3551712932, 0.0079676149744, 1.18343968408, 2.21109283701, 223, 2019
E, 100, -0.7694512443424472, 0.497432797779, 82.5313392466, 0.00584260730864, -0.749923452101, 2.74414602992, 223, 2019
Z, -100, -0.23339041422086507, 0.382480106013, 196.419551638, 0.00178386959745, -1.1298957652, 2.51193887694, 226, 2019
N, 100, -0.035168860159183246, 0.0399769101879, 22.4952282223, 0.00189970762822, 0.0391821762502, 1.05899822798, 226, 2019
E, 100, -0.21064078609124218, 0.766600624203, 122.961093761, 0.00557774747666, -2.71517160616, 2.47668771632, 226, 2019
Z, 100, 0.043615877667635604, 0.161594868771, 217.14569908, 0.000621806640086, -1.75624119957, 0.751136705221, 229, 2019
N, -100, 0.2983782024492525, 0.0813831415249, 24.7273364606, 0.00321767606334, -2.16940728185, 2.49682545575, 229, 2019
E, -100, -0.3568757863660014, 0.309702289527, 135.568631768, 0.00202046406181, -1.59369681469, 2.54075451112, 229, 2019
Z, -100, 0.358514829068696, 0.19728877605, 183.763583499, 0.000990604244235, 1.37921417025, 0.385896505039, 232, 2019
N, -100, 0.5484360723574043, 0.0275608864714, 20.5608382279, 0.00142140952221, -0.596240583743, 1.56411602336, 232, 2019
E, 100, 0.8516276627430927, 0.303455170181, 115.735985155, 0.0025667924382, 1.73561674578, 2.67862428845, 232, 2019
Z, -100, 0.24188321666164106, 0.0952464120789, 108.993571704, 0.000626893816798, 0.292805326426, 1.79789132716, 235, 2019
N, -100, -0.04837957926983564, 0.0153907533116, 11.7775322247, 0.00143379426162, 1.08779911382, 1.24095131685, 235, 2019
E, 100, 0.2783009290131273, 0.31261552569, 72.3360691998, 0.00415235352422, -1.92754051608, 0.473871668554, 235, 2019
Z, -100, -0.10282574060334486, 0.101886136367, 121.970082278, 0.000793708267213, -1.78377135182, 1.34687454125, 238, 2019
N, -100, 0.38240354391045106, 0.0606099109607, 13.7978552405, 0.00433738857968, 1.5863532654, 0.536622897486, 238, 2019
E, 100, -0.4597424803835419, 0.243087581321, 79.6352346682, 0.00382564916121, -0.829244551363, 1.65972327814, 238, 2019
Z, 100, 0.4526917802091836, 0.10873400172, 239.013322814, 0.000452199906636, -0.900536223716, 2.61522675694, 241, 2019
N, 100, -0.08857637954485237, 0.0893222166463, 25.9282550474, 0.00299047465077, -0.453777285757, 2.58522736567, 241, 2019
E, -100, -0.7674005794818917, 0.212605371703, 147.994342058, 0.00156711105458, -2.70645703959, 2.18554569821, 241, 2019
Z, -100, 0.8553227882206023, 0.380817080844, 275.177806587, 0.0012901998233, 0.681815295135, 0.509144084893, 244, 2019
N, 100, 0.18312261321440276, 0.102132475317, 30.6584261149, 0.00270907327378, -0.800668201526, 1.60044919269, 244, 2019
E, 100, 0.31717677047337767, 0.757381038529, 173.244858646, 0.00420547027788, 0.770832673779, 2.86082312221, 244, 2019
Z, -100, 0.7621976218437579, 0.143154294588, 200.126262086, 0.00074169972813, -1.2891885513, 0.514992381201, 247, 2019
N, 100, 0.239603557925407, 0.0598702007868, 22.9275927923, 0.00217006879095, -0.125670450969, 1.16177921229, 247, 2019
E, 100, 0.15083608883936211, 0.293583548447, 130.295478547, 0.0022390569149, -2.3876802142, 0.685120745637, 247, 2019
Z, -100, 0.4613207249295895, 0.410671347684, 76.8245373776, 0.00435184236131, -0.819496024917, 2.07505107348, 250, 2019
N, -100, -0.0355066328691082, 0.0627194592492, 10.4209647146, 0.00603014879822, -1.97196843348, 1.43706700363, 250, 2019
E, 100, 0.24064668131463554, 0.872639368584, 55.5284470374, 0.0123508179281, -1.3916792341, 0.421596620634, 250, 2019
Z, 100, 0.2684087991005061, 0.192640628101, 149.45439548, 0.00144542439763, 0.450911371716, 2.85990679701, 253, 2019
N, -100, 0.07452167887936195, 0.0858341787353, 17.3278786699, 0.00514153725604, 1.58613935813, 2.04539064113, 253, 2019
E, -100, -0.7918353572902038, 0.367828658983, 94.5656457445, 0.00436494241875, -0.645255819971, 2.73413221772, 253, 2019
Z, 100, 0.5922475207046091, 0.0922466646468, 218.67913295, 0.00042997340805, -0.576953452568, 2.07124969653, 256, 2019
N, 100, -0.1384728807421537, 0.0581731870984, 24.4482821772, 0.00198380395242, -0.251966673084, 2.39207921056, 256, 2019
E, -100, -0.6079752337360687, 0.173207357824, 135.749488344, 0.00150727382034, -2.16597971707, 2.30169871852, 256, 2019
Z, -100, 0.9392160676396658, 0.162841632439, 231.1587111, 0.000603173102624, -0.39020115545, 1.72579781968, 259, 2019
N, 100, 0.24803236039296328, 0.119894474284, 25.3343437666, 0.00403711010774, -1.03409809534, 1.48455737512, 259, 2019
E, 100, 0.35717825401347114, 0.327208469127, 143.424921033, 0.00196331701868, -0.45858557027, 2.8654329298, 259, 2019
Z, -100, 0.5318000177592033, 0.22184746445, 181.816842307, 0.00121767305391, 1.36344018029, 0.260242804876, 262, 2019
N, 100, 0.46418145119133114, 0.132050350599, 19.0963104742, 0.00607309111635, -0.420993330676, 1.67113196039, 262, 2019
E, 100, 0.8663562842649676, 0.395683294356, 114.072901405, 0.00368028051156, 1.73546685675, 2.73714922685, 262, 2019
Z, 100, 0.6347724118156828, 0.270774431749, 88.1779346509, 0.0025854429172, -0.463276483034, 0.33333176688, 265, 2019
N, -100, 0.6231059315709603, 0.0717230125961, 8.90961065563, 0.00653964929367, 0.392173412505, 1.84918277027, 265, 2019
E, 100, 0.03173468135701782, 0.542814719347, 60.0291281857, 0.00739310291514, -1.73110276604, 0.442373488649, 265, 2019
Z, 100, -0.28776937854575674, 0.336858995456, 170.450235012, 0.00204135430792, -2.30701720568, 2.47651332142, 268, 2019
N, 100, -0.37074772678279955, 0.0808460932423, 19.1354750498, 0.00422858195117, 0.828066607082, 2.54167676302, 268, 2019
E, -100, 0.1082323211171357, 0.695846575659, 107.854838014, 0.00662633487233, -3.21593063742, 2.77214781567, 268, 2019
Z, 100, 0.5623019091702036, 0.14770353659, 277.252499717, 0.000595004179965, -0.550328334245, 2.33091913819, 271, 2019
N, 100, -0.2165314265152736, 0.0705081300739, 30.6908445889, 0.0020264692696, -0.573722107931, 2.53105761787, 271, 2019
E, -100, -0.5700698352990675, 0.293721266629, 172.187996804, 0.00201801838956, -2.18292928041, 2.28504686522, 271, 2019
Z, -100, 0.7497995927079252, 0.50008267303, 269.994381799, 0.00166110283841, 0.934143914931, 0.523818148075, 274, 2019
N, 100, 0.2843568896977765, 0.0762510185308, 30.57689649, 0.00217370910198, -0.993864257391, 1.08822866977, 274, 2019
E, 100, 0.45939065800126005, 0.93974554393, 169.628449357, 0.00518439249567, 1.04019074154, 2.82864672338, 274, 2019
Z, -100, 0.19021158339567754, 0.146866578684, 156.925953125, 0.000997451185674, 1.29121369884, 0.240051860324, 277, 2019
N, -100, 0.6609149452946464, 0.128346943528, 17.9449481932, 0.00641084439863, 0.31365749016, 1.65280589117, 277, 2019
E, 100, 0.9625223418952351, 0.300723504834, 103.78125365, 0.00309381151676, -0.00129423541476, 0.178449131393, 277, 2019
Z, -100, -0.021791649020353448, 0.137805514363, 76.7110364783, 0.00207258758817, -2.85021059829, 2.85317562292, 280, 2019
N, 100, 0.38957151306489735, 0.0310973939764, 9.625466057, 0.00338685467294, 0.0748897616619, 2.75547018699, 280, 2019
E, 100, -0.37387259088274977, 0.253403301455, 52.2792219521, 0.00556813211229, -0.537841373158, 0.811049513928, 280, 2019
Z, 100, 0.4074022034234503, 0.0615912638515, 174.126480923, 0.000348368789644, 0.107912355117, 1.07174352534, 283, 2019
N, 100, -0.13186781045940932, 0.0745682097257, 19.6738179358, 0.00343130098722, 1.99727733777, 1.68523113922, 283, 2019
E, -100, -0.785811092727612, 0.11682086268, 109.060148792, 0.000923462358951, 0.354596764346, 1.24261772641, 283, 2019
Z, -100, -0.47639466853213663, 0.406299889479, 234.022734399, 0.00156707960318, -0.849044065559, 2.42568879982, 286, 2019
N, -100, 0.9099053828793962, 0.0438745210229, 25.4595675064, 0.0018415540502, -0.520368408538, 2.33036206312, 286, 2019
E, 100, -0.3355904082831293, 0.932526430288, 144.643942678, 0.00576859874359, -2.52535508121, 2.54526392952, 286, 2019
Z, -100, 0.6747086862683122, 0.120032043106, 231.026756319, 0.0004421799575, 0.807233481676, 0.553719088106, 289, 2019
N, -100, 0.8521480649641923, 0.0511150584313, 24.1863312594, 0.00204766912795, -0.834575309024, 0.656474864045, 289, 2019
E, 100, 0.42700752643072376, 0.229103529679, 142.779880264, 0.00139772345958, 0.898807116212, 2.80868857226, 289, 2019
Z, -100, 0.6144430804982136, 0.0620241380795, 161.599637163, 0.000397469786893, 0.65162857416, 1.25526670812, 292, 2019
N, 100, -0.5164741929529502, 0.645511738836, 15.7317033217, 0.0365811218761, -2.20621005155, 2.72246831071, 292, 2019
E, 100, 0.896920299616217, 0.194185596266, 102.153355224, 0.00179467247467, 1.4545346304, 2.5527795947, 292, 2019
Z, -100, -0.6107221455106205, 0.0936830998436, 85.1188766002, 0.000917089273212, 0.951821043083, 3.10521877063, 295, 2019
N, 100, 0.08530296099271793, 0.279114262887, 9.8996498451, 0.0236492872597, -1.80350135211, 0.598933972153, 295, 2019
E, 100, -0.4795302328619635, 0.173158556117, 57.9464166744, 0.00318485860218, -0.242120956183, 3.06096381164, 295, 2019
Z, 100, 0.4725252981783127, 0.12218538822, 214.883725095, 0.000538561989662, -1.54154446212, 2.29550121556, 298, 2019
N, -100, 0.6057345957506498, 0.127234876131, 24.3663837584, 0.0053741548363, -0.58413766762, 1.35992780894, 298, 2019
E, -100, -0.7970523185837943, 0.241668063078, 134.75829872, 0.00164841815251, -2.29460951046, 2.36669158513, 298, 2019
Z, 100, 0.07845778866695595, 0.0916233794698, 278.162390809, 0.000362161142471, 0.0474897730457, 2.51807704169, 301, 2019
N, -100, 0.34630743512783796, 0.034391923267, 31.6310440598, 0.00122414972673, -1.97416962105, 2.54053980292, 301, 2019
E, -100, -0.8175735346611812, 0.223626926816, 174.323812668, 0.00139969797149, -1.89525785804, 2.48601098635, 301, 2019
Z, -100, 0.4387439099434, 0.156211311754, 231.025517306, 0.000605539430542, -0.435949989083, 3.24706193415, 304, 2019
N, 100, -0.496835662310281, 0.0282359937142, 25.948871745, 0.000950269002156, -0.118465191398, 1.81274143355, 304, 2019
E, 100, 0.8371702505774765, 0.274225148063, 145.626063137, 0.00178394237103, -0.378193449657, 0.416112551834, 304, 2019
Z, -100, 0.28822297483891, 0.0802171805233, 114.348959132, 0.000808878402304, -0.549038122985, 0.745109018887, 307, 2019
N, 100, 0.30910432957928496, 0.0277180063505, 13.120317971, 0.00205599849619, 1.22829357156, 2.80874517372, 307, 2019
E, 100, 0.6273152833663487, 0.183659580463, 77.1467993748, 0.00257639616408, -1.78263598821, 0.926397241649, 307, 2019
Z, -100, -0.29409135003281794, 0.0959528743913, 96.3741674041, 0.00123433969495, -3.00822932083, 2.30812439003, 310, 2019
N, -100, 0.5072451665794839, 0.0396496871388, 11.4943853802, 0.0033111095504, 1.30694511287, 0.450990235069, 310, 2019
E, 100, -0.12741762992184424, 0.268770057474, 64.0129729966, 0.00434989776903, -0.888731059495, 1.21891963105, 310, 2019
Z, 100, 0.3941949737199957, 0.203582217941, 185.606488873, 0.00106039226108, 1.01106711826, 2.75407431035, 313, 2019
N, 100, -0.3331076742219476, 0.0614595996981, 20.4577928341, 0.00287604969115, 1.94114126291, 1.68249783388, 313, 2019
E, -100, -0.5126668351707667, 0.351187756121, 115.999546613, 0.00285362888315, -0.0235388198901, 2.56575911006, 313, 2019
Z, 100, -0.7242812434193232, 4.34498270446, 233.610597052, 0.0148651223514, -0.176466901382, 2.84888245032, 316, 2019
N, -100, 0.6867445359165923, 1.54776627367, 24.6914282616, 0.049475192031, -2.43141966847, 2.71930718174, 316, 2019
E, 100, 0.36612116081538426, 0.557925609519, 144.572024949, 0.00348098351134, -0.836729068078, 1.0488261624, 316, 2019
Z, -100, -0.8902840412691684, 6.43950404554, 216.077954545, 0.0236136218328, 0.832725761351, 2.85383159323, 319, 2019
N, -100, 0.6464036871751361, 2.28804040415, 21.642427833, 0.0869551211917, -0.0632396748951, 1.25816837394, 319, 2019
E, -100, 0.6565686864681489, 0.319993480453, 134.376800736, 0.00242111032802, 0.0985093257255, 0.466447743767, 319, 2019
Z, 100, 0.5410595976768457, 0.280650902745, 136.274216978, 0.00185552588501, -1.14763835832, 0.387051011077, 322, 2019
N, -100, 0.03964722505737964, 0.0378447261399, 12.8083872693, 0.00274307765651, 0.262162879867, 1.82023702458, 322, 2019
E, -100, -0.15346033479375218, 0.518494249074, 88.726701736, 0.00539859408545, -2.34253576524, 0.477823067313, 322, 2019
Z, -100, -0.8177965035647977, 0.0861018900837, 124.451136962, 0.000682413000664, -2.15782620929, 2.86293726848, 325, 2019
N, -100, 0.6366849058831439, 0.0365100563153, 14.6953252793, 0.00250958152311, 0.71598328324, 2.03379426519, 325, 2019
E, 100, -0.18927362474930876, 0.17159233522, 82.3926411872, 0.00198475529475, 0.215557617914, 1.22696526781, 325, 2019
Z, -100, -0.6866636259038937, 0.0529721449471, 222.413532713, 0.000252764886917, 1.42704232426, 1.71791293967, 328, 2019
N, 100, -0.3893101588282105, 0.0842646910066, 25.8277127173, 0.00303290145728, 1.35672193439, 2.30162898531, 328, 2019
E, 100, -0.6927546639756562, 0.10436891003, 140.182650206, 0.000761894033513, -2.98940210148, 2.9110037173, 328, 2019
Z, -100, 0.9381878147847845, 0.0887675525206, 246.660449564, 0.000387395396288, -0.553622708659, 2.721347233, 331, 2019
N, -100, -0.26952745667518335, 0.0988932445742, 28.2814543122, 0.00295467897869, -0.6643859911, 2.34401743518, 331, 2019
E, 100, 0.28649594900741077, 0.162621577413, 155.64534387, 0.00104495399717, -1.02183447911, 0.399350414985, 331, 2019
Z, 100, 0.6288547079998693, 0.113393835386, 191.09202042, 0.000585850959891, -1.66329948899, 0.761676858403, 334, 2019
N, -100, 0.12635525489848357, 0.0647518232342, 21.1375184484, 0.00282914066117, -0.806371669083, 1.50865242506, 334, 2019
E, -100, -0.1316983529513972, 0.237084464725, 121.328602413, 0.00199473548727, -1.3693934042, 2.51084830101, 334, 2019
Z, -100, 0.44883292665767627, 0.137490570693, 96.3823680344, 0.00129779657576, -0.660493418509, 0.449532195684, 337, 2019
N, 100, 0.6052635066514263, 0.0635996488933, 11.6173291879, 0.00488292049915, 1.68926789059, 2.4196788394, 337, 2019
E, 100, 0.11690001194133404, 0.268289135047, 66.0740809432, 0.00364321231547, -1.90373159513, 0.570703509526, 337, 2019
Z, 100, -0.5574757295425634, 0.163980501496, 101.837821789, 0.00176807092634, -2.66133330173, 2.29460088964, 340, 2019
N, -100, 0.502073149696111, 0.101531803452, 11.8372589988, 0.00787544252014, 1.32634513591, 0.56283297463, 340, 2019
E, -100, 0.11580070088749105, 0.316310185618, 67.5682437663, 0.005107063153, -0.503851261782, 1.25348132487, 340, 2019
Z, -100, -0.12627074588499865, 0.0911976072778, 181.690473297, 0.000525879484612, -1.16405608525, 2.53829785115, 343, 2019
N, 100, -0.05400486893012386, 0.121833258039, 19.6545193632, 0.00570573372321, 1.85371672263, 1.63447065247, 343, 2019
E, 100, -0.3762874678421852, 0.185476632735, 113.867966517, 0.00164332502916, -2.29666689154, 2.48952338298, 343, 2019
Z, -100, -0.03399989343821444, 0.122343083247, 225.067540113, 0.000500697907461, -1.19785099322, 2.05436424657, 346, 2019
N, 100, -0.22797170718018123, 0.131770600828, 23.3292972692, 0.00487442452597, -1.03968070501, 2.1022094952, 346, 2019
E, 100, -0.25549396247512624, 0.266532626062, 140.155191418, 0.0017080223902, -2.30468662284, 2.48000161372, 346, 2019
Z, -100, 0.7230783154219308, 0.0693967012457, 205.20902264, 0.000272165886002, -0.136825522489, 3.09007405079, 349, 2019
N, 100, 0.19710443185872473, 0.108687200734, 20.1862209423, 0.00473999369763, -0.58675141484, 1.56132283762, 349, 2019
E, 100, 0.6276342056734708, 0.13280678848, 129.075460865, 0.000842092238978, 0.591494176757, 2.02291256003, 349, 2019
Z, -100, 0.05850816302022911, 0.120688955505, 131.370244962, 0.000893638739318, 1.74499481156, 2.96243182675, 352, 2019
N, -100, 0.5927992687704543, 0.122197657647, 13.7385259178, 0.00753895060439, 0.923052887987, 1.58287479807, 352, 2019
E, 100, 0.10519846684285179, 0.238668994063, 88.2283277217, 0.00260158035259, -2.17170811623, 0.661272383351, 352, 2019
Z, -100, -0.4939175533628667, 0.122523817904, 133.502099547, 0.000933552326584, -1.30947773571, 1.91161304717, 355, 2019
N, -100, 0.15607987830251835, 0.0887329430188, 16.4749900033, 0.00463361202483, 0.610862220549, 2.36150251561, 355, 2019
E, 100, -0.7111537490455173, 0.203079784657, 88.5565629363, 0.00239484428032, 0.527814704788, 2.69559985892, 355, 2019
Z, -100, -0.261274708954366, 0.140037437963, 201.883026761, 0.000742026024527, -1.52029687708, 2.57342005631, 358, 2019
N, -100, 0.19887160170598267, 0.0369025764693, 23.7824356191, 0.00194235702417, 2.08122437658, 1.61231827026, 358, 2019
E, 100, -0.5579771540394082, 0.275281115346, 127.81671101, 0.00219161588546, -2.63543366472, 2.56683265345, 358, 2019
Z, 100, 0.837561026330109, 0.131783477146, 219.108824671, 0.000555405852828, 0.893662616002, 1.17821822807, 361, 2019
N, 100, -0.307637227858213, 0.0414214533792, 24.8743182726, 0.00136440946114, -0.375360203407, 2.37304156496, 361, 2019
E, -100, -0.03515371154906507, 0.195551863359, 138.582860175, 0.00134108933498, 0.610158149761, 2.78610267586, 361, 2019
Z, 100, 0.2311252569595545, 0.235112775545, 177.329773227, 0.0011349461642, -1.51389283847, 0.471430007009, 364, 2019
N, 100, -0.7994208687897884, 0.0669507595374, 19.5401461141, 0.00364186379393, -1.78165603712, 2.65652115655, 364, 2019
E, -100, -0.5605784760283404, 0.413912387137, 113.18370832, 0.0032052554831, -1.17272466457, 2.56542269909, 364, 2019
