Chan, Phase Shift, Correlation, ptp-data, ptp-synthetic, rat, phasem, phasestd, DOY, Year
Z, 100, -0.3904994530079275, 5.27149554885, 93.3344108151, 0.0480515864363, -1.08930982842, 3.05982110152, 1, 2019
N, -100, 0.14847973318130578, 5.98668850867, 6.01538046662, 0.776714868563, 1.37957634503, 0.0303267059579, 1, 2019
E, 100, 0.8691871936484493, 0.29641719671, 35.3199245345, 0.00682007527348, 2.53748019178, 2.82984936746, 1, 2019
Z, 100, -0.6530623667775811, 7.63713152427, 154.237559548, 0.0501299977169, -1.0222016203, 3.38343086176, 4, 2019
N, -100, 0.4427986330198696, 8.31792550336, 9.39420623258, 1.13325299033, 1.26939686957, 0.232183763021, 4, 2019
E, 100, -0.3982783104448561, 0.160352498383, 64.5231832981, 0.00182924371263, -0.244307674968, 3.08653935229, 4, 2019
Z, 100, -0.9076459106817378, 9.1622566834, 165.384450415, 0.0585622728001, -0.444745261179, 3.1616338034, 7, 2019
N, -100, 0.24621849822879208, 9.85665880232, 7.90443626933, 1.69043967099, 1.57071934664, 0.325461219362, 7, 2019
E, -100, 0.02763774040932904, 0.423174337641, 72.876220067, 0.00618097963957, -1.57817309183, 3.10385854514, 7, 2019
Z, 100, -0.8339471244710451, 7.2948406684, 128.265440742, 0.0493628946174, -0.0160422708412, 2.67814242459, 10, 2019
N, -100, 0.428437700208313, 7.76775616359, 8.52997706718, 1.12600320903, 0.414931293302, 0.876771124917, 10, 2019
E, -100, 0.36047568910987055, 0.17316302442, 61.0116898058, 0.00186320887612, 0.374197087747, 0.661132800417, 10, 2019
Z, 100, -0.7930417554302975, 15.1884434779, 66.5612290858, 0.201120900668, 2.36200987252, 0.191183221213, 13, 2019
N, -100, 0.11276000316733933, 16.1108912236, 8.87905213289, 1.79084987858, 0.0908774546336, 1.19741889565, 13, 2019
E, 100, -0.27403578175828885, 0.330447283796, 36.0106962483, 0.0114592702055, -1.0180119242, 2.75781119741, 13, 2019
Z, 100, -0.4042363889436035, 6.59357769416, 92.8497100231, 0.0690263453857, -1.11325520559, 3.15340816873, 16, 2019
N, -100, 0.008091842063239879, 7.46830368445, 9.93530128171, 0.694540747741, 1.64693879418, 0.14111338579, 16, 2019
E, 100, 0.8757491088663786, 0.542781530707, 35.527079088, 0.0153667989443, -0.301940123517, 0.31182666258, 16, 2019
Z, 100, -0.3971019875749633, 8.0144014176, 178.545940217, 0.0407755326756, -1.1005854359, 3.07174102937, 19, 2019
N, -100, 0.2836095128616963, 8.25892477743, 10.0171504388, 0.906870593712, 1.605376324, 0.608401243856, 19, 2019
E, 100, -0.6033620315651859, 0.184987978347, 73.208146369, 0.00279969561557, -0.0253118807614, 3.10529786769, 19, 2019
Z, 100, -0.8194262332453328, 9.6587614018, 194.951009371, 0.0489144764619, -0.674762308248, 3.27507723648, 22, 2019
N, -100, 0.6202136412140253, 10.7522461861, 7.88696935443, 1.85513672908, 0.902572071622, 0.0638246876042, 22, 2019
E, -100, 0.33355379430429605, 0.624994983646, 87.6637612602, 0.00753492625075, -2.01104500994, 3.28237302103, 22, 2019
Z, 100, -0.8573598307603546, 7.60487626046, 109.013968147, 0.0731797233256, -0.24727526225, 2.83176176067, 25, 2019
N, -100, 0.24563975484455985, 8.80954918567, 10.1828139765, 1.27880758805, -2.85806101812, 2.07062896973, 25, 2019
E, -100, 0.35443373810270057, 0.475170772362, 58.5670557664, 0.00877796570352, -1.8550340403, 2.89987495244, 25, 2019
Z, -100, 0.12445830018259775, 9.86091044372, 63.0814642168, 0.141406372199, 0.758268522323, 0.720036095575, 28, 2019
N, 100, -0.3712702151615004, 10.6618858995, 7.40117066203, 2.08075062433, -3.28245167928, 1.12204419179, 28, 2019
E, -100, 0.8868282552720751, 0.68889136958, 22.7979495345, 0.0274224691531, 2.42637205103, 2.13165265009, 28, 2019
Z, 100, -0.32950790009385894, 7.06823835885, 127.088571992, 0.0535243385474, -1.15360830473, 3.03637960693, 31, 2019
N, -100, 0.6008170395159441, 8.32193448262, 3.86146662905, 2.06961709214, 1.00794588305, 0.43098515814, 31, 2019
E, -100, 0.9046006591581641, 0.710468081932, 53.050881173, 0.0132519083767, 0.284684233361, 0.161756144246, 31, 2019
Z, 100, -0.3460496255283504, 7.46728169297, 149.861651033, 0.0464460614629, -1.19268081354, 3.13578984554, 34, 2019
N, -100, 0.889755493486504, 8.442646988, 8.60083799211, 1.17313559899, 0.643262916715, 0.424161461652, 34, 2019
E, -100, 0.9671142165648505, 0.296078857495, 65.6318756521, 0.0039343054712, -0.0534199749003, 0.141402862478, 34, 2019
Z, 100, -0.7754086321424979, 8.01044853789, 125.183702942, 0.0632710226449, -0.727274113639, 3.21972591774, 37, 2019
N, -100, 0.6912502345366138, 9.50355307861, 6.14748709649, 1.95774193084, 0.0748633299113, 0.606262848861, 37, 2019
E, -100, 0.4990974112571532, 0.269231154712, 58.2039895874, 0.00451411410693, -2.05374046545, 2.89979312273, 37, 2019
Z, 100, -0.8782680717955376, 6.89973320617, 64.1751891879, 0.109404486517, 0.0474818813298, 2.7002168548, 40, 2019
N, -100, 0.4042819320066348, 7.04402024837, 7.96683662538, 1.06156531792, 0.282087728504, 0.821046772619, 40, 2019
E, -100, 0.6041807712696161, 0.281911486697, 34.0969925598, 0.00811978143329, -1.92897994627, 2.82980717102, 40, 2019
Z, -100, 0.2028946180341369, 6.76045666623, 55.9965115368, 0.124731316069, 1.35985810212, 0.00414177554471, 43, 2019
N, -100, 0.3306913260729494, 7.41553121005, 7.5273886053, 1.13648980396, 1.00115685435, 0.474320323373, 43, 2019
E, -100, -0.3286890970981209, 0.204073058031, 20.701005203, 0.0108596773862, 1.05030899782, 2.91188442878, 43, 2019
Z, -100, 0.21591165232846565, 17.7918299916, 136.254647811, 0.105382872672, 0.985330139064, 0.516656732282, 46, 2019
N, -100, 0.47806185856473543, 19.5345136695, 4.96118182772, 3.50062430421, 0.872680623536, 0.305548641933, 46, 2019
E, 100, 0.7176654505428947, 0.305696780024, 55.6662060535, 0.00412554026357, 0.4820633649, 0.763300414814, 46, 2019
Z, 100, -0.47554584241780756, 9.63701103347, 175.053348704, 0.0535603475454, -1.20386480992, 3.35374128881, 49, 2019
N, -100, 0.9280634788789484, 10.6352835692, 8.63388371114, 1.7967150614, 0.62197336628, 0.432361001704, 49, 2019
E, -100, 0.7913533167049114, 0.834144877018, 76.4955409612, 0.0103855829064, 0.698517766987, 0.0851022227043, 49, 2019
Z, 100, -0.8265872271430559, 9.61015332526, 116.058968807, 0.0857903809884, -0.449203444213, 2.95585043125, 52, 2019
N, -100, 0.7700958521106162, 10.7439108829, 8.01943901608, 1.47196812681, 0.444144940866, 0.171064493442, 52, 2019
E, -100, 0.5411354357326055, 1.30658116627, 57.8908000934, 0.0240561431736, -2.11518565398, 3.09187755929, 52, 2019
Z, -100, 0.11700403695336459, 11.0463367162, 36.1011666579, 0.185305416339, -0.607890055126, 1.98079982511, 55, 2019
N, 0, 0.6687324448349469, 11.978426623, 11.5073174618, 0.95025535276, -0.830589078068, 0.808448520151, 55, 2019
E, -100, 0.5508944017395822, 0.302661678646, 11.257285906, 0.0130922689525, 0.0886856046035, 1.13366034833, 55, 2019
Z, -100, 0.5365661958236462, 6.92674521694, 101.322299543, 0.0613336317122, -2.21278801628, 3.23827881911, 58, 2019
N, -100, -0.4480247471098749, 7.30820066781, 7.11910707487, 1.85394389926, -2.20612113672, 0.559850318071, 58, 2019
E, 100, -0.7992856108709854, 0.374554077061, 41.8458561036, 0.00787207346495, -0.699050045879, 3.0200186919, 58, 2019
Z, 100, -0.2555166222286858, 7.08861288697, 122.774790135, 0.0563291369604, -1.29956380717, 3.13180736237, 61, 2019
N, 100, 0.9364102675796054, 7.73543694271, 5.22390639333, 1.65631151771, 0.149295860384, 0.318330760611, 61, 2019
E, -100, -0.5166081313307562, 0.217755030873, 54.8069776897, 0.00341901515399, 1.4691392425, 3.80236874215, 61, 2019
Z, 100, -0.5069761723473482, 8.25558292732, 103.56295849, 0.0739802593774, -1.17494235485, 3.36634343217, 64, 2019
N, -50, 0.9786528797546422, 9.32059493181, 7.47386491645, 1.47894004136, 0.0197505684813, 0.0476093681585, 64, 2019
E, -100, -0.45420458006860304, 0.362080622591, 48.5873442848, 0.0068083394115, 1.0139318977, 3.1167160495, 64, 2019
Z, 100, -0.7734814571594961, 5.63733984556, 50.0720406725, 0.115326810196, 0.174144682768, 2.56125814148, 67, 2019
N, -100, 0.9043429223090266, 6.22578424213, 6.87803341231, 0.998811110414, 0.10277185075, 0.287182132531, 67, 2019
E, -100, -0.7845865922257499, 0.0920450093746, 25.7674792103, 0.00355219077123, -3.17306552319, 0.651350039802, 67, 2019
Z, -100, 0.9180803029617122, 7.54873588655, 45.2317329507, 0.175864230223, -0.355266828862, 0.419801364855, 70, 2019
N, -100, 0.3636389309869552, 7.80525751149, 7.2924541947, 1.44205159449, -0.403057561598, 1.00899278553, 70, 2019
E, -100, 0.07581197499734034, 0.344227585704, 14.4398907181, 0.0250812089257, -1.72865434582, 2.7871332744, 70, 2019
Z, -100, 0.9445883185927517, 5.906113586, 111.413610946, 0.0523239282517, 0.20902327392, 0.156098670778, 73, 2019
N, 100, -0.089039494266944, 6.32516027154, 6.12659967936, 2.39498227917, -2.83090389575, 1.53715069387, 73, 2019
E, -100, 0.10299217537035589, 0.267409649961, 45.9655455276, 0.00371856971645, -2.00795381855, 2.56874612285, 73, 2019
Z, -100, 0.10936298837905009, 5.30793669657, 144.000496258, 0.0309914482323, -1.26380300862, 2.65118175755, 76, 2019
N, 100, 0.5413988460633318, 5.6128450341, 3.84030651496, 1.34176834364, -0.652934585064, 0.2825074995, 76, 2019
E, 100, -0.6394992925066508, 0.101219303497, 64.1225252046, 0.00116649047406, -0.00939357371066, 3.84955029116, 76, 2019
Z, 100, -0.6024008513413431, 5.83211990965, 102.419695272, 0.0544470413617, -0.413156486797, 2.63267086959, 79, 2019
N, -100, 0.6932675689105815, 6.32885196578, 10.3525240039, 0.650103404466, 0.563870830488, 0.577067938908, 79, 2019
E, 100, 0.15701751324810337, 0.255055406696, 50.5484233423, 0.00315910143441, 1.18730711356, 4.41245277086, 79, 2019
Z, 100, 0.6971232691479655, 5.66055204008, 40.6825621071, 0.152169947744, -0.850488372744, 0.601949282353, 82, 2019
N, -100, 0.5532557766984122, 6.1508426708, 6.45978323356, 1.54844950079, 0.55510648927, 0.416545531059, 82, 2019
E, -100, 0.3078247631755523, 0.471167369499, 10.6746720738, 0.0478177057882, 0.558048134598, 0.0124492553697, 82, 2019
Z, -100, 0.9110774700922348, 6.97304845855, 104.86083761, 0.0624453548127, 0.474764234462, 0.142709095069, 85, 2019
N, -100, -0.4628562552012482, 7.22354146586, 12.8460580867, 0.974495453033, -2.27219105496, 0.702182087058, 85, 2019
E, 100, -0.1500465611745077, 0.723324100256, 43.4719729229, 0.0160432702879, -1.48956041583, 3.00186041946, 85, 2019
Z, -100, 0.7073642974734152, 12.9841836046, 116.52535651, 0.0802946692359, 0.354496681095, 0.490555833428, 88, 2019
N, -100, -0.4426937181184248, 13.7192337929, 8.04337470824, 1.44610182073, -2.14253793619, 0.380869500827, 88, 2019
E, 100, -0.45111067750118217, 0.501705630616, 52.9500596936, 0.00684711081528, -1.39542599683, 2.61886867138, 88, 2019
Z, 100, -0.019359515845275503, 9.57499440361, 86.7521116179, 0.107320006584, -1.68139317421, 3.35039851925, 91, 2019
N, 100, 0.8022905315340363, 10.0679287267, 6.66625353579, 1.56783279729, -0.728869304174, 0.138297895098, 91, 2019
E, -100, 0.499797670532692, 0.265933164798, 42.6110775749, 0.00547796279037, 0.822862616849, 0.380095486719, 91, 2019
Z, -100, -0.28251931430367105, 4.98347615289, 32.6641536011, 0.154240745261, 0.0335590288527, 2.28745627481, 94, 2019
N, 100, 0.3530362696701309, 5.18525747355, 7.50497019647, 0.585442183409, 0.127929882216, 0.370405481193, 94, 2019
E, -100, 0.2993026943518392, 0.188453934403, 17.7329240816, 0.00677422695681, -2.05097466487, 1.32153054941, 94, 2019
Z, 100, 0.7791429155642232, 8.08972261585, 64.7649652106, 0.116437305815, -0.931627662012, 0.506284390254, 97, 2019
N, 100, 0.7597847826483426, 8.75554721743, 6.91920331741, 1.31107734278, -0.80435508457, 0.681804259035, 97, 2019
E, -100, 0.8134978633270373, 0.459179663763, 22.1948405128, 0.0173136946734, 0.352442793301, 0.173944210521, 97, 2019
Z, -100, 0.8738186120412097, 5.30918057158, 125.126160773, 0.039020148735, 0.365631308511, 0.0116344899536, 100, 2019
N, 100, 0.22307512587968922, 5.67609136238, 8.3641178435, 1.47617411825, -1.70954466005, 0.801238770255, 100, 2019
E, -100, -0.29995001580532515, 0.230983247371, 52.5225923971, 0.00431174427848, -1.93789121854, 0.138670084714, 100, 2019
Z, -100, 0.4900475001421862, 5.33302742218, 143.596782173, 0.0333646094061, 1.2026326773, 0.407544967743, 103, 2019
N, 100, 0.1213823134122712, 5.25246447534, 9.03487633614, 0.661125167172, -1.28471852512, 0.540104502978, 103, 2019
E, 100, -0.8420905964720232, 0.305475997048, 64.9951829544, 0.00456565091573, -0.48011435724, 3.20006178227, 103, 2019
Z, -100, 0.2560894681889908, 6.74580747984, 95.9432755222, 0.0741916651005, -1.71263221703, 2.99274072081, 106, 2019
N, 100, 0.6698087031164982, 7.134735058, 8.82759908237, 0.788794029469, -0.792018638838, 0.0258500490923, 106, 2019
E, 100, -0.987496219716015, 0.501700092451, 49.1248772236, 0.00976410591854, -0.186535888914, 3.04485229101, 106, 2019
Z, 100, 0.44955508825478224, 6.33460394684, 51.7507389664, 0.134177484275, -1.53713742453, 0.895694855448, 109, 2019
N, 100, 0.9723629426524876, 7.05614308616, 10.5647757806, 0.818564512695, 0.0173690834339, 0.130916086721, 109, 2019
E, -100, 0.1457134619798052, 0.282529353127, 14.7293673047, 0.0258628586891, 0.771648060435, 0.850715173568, 109, 2019
Z, 100, 0.9638611818490377, 6.8275121463, 127.724074503, 0.049052678541, -0.123638269659, 0.107544044678, 112, 2019
N, -100, -0.29446513953279607, 6.99145056978, 7.38822714703, 1.82869916963, -2.55690336229, 0.812369244377, 112, 2019
E, -100, 0.12069193536027462, 0.361702266354, 53.2453118352, 0.00566168581614, 1.5934685665, 0.368423585207, 112, 2019
Z, 100, 0.9720350557520818, 4.98823599863, 142.533011119, 0.0327598634165, 0.0839016121102, 0.151587902988, 115, 2019
N, -100, -0.5895807822445226, 5.54398534884, 13.6937144371, 0.494985600664, -2.25287058109, 0.359109919761, 115, 2019
E, 100, -0.016292758860547, 0.290407127627, 65.7496041271, 0.00427663676728, -1.50028229001, 3.22311600097, 115, 2019
Z, -100, 0.4000645647277042, 3.69048153651, 104.681894428, 0.0300373969194, -1.36433809859, 2.14490175177, 118, 2019
N, 100, 0.15361893992343906, 3.83649218931, 9.36569395204, 0.330420330616, -0.565516066474, 0.952482657491, 118, 2019
E, 100, -0.4755874755127338, 0.241751170948, 51.1939001854, 0.00388721427908, -0.956962223468, 3.13617266284, 118, 2019
Z, -100, 0.5825334479972613, 5.38082343143, 40.0900512992, 0.170943246503, -1.99554378198, 2.60049241425, 121, 2019
N, 100, 0.5091369840894906, 5.36696058355, 8.95554764887, 0.607617661312, -1.05256680659, 0.0597537759013, 121, 2019
E, 100, -0.8828335675276408, 0.379989659258, 23.9561926417, 0.0179327608697, 0.0164534378331, 3.58188162347, 121, 2019
Z, 100, 0.7485364233169767, 3.00928281623, 78.7387875475, 0.0381867488313, -0.875865679825, 0.243090254772, 124, 2019
N, 100, 0.870714545033391, 3.70747397647, 8.74215200579, 0.455538898205, -0.477081320436, 0.00499221985449, 124, 2019
E, -100, 0.7462286892251813, 0.239933081375, 27.5907043754, 0.00936106194333, 0.53582818631, 0.12444604077, 124, 2019
Z, 100, 0.6880696286322423, 3.95030434185, 149.143437864, 0.0220236341462, -0.157113724447, 0.387907303693, 127, 2019
N, 100, 0.7283078625593444, 3.98244095031, 3.9142086204, 1.08088559782, -0.707286506853, 0.140245692712, 127, 2019
E, -100, 0.3472406474878913, 0.40381943838, 62.2719881624, 0.00498385049519, 1.38463266783, 0.778003926442, 127, 2019
Z, 100, 0.49850397917498585, 2.71053795168, 170.11929093, 0.0109394207175, 1.81306069495, 2.65401021258, 130, 2019
N, 100, -0.631197175868003, 2.69731897615, 12.4830229315, 0.186632407859, -3.76085485714, 0.358413908756, 130, 2019
E, -100, 0.566877842209838, 0.385998963598, 78.0084719364, 0.00413569494919, -2.31923472454, 2.91592387618, 130, 2019
Z, -100, 0.6750704151543666, 3.68661792556, 121.506501968, 0.0312844101475, -2.06971364069, 2.76647325966, 133, 2019
N, 100, 0.12500288900178247, 3.99200624006, 11.8280211305, 0.31968705941, -1.25182030959, 0.263418012086, 133, 2019
E, 100, -0.6444399779344178, 0.303701373948, 60.1115336251, 0.0046336389506, -0.268569131903, 3.69937353427, 133, 2019
Z, 100, 0.739627907412965, 3.91212072371, 51.1271437055, 0.0828443144323, -1.09588463068, 0.474207984547, 136, 2019
N, 100, 0.5216859381459977, 4.34241159593, 11.6790162271, 0.38140449165, -0.106435302524, 0.749246443886, 136, 2019
E, -100, 0.09480998776756668, 0.468097290744, 18.7834623272, 0.0274595969217, -3.45166532759, 1.42966677674, 136, 2019
Z, 100, 0.9141286598381275, 3.4167682492, 139.186670489, 0.022443682379, -0.291860796359, 0.121869286779, 139, 2019
N, 100, 0.44444281621078724, 3.19331834007, 7.19225153356, 0.744974605742, 1.31961669802, 1.23832679563, 139, 2019
E, -100, 0.3206103629123907, 0.503934871496, 55.4964158275, 0.0081808360581, 1.31385346505, 0.129032924309, 139, 2019
Z, 100, 0.8050059793582985, 2.78328217391, 168.093677245, 0.0131129492467, 0.996452504507, 1.10765601254, 142, 2019
N, -100, -0.3866539890651455, 2.79050666272, 9.7030109002, 0.272584626053, -1.22708861585, 1.22136683299, 142, 2019
E, 100, -0.01925099402558896, 0.472318798635, 77.7439266362, 0.00495230210583, 2.22411080629, 0.729081825549, 142, 2019
Z, -100, 0.9307090132885166, 7.27202659327, 138.928341209, 0.0481825285443, 0.220371913961, 0.166374692639, 145, 2019
N, -100, -0.4487645088875768, 7.02191992036, 14.3223657681, 0.490822239868, -2.05757117617, 0.110428453204, 145, 2019
E, -100, 0.04134148517015476, 0.894752820779, 67.6989201455, 0.0112492420165, -1.80451322455, 2.77617626285, 145, 2019
Z, 100, -0.02758995922486052, 3.70724277195, 74.4736413276, 0.050976965382, -1.52728311654, 2.63573358562, 148, 2019
N, 100, 0.5230277436909798, 4.07783325833, 11.3336289678, 0.333490997086, -0.671140194941, 0.315136923559, 148, 2019
E, -100, -0.5121836803846521, 0.520808241756, 39.5657635199, 0.0128790090932, 0.494903802106, 3.371286017, 148, 2019
Z, 100, 0.6783933345774119, 1.56939887701, 74.0968706638, 0.020807970111, -0.875575205914, 0.0548820797279, 151, 2019
N, 100, 0.29152708874874816, 1.75915914574, 10.5965178547, 0.137322569378, -2.23862486545, 1.06863110541, 151, 2019
E, -100, 0.5669807494853359, 0.266381868955, 25.9373749955, 0.00935935585803, -1.48764493723, 2.3788067375, 151, 2019
Z, 100, 0.7581117203341928, 6.03623724131, 156.992408757, 0.0321090410559, -0.93734960379, 0.461019023249, 154, 2019
N, 100, 0.9245701426950002, 6.37848380187, 7.10605475075, 0.988556453985, -0.299390485395, 0.026240263198, 154, 2019
E, -100, 0.6063092058524784, 1.01104699846, 62.8083475503, 0.0144619799334, 0.592000388928, 0.367129753755, 154, 2019
Z, -100, 0.9661306239216314, 3.56499372301, 193.445398606, 0.0177102287289, 0.224561014284, 0.244373564429, 157, 2019
N, -100, -0.37035485525939227, 3.4528531116, 6.81722776515, 0.553262199483, 1.27040736318, 3.61010861662, 157, 2019
E, -100, 0.01085505649143088, 0.389268692395, 88.6386666781, 0.00437073010562, 1.67699730181, 0.178770883054, 157, 2019
Z, -100, 0.9105706813849033, 4.24244042703, 157.285609942, 0.0247758697139, 0.284338919424, 0.0985663978792, 160, 2019
N, -100, -0.37167004952035254, 3.8738544437, 16.7787393082, 0.218916686941, -2.04292953859, 0.137187553248, 160, 2019
E, 100, -0.09942361731411038, 0.365985440513, 77.3344980625, 0.00454302988903, -1.5045293237, 3.07264830239, 160, 2019
Z, -100, 0.48293801674223286, 3.21992188178, 58.9888402849, 0.0685660392514, -2.04815704575, 2.32403212, 163, 2019
N, 100, 0.7639919822309996, 3.19196727885, 12.64984195, 0.264995285945, -0.601206115777, 0.0492701330603, 163, 2019
E, 100, -0.5052811652857753, 0.143723175479, 34.5149423307, 0.00421450456487, 0.0166064156328, 3.93202432889, 163, 2019
Z, 100, 0.9015569226315043, 3.54350675839, 130.075904665, 0.0280939264148, -0.134645466852, 0.00927374477868, 166, 2019
N, -100, 0.30817124747024377, 3.55341920665, 10.7598888018, 0.557082659203, 1.25712439677, 0.908519318639, 166, 2019
E, -100, 0.21387561473430736, 0.568504809879, 49.5879117242, 0.0126505910238, 1.30483428849, 0.0706582736146, 166, 2019
Z, 100, 0.2701608638210025, 1.34670179441, 176.779962513, 0.00508041289793, 1.51261596676, 2.23701960552, 169, 2019
N, 100, -0.19224843820619225, 1.56985855399, 3.95610765526, 0.376397068831, -0.316191465072, 2.08219402331, 169, 2019
E, -100, 0.7259403088971743, 0.220863630011, 78.3849610342, 0.00210868344455, 0.0154995718383, 0.654229004901, 169, 2019
Z, 100, 0.9001505177076894, 4.49970122219, 161.415214071, 0.019491975573, -0.423647280955, 0.346417310993, 172, 2019
N, -100, -0.5952173776567262, 4.23001046732, 12.0622274794, 0.253169390135, -2.86350697368, 0.534728882135, 172, 2019
E, -100, 0.1000316695233616, 0.712821115906, 79.1166720504, 0.00853692712004, 1.5794692805, 0.10859527271, 172, 2019
Z, -100, 0.6902709722310377, 3.74288497729, 107.520901624, 0.0400158885535, 0.780748513936, 0.321490790526, 175, 2019
N, 100, 0.09509009896067004, 4.20841639472, 15.376165292, 0.319161783053, -1.4295926643, 0.28679518431, 175, 2019
E, 100, -0.7058872160675909, 0.531225614276, 54.4907835016, 0.0110164713737, -0.157353281664, 3.48210723153, 175, 2019
Z, 100, 0.3803725710018597, 1.74407373168, 56.5303323442, 0.0278920665659, -0.715788939636, 0.483465349335, 178, 2019
N, -100, -0.37138956358064895, 2.43819422098, 12.8135596236, 0.151064185599, -1.61129209318, 0.369042124898, 178, 2019
E, -100, 0.5290580722838388, 0.439190531006, 24.107517169, 0.0186313896134, 2.52330316354, 1.48710887133, 178, 2019
Z, 100, 0.6832400875527027, 1.64280087917, 139.399185002, 0.0116500577589, -0.398042746656, 0.201974354822, 181, 2019
N, 100, 0.4441560454748745, 1.89443627299, 9.9756554589, 0.21858305262, 0.181103967785, 0.614023171722, 181, 2019
E, -100, 0.5026679978719252, 0.498691946492, 53.6903141077, 0.00999748524428, 1.05878035303, 0.0324649537177, 181, 2019
Z, -100, 0.7730332675726072, 2.94683544368, 200.768681051, 0.0129679034045, 0.300303982727, 0.309945852271, 184, 2019
N, -100, -0.3339847928983115, 2.84582108969, 4.85377635206, 1.07189271631, 1.47341190707, 1.94309814836, 184, 2019
E, -100, 0.08759079815247237, 0.634549756555, 86.4285628444, 0.00688109215887, 1.6066778366, 0.273852376393, 184, 2019
Z, 100, 0.9455778018887706, 5.43500787915, 179.747824263, 0.0244705263451, -0.337193600684, 0.242762258846, 187, 2019
N, -100, -0.8097752041413682, 5.19255132251, 13.1628108265, 0.348118790552, -2.69986059166, 0.128931702786, 187, 2019
E, -100, 0.349716334924721, 1.01080288974, 89.8270256324, 0.00929029964828, 1.04999757164, 0.261218064341, 187, 2019
Z, -100, 0.965716493907398, 8.17582759758, 93.8432849959, 0.076140883576, -0.0502929354181, 0.0502012060441, 190, 2019
N, -100, -0.5148846421457316, 8.59924619504, 18.5626130439, 0.367489608994, -2.27232856791, 0.35903314221, 190, 2019
E, 100, -0.14014206775097865, 1.22704579234, 50.0034947409, 0.0191539442306, 1.46493945132, 0.339950318082, 190, 2019
Z, 100, 0.4779802232249587, 5.30607799599, 104.358640502, 0.0513083429824, -1.4145077448, 0.510460661821, 193, 2019
N, 100, 0.4932996852725668, 5.5056190219, 9.84427839665, 0.682588107581, -0.954993678854, 0.143799282887, 193, 2019
E, -100, 0.302452117927435, 0.775747491695, 39.5469641257, 0.0154952671959, -0.0303973983385, 1.12982333015, 193, 2019
Z, 100, 0.672210379355013, 4.87280364447, 164.452260099, 0.0282041152264, -0.761025145221, 0.105235355092, 196, 2019
N, 100, 0.049553371896341035, 4.41512423028, 6.9549125726, 1.21666224576, 0.697527718691, 1.55182347732, 196, 2019
E, -100, 0.467031266689512, 0.560780133743, 69.0951899823, 0.00864626585908, 1.06195945565, 0.046593227785, 196, 2019
Z, 100, 0.5510157962581103, 4.29120908839, 163.762759325, 0.0241391041392, 2.01584272664, 2.90647385204, 199, 2019
N, 100, -0.8800991153410522, 4.1287944158, 5.93096809416, 0.613261652512, -0.359459384964, 2.86504910118, 199, 2019
E, -100, 0.8274297818387527, 0.603317698303, 78.1744497457, 0.00760734665962, 0.518048973192, 0.124480966202, 199, 2019
Z, 100, 0.7561707377106048, 2.03535119555, 121.79965844, 0.0157110735064, -0.662465131611, 0.00808784534296, 202, 2019
N, 100, -0.8349799868827754, 1.5049444348, 14.3191552802, 0.0939173421299, -3.13584444176, 0.0182546527032, 202, 2019
E, -100, 0.6302302182992707, 0.388638410432, 62.9019510902, 0.00555489906421, 0.77779466982, 0.159312439481, 202, 2019
Z, 100, 0.49888286297755696, 3.83014754512, 59.230310299, 0.0724394023126, -2.50652708594, 2.01812181873, 205, 2019
N, -100, -0.16861447990290418, 4.40325119197, 16.7652732606, 0.258270539169, -1.56740305536, 0.606602586793, 205, 2019
E, -100, 0.29135694177201815, 0.792660968922, 32.5870000527, 0.028238252203, 1.65588380013, 0.552184890624, 205, 2019
Z, 100, 0.09032292259052106, 5.00250801465, 102.435106952, 0.0518741152588, -1.63438075476, 0.208647659289, 208, 2019
N, -100, -0.0509845289105262, 5.03554880273, 12.0169259746, 0.448065125004, -1.45808107846, 0.222580571805, 208, 2019
E, -100, 0.9518809426716385, 0.52148534017, 39.7599853486, 0.0143329089644, -0.0400752455358, 0.234152156304, 208, 2019
Z, 100, 0.1486834536925753, 4.93897145297, 178.801008411, 0.0209889640662, 1.30142624943, 2.51941685999, 211, 2019
N, 100, 0.5971779436730338, 5.2437899732, 8.21608216733, 0.862274205856, -0.646621910029, 0.314707998271, 211, 2019
E, -100, 0.7948669758786101, 0.443676732708, 74.1086248778, 0.00459739796503, -0.61600091983, 0.953187137519, 211, 2019
Z, 100, 0.86921742872237, 3.99416633122, 184.740206518, 0.0213502805417, -0.451382553558, 0.0776606435963, 214, 2019
N, -100, -0.9214085359422912, 4.48630544867, 6.9428518817, 0.620379244059, 0.0496543815134, 3.05198176098, 214, 2019
E, -100, 0.42900243714633607, 0.69132533794, 87.7986275844, 0.00766430965197, 1.21652526892, 0.267130408845, 214, 2019
Z, 100, 0.9205356089700857, 5.8164862453, 110.988081815, 0.0538887280885, 0.345584380284, 0.365371596405, 217, 2019
N, -100, -0.6170108563240588, 6.4530148687, 18.5645744309, 0.32424763473, -2.26168398319, 0.0282958666153, 217, 2019
E, -100, 0.3064506840163149, 1.03716982849, 61.8020593692, 0.0135519267907, 1.04322665035, 0.333856708204, 217, 2019
Z, 100, 0.043630025132299445, 6.02105722208, 73.976119459, 0.0903072744895, -1.76842271954, 0.304614091337, 220, 2019
N, -100, -0.1303818987793835, 6.31042691419, 15.8023476084, 0.498014461233, -1.41941436886, 0.586329862283, 220, 2019
E, -100, 0.8546562697662984, 0.809457016362, 28.0890426353, 0.0337140958978, -0.218468235519, 0.612375880927, 220, 2019
Z, 100, 0.2538847587941886, 4.04310004704, 137.067123273, 0.0278208209505, -1.27692217973, 0.0486180152074, 223, 2019
N, -100, -0.0788630766136431, 3.54291079428, 5.64265811626, 1.06243571765, -0.241889799429, 1.32113874482, 223, 2019
E, -100, 0.983325011102191, 0.535458562458, 56.9221973051, 0.00917480374985, 0.0572175522614, 0.111965911008, 223, 2019
Z, 100, 0.7023933317414506, 4.94667165236, 148.196764063, 0.028741498167, -0.392372417357, 0.410533438076, 226, 2019
N, -100, -0.8849293658802023, 5.45621666897, 4.62067593635, 1.2214349521, -0.0197234883225, 3.21723495517, 226, 2019
E, -100, 0.42344615964266263, 0.771200710896, 67.8039777858, 0.0097000053905, 1.23515935381, 0.484552204665, 226, 2019
Z, 100, 0.8026594019483684, 5.61439051885, 113.618223762, 0.0463360600582, -0.730344433486, 0.161603141125, 229, 2019
N, 100, -0.9561985043599542, 5.78957618566, 7.85089966123, 0.610094445354, -0.235986715428, 2.96353056805, 229, 2019
E, -100, 0.6411537870489517, 0.768990213821, 60.4588585744, 0.0124877521712, 0.860470985966, 0.044768709992, 229, 2019
Z, -100, -0.06690675178244838, 2.42975654035, 60.3031992046, 0.0385393911191, 0.381829303728, 1.44780729103, 232, 2019
N, -100, -0.14332505542057833, 2.45812851488, 16.4810613316, 0.132742451039, -2.19391198428, 1.10079181932, 232, 2019
E, -100, 0.6025859864682782, 0.321807465849, 36.1588018764, 0.00713284214007, 1.96530928515, 1.52136207272, 232, 2019
Z, -100, -0.2214746306033262, 5.58060263106, 69.2677591295, 0.0888095673983, 1.06327066493, 3.47764139229, 235, 2019
N, -100, -0.43469506335340236, 6.05767118314, 16.803807443, 0.407145337836, -1.78536518464, 0.423529767436, 235, 2019
E, 100, 0.7922842367762273, 1.13595698494, 26.7763347738, 0.0503258961995, -0.811458239796, 0.644048077492, 235, 2019
Z, -100, -0.20278784133868433, 8.62331587168, 141.069214715, 0.0539002872897, 1.07840469171, 3.5796370243, 238, 2019
N, -100, -0.0826574968943664, 8.74565611445, 7.8933292777, 1.30303110292, -1.57080858325, 0.105115423028, 238, 2019
E, 100, 0.7787198031749986, 1.00661917602, 58.6841447243, 0.0126928468658, -0.82596640227, 0.785537518496, 238, 2019
Z, 100, 0.6592146800105653, 5.35972150454, 166.066376402, 0.0297502702059, -0.626209661741, 0.301570975637, 241, 2019
N, 100, -0.5445319393911667, 5.90567167881, 6.62429901579, 1.04747772854, -0.790698280454, 3.21610136223, 241, 2019
E, -100, 0.8233380388653342, 0.514291226843, 74.7552306437, 0.00702909046379, 0.561995453446, 0.0215230215346, 241, 2019
Z, 100, 0.1930014556325805, 6.43931483513, 104.378432051, 0.0549562992897, 0.159210946382, 1.09149761956, 244, 2019
N, -100, -0.2630182409851996, 6.78566572319, 9.94941812074, 0.482778382334, 0.58789888869, 4.0648806644, 244, 2019
E, 100, -0.34143058246113417, 0.855719224966, 61.4998584328, 0.0111547046822, 1.93895843305, 0.871724231926, 244, 2019
Z, -100, -0.7185998119155133, 4.75479186033, 56.8186143085, 0.0836728226564, 0.318573497992, 3.39239464699, 247, 2019
N, 42, -0.554125248424222, 4.6385320539, 19.2119113645, 0.277139347942, -2.09691344141, 0.923451373318, 247, 2019
E, 100, 0.7747712759546989, 0.736749556987, 21.0147201695, 0.0354156823047, 2.08366649859, 2.37068087016, 247, 2019
Z, -100, -0.5726528145964779, 9.15427200149, 112.50590969, 0.0588721986555, 3.47290753936, 0.664329491081, 250, 2019
N, -100, -0.8418511777574993, 9.24773669188, 9.99202747208, 1.13168542988, -2.56735086473, 0.205226947619, 250, 2019
E, 100, 0.5311597036734254, 1.4496129452, 48.5393277459, 0.023582538064, -1.2292417344, 0.618448090806, 250, 2019
Z, 100, 0.17065789958427688, 3.99862060571, 124.605047713, 0.0334554220758, -1.38042748169, 0.0560983920787, 253, 2019
N, 100, -0.359039326073415, 4.20810667781, 3.94917334812, 1.23817876749, -1.1392997388, 2.80282549574, 253, 2019
E, -100, 0.9205501559302655, 0.384734971512, 55.4082012484, 0.00663828166, 0.420400952909, 0.223759833994, 253, 2019
Z, 100, 0.32832534597463364, 5.90874406638, 93.8029386377, 0.0599550211969, -1.26609271879, 0.102403280747, 256, 2019
N, 100, -0.39316305149906067, 5.84427831825, 6.38257376125, 0.770214681186, -1.1891236068, 2.89502984695, 256, 2019
E, -100, 0.8182937717142229, 0.744026717373, 48.5498064998, 0.0142694235068, 0.576335800911, 0.00777085705781, 256, 2019
Z, 100, 0.6466901381735113, 6.05175491462, 42.7014579882, 0.174735284322, 2.57357453786, 3.43606139314, 259, 2019
N, 100, -0.889708689597118, 6.4573628906, 10.6621089704, 0.572112609758, -0.485266770785, 3.05872542975, 259, 2019
E, -100, 0.5197549957957044, 0.708425051187, 32.0260134617, 0.0286493717735, 1.14792765813, 0.307485231384, 259, 2019
Z, -100, -0.9559248402248671, 5.86979152209, 63.8769978804, 0.0960321203581, -0.143739046688, 3.38980152268, 262, 2019
N, -100, -0.7968401851799677, 6.60209959167, 17.3637623105, 0.46372420067, -2.56198328751, 0.542678096516, 262, 2019
E, 100, 0.22200319125813361, 0.709175633838, 22.4856093386, 0.0361420466697, 1.07086763265, 2.25707451827, 262, 2019
Z, -100, -0.746254458158894, 7.17661677807, 117.35722462, 0.0571167111628, 0.401278704988, 3.41806013785, 265, 2019
N, -100, -0.729496998956291, 7.39623793224, 13.5127643046, 0.769274644885, -2.27792823975, 0.434294276461, 265, 2019
E, 100, 0.7665200620695403, 0.764156455887, 50.3313384451, 0.0144874001016, -0.650877684364, 0.0167795449546, 265, 2019
Z, -100, -0.2990935533395629, 12.4904901772, 139.275475275, 0.0779710037692, 1.08200766313, 3.45778445474, 268, 2019
N, -100, 0.11756803291759209, 13.1683507956, 4.49902643282, 3.02189988248, -1.97296267236, 2.30498406799, 268, 2019
E, 100, 0.7446087179988761, 1.0473127268, 62.3807501541, 0.0140062612273, -0.820334290445, 0.46692871169, 268, 2019
Z, 100, 0.35868668500578627, 5.76090189179, 91.3797550334, 0.0637883449753, -0.672686241281, 0.551559103867, 271, 2019
N, 100, -0.5744604925557673, 6.32196237153, 8.68651270279, 0.601455489167, -0.667018560309, 3.38262490124, 271, 2019
E, -100, 0.9545360005310207, 0.259301854164, 48.5861685763, 0.00504454738993, 0.227874227746, 0.113992983624, 271, 2019
Z, 100, -0.8265818348569014, 6.03364626311, 67.7277744675, 0.0928147606632, -0.620797020769, 3.43137425793, 274, 2019
N, -100, -0.6075496727145864, 6.36824387463, 12.4181732326, 0.576277831307, 0.39340675845, 3.80671725122, 274, 2019
E, -100, -0.518156815876485, 0.359701832264, 22.2044678312, 0.0182377964722, 1.25555108631, 2.34377414317, 274, 2019
Z, 80, -0.8675230570684551, 5.31305056166, 117.831723724, 0.0375666647739, 2.65277830055, 0.544433116083, 277, 2019
N, 100, -0.7581748159541255, 5.46733492745, 15.2527847007, 0.527421069317, -2.9650880532, 0.445559978832, 277, 2019
E, 100, 0.26236227535056816, 0.506684808659, 50.4931753892, 0.00922928772455, -1.36075809633, 0.0794789857009, 277, 2019
Z, -100, -0.6430275961292121, 9.46249882494, 115.213308043, 0.0718858662075, 0.640053512587, 3.44772249509, 280, 2019
N, 100, -0.6234316128534794, 9.79757235085, 5.05197901333, 2.38761483462, -2.1559422181, 1.67087712944, 280, 2019
E, 100, 0.7240924022309659, 0.563130574412, 54.0765713899, 0.0066191459248, -1.51473048231, 1.30288441354, 280, 2019
Z, -100, -0.19271695718915874, 9.17724670053, 80.1175005417, 0.117193050507, 1.38952552511, 3.16847824186, 283, 2019
N, 100, -0.08220657808260996, 10.0532323522, 7.02522818829, 1.27137577638, -1.61162212608, 2.83907625408, 283, 2019
E, -100, 0.8901924178282886, 0.49335386883, 38.4669150664, 0.0125464159988, 0.44197368106, 0.0500896066765, 283, 2019
Z, 100, -0.06669316335851568, 6.2472415749, 27.2210387217, 0.275959638192, 2.37226331782, 1.25869678568, 286, 2019
N, 100, -0.6814509331532959, 6.75477961463, 9.46748768505, 0.572300125546, -0.43426142121, 3.54635782579, 286, 2019
E, 100, -0.8067883651357057, 0.523476427089, 21.7338314586, 0.0276088280915, 2.57214821163, 0.507936043052, 286, 2019
Z, 100, -0.3268548960651523, 4.7026503267, 86.0423920538, 0.027522386265, 0.0261168744206, 1.89792926647, 289, 2019
N, -100, 0.020206248235033832, 4.99098821405, 12.4199564233, 0.223410257591, 0.494266786947, 4.95869228376, 289, 2019
E, -100, -0.5528163092181301, 0.330367450972, 30.367018307, 0.0122838139744, 0.739670271468, 2.79030830173, 289, 2019
Z, -100, -0.9507354675037771, 6.96708440944, 131.35943218, 0.0535462393471, -0.0649076006996, 3.35298010622, 292, 2019
N, -100, -0.819041567663872, 7.16644809192, 15.6266414037, 0.7250232954, -2.61890585174, 0.571980647509, 292, 2019
E, 100, 0.1032437853047299, 0.686992612489, 54.985078187, 0.00855851767444, -2.13439293402, 0.792712119641, 292, 2019
Z, -100, -0.53504414463362, 4.82702419941, 134.673021519, 0.0306385249422, 1.1522061389, 2.73006739056, 295, 2019
N, 100, -0.21342539345611058, 4.92001773251, 7.54328104305, 0.916852866723, -1.81080634307, 1.94569901082, 295, 2019
E, -100, 0.709924945637965, 0.343776452723, 63.1834531642, 0.00481355476536, 0.317227702711, 0.0369207727492, 295, 2019
Z, -100, -0.5461515098784653, 11.0449791936, 88.507398144, 0.121673278229, 1.01155100868, 3.1089847869, 298, 2019
N, -100, 0.1056044215567266, 11.0803089791, 8.95261011807, 0.979798694815, -1.793878005, 2.74785939403, 298, 2019
E, 100, 0.8935030540788176, 0.598643701496, 43.0451522794, 0.0125458777984, -0.467257629127, 0.105609821535, 298, 2019
Z, 100, -0.8423979964107536, 3.71192627934, 79.7941933826, 0.0449896652626, -0.476839087162, 3.09889229535, 301, 2019
N, 100, -0.5840619894700744, 4.06118263533, 9.68268176484, 0.389297877421, -0.160861196301, 3.8822773918, 301, 2019
E, -100, -0.3987206893178447, 0.303493719363, 25.9389093357, 0.0143481009103, 0.650854487745, 2.46271708727, 301, 2019
Z, 100, -0.9184992976648084, 7.70408550117, 147.937458989, 0.0496138647739, -0.422677521257, 3.20808988967, 304, 2019
N, 100, -0.49186516523735035, 8.09381416845, 11.5136497119, 1.13356528656, -2.96080602569, 0.983468334418, 304, 2019
E, -100, -0.4409545822440971, 0.645219646757, 60.2093841218, 0.01100357378, -2.23807640436, 0.270744868481, 304, 2019
Z, -100, -0.9772206581954889, 7.63627003535, 138.854779612, 0.0546164849138, -0.00359654917705, 3.26659499109, 307, 2019
N, 100, -0.48944011167706236, 8.02087477033, 11.0509156829, 1.26543779398, -2.84122380315, 1.25291839898, 307, 2019
E, -100, -0.09309301576976613, 0.657646966088, 65.8669011969, 0.00666856566602, -2.10619903009, 0.706228884492, 307, 2019
Z, -100, -0.8372709222569046, 8.71613487608, 92.354432608, 0.100647980245, 0.618290785266, 3.08480211407, 310, 2019
N, 100, -0.14510120679912064, 9.25757172564, 7.52847820609, 1.43416586487, -1.82345926645, 2.6708823991, 310, 2019
E, -100, 0.7692830692368364, 0.235653680257, 46.4298655483, 0.00390729275275, -0.681489040362, 1.06142719269, 310, 2019
Z, 100, -0.7808020602564755, 6.67793272388, 41.2267508115, 0.206170726942, 1.06666291766, 1.88247715903, 313, 2019
N, 100, -0.026627352368450676, 7.08895193335, 10.3029272568, 0.61462371183, -1.49157595153, 3.25500995455, 313, 2019
E, -100, 0.11688493285450406, 0.319806492153, 19.6658917555, 0.0183422285919, 0.526108412635, 0.908301837833, 313, 2019
Z, 100, -0.5020478275873241, 9.21416157019, 103.212701306, 0.0766127791802, 1.60421699967, 0.746466888613, 316, 2019
N, 100, -0.06935428563360399, 9.78923792046, 11.6668533231, 0.687740252797, -1.61885547103, 2.85732095803, 316, 2019
E, -100, -0.7158149233706157, 0.161145621472, 37.9432752534, 0.00442937420366, -0.0273051816695, 2.46031804665, 316, 2019
Z, 100, -0.7993025553530718, 11.3942929699, 160.388966142, 0.0653244197377, -0.830380446273, 3.55291547368, 319, 2019
N, 100, -0.6980765488409186, 12.2223667091, 12.0916447072, 1.32016547225, -0.528120054502, 3.4422278248, 319, 2019
E, -100, 0.5255660720386686, 0.331780309823, 65.3159051316, 0.00477098906306, -2.05649516549, 2.88670659643, 319, 2019
Z, -100, -0.991927908540498, 9.25480789931, 160.263625603, 0.0566293175955, 0.0272999559046, 3.13363322927, 322, 2019
N, 100, -0.42101896764071556, 10.3814908536, 12.0471115556, 1.51310248582, -2.72316739125, 1.3018239887, 322, 2019
E, -100, 0.7266673464082248, 0.474465546739, 74.5111819109, 0.00530899028274, 0.516813105482, 0.203718196643, 322, 2019
Z, -100, -0.6534759479306221, 4.85166621742, 104.389990239, 0.0433352763982, 1.04593861232, 2.38439641693, 325, 2019
N, 100, -0.14476911803910936, 5.79755843491, 8.77614587134, 0.669158153816, -1.364902681, 3.16116755743, 325, 2019
E, 100, -0.23074500841047774, 0.239246959294, 53.9217941861, 0.00394792137118, -1.27093351945, 3.09193599854, 325, 2019
Z, 100, -0.41032693248566704, 6.36106314972, 76.751147767, 0.0842617927921, -1.2616800448, 3.40877851887, 328, 2019
N, 100, -0.13532920119062042, 6.93280337731, 9.53535202833, 0.558977877627, -1.33925940214, 3.59990682544, 328, 2019
E, -100, -0.2886058468209187, 0.241879453149, 25.6996784194, 0.00911549155093, 0.404414158827, 2.42427834408, 328, 2019
Z, 100, -0.6552395592140616, 7.67853695505, 164.919651728, 0.0390567115099, -1.16171947871, 3.58567790123, 331, 2019
N, -100, 0.11663713620596908, 7.42215729934, 9.25472618175, 0.976554207398, 1.78356767996, 0.311036692216, 331, 2019
E, -100, -0.6526097147385184, 0.282061938896, 65.7313019987, 0.00345645226605, 0.747309438251, 3.13938003833, 331, 2019
Z, 100, -0.9731669067064911, 8.00240539734, 174.856540075, 0.0453500326158, -0.283834824726, 3.29991017341, 334, 2019
N, 100, -0.2747958722619423, 8.3910316999, 9.95918297797, 1.42550009383, -3.10366599826, 1.32657273389, 334, 2019
E, 100, 0.2279466792789603, 0.231990001949, 78.5089679624, 0.00213918136511, -2.74635417774, 1.66293965961, 334, 2019
Z, -100, -0.8571804480573635, 8.48694776762, 124.293945396, 0.0651437022697, 0.517236023417, 2.76167523521, 337, 2019
N, -100, 0.02764818191338153, 8.73840974322, 8.57679748974, 1.27482627566, -2.20839730255, 2.28615306445, 337, 2019
E, 100, 0.8317209484956707, 0.257711708844, 62.4373203634, 0.00492554178719, -0.103450251554, 0.140029529179, 337, 2019
Z, 100, -0.9556738960346141, 8.64334988863, 62.9803862811, 0.131062869836, 2.84447709089, 0.00327312040959, 340, 2019
N, -100, 0.24563629079820784, 9.07199615744, 9.70769598129, 0.813372330046, 0.761404095907, 0.598854462438, 340, 2019
E, 100, 0.45369383970615607, 0.319520047504, 33.2262139512, 0.0101450986339, -0.715128132787, 0.450794095064, 340, 2019
Z, 100, -0.561369386816045, 11.400967127, 98.904478891, 0.12017244312, -1.33747241259, 3.63520762621, 343, 2019
N, -100, 0.10681668412023972, 12.6820577955, 11.9913847868, 0.998801407269, 1.46493566128, 0.0722648032668, 343, 2019
E, -100, 0.7745258188213902, 0.392543351742, 37.3145535358, 0.0103089801647, 0.795235653981, 0.183102422026, 343, 2019
Z, 100, -0.6588032185218061, 7.73667717643, 172.457389978, 0.039295530884, -0.61759718513, 2.89355807622, 346, 2019
N, 100, -0.1432315770781564, 8.18695672624, 11.3455275327, 0.7385695269, -0.981704245481, 3.83410046727, 346, 2019
E, -100, 0.7996791076341775, 0.437177991325, 69.6317743851, 0.00534360018434, 0.540038798189, 0.000741837750843, 346, 2019
Z, 100, -0.65727625817501, 7.84022761786, 192.159073099, 0.028593259083, 1.76058757646, 0.818179196128, 349, 2019
N, -100, 0.010582309967946462, 8.06643362325, 10.21773869, 0.930771205918, -4.32780643968, 0.404874440837, 349, 2019
E, -100, 0.5634877688617859, 0.207038104883, 84.8554917521, 0.0012739351776, -0.559849894055, 1.01958300795, 349, 2019
Z, -100, -0.9752179778048415, 8.95168170903, 133.354818641, 0.070660433341, 0.249758871623, 3.06969849573, 352, 2019
N, 100, -0.2405094559344863, 9.30650168996, 9.36835937969, 1.33596831767, -2.30570240656, 2.00019589944, 352, 2019
E, -100, 0.2058004620705264, 0.257136836711, 68.6404604811, 0.00346641171842, -1.83497017301, 3.25905953271, 352, 2019
Z, 100, -0.7539378033701502, 4.88278838175, 63.3794367496, 0.0877193936592, -0.483067733302, 3.03662633793, 355, 2019
N, 100, -0.3386559521027022, 5.23447983269, 8.74228241742, 0.596243635252, -1.03194826806, 3.39570299866, 355, 2019
E, 100, -0.3247955803910189, 0.283373225251, 29.8788572565, 0.00980471756746, -0.278135795253, 2.31818962741, 355, 2019
Z, 100, -0.4208423377470519, 11.6960438747, 154.518633773, 0.0709044732562, -1.48400739912, 3.67385929751, 358, 2019
N, -100, 0.41198679644389363, 12.2003806033, 9.53889607355, 1.39726679252, 1.16370850184, 0.0441802197186, 358, 2019
E, -100, 0.5896018248265865, 0.291175277372, 60.8363135938, 0.00517081431023, 0.802991100876, 0.141624446155, 358, 2019
Z, 100, -0.7577943402595136, 8.56277530104, 190.630902664, 0.0435621424141, -0.801272626512, 3.28785960015, 361, 2019
N, -100, 0.42781730032120546, 9.41110494651, 8.44850126051, 1.45643705553, 1.38735706721, 0.339067317757, 361, 2019
E, -100, 0.5995320623547725, 0.220667889302, 81.9009209988, 0.00236480034355, -0.253463485346, 1.12725912543, 361, 2019
Z, -100, -0.9747285221403936, 7.87631509108, 153.3056606, 0.0505027583921, 0.152955601347, 3.05135536738, 364, 2019
N, 100, -0.005498847866149338, 9.13239555931, 8.87996342432, 1.42763806114, 0.558757957474, 1.14924550801, 364, 2019
E, 100, -0.08516151590997598, 0.976674975851, 72.9241241242, 0.0132907084388, -1.40689373385, 3.00388157433, 364, 2019
