Chan, Phase Shift, Correlation, ptp-data, ptp-synthetic, rat, phasem, phasestd, DOY, Year
Z, -100, 0.9049909313508782, 88.3410690752, 90.1691883417, 0.979876519667, 0.235853910562, 0.0961014339283, 1, 2019
N, 100, -0.7093982298109129, 56.9663968268, 24.7541825946, 2.29081447779, -0.936443908371, 2.65375782397, 1, 2019
E, 100, 0.8858372373537938, 302.331232232, 48.8543408186, 6.57356561969, 2.51320854907, 3.38843535055, 1, 2019
Z, -100, 0.9816185582321635, 138.80328952, 145.434134846, 0.927519483374, 0.161599154684, 0.136949336539, 4, 2019
N, 100, -0.5806006391628509, 64.8211270244, 37.2704019934, 1.68310402361, -1.04851648757, 2.91111803719, 4, 2019
E, 100, 0.9122804031421773, 255.34709314, 86.0915132339, 2.48578700359, 3.25947692353, 2.82226716516, 4, 2019
Z, 100, 0.9990835700187247, 152.927425954, 159.233202126, 0.953313980391, 0.0110381658844, 0.0403631363407, 7, 2019
N, 100, -0.2516108041807777, 139.983894421, 38.9146174574, 2.26419677623, -1.44521215245, 2.61395375945, 7, 2019
E, -100, 0.9582619643088103, 510.60729188, 95.2782932593, 5.13439967541, 0.305514824824, 0.0196696088347, 7, 2019
Z, 0, 0.997937308179799, 141.944948399, 130.559740988, 1.08913659959, -0.0423523833702, 0.0467179880757, 10, 2019
N, 100, -0.13237293889864538, 128.993308562, 31.0317148215, 4.00579801275, -1.4477333643, 3.14028552459, 10, 2019
E, -100, 0.8286322827633807, 479.409134564, 78.8687990242, 5.9420065512, 0.662159219028, 0.0769067244786, 10, 2019
Z, -100, 0.9844427212751193, 89.4200860383, 68.8839046511, 1.29875213923, -0.0278306394532, 0.0642759784919, 13, 2019
N, 100, -0.25224805515083404, 115.180780527, 19.1587491149, 5.89689876054, -0.990996172607, 3.51701094262, 13, 2019
E, -100, 0.8261077097410566, 443.111016256, 45.8688190524, 10.4588815692, 0.930416544668, 0.444169118061, 13, 2019
Z, 100, 0.9842849721910528, 86.8209103802, 87.45648629, 0.999510453253, -0.169629423485, 0.0994769524757, 16, 2019
N, -100, 0.3789891092377943, 108.589686112, 21.4115867138, 4.85410408635, -1.93619458012, 3.15687700548, 16, 2019
E, 100, 0.9453881951791854, 450.468147408, 47.4605699864, 9.93731256501, 2.66590953601, 3.31572957185, 16, 2019
Z, 100, 0.9980065601309869, 166.011218722, 164.610911602, 1.01740419076, -0.0686677319821, 0.0449902698039, 19, 2019
N, -100, 0.2865571263870948, 101.300243988, 40.8345228121, 2.18401870501, -2.02834633737, 2.94822783789, 19, 2019
E, 100, 0.9724575121185506, 591.979669935, 96.0462297621, 5.72706174293, -0.152662811988, 0.0169008911954, 19, 2019
Z, 100, 0.9999554433651439, 186.961922746, 186.921109037, 1.00250985803, -0.0122773055301, 0.00493379553614, 22, 2019
N, 100, -0.45829164292210145, 83.1884764474, 43.1629767687, 1.73450820906, -0.976771801893, 3.23921251907, 22, 2019
E, -100, 0.9468508974829545, 674.918060877, 112.591729743, 5.73978507377, 0.320229359713, 0.0203768171219, 22, 2019
Z, 100, 0.9980292647712392, 110.480476431, 122.308986718, 0.920134025695, -0.000200834123176, 0.0425445351715, 25, 2019
N, 100, -0.771178857474592, 96.2528792988, 24.4960245306, 3.76200013143, -0.454020371966, 3.3158521867, 25, 2019
E, -100, 0.7475522229529667, 471.868559526, 74.8920736966, 6.57800273103, 1.01525200329, 0.381899032362, 25, 2019
Z, 68, 0.9898833081382946, 60.3484801323, 61.6552089587, 0.973236270293, 0.0473195117614, 0.0323025129468, 28, 2019
N, 100, -0.5083786689969402, 99.5558804544, 17.4579536133, 5.76424758714, -1.42246929342, 2.71515995446, 28, 2019
E, 100, 0.8738085172147869, 579.561775647, 32.11724703, 21.8031791295, -0.92206255524, 0.811017735336, 28, 2019
Z, 100, 0.4493556710931792, 71.8960648344, 118.670252363, 0.617495205683, -1.16866216438, 0.31602914446, 31, 2019
N, 100, -0.7974103095205328, 11650.4606188, 30.7712443561, 336.577205908, -0.406570011568, 3.35322269699, 31, 2019
E, -100, 0.0774637399404449, 23572.6167755, 68.700335385, 301.41272757, 1.65125375928, 0.278237842936, 31, 2019
Z, 100, 0.8948356942589994, 115.14429059, 139.936908835, 0.703255678594, 0.2717810599, 0.449439548774, 34, 2019
N, 100, -0.16643589787146262, 12232.0183552, 35.2406766243, 222.627246496, -1.63590554384, 2.49077481975, 34, 2019
E, -100, 0.5464955399598097, 25175.0230436, 85.5597308884, 188.597892242, -2.61582692646, 2.58341105664, 34, 2019
Z, -80, 0.9977953837840235, 137.626650739, 126.563643681, 1.08333821353, -0.0384328349714, 0.0521466162835, 37, 2019
N, -100, 0.26146018844600555, 39.5565697209, 29.1229475327, 0.816611574937, 2.82812234648, 1.72787803701, 37, 2019
E, -100, 0.8837458117952104, 335.322483336, 76.1008999946, 4.37173376794, 0.575711291205, 0.24968616315, 37, 2019
Z, 100, 0.9762362032972466, 58.0177266555, 78.0650775206, 0.746481279431, 0.0661852474653, 0.161579565249, 40, 2019
N, 100, -0.7790104854894205, 66.3932612982, 16.3620766697, 3.46960808971, 0.509835176277, 3.90111675536, 40, 2019
E, -100, 0.7964454190380013, 465.970610011, 47.7548419443, 9.68633572849, 1.03605452623, 0.516932414137, 40, 2019
Z, -100, 0.8253682495885234, 48.4725831142, 52.1930865913, 1.01256630186, 0.0884850792597, 0.218284697094, 43, 2019
N, 100, -0.5149967929036132, 101.653643812, 12.5101165011, 9.12189940106, -1.44468711996, 2.70263549505, 43, 2019
E, 100, 0.6863319481860596, 568.941478285, 28.1076237052, 24.9352811161, -1.34028417519, 0.900929875705, 43, 2019
Z, 0, 0.997809534805906, 118.826301513, 126.331825661, 0.921935732329, 0.0341606302048, 0.0522500888011, 46, 2019
N, -100, 0.07943607648801322, 107.912387278, 30.8524793749, 2.11647170064, -2.0457521924, 2.30162005248, 46, 2019
E, 100, 0.8133805017208205, 552.49849992, 70.8171559322, 7.29620241993, -0.762652369212, 0.255107721927, 46, 2019
Z, 100, 0.9983605505566348, 162.577580597, 159.619433706, 1.01795510795, -0.0622995233801, 0.0378266360706, 49, 2019
N, -100, 0.5164955110236223, 85.6461642232, 38.8099773291, 1.75028329386, 1.2910530858, 1.03499986924, 49, 2019
E, 100, 0.9911993551813773, 420.772880093, 98.2857938725, 4.10271081738, -0.0402284780132, 0.0239315214559, 49, 2019
Z, 88, 0.992051873186335, 104.5051673, 127.54242093, 0.843919168039, -3.07338882539, 3.04026203457, 52, 2019
N, -100, 0.6290142143967352, 71.3391012154, 23.2488318466, 3.04585972542, 0.830704752251, 0.0910719315436, 52, 2019
E, -100, 0.965051253018918, 399.102890963, 75.2511883687, 5.57738327335, 0.294484583426, 0.124131934977, 52, 2019
Z, 100, 0.5968664992767363, 34.9900087433, 35.2997601841, 1.03743077938, -3.05858738389, 2.22828016627, 55, 2019
N, -100, 0.5189204468353432, 81.0926413786, 10.6103148138, 5.99631674869, -0.0905077969335, 0.730230835239, 55, 2019
E, 100, 0.43827242386490395, 280.76204091, 28.1870673397, 12.6098850524, 1.51352909205, 4.29085120129, 55, 2019
Z, 43, 0.9990232879645325, 84.8766550465, 93.6306781711, 0.905877862208, 0.00320736031713, 0.0169892593035, 58, 2019
N, -100, 0.8433160087182128, 72.890382135, 24.2200325385, 2.72054096047, -2.49392901932, 3.24892586564, 58, 2019
E, 100, 0.5287247003085248, 539.207110249, 51.942173349, 9.71530288593, -1.12092603338, 0.132670074629, 58, 2019
Z, 100, 0.9613736083130535, 117.681738509, 113.210526758, 1.02477839875, -0.285471200859, 0.133211627855, 61, 2019
N, -100, 0.3794482941892686, 120.738758761, 28.7548844809, 3.70003746705, -1.84019328982, 3.28655628038, 61, 2019
E, 100, 0.9426135431794886, 589.014415453, 68.511597498, 8.0250211511, -0.290897998659, 0.0102195807141, 61, 2019
Z, 100, 0.9686135039100389, 151.02065877, 100.256977203, 1.3201366436, -0.272703807245, 0.207943734838, 64, 2019
N, 100, -0.32401194519617765, 120.405083595, 23.916506668, 4.31246796683, -1.05198897068, 3.30964032468, 64, 2019
E, -100, 0.9651640385727693, 515.693008187, 63.3555833545, 7.75511155745, 0.215271099836, 0.00956029085757, 64, 2019
Z, -100, 0.987226122343222, 116.895641267, 67.884410588, 1.54846354848, -0.0241878866942, 0.0828216022344, 67, 2019
N, 100, -0.660557740468388, 105.333315134, 11.2396262926, 9.01373515471, -0.691582890318, 3.27957202197, 67, 2019
E, -100, 0.7089636145505028, 458.707994893, 38.4973754881, 12.8791459579, -2.20565298676, 3.36413855784, 67, 2019
Z, -100, 0.885146083735777, 35.8450101926, 37.5130582379, 0.952973135168, 3.17687699498, 2.64760735051, 70, 2019
N, -100, 0.9282298139638052, 81.0846684849, 9.38879048526, 8.47757520907, 0.164838625212, 0.154352348227, 70, 2019
E, 100, 0.01497525846577182, 378.546464925, 22.6123556225, 19.0156443804, -1.9193271466, 0.672876458243, 70, 2019
Z, -100, 0.9974931960688733, 99.7089509229, 100.184563437, 1.01976278974, 0.0214804957333, 0.0312982902611, 73, 2019
N, -100, 0.8214012948129288, 58.1191490959, 24.7376305209, 2.25722010934, 0.66698718626, 0.08374796449, 73, 2019
E, 100, 0.40159704522032974, 294.954426913, 57.277734278, 5.38054013127, -1.27795434255, 0.175359420597, 73, 2019
Z, -100, 0.9889447805679249, 129.254840167, 130.572405475, 1.0049292368, 0.0927563905372, 0.0152996318619, 76, 2019
N, -100, 0.2453785748818536, 91.0507985444, 31.7971236858, 2.36979617621, -2.22891693109, 2.59590034481, 76, 2019
E, 100, 0.8708297692864272, 489.154812018, 77.6725112512, 5.76302347349, -0.437471842346, 0.0398449358901, 76, 2019
Z, 100, 0.9945422749995539, 109.865555293, 100.497694033, 1.06475429463, -0.112000944627, 0.0402268122907, 79, 2019
N, 100, -0.5972527436171631, 114.42612568, 20.4519763714, 5.72503636723, -0.699892565503, 3.43628357245, 79, 2019
E, -100, 0.9536115338061426, 467.2123531, 65.8403534929, 7.28217187052, 0.280791234011, 0.144233814306, 79, 2019
Z, -100, 0.9227963411276074, 74.6282268784, 40.6367882196, 1.3360898416, 2.41184733586, 2.14246831452, 82, 2019
N, -100, 0.9290581042797007, 110.626749162, 11.2683597123, 9.90522772462, 0.241468750113, 0.104240654664, 82, 2019
E, 100, 0.030779377834931364, 330.94849678, 22.5451357204, 19.8119377442, 0.532493267136, 1.92476297059, 82, 2019
Z, 100, 0.9941546466255778, 87.4049065146, 91.9159169468, 0.911828363705, -0.00211241617741, 0.0748550169239, 85, 2019
N, -100, 0.5340471993463125, 140.285812838, 25.6081109525, 5.11280190638, 0.976008907357, 0.0468636160435, 85, 2019
E, 100, 0.07172617964611347, 372.935987383, 54.434435203, 6.39805916286, -1.58425328103, 0.0963106301815, 85, 2019
Z, 100, 0.9810424549183798, 98.7905786657, 105.599698114, 0.901177698261, -0.108257968218, 0.034218599562, 88, 2019
N, 100, -0.2934792251767674, 137.798310844, 26.8257834444, 5.06151306123, 1.98366813723, 0.155953309934, 88, 2019
E, 100, 0.5483849551033231, 498.301388905, 61.0035878281, 7.75994778509, -0.976613274227, 0.0217039290052, 88, 2019
Z, 100, 0.9855733328703492, 84.2128602733, 81.0040929416, 1.01533182366, -0.177175579063, 0.0688789062019, 91, 2019
N, 100, -0.6452635560598737, 152.178973567, 20.3800021881, 7.35942867279, -0.753356975644, 3.26411886092, 91, 2019
E, 100, 0.8317815239301107, 508.22366456, 52.4916968045, 9.39505664371, -0.434863027762, 0.15221729785, 91, 2019
Z, 100, 0.9974240819562529, 48.8566817833, 44.687309651, 1.0865027523, -0.0697744142934, 0.0222965784008, 94, 2019
N, 100, -0.563744140876854, 155.606558048, 7.98903769235, 23.1262795971, -0.560676002214, 3.59296718938, 94, 2019
E, 100, 0.8579939236454512, 530.520434421, 29.4632763191, 22.374289404, 0.15410558319, 0.428966739934, 94, 2019
Z, -100, 0.9982508484929972, 53.6657577804, 55.1633583369, 0.97264529201, 0.0449657335853, 0.0094818902114, 97, 2019
N, 100, 0.6250020444745461, 152.900025854, 14.3619537338, 10.5787214504, -0.437336838454, 0.275744581916, 97, 2019
E, -100, -0.8305557322673917, 532.151054142, 31.4693162473, 19.1777224816, 0.114909635113, 3.44459120602, 97, 2019
Z, 100, 0.9959207840457228, 107.829710791, 108.094955526, 0.967167620522, -0.0484374267947, 0.0456259630336, 100, 2019
N, -100, -0.18272420382624693, 2160.59677464, 28.5638209215, 65.1695799636, 1.4537968031, 3.02107571888, 100, 2019
E, -100, -0.9147994714864945, 2039.37279993, 65.1760767392, 28.2085298969, 0.316318389022, 3.24970442071, 100, 2019
Z, 0, 0.9998466365618489, 126.644253219, 128.29931309, 0.991877293784, 0.000641514392379, 0.00916918807834, 103, 2019
N, -100, 0.38810498069835475, 132.461816479, 31.9055094834, 3.89628038461, 1.25748932943, 0.0879937189425, 103, 2019
E, -100, -0.01759776836453747, 537.180392039, 74.5294510228, 6.81888416762, 1.58731797247, 3.10260093443, 103, 2019
Z, -100, 0.9976680755145111, 83.5453945999, 88.3966897678, 0.960669695296, 0.0441518875202, 0.0201963446361, 106, 2019
N, 100, -0.23107660863443116, 161.596311091, 20.1524992412, 8.65680642996, 1.95757520112, 0.194938036607, 106, 2019
E, 100, 0.5117140233190896, 563.289842999, 58.1926844357, 9.77495665031, 2.31620315347, 2.89712825135, 106, 2019
Z, -100, 0.9976692186588234, 49.2957522401, 49.617474153, 1.00167804227, 0.061200739616, 0.0476139663768, 109, 2019
N, -100, 0.9614870969764331, 193.475188232, 14.8400728965, 14.646959268, -0.0827625319965, 0.237792065534, 109, 2019
E, -100, -0.43472430903625575, 558.968347764, 24.3181313424, 27.9367639841, 2.64572640144, 1.16296470209, 109, 2019
Z, -100, 0.9952857091530539, 106.287265747, 110.784273273, 0.937483929648, 0.0744354262785, 0.0727160107449, 112, 2019
N, 100, 0.9889067581045977, 222.089829622, 31.9804581198, 6.8184497204, -0.0395462603599, 0.0412880379019, 112, 2019
E, -100, -0.892774387661814, 452.648193299, 67.1405307256, 6.31025047071, 0.0407673143352, 3.46720318128, 112, 2019
Z, 100, 0.9928400068873402, 113.915218133, 125.253984503, 0.878093904654, -0.000744264237807, 0.0763402300029, 115, 2019
N, -100, 0.9847349844835723, 183.862025831, 33.6305200868, 5.37437100543, 0.169852736408, 0.110141044249, 115, 2019
E, -100, -0.6111180957654939, 391.636704644, 74.7296337254, 5.06435079014, 0.931891920546, 3.10975693444, 115, 2019
Z, 100, 0.9859708219634081, 86.4114118457, 96.4327707196, 0.874732590006, 3.04285763021, 3.1108101089, 118, 2019
N, -100, 0.9390098838648893, 225.172042658, 24.126703072, 9.46997060694, 0.437893294897, 0.183854302725, 118, 2019
E, -100, -0.4521679084539908, 381.099582733, 56.9113378138, 6.56175291227, 1.1245587338, 3.10886356132, 118, 2019
Z, 100, 0.9288933095466688, 46.4867327214, 43.4417575349, 0.969316406938, 2.66231959912, 3.32616338964, 121, 2019
N, 100, 0.9255789541169558, 195.72464907, 10.84064553, 21.4229244882, 0.407975973041, 0.53286424695, 121, 2019
E, -100, -0.29801339164819135, 262.618841056, 31.9668013535, 10.2823840455, 1.63979869909, 2.56418235825, 121, 2019
Z, -100, 0.9997915626202682, 128.805227632, 128.987888242, 1.00657501198, -0.00225068780562, 0.0174804485455, 127, 2019
N, 100, 0.5380839229871425, 223.181610165, 34.8179390765, 6.03206809769, -1.06097785897, 0.0733416351299, 127, 2019
E, 100, -0.4889823339414424, 141.64595826, 77.8126960402, 1.77194639751, -1.21625652336, 3.43549461395, 127, 2019
Z, -97, 0.999541439929463, 149.584985284, 148.428087207, 1.01693166243, -0.00590491927972, 0.020527980698, 130, 2019
N, 100, 0.8748253027400542, 184.902722633, 39.3654390669, 4.45906489464, -0.509466076979, 0.0273247943984, 130, 2019
E, 100, -0.8603290583460994, 70.8042797106, 89.6797444617, 0.699853363733, -0.486425146856, 3.33859793808, 130, 2019
Z, -100, 0.9992631144164293, 108.819770593, 109.706187924, 0.996460846868, 0.0171937035738, 0.00307943894832, 133, 2019
N, -100, 0.9763279393136595, 177.911475005, 25.8915171295, 7.27575343402, 0.263631103923, 0.168050579317, 133, 2019
E, -100, -0.8342414620522532, 109.239067651, 64.0339640029, 1.74495713621, 0.739228092629, 2.75752930665, 133, 2019
Z, -41, 0.9981801153358246, 50.7134622256, 51.0685404858, 0.99121411775, -0.00775406145399, 0.0512749796367, 136, 2019
N, 100, 0.6241129222257057, 171.501333081, 15.7710726419, 12.5722548851, -1.36094672504, 0.52991801797, 136, 2019
E, 100, -0.5087262407508764, 163.451769764, 29.4461054293, 7.23749351942, 0.72678083597, 1.61975505496, 136, 2019
Z, -100, 0.9994733135079378, 123.262378766, 124.199215314, 0.982394152651, 0.0288688488614, 0.0259782821005, 139, 2019
N, 100, 0.4902348192043629, 176.350510494, 34.8814662619, 4.76256450154, -1.11673920778, 0.0763200920591, 139, 2019
E, -100, 0.2415142236064225, 138.529048915, 71.9843249433, 1.94822031779, -1.94334015829, 3.34494802372, 139, 2019
Z, -61, 0.997708138481976, 151.386422024, 145.350502179, 1.05367415681, -0.0387634372115, 0.0598687079173, 142, 2019
N, 100, 0.861857807411701, 146.558448611, 41.2316380715, 3.51916933214, -0.473604708239, 0.0485613788399, 142, 2019
E, 100, -0.1278463727711237, 96.8042083823, 90.4952520364, 0.946566931799, -1.36980777808, 3.07788577986, 142, 2019
Z, -100, 0.9966439273237233, 129.720840038, 123.446543828, 1.05961255181, 0.0262652164684, 0.0350308161891, 145, 2019
N, 100, 0.9840972219274259, 192.182472306, 32.710996877, 5.91908331586, 0.0167237641732, 0.139231137379, 145, 2019
E, 100, -0.6874997236876723, 139.859680529, 73.7363215363, 1.82934332378, -0.75031840998, 3.09118685369, 145, 2019
Z, 100, 0.9957536909723593, 65.0793256673, 74.040998773, 0.875843072917, -0.0318003517705, 0.0233402464363, 148, 2019
N, 100, 0.9656403352381732, 188.179038096, 17.4210704081, 11.8249415724, 0.0188840003478, 0.232255659506, 148, 2019
E, 100, -0.7725223792593556, 137.634440268, 43.5246014862, 3.35123189416, -0.403740167595, 2.86057595934, 148, 2019
Z, -100, 0.9909482324398898, 67.8457170321, 68.2655755243, 0.978719348182, 0.123087991333, 0.091184004637, 151, 2019
N, 100, 0.516496118602148, 198.229295674, 17.3037568944, 12.2110476381, -1.31679130657, 0.327374114841, 151, 2019
E, -100, 0.033716483336241644, 208.463348759, 36.3118936702, 6.88865632827, -1.97381048702, 3.56356714142, 151, 2019
Z, -100, 0.9892945316499923, 136.372458908, 138.783390982, 0.952260116058, 0.111961743228, 0.0907866733554, 154, 2019
N, 100, 0.5410995714721629, 207.028948544, 36.2945691562, 5.47465134983, -1.06235912006, 0.0844143862064, 154, 2019
E, -100, 0.41488334453144987, 227.664802326, 80.539476719, 2.92219401893, -2.13985205524, 3.3541711597, 154, 2019
Z, 100, 0.9928032182037361, 158.515775385, 167.545024731, 0.899910257345, 0.064678105845, 0.106236737001, 157, 2019
N, 100, 0.7928456103159426, 217.438399746, 46.0801893383, 4.48383492336, -0.598656394093, 0.0607674797548, 157, 2019
E, -100, 0.2700482675977293, 200.443787241, 104.193612192, 1.87050996657, 1.20314833115, 0.172280642786, 157, 2019
Z, 100, 0.9910051399457825, 119.725780807, 136.219094715, 0.863311341713, -0.0209123417122, 0.0704776172871, 160, 2019
N, 100, 0.9447722648420309, 203.835239397, 35.2832466686, 5.84592842701, -0.180846004967, 0.142650443578, 160, 2019
E, 100, -0.2367959197965718, 157.362807402, 81.269161378, 1.89327617222, 1.79412178417, 0.0502515646195, 160, 2019
Z, 100, 0.955997018721888, 46.1634946324, 65.306004783, 0.746998814159, -0.932333623654, 0.87377645064, 163, 2019
N, 100, 0.6793157626024807, 175.248132138, 14.5846737122, 14.2241051766, -1.14592217573, 0.364331688409, 163, 2019
E, 100, -0.21436605678774565, 157.345423368, 36.7586069335, 5.03712109378, -0.658053805961, 2.42976933133, 163, 2019
Z, -100, 0.9945518077218318, 118.470051399, 119.887191147, 0.97096214237, 0.0883166729132, 0.0663447603089, 166, 2019
N, 100, 0.29410011995988894, 197.934426414, 32.8722657862, 5.84162668277, -1.34676229322, 0.0984164768856, 166, 2019
E, -100, 0.5663341123259351, 219.924275366, 66.3111327741, 3.49230753075, -2.31976545015, 3.33769726949, 166, 2019
Z, -19, 0.9998856825372583, 152.926721332, 155.321223442, 0.979141956304, 0.0123308916749, 0.0140399844852, 169, 2019
N, 100, 0.6030054772933577, 219.503900112, 42.9359839309, 4.86944774962, -0.90216375038, 0.0172488450699, 169, 2019
E, -100, 0.47888592270891395, 222.947425566, 94.3110574583, 2.30701452934, 1.01066265575, 0.110110288404, 169, 2019
Z, 69, 0.9999941663903089, 138.241690966, 140.643844174, 0.981976307453, -0.00274010555464, 0.00324926600244, 172, 2019
N, 100, 0.8253108678828296, 229.197494561, 39.3333638136, 5.67151004288, -0.493821229653, 0.118534753348, 172, 2019
E, -100, 0.20018379913580228, 190.586119609, 87.2273920118, 2.04481983226, 1.3469271986, 0.0643975066678, 172, 2019
Z, -37, 0.9997985691045512, 96.2052753612, 96.8201025927, 0.996510404448, -0.00272253159054, 0.00932823765597, 175, 2019
N, 100, 0.9249770750690993, 212.978833631, 25.2660577155, 8.81632647474, -0.234229860949, 0.154842311566, 175, 2019
E, 100, -0.17761231775629688, 166.565152664, 57.6093185838, 2.89169586615, -1.28183054687, 3.02688102042, 175, 2019
Z, -100, 0.9997306109604672, 53.6872659306, 54.6597496283, 0.983083862561, 0.047644318399, 0.0189645637054, 178, 2019
N, 100, 0.5157090606771577, 205.697655848, 13.7971772947, 16.9953366958, -1.42467835376, 0.427372359052, 178, 2019
E, -100, 0.2986362266149099, 198.257984149, 31.1264942884, 7.08768346333, -1.792603118, 3.04225946367, 178, 2019
Z, -100, 0.9980678500937381, 126.369244117, 127.148496443, 0.989861544358, 0.0551013342135, 0.0285421895751, 181, 2019
N, 100, 0.2625228389552484, 167.656511156, 32.4466855284, 5.10266630593, -1.47732182311, 0.223751859785, 181, 2019
E, -100, 0.7600602639152361, 210.618097282, 70.5832502205, 3.14394371661, -2.60241710875, 3.35205938885, 181, 2019
Z, -57, 0.9991171894277812, 172.467626188, 176.135908946, 0.967922336028, 0.0303098124025, 0.0350959098608, 184, 2019
N, 100, 0.6289639321785256, 195.601438844, 46.6490266095, 3.92133546653, -0.84129355112, 0.0490278099247, 184, 2019
E, -100, 0.6371749867128861, 223.627484962, 105.802462863, 2.03770235825, 0.821770041467, 0.102124544392, 184, 2019
Z, 100, 0.9999337163314891, 149.388105437, 152.506880994, 0.975868546556, -0.00523309656021, 0.00882335508842, 187, 2019
N, 100, 0.8362258227175489, 201.02670396, 42.9269417994, 4.67032063304, -0.46191280435, 0.140787109796, 187, 2019
E, -100, 0.4240262277834195, 180.878191709, 95.8549988731, 1.77861021424, 1.08968845443, 0.095027650688, 187, 2019
Z, -39, 0.999707051916146, 81.727809413, 80.9123314655, 1.00619649237, -0.0104274887679, 0.016403793526, 190, 2019
N, 100, 0.7760239993936456, 182.112854228, 18.2581774497, 11.7242914822, -0.0623671722034, 0.570914027124, 190, 2019
E, -100, 0.05753903733034878, 155.832841972, 45.7785509099, 3.39905659971, -1.03514046387, 2.51481037956, 190, 2019
Z, -100, 0.9996508196734726, 100.263074987, 100.316697137, 1.00881747656, -0.0206377695676, 0.0306373801432, 193, 2019
N, 100, 0.010461568481269834, 187.885733626, 27.4376782699, 6.7661531659, -1.78667157461, 0.306160899565, 193, 2019
E, -100, 0.8580508496864006, 208.261488209, 54.5100081772, 4.03967889417, 0.288601925082, 0.250427448903, 193, 2019
Z, -100, 0.9997840203118927, 145.175795832, 147.494640811, 0.980997971417, 0.0235948134518, 0.0166600918808, 196, 2019
N, 100, 0.3860816627709052, 168.964094291, 39.6221481772, 4.13906304761, -1.20228830066, 0.0458997696504, 196, 2019
E, -100, 0.6374214952539392, 110.562472326, 86.1219530485, 1.01309708152, 0.471552478609, 0.369634596664, 196, 2019
Z, 0, 0.9997540227474655, 143.399731267, 142.052823892, 1.01057387839, -0.014199063573, 0.0193753891135, 199, 2019
N, 100, 0.3828265595718143, 144.56309371, 40.0595225204, 3.76115401178, -1.12292833329, 0.0910315969696, 199, 2019
E, 100, -0.6925740552309806, 124.859498786, 89.4794618964, 1.23460163799, -0.784462509184, 3.20459739243, 199, 2019
Z, -9, 0.9998994430754147, 102.267732565, 102.878038904, 0.994122465608, -0.00667489429476, 0.00879369055594, 202, 2019
N, 100, 0.4808654792312926, 159.879832605, 30.2722721373, 5.04232678043, -0.800673460989, 0.265698137974, 202, 2019
E, 100, -0.7424865023230921, 69.0684025987, 65.3010769143, 1.14738588221, -0.712977194278, 3.1204147068, 202, 2019
Z, -100, 0.9995269470908393, 53.9132644388, 54.0809447606, 0.985090015665, -0.0193407558591, 0.0488234819337, 205, 2019
N, 100, 0.4048430027494242, 142.078493326, 12.948316898, 12.5639396877, -0.920538040846, 0.335498023976, 205, 2019
E, 100, -0.7790722935161158, 207.507673002, 32.0283078548, 6.10535600743, 0.664627068238, 2.43048169605, 205, 2019
Z, 44, 0.9977777958866376, 98.1124584708, 97.0765674328, 1.01391990229, -0.0430818963167, 0.0362698387441, 208, 2019
N, -100, -0.7423545238433198, 104.131382413, 24.0942393856, 3.93050661485, -2.45801808225, 0.0394227431682, 208, 2019
E, 100, -0.3882103801972689, 311.660212681, 53.1580248486, 5.64610306866, 1.62567363564, 0.427164991491, 208, 2019
Z, 0, 0.9999007612675339, 161.181536025, 161.028779245, 1.00355977146, -0.00803678032071, 0.0125761428181, 211, 2019
N, -100, -0.2315737613584317, 134.978590694, 41.3697927908, 2.7415299306, -1.63756705054, 0.200696920219, 211, 2019
E, 100, -0.22185646788859337, 90.3050501505, 93.3637821173, 1.00555587921, -1.43189449112, 3.25960397888, 211, 2019
Z, 100, 0.9999092498074058, 157.553140591, 157.314548569, 1.00316035041, -0.0150656976541, 0.00821985557721, 214, 2019
N, 100, 0.3559051155763813, 176.158276871, 43.0459010594, 4.00230554294, -1.17466575025, 0.0334911959355, 214, 2019
E, -100, 0.2454601309974413, 90.1020627614, 99.0713062361, 0.892032654067, -1.72501311744, 2.99315923049, 214, 2019
Z, 7, 0.9991952264331492, 82.5250480284, 79.7721322092, 1.03350300315, -0.0208951480608, 0.0195957547373, 217, 2019
N, 100, 0.7295430353490844, 153.886833006, 25.7213507854, 7.11701360295, -0.306658823624, 0.43419077498, 217, 2019
E, -100, 0.13384890043117834, 73.3574645941, 52.2103655473, 1.26247120612, 1.45520776771, 0.0745242569455, 217, 2019
Z, -100, 0.9973254934065668, 74.2936602304, 72.9504914101, 1.02529729382, 0.0572361837192, 0.00738872010807, 220, 2019
N, -100, -0.6501619478051828, 123.722945642, 19.7759979146, 6.73594024959, -2.64484442738, 0.403691144506, 220, 2019
E, 100, -0.009599508244870825, 190.46499689, 40.6664108723, 4.43522686353, 1.73762655945, 0.189683059426, 220, 2019
Z, 19, 0.9994392930869603, 127.614904995, 126.741431326, 1.00511415311, -0.0195040605389, 0.0146724678936, 223, 2019
N, -100, -0.30218568739890184, 219.567889302, 33.3671985912, 5.12440828452, -2.18810654744, 0.474255325914, 223, 2019
E, 100, -0.9242311948367142, 229.410889857, 72.986914815, 3.49923536367, -3.45908931048, 0.0310819545389, 223, 2019
Z, 100, 0.9945116721327718, 137.124985126, 130.53912217, 1.0556964841, -0.0943612871577, 0.0822026807037, 226, 2019
N, 100, 0.46525260082727476, 342.847692812, 35.3606290826, 9.77305884295, -1.05212672475, 0.0406891918066, 226, 2019
E, 100, -0.8607235763503848, 335.269380587, 80.2137636111, 4.07341016427, -0.502537637144, 3.11395242941, 226, 2019
Z, -100, 0.9986044932042026, 97.3575741559, 95.6106866041, 1.02779157064, 0.00142581437041, 0.0436071201036, 229, 2019
N, 100, 0.4522529432007567, 396.108771387, 29.3555486674, 13.0320668635, -0.765363903368, 0.377275970813, 229, 2019
E, 100, -0.8826166762664731, 431.399496787, 62.3222252853, 5.99914800562, 0.142754097682, 2.92637063824, 229, 2019
Z, -100, 0.9697546282905503, 31.2388488456, 40.5192334237, 0.741038643843, 0.258789441826, 0.0872629729487, 232, 2019
N, 100, 0.2058746395584508, 314.030636607, 16.1803304917, 22.6525933787, -1.13911008647, 0.338071887991, 232, 2019
E, -100, -0.9044020807835039, 918.380643476, 28.166655621, 34.2237110877, 0.474086445779, 2.63564039759, 232, 2019
Z, -100, 0.9855734449454246, 70.967605333, 65.4594845633, 1.13274087402, 0.0687850853432, 0.0635693627532, 235, 2019
N, -100, -0.7857192064518254, 127.964848975, 15.8197587102, 7.60254712148, 0.678195001859, 3.35530427581, 235, 2019
E, 100, -0.3253071888598642, 1056.40202812, 37.4888454476, 28.7734756642, 1.74688014465, 0.156107520899, 235, 2019
Z, -100, 0.9994908379992071, 134.151628211, 130.297417322, 1.02796422762, 0.0350114968298, 0.00354762502664, 238, 2019
N, -100, -0.7548086414392983, 198.820776019, 32.7170953613, 5.57357374505, -2.45615464335, 0.0216873721031, 238, 2019
E, 100, -0.4520901029433574, 919.211409398, 75.2148975562, 11.6916850113, 1.90226158182, 0.184636515102, 238, 2019
Z, -53, 0.999713264393345, 145.831750228, 144.496814838, 1.00939512363, -0.000662508460158, 0.0157166212167, 241, 2019
N, -100, -0.41645867092407635, 230.355645875, 37.5274571019, 5.77050087149, -1.89802823787, 0.120976587316, 241, 2019
E, 100, -0.9173423599532555, 494.21122084, 88.6380467137, 5.28705984569, -0.449955183081, 3.26509908296, 241, 2019
Z, -100, 0.9951756355033019, 81.1634360006, 74.1086793478, 1.08562512295, -0.0369306068462, 0.0779351019063, 244, 2019
N, 100, 0.0679753680189693, 267.945512314, 26.5471607363, 12.3285780859, -1.2056771268, 0.443308382713, 244, 2019
E, -100, -0.9283042605311164, 374.127834049, 52.6666713757, 7.63667911732, 0.419381778343, 2.93331987912, 244, 2019
Z, 100, 0.9629010575521698, 56.7011885098, 54.8677292765, 0.959315414428, -3.05520013507, 2.88578481506, 247, 2019
N, 100, -0.6867163475920988, 246.589455771, 14.7514040357, 18.8589272313, -0.96785615379, 2.4056417086, 247, 2019
E, -100, 0.025240544849981, 441.869967622, 31.1717372443, 15.1279213077, 1.28593730188, 0.276810479825, 247, 2019
Z, 100, 0.9974828317064033, 109.8682644, 107.352318544, 1.01215315266, -0.0410624273416, 0.0108099883666, 250, 2019
N, -100, -0.9777710933141058, 199.280392387, 27.7922084737, 6.73194125532, -3.09327373689, 0.0169597676955, 250, 2019
E, 100, -0.10153843549801511, 387.66956401, 63.6698180638, 5.89169796063, 1.64627407811, 0.0125919627132, 250, 2019
Z, 0, 0.9999031183294308, 113.527144659, 111.703607252, 1.01461347568, 0.00979481103731, 0.00256302773292, 253, 2019
N, -100, -0.88535483364407, 222.617487456, 29.2994693208, 6.97605798293, 0.471436164965, 3.13509624827, 253, 2019
E, 100, -0.3979226318859946, 274.618891726, 67.4740311233, 4.05483413226, -1.1990572211, 3.1812196458, 253, 2019
Z, 100, 0.9974923608980932, 81.1781295244, 78.1325421708, 1.03869437371, -0.0537364741405, 0.047641045674, 256, 2019
N, -100, -0.39630754394163775, 227.503826879, 23.166870062, 9.67129810745, -1.8162487142, 0.194382887341, 256, 2019
E, 100, -0.710951922722252, 209.316058901, 50.6513716172, 4.07086794039, -0.817077288979, 3.2038056264, 256, 2019
Z, 100, 0.9727525079419931, 30.4545000161, 20.0876405416, 1.52086497951, -0.109065769446, 0.0721739509118, 259, 2019
N, 100, 0.18547224850809002, 216.950933878, 15.2615523127, 20.221481936, -1.04202874646, 0.521342275417, 259, 2019
E, 100, -0.7785210648887992, 173.234135308, 18.571081457, 11.1935968831, -0.0960051584698, 2.64830941428, 259, 2019
Z, 100, 0.9643609424798196, 57.3326500363, 57.7292234871, 0.886709008197, 0.102923443401, 0.263244012714, 262, 2019
N, 100, -0.4824546165741578, 232.33906987, 14.030459504, 18.0375391639, -1.23578017241, 2.74192970625, 262, 2019
E, -100, 0.8875535117293943, 189.69932252, 33.6774868036, 5.83497909888, 0.297867727555, 0.177162866746, 262, 2019
Z, 100, 0.991728565091391, 109.006320282, 109.826697288, 0.959322715584, -0.0547488259436, 0.0336707011101, 265, 2019
N, 100, -0.8938820492599403, 212.807480646, 27.2820280008, 7.11665656179, -3.63686727573, 0.191471461457, 265, 2019
E, -100, 0.7776439091764933, 204.81172393, 65.8845951722, 3.00481644173, 0.685634408982, 0.00648382380107, 265, 2019
Z, 100, 0.9983019559051205, 126.280194981, 124.774956752, 1.00792727858, -0.0428600010284, 0.0104939810047, 268, 2019
N, -100, -0.618470858940197, 263.575094907, 31.537762385, 5.8117560443, -2.58863423711, 0.483922979081, 268, 2019
E, 100, -0.50055349632011, 279.358747653, 75.4974589303, 3.58704833686, -0.897283799394, 2.94345548637, 268, 2019
Z, 100, 0.9645628181987546, 89.6421828413, 66.7590749519, 1.26054707714, -0.228045028122, 0.14359058648, 271, 2019
N, 100, 0.08862754262837085, 204.534061338, 20.3088761281, 13.1548307142, -1.32567423132, 0.523100242635, 271, 2019
E, 100, -0.7461242888514159, 600.371824216, 45.3883814763, 12.2062284165, 0.228646030336, 2.51211297708, 271, 2019
Z, 100, 0.9615491351932168, 55.5219765426, 62.674114307, 0.844655765245, -0.213578197172, 0.0684496464376, 274, 2019
N, -100, 0.2771307809564684, 337.086159514, 17.2227164191, 22.5799893155, 0.962754254068, 0.56967150982, 274, 2019
E, -100, 0.7562682424495945, 1199.55369844, 34.8525563814, 37.2347442948, 0.363247859355, 0.374304026714, 274, 2019
Z, 100, 0.9928450209560199, 113.241268482, 115.201690328, 0.947704599203, 0.0391201701598, 0.103043318259, 277, 2019
N, -100, 0.1467625850487534, 166.635644198, 28.3593065028, 4.62031396859, 0.946458440149, 0.59601540294, 277, 2019
E, -100, 0.49716195075977493, 1182.52637919, 68.761739345, 15.8011171785, 1.07505583567, 0.0223245404713, 277, 2019
Z, -25, 0.9996767948361455, 114.612703842, 108.004973027, 1.06344511697, 0.0151565341706, 0.00414097926056, 280, 2019
N, 100, -0.7294536299240365, 114.584072884, 28.3187071418, 3.21584877425, -2.44064762964, 0.838175212176, 280, 2019
E, -100, 0.022634195341017543, 980.921567167, 66.9061853935, 13.6795626429, 1.54887495584, 0.00975127105145, 280, 2019
Z, -100, 0.9979498070694877, 69.4860672901, 67.1918141104, 1.03328203661, 0.0730883622589, 0.0238784220777, 283, 2019
N, -100, -0.845641147758621, 181.01050337, 18.8774620772, 9.32221583403, -2.4305896896, 0.330043201556, 283, 2019
E, 100, -0.5436197977178824, 673.469816838, 42.2768621463, 16.217087372, -0.946007773068, 3.0624441151, 283, 2019
Z, 100, 0.8688983423041888, 19.4684248809, 19.1903358906, 1.01249031455, -0.332527552915, 0.0446455089418, 286, 2019
N, -100, -0.039066477978798524, 223.812757094, 9.05480738724, 43.8674409343, -1.53188659799, 1.0573505982, 286, 2019
E, -100, 0.035275911507683465, 484.462095228, 8.71448597922, 68.0611968863, -0.779907087739, 1.75260813906, 286, 2019
Z, 100, 0.9937832031172923, 77.5754461839, 78.1657303283, 0.937307755344, 0.057998114609, 0.113406956613, 289, 2019
N, -100, 0.26868494586482444, 204.009790739, 19.5719113514, 10.5947063096, -2.12013922885, 2.7363820183, 289, 2019
E, -100, 0.9788615355055048, 372.116108356, 44.4953560252, 8.42596560012, -0.166302862867, 0.232382718214, 289, 2019
Z, 100, 0.9993947584370204, 122.90308234, 124.227275658, 0.982005994322, -0.00930379537469, 0.0242640544514, 292, 2019
N, 100, -0.2505005007020112, 160.587591414, 30.3030861854, 5.03281778192, 1.68720877361, 0.195317497329, 292, 2019
E, -100, 0.9325946011250589, 316.772260293, 74.1656388859, 4.17747252664, 0.348950537941, 0.0326966446584, 292, 2019
Z, 100, 0.9933544123306605, 122.168586099, 126.024100273, 0.944189779472, -0.0515996281066, 0.036716651591, 295, 2019
N, 100, -0.9312628363671349, 119.608200252, 31.8828376932, 3.40666565698, -3.48842387843, 0.134987136831, 295, 2019
E, -100, 0.7812350262846399, 305.717808956, 78.1211990975, 3.89955986353, 0.722653228103, 0.0705218845419, 295, 2019
Z, 100, 0.9579486990438664, 77.0771025191, 70.9028222229, 1.03888451321, -0.30387786504, 0.0918421232372, 298, 2019
N, -100, -0.7944084235887832, 129.964317981, 19.9608629794, 7.63044744936, -2.31028701593, 0.343073869646, 298, 2019
E, -100, 0.5329625215305814, 218.693848157, 44.8366501494, 5.30286353124, -1.9828493963, 2.92760290778, 298, 2019
Z, -100, 0.9749368572837023, 76.4631726331, 75.9618953042, 0.960276532279, 0.144819685105, 0.149543359078, 301, 2019
N, 100, -0.19356408865588468, 116.522323651, 21.313451751, 6.1199723211, -1.71140824973, 2.52574785768, 301, 2019
E, 100, 0.7093737971224858, 195.719606469, 40.8259692048, 5.08932354063, -1.0212126042, 0.39009257191, 301, 2019
Z, 100, 0.993962597856502, 136.164218739, 143.745643331, 0.912035551917, 0.0624916776643, 0.103250052273, 304, 2019
N, 100, -0.815946448811671, 61.2911845059, 35.070740581, 1.40823315572, 0.506007240958, 3.88711679498, 304, 2019
E, 100, 0.9936172866159373, 262.2805448, 83.6587269151, 3.02748519378, 0.0233045415164, 0.0957141743031, 304, 2019
Z, 100, 0.9924394755494558, 127.497045614, 136.773787729, 0.908590604655, -0.0310681914971, 0.0590414307238, 307, 2019
N, -100, -0.9422906968787995, 121.1167988, 33.817738937, 3.62744000904, 0.321631447472, 3.1092597899, 307, 2019
E, -100, 0.9984132367500899, 283.163637266, 83.979668076, 3.36155005474, 0.0523349425793, 0.00905883763147, 307, 2019
Z, 0, 0.9998620482500504, 86.9205530592, 85.3456475532, 1.0242505767, 0.00295119587325, 0.00130884481809, 310, 2019
N, -100, -0.8835721663333422, 100.968781033, 23.8638803787, 4.30282888504, -2.57024708093, 0.157283666546, 310, 2019
E, -100, 0.9729871589965808, 197.780963331, 54.4047574791, 3.66922300713, 0.257263300026, 0.0293695419902, 310, 2019
Z, -100, 0.9789289520556187, 36.790419781, 30.2212061167, 1.23133049286, 0.632415494468, 0.570914413964, 313, 2019
N, 100, -0.7300328864447156, 55.094978299, 9.10737965565, 7.63568938754, -2.43958610642, 1.25907763933, 313, 2019
E, 100, 0.9451096391165023, 124.337228701, 16.9191964518, 8.56273182938, 0.392957060376, 0.538452014634, 313, 2019
Z, -43, 0.9996910535958626, 96.4230277744, 95.9262069263, 1.02035411135, -0.0191907419922, 0.0266229453663, 316, 2019
N, 100, -0.503261847814513, 50.2577228376, 23.9989655306, 1.99009322658, -1.2816323478, 2.82259506034, 316, 2019
E, 100, 0.8111674349056988, 150.418801507, 53.9939691097, 2.83456868067, -0.688344380876, 0.0817847652892, 316, 2019
Z, -4, 0.9991372691959439, 148.139155072, 150.734206307, 0.970899824947, 0.0305092491368, 0.0387185237604, 319, 2019
N, 100, -0.9312019221846431, 75.9534548584, 36.9056546368, 1.99998524803, -0.399455223838, 2.96460208414, 319, 2019
E, 100, 0.9308030950581945, 198.151093178, 88.9272412477, 2.16803792772, -0.377488428493, 0.0137123412162, 319, 2019
Z, 100, 0.9986520125020631, 150.302395392, 155.023285593, 0.955380897401, -0.00730470718606, 0.0336034436175, 322, 2019
N, -100, -0.9612737563916196, 77.8867921577, 37.7138152621, 1.98965208217, 0.277735622264, 3.16207988952, 322, 2019
E, 100, 0.9964972711784607, 220.837577386, 94.6080238849, 2.30761598733, -0.0411924423513, 0.0273731346654, 322, 2019
Z, 100, 0.9965275086424095, 91.5081576157, 95.8698589056, 0.946088222423, -0.0604906893412, 0.00868064448396, 325, 2019
N, -100, -0.5751305263708688, 111.058718154, 26.387738043, 2.5722649341, -3.14123612162, 0.698913009681, 325, 2019
E, -100, 0.376607691391938, 134.1430093, 62.4423637939, 2.18654149521, 1.51928021032, 0.52647286521, 325, 2019
Z, -100, 0.9019629220978829, 76.0696645488, 76.2123617179, 0.982319633931, 0.169994742391, 0.113548750985, 328, 2019
N, 100, -0.20878333573694763, 200.073454597, 21.5291167888, 7.5966266641, -1.5187637789, 2.29470433105, 328, 2019
E, 100, 0.9132393713591967, 393.324686047, 39.5826424061, 12.0117535013, -0.267250077097, 0.32961095391, 328, 2019
Z, -100, 0.9768722449928563, 147.241865885, 156.951824998, 0.884212133117, 0.164663272067, 0.188772408162, 331, 2019
N, -100, 0.4096355880861865, 107.512666841, 39.7639812424, 2.47558660921, 1.14613763574, 0.00736615527611, 331, 2019
E, 100, 0.9833694298317553, 484.539511496, 91.1289826087, 5.00367515833, -0.144261847694, 0.111197874466, 331, 2019
Z, 100, 0.9928501063616716, 156.204852939, 171.293090513, 0.883987208135, 0.0382332085528, 0.102856457415, 334, 2019
N, -100, 0.13202806328686412, 74.3190763754, 40.9691469707, 1.59392456314, 1.28644690685, 0.168816042545, 334, 2019
E, -100, 0.9358923641479473, 338.135325118, 102.313730858, 3.030359134, 0.181695631365, 0.177762978143, 334, 2019
Z, 100, 0.9818807971819136, 109.909812631, 123.49864896, 0.865765655788, -0.039903460347, 0.098571827556, 337, 2019
N, 100, -0.2788605160363315, 200.17951429, 31.3424639001, 6.01555454527, 2.07088246996, 0.270258577486, 337, 2019
E, -100, 0.5872707269011517, 542.533147403, 76.8743622712, 6.66774091603, 1.10384774373, 0.182611789038, 337, 2019
Z, 100, 0.9877211977779423, 54.9722241265, 56.4337286572, 0.93181231463, -0.182110927026, 0.0428680353675, 340, 2019
N, 100, -0.19415829614879515, 204.806264466, 18.2885041829, 12.4892302527, -1.06106405525, 2.7563425791, 340, 2019
E, -100, 0.5586414907611784, 588.298122968, 37.1591289951, 17.801978975, 1.29536488785, 0.408054000991, 340, 2019
Z, 100, 0.9926253183791005, 92.005526081, 93.2079156495, 1.01331423815, -0.156923446809, 0.11503878458, 343, 2019
N, -100, 0.6352361730122843, 165.244989941, 23.1729152456, 6.79719542744, 0.210193959442, 0.612217720526, 343, 2019
E, 100, 0.908895613168042, 514.708250697, 51.6385524877, 9.68636106612, -0.569070074911, 0.339639092004, 343, 2019
Z, 100, 0.9997707090869264, 162.231646419, 161.167243329, 1.01533389136, -0.0208059161223, 0.013320787728, 346, 2019
N, -100, 0.5359943690204367, 182.019619469, 40.0454460053, 4.24388322492, 1.05305061489, 0.0795300786096, 346, 2019
E, -100, 0.948567827698431, 538.688934547, 94.1995055297, 5.01028603775, 0.352289980369, 0.189552224963, 346, 2019
Z, 100, 0.998370726594301, 178.12433889, 184.624939119, 0.95269512735, 0.00976058391549, 0.0495720137819, 349, 2019
N, -100, 0.37193827747044067, 175.11233732, 43.9759881803, 3.6883027514, 1.06626194485, 0.150114989045, 349, 2019
E, -100, 0.8172465935381948, 703.948178411, 109.87422178, 6.04987685089, 0.618509488296, 0.00987406434772, 349, 2019
Z, 100, 0.9947510112278929, 124.243506581, 132.848045071, 0.921925256588, -0.0301934686945, 0.0470198772818, 352, 2019
N, 100, -0.12841863179795143, 121.487190482, 32.33645574, 3.01998503483, 1.47278021215, 0.285771313227, 352, 2019
E, -100, 0.5133031178171087, 485.495282817, 83.8848185321, 5.63830196613, 1.18746103668, 0.160035218518, 352, 2019
Z, 100, 0.9666959220450041, 62.6496174077, 63.2996949958, 0.983484547493, 0.0639810739542, 0.127579870964, 355, 2019
N, 100, -0.04779359945557642, 82.5503456401, 18.7387160674, 5.06343419964, -1.61071098286, 3.08368294173, 355, 2019
E, -100, 0.7450717226772996, 605.078589919, 33.1186700788, 23.0960783329, -2.88287917426, 2.78135211559, 355, 2019
Z, 100, 0.9998044097071515, 143.504844104, 144.942972387, 0.984813401125, -0.0185645682665, 0.00489306890111, 358, 2019
N, -100, 0.7887505516915579, 92.4424245449, 38.0178020236, 2.55690637428, 0.605850804763, 0.0463863881889, 358, 2019
E, 0, 0.9704446200822966, 649.478521622, 83.7192291276, 7.29117640063, -0.161047105198, 0.225372749694, 358, 2019
Z, 100, 0.9996022040538963, 184.801560785, 181.626095161, 1.02294335285, -0.0301614840906, 0.0245352108254, 361, 2019
N, -100, 0.9276355451868761, 81.6628737408, 44.5450116509, 1.93229280907, 0.338516919439, 0.00916774614927, 361, 2019
E, -100, 0.9776609913291626, 504.799627387, 108.558216275, 4.53014642526, 0.235683949713, 0.062661888673, 361, 2019
Z, 100, 0.995785980794982, 139.577972809, 154.171659112, 0.899578829853, -3.10906524453, 3.06117581466, 364, 2019
N, 100, 0.9419060910500885, 94.1133698762, 36.5337528, 2.5161301394, -0.306333680216, 0.125185089154, 364, 2019
E, -100, 0.9341981713986679, 396.140940518, 93.068032388, 3.90978263162, 0.363731863718, 0.0708738773619, 364, 2019
