Chan, Phase Shift, Correlation, ptp-data, ptp-synthetic, rat, phasem, phasestd, DOY, Year
Z, 100, 0.5155842711212972, 3942.63239093, 143.996831963, 28.4070826132, 2.71836833762, 3.20947067749, 1, 2019
N, -100, -0.4670852904656678, 1504.87117829, 25.0100405449, 63.0864607773, 1.69429477475, 1.79887717876, 1, 2019
E, 100, -0.5606204256914714, 1326.23820408, 73.673559116, 15.9222997992, -0.0570889360508, 1.49671265552, 1, 2019
Z, 100, 0.3429005618099283, 3634.5713933, 209.737057387, 16.7390918653, -1.77350033909, 0.660923158304, 4, 2019
N, 100, 0.27531148770412084, 2253.72696473, 25.2183040914, 82.2875512385, -1.03628214449, 1.53556341582, 4, 2019
E, -100, -0.5550975989355542, 2023.68209855, 117.570436936, 17.1365960152, 1.06845527457, 2.96119361838, 4, 2019
Z, -100, -0.5277340024081562, 7446.7227956, 229.077826306, 30.1393760328, -0.811382878753, 1.65519844249, 7, 2019
N, -100, -0.2541070563361859, 1358.78902017, 26.2031450048, 58.6108528183, -1.98267654462, 2.75277054589, 7, 2019
E, 100, -0.42851171143646805, 1042.09416472, 135.801967025, 7.01348734904, -3.43579425623, 2.81381458218, 7, 2019
Z, -100, -0.12577992608026228, 4318.025189, 195.05651807, 24.4869961466, -0.233385796919, 1.25913025375, 10, 2019
N, 100, 0.9335783343501696, 1212.83249327, 24.497090979, 49.4736622649, 0.73875635535, 2.82555908425, 10, 2019
E, -100, -0.8953325083927441, 1144.82588885, 120.912933475, 9.03308432611, -1.07467737927, 2.62217401696, 10, 2019
Z, 100, 0.5398454495099823, 4657.65387607, 126.243110802, 30.5506555176, 0.973627804547, 2.96483832879, 13, 2019
N, -100, 0.7856031547458365, 2284.34556142, 21.3781688616, 113.188002676, 0.647821313469, 0.323255603818, 13, 2019
E, -100, -0.32858242410190275, 2020.70408904, 79.9650468731, 26.4697576853, -0.171948708196, 2.88674408173, 13, 2019
Z, -100, 0.533575336048087, 7172.61283088, 113.850454038, 51.0809090098, -0.748126412941, 1.24545824915, 16, 2019
N, 100, -0.08083975307680683, 1720.06824703, 21.4378672763, 89.8334859843, 1.60844672574, 0.430872021511, 16, 2019
E, 100, 0.9500158059576043, 1869.14762479, 57.8010722244, 32.3936738294, 0.799160002196, 2.53218812318, 16, 2019
Z, 100, -0.26253367020227336, 8778.91579962, 222.891680567, 42.4661214081, -2.73762853287, 2.75077821409, 19, 2019
N, 100, -0.5983602629285442, 2030.58142333, 28.269428038, 83.366863138, -2.48580398404, 2.74594814083, 19, 2019
E, -100, 0.5951247446335407, 2124.63383554, 122.584900184, 21.7571474768, -0.247347602406, 0.969232672579, 19, 2019
Z, 100, -0.46517870815527834, 15825.4654211, 280.82117083, 53.5282519863, -2.41524986786, 2.39869441712, 22, 2019
N, 0, -0.5000123344252126, 2679.14429581, 36.0538951863, 72.4426390053, -1.76702845891, 2.4222978729, 22, 2019
E, -100, 0.20840045024805576, 3063.65947222, 163.213226134, 18.2242346112, -3.11773293749, 2.59660243638, 22, 2019
Z, -100, -0.2098525103451251, 6457.83199406, 238.62597441, 31.4059722817, -1.82810505872, 2.62139122398, 25, 2019
N, -100, 0.6358374035168813, 1849.98538685, 36.2806228191, 44.876149814, -0.924288713933, 2.1896925534, 25, 2019
E, -100, -0.14062022741239405, 1789.70904157, 144.798559065, 10.4665556841, -2.66768341106, 2.62174934506, 25, 2019
Z, 0, 0.7910740427962121, 15950.409111, 128.929868915, 90.7503116794, -1.6075266746, 1.18269033981, 28, 2019
N, -100, 0.4162453846089683, 4190.1502315, 29.0324500267, 118.747011617, -1.09847267078, 1.11827955647, 28, 2019
E, 100, 0.09639462571313487, 4227.61391397, 77.8031103547, 42.5844920194, -1.65317283998, 2.41518438814, 28, 2019
Z, 100, -0.055509448152456065, 1794.46499834, 135.006052208, 14.5901290832, 2.01939702488, 3.26289162325, 31, 2019
N, 100, -0.8849483133108536, 1073.86676714, 22.4522318597, 47.8108057488, 0.983240532779, 2.31407114983, 31, 2019
E, -100, 0.09531357819558736, 1001.13730224, 68.1572747494, 14.764176133, -0.087533944234, 1.89746862776, 31, 2019
Z, 100, 0.6589131428133095, 5141.19910484, 95.9068030347, 59.4336811615, 0.551634683429, 1.58647109694, 58, 2019
N, -100, 0.6651810625664727, 968.024976871, 26.4120385863, 38.1266516974, 0.581714552299, 0.199166349604, 58, 2019
E, -100, -0.07702902050993256, 874.458074655, 59.4388393068, 17.1080880895, 0.00489852130074, 3.21629504637, 58, 2019
Z, -100, 0.5823264792174531, 4120.27503803, 150.469868496, 31.1869556194, -1.43866838363, 2.26577804294, 61, 2019
N, 100, -0.2243040915119048, 480.842426417, 19.7971504245, 25.8870639538, 0.767326548604, 2.03879502737, 61, 2019
E, -100, 0.2164781936268229, 512.644047198, 78.5587783773, 7.89142868083, -0.221843225868, 0.903233918489, 61, 2019
Z, -100, 0.44245678235946867, 95242.1712342, 120.041719723, 576.071071724, 0.422858966742, 0.60240942956, 235, 2019
N, -100, -0.17806926671978518, 7332.52483991, 22.9616594597, 274.346042389, 1.11571305935, 3.05009141145, 235, 2019
E, 100, -0.5521081683702284, 13614.9629247, 76.4740472016, 136.247677076, 0.540941697879, 1.18366624817, 235, 2019
Z, -100, 0.03683663028433917, 8612.24256841, 135.959784869, 70.7782174151, 0.0712920077022, 1.28468724438, 238, 2019
N, 100, -0.8428534647193112, 3972.56853893, 22.6717377578, 165.659008552, 0.0424682892382, 2.64556982986, 238, 2019
E, -100, 0.8495759588867473, 1330.33741114, 68.0592202105, 18.7641497552, -1.23183741385, 1.41021027385, 238, 2019
Z, 100, -0.7180501556801319, 4578.47866288, 261.085926742, 20.2636645171, -2.27466444656, 2.7020770925, 241, 2019
N, -100, -0.22618455562813355, 1362.49781704, 30.5449034071, 42.3503405787, -1.07152070842, 2.81314320559, 241, 2019
E, -100, 0.6685492937624676, 1268.33148043, 147.273774967, 9.85603786163, 0.2428547807, 1.26424227439, 241, 2019
Z, 0, -0.9329673040310054, 5052.00469501, 302.255482659, 17.4628677071, -1.90046976456, 2.63557533389, 244, 2019
N, 100, -0.06763911683986998, 1543.64649157, 37.4932625786, 36.6692695243, -1.13121691632, 2.64967827328, 244, 2019
E, -100, 0.2768998668221761, 1985.33032207, 178.339098351, 10.8517897933, -2.95254251158, 2.74956550891, 244, 2019
Z, -100, -0.7168564174290529, 3931.84620086, 219.485516734, 20.7013654391, -0.968772838612, 2.76730174375, 247, 2019
N, 100, -0.61494318420582, 1213.87503678, 35.0779294192, 34.716725835, 0.635388639418, 2.74354833184, 247, 2019
E, -100, 0.24237224715308026, 1379.45020933, 136.142273927, 10.3152103733, -2.18944370992, 2.92625418706, 247, 2019
Z, 100, 0.5176655688653724, 4459.2855532, 86.5721820718, 48.8826260314, -1.27241823445, 0.6265592906, 250, 2019
N, 100, -0.7463722400785304, 2540.72127333, 24.7184402968, 82.9333541353, 0.25121666948, 2.20280536126, 250, 2019
E, -100, 0.06501889179252851, 732.793958231, 52.5487363381, 14.6635871673, 1.16481551998, 0.863107058804, 250, 2019
Z, 100, -0.31557719716016597, 5243.93426254, 167.028698597, 37.7932203442, -0.92684571809, 2.72666981035, 253, 2019
N, -100, -0.4072273409612412, 2546.37695863, 20.5612926654, 108.519552278, -2.25034007597, 1.48285762514, 253, 2019
E, -100, 0.6301106320206998, 1553.77672199, 89.008712046, 17.7939837657, 0.111423243194, 1.10782406493, 253, 2019
Z, 100, -0.7710038305204567, 4638.54451309, 240.845865846, 22.2384550259, -1.93015652503, 2.61724601772, 256, 2019
N, 100, 0.0358770910566631, 937.008022485, 24.1983911367, 38.7561899493, -0.613644625918, 2.75977641157, 256, 2019
E, -100, 0.5497053947679362, 1782.26499003, 140.329268941, 12.6480540325, 0.200533319576, 1.78309924445, 256, 2019
Z, -100, -0.9322423363429952, 4146.69814774, 253.386293417, 18.1941081034, -1.73927965701, 2.6390269869, 259, 2019
N, -100, 0.3136073275393413, 1886.2965516, 27.0669072007, 64.1171762828, -0.0434537289471, 2.78354931778, 259, 2019
E, -100, 0.2877610272246401, 2010.60644833, 154.229691377, 12.6313985464, -2.78326427369, 2.69973056596, 259, 2019
Z, -100, -0.6708442087098373, 5604.55653821, 197.890598522, 29.6727543134, -1.02810028643, 2.8578352498, 262, 2019
N, 100, -0.19027059358773055, 3438.47904549, 26.5514177798, 109.29042768, 0.833243412573, 2.2599433259, 262, 2019
E, 100, -0.13291646535097565, 1543.49258268, 125.393289609, 12.2382921417, -2.56728630908, 2.68720517865, 262, 2019
Z, 100, 0.2699578398115977, 5618.23901785, 96.5570322258, 61.1839280959, -1.79677730689, 0.428916341472, 265, 2019
N, 100, -0.7657560459551339, 3456.17977843, 23.2329776419, 134.590091669, 0.252235956312, 3.01961529973, 265, 2019
E, 100, -0.6731987843431623, 750.351329417, 62.582821789, 12.2047920921, -2.27465458643, 2.99981690359, 265, 2019
Z, -100, 0.03654392677155081, 5307.43681147, 189.794072835, 35.2469971422, -0.292117504299, 1.72006252255, 268, 2019
N, -100, -0.9069224437436361, 2665.634035, 24.9267291927, 107.215600345, 0.258053115303, 2.7728796224, 268, 2019
E, -100, 0.8587089370203463, 994.647851875, 99.627437294, 10.2672509, -1.6982841223, 1.11258905146, 268, 2019
Z, 100, -0.7201287399607338, 4294.7337795, 303.912484584, 16.1566929106, -2.1605506841, 2.62022668386, 271, 2019
N, -100, -0.7108843550395938, 1152.76195729, 33.6921881892, 35.4718023203, -0.915382217974, 2.9006853628, 271, 2019
E, -100, 0.8126267514033658, 1992.22326013, 174.840649334, 11.2218300325, 0.189602833188, 1.30624130302, 271, 2019
Z, -100, -0.9202104056675418, 3851.8811467, 295.862352866, 14.3667196331, -1.65317807188, 2.69183654376, 274, 2019
N, 100, -0.3074010878790395, 1410.49847184, 37.3413339524, 37.314668174, -1.18934387342, 2.79151754, 274, 2019
E, -100, 0.6370233070174972, 2252.88825325, 177.502286273, 13.0991086744, -2.59794364886, 2.86094019566, 274, 2019
Z, -100, -0.5699518728709149, 4142.4737591, 171.466628536, 26.3879931308, -0.967356017346, 2.71687492235, 277, 2019
N, 100, -0.5918436350840748, 1539.11729244, 30.7125274501, 43.5113495401, 0.942763090681, 2.77694298149, 277, 2019
E, -100, 0.22331905881713804, 2112.94211296, 110.256093834, 18.6114741018, 1.05649656808, 0.151027103368, 277, 2019
Z, -100, 0.521229835434723, 4286.34441034, 87.0989966489, 47.3532550097, -0.197929743537, 0.824242679447, 280, 2019
N, 100, -0.8029181789386134, 2095.34496297, 20.5141183196, 113.786876037, 0.435598461667, 2.89268232765, 280, 2019
E, 100, 0.16660302706338564, 1647.40700422, 40.5428054931, 33.0021821797, 2.25057072456, 1.14278977386, 280, 2019
Z, 100, -0.3064717485916045, 4815.39518579, 194.032175614, 29.602910687, -2.78567839572, 2.67292695929, 283, 2019
N, -100, -0.75159601566713, 2158.04179506, 20.4405346872, 99.9612220741, -1.52279677337, 2.71085891327, 283, 2019
E, -100, 0.9606317176860341, 1568.9242925, 106.919047489, 14.9210799362, -0.63662772487, 0.380659635771, 283, 2019
Z, 100, -0.7971071709890172, 4094.05039309, 257.41666659, 18.1861687641, -2.06842416306, 2.54908169108, 286, 2019
N, -100, -0.19131303242296271, 994.797235368, 25.4388292326, 42.8688891612, -1.02576132388, 2.69341571391, 286, 2019
E, -100, 0.77743910683893, 2175.29487043, 151.603637006, 14.5036218982, 0.0967604265189, 1.31382703365, 286, 2019
Z, -100, -0.9344273349007957, 3679.14331478, 252.210398541, 15.2675973021, -1.30928837846, 2.80031632329, 289, 2019
N, -100, 0.6935684545094054, 636.625330248, 28.3723569503, 24.1947883303, -0.0548457876177, 1.64131677767, 289, 2019
E, -100, 0.5377337654418464, 1980.87122169, 154.240192649, 12.94673911, -2.79764040107, 2.81228592327, 289, 2019
Z, -100, -0.4419241680864385, 3846.90861477, 174.350263658, 20.5644603157, -0.767847786268, 3.05519887058, 292, 2019
N, -100, 0.21875255390389253, 2308.98346208, 27.1796289279, 71.8126931998, 0.737239936282, 1.44154187236, 292, 2019
E, -100, 0.07827792273725297, 1661.42892944, 111.990196033, 13.979056755, -2.16215214364, 2.91782413575, 292, 2019
Z, 0, 0.5837177023526463, 4261.68686812, 92.6858255292, 47.4133235754, -1.29165521099, 0.647617200409, 295, 2019
N, 100, -0.4490737658859378, 2844.69861381, 23.6585275532, 113.726579077, -0.366810867301, 2.85708019197, 295, 2019
E, 100, -0.41121741308286414, 968.006287746, 45.0622805847, 18.233270645, 1.58554270054, 1.02541294661, 295, 2019
Z, 100, -0.05370485452848188, 4008.32229763, 238.334198549, 20.5396545902, -0.449057351242, 2.39058712587, 298, 2019
N, 100, -0.8920734000020473, 2323.55718784, 27.6568767947, 89.0799190978, -0.159705864156, 2.96834940437, 298, 2019
E, 100, 0.9698430782156772, 1476.7063206, 129.974982005, 10.4400260145, -0.445986917782, 0.329418482255, 298, 2019
Z, 100, -0.7063399070146483, 4162.68984172, 306.832386235, 14.7045746042, -2.11694388781, 2.60828145225, 301, 2019
N, -100, -0.63192826683409, 1202.43243444, 34.6348557634, 36.0791806894, -1.20321439021, 2.7117653715, 301, 2019
E, -100, 0.8165640355920967, 2143.15531168, 178.206926941, 12.3634333724, -0.00178242668476, 1.2839466387, 301, 2019
Z, -100, -0.8807869562539227, 3157.32429004, 251.894937311, 14.3912870885, -1.67994435245, 2.66644524638, 304, 2019
N, 100, -0.04618500914852929, 1008.75268372, 34.0789318284, 30.2175525627, -0.493084264328, 2.68040761499, 304, 2019
E, -100, 0.4836604226501063, 1793.5549973, 153.802855648, 11.18768637, -2.69955800251, 2.77498610523, 304, 2019
Z, -100, -0.0982714981544469, 2973.97390387, 124.05611707, 27.5797518858, -0.447501337198, 2.87034999557, 307, 2019
N, 100, -0.34048444304285663, 1941.18078304, 25.754561593, 57.4541634525, -0.374971935633, 2.48722933735, 307, 2019
E, -100, 0.16947562732216692, 1165.91534182, 81.6413718392, 14.1402808288, 1.06885833213, 0.161935239435, 307, 2019
Z, -100, 0.4188102087881926, 3822.94777637, 108.233241028, 43.7900091748, -0.359877333104, 0.851238894243, 310, 2019
N, 100, -0.8579127670951135, 1844.07955959, 18.5694063223, 94.4943711373, 0.53739026586, 2.48729848464, 310, 2019
E, 100, 0.46861928203906017, 901.872654448, 54.3773053026, 17.2347518053, -0.949423160745, 2.73838604254, 310, 2019
Z, 100, -0.2825441812596545, 4200.19116713, 205.492601984, 23.8930630661, -2.72785687196, 2.68896837776, 313, 2019
N, -100, -0.836515130189873, 1795.07893148, 21.4769775445, 90.0229775199, -1.44668920773, 2.94318554606, 313, 2019
E, -6, 0.9831850486927194, 1596.41892975, 115.133391327, 14.2602752724, -0.304170744623, 0.195522493702, 313, 2019
Z, 100, -0.7522497406457906, 4586.56598002, 255.743066197, 19.622711184, -2.06067526, 2.61772760717, 316, 2019
N, -100, -0.36777041583103004, 1025.52028335, 26.8968458363, 47.0189040759, -1.28616893767, 2.55651037961, 316, 2019
E, -100, 0.9095265619068086, 1922.55265972, 151.089595503, 12.9358957603, -0.0131770701433, 1.30097341029, 316, 2019
Z, 100, -0.9346391646313112, 3498.78120687, 235.026753314, 16.7883325678, -1.86013469743, 2.59804905819, 319, 2019
N, -100, -0.5394704098298337, 1481.60547274, 29.7247595248, 52.3309392508, -0.74330744902, 2.7516389738, 319, 2019
E, -100, 0.688972666940052, 1822.11003983, 143.632635811, 12.5885046511, -2.78680033449, 2.92778701046, 319, 2019
Z, -100, -0.40063542222175846, 2733.79716529, 146.042717534, 21.9464621567, -1.26949473436, 2.61317539871, 322, 2019
N, 100, -0.15377016625116272, 1507.52694194, 27.8452961948, 48.4333460856, -1.37516284349, 1.3685280872, 322, 2019
E, -100, 0.16912842272886375, 1247.89799315, 93.7016019591, 13.2937457255, 1.06120525445, 0.165191393168, 322, 2019
Z, -100, 0.7013782095682163, 3806.87059762, 137.329191666, 30.296873596, -0.762866506008, 0.764001259906, 325, 2019
N, 100, -0.602105030082005, 2584.77581779, 24.9444673234, 100.783406832, 0.524629351815, 2.04527040504, 325, 2019
E, -100, -0.193563113188585, 686.505533717, 70.5091801693, 10.5876887365, 2.31339784357, 1.11583143436, 325, 2019
Z, 100, -0.1340317937543406, 3762.74465043, 246.148545341, 16.2036285162, -3.03971113389, 2.79857928909, 328, 2019
N, -100, -0.9516812537032442, 2538.02896758, 28.9455119644, 87.7188979925, -1.77787649607, 2.93422830985, 328, 2019
E, -100, 0.8803607870697513, 1128.58441757, 136.569185256, 7.21404155444, 0.116645353394, 0.241794303004, 328, 2019
Z, 100, -0.7642803881686936, 3584.02081426, 271.994485125, 14.6309203498, -2.11326119367, 2.62367269525, 331, 2019
N, -100, -0.6034159896109969, 1804.54260895, 32.6370789386, 56.8507263779, -1.27236598573, 2.68231805464, 331, 2019
E, -100, 0.6396140537945955, 1619.55311799, 158.537315517, 10.1207387684, 0.0329696664368, 1.8227117711, 331, 2019
Z, -100, -0.8392985725209388, 4137.06273885, 207.40134771, 20.615206871, -1.43779879045, 2.81563780534, 334, 2019
N, -100, 0.387970357882314, 1819.80876226, 29.8215507839, 50.9157365762, -0.576138365078, 2.38607351784, 334, 2019
E, -100, 0.5171886971628534, 1808.0577585, 127.666266633, 13.7246377566, -2.73022567968, 2.7707228358, 334, 2019
Z, -100, -0.1206530723778834, 3951.76840413, 105.293699262, 41.3518016057, -0.411763417362, 2.69759506293, 337, 2019
N, 100, -0.10340065244184361, 2049.785143, 22.5579418391, 83.1155574716, -0.714051144169, 2.83315820269, 337, 2019
E, 100, -0.1106920478732966, 1098.94875321, 67.8809356222, 16.3782654724, 0.907964770588, 1.21391341631, 337, 2019
Z, -100, 0.6995920159539721, 3820.11849882, 112.589660358, 39.4772059182, -0.592574040201, 0.775470241696, 340, 2019
N, 100, -0.6940405427093842, 2465.57628811, 18.6795357248, 127.00278602, 0.945152199492, 2.04027381377, 340, 2019
E, -100, 0.12732322669731808, 502.679089289, 58.489570981, 10.7209690979, 1.54026809838, 2.69908709845, 340, 2019
Z, 100, -0.289408441314631, 2888.80652879, 200.024210772, 11.9820350149, -2.25148633018, 2.97001553798, 343, 2019
N, 100, -0.9467433840022085, 1902.90192241, 22.5941851221, 86.1529209592, -1.42482233576, 2.98313618184, 343, 2019
E, -100, 0.8160268785117941, 1184.0854596, 111.94263697, 10.2214220671, 0.827750256075, 0.322551102617, 343, 2019
Z, 100, -0.5841712299859083, 4237.8641827, 245.725316021, 18.4749969757, -2.19823107417, 2.58556306372, 346, 2019
N, -100, -0.9460253032854771, 1577.74384024, 28.4444540185, 64.3555594185, -1.49605362198, 2.63973604061, 346, 2019
E, -100, 0.7527192264887056, 1376.10751329, 144.177003248, 10.2464226908, -0.427079116576, 2.05824762072, 346, 2019
Z, -100, -0.8037715442047147, 2239.36432134, 222.418538527, 11.2078967237, -2.12091016778, 2.55155891643, 349, 2019
N, 100, -0.7150304508077038, 1438.42189643, 31.4971331599, 49.5878879379, -1.32333814092, 2.67555674589, 349, 2019
E, -100, 0.5273326406745299, 1229.57416516, 134.696984905, 8.895748301, -2.49956156384, 2.84768384122, 349, 2019
Z, 100, 0.14190212149211254, 3025.68069974, 142.416974604, 23.8265163207, -0.41342005032, 2.76190576501, 352, 2019
N, 100, -0.23213527398854994, 2155.58774659, 29.0224582252, 63.4851374704, -0.464549604187, 2.66777514592, 352, 2019
E, -100, 0.1974492302724264, 1020.04195765, 87.6126865125, 11.2770801929, 0.712896400661, 1.23715755742, 352, 2019
Z, -100, 0.635732952991214, 3222.19433459, 147.932510798, 21.4949468465, -0.481786937643, 0.764357139948, 355, 2019
N, 100, -0.7615069841233447, 2613.10062207, 25.9356307802, 95.9621099086, 0.246842974327, 2.65719449453, 355, 2019
E, -100, 0.4333525833336465, 576.114281638, 76.5004415976, 7.06638799276, -0.097247758118, 3.05346988996, 355, 2019
Z, 100, -0.5890962648358861, 1931.39080756, 223.294753155, 8.07723180388, -2.17825935719, 2.96952396046, 358, 2019
N, 100, -0.981438280822456, 1513.55431466, 27.7993475131, 58.8459710988, -1.66748898678, 2.87449050903, 358, 2019
E, -100, 0.5348678294301586, 906.403619107, 123.606215085, 8.06820988582, 0.473777898734, 1.29537091818, 358, 2019
Z, 100, -0.8962161361723748, 2912.09521596, 241.032280825, 9.56398746888, -1.01341938985, 3.10777583822, 361, 2019
N, -100, -0.6610120547625395, 1795.36422182, 29.4411373081, 64.0274204735, -1.0280778337, 2.82389310916, 361, 2019
E, -100, 0.45184660527354137, 1512.96896984, 140.988106316, 10.6797738393, -1.11067475179, 2.97106897872, 361, 2019
Z, -100, -0.8130297400886854, 4016.34444022, 192.98818175, 21.679145825, -1.37966358544, 2.82593976241, 364, 2019
N, -100, 0.44523578100667965, 1395.86432961, 26.9019191566, 50.6018412292, -0.335188422821, 2.39043394707, 364, 2019
E, -100, 0.5514170573581638, 1420.17251489, 119.27648142, 11.8845254944, -1.88967092131, 2.90312230213, 364, 2019
