Chan, Phase Shift, Correlation, ptp-data, ptp-synthetic, rat, phasem, phasestd, DOY, Year
Z, 100, 0.009271612705569662, 14706.3984019, 16.7746581423, 1008.68255856, -1.51193451175, 0.0603410080198, 1, 2019
N, 100, -0.480752416892166, 4925.43376834, 63.0733456474, 67.9273689829, -1.91470403997, 4.05330252813, 1, 2019
E, -100, -0.9175521277455476, 3025.81551556, 14.9259935196, 198.298543226, -1.25470174024, 4.45636541216, 1, 2019
Z, 100, 0.5382302617206436, 3202.77918193, 16.5105574924, 162.493515512, -0.965147518488, 0.485066710634, 4, 2019
N, 100, -0.5481764575776255, 6994.62838524, 102.797223359, 64.342354294, -1.09809918247, 3.34595921057, 4, 2019
E, 100, -0.8597863504839339, 5505.9333278, 28.0843366356, 173.820622894, -0.543505316523, 3.31525965453, 4, 2019
Z, 100, -0.19905132759482147, 18521.067696, 31.0013257731, 999.976842385, 2.00259014808, 0.510185473526, 7, 2019
N, 100, -0.8150325646534503, 6275.73858755, 112.180306551, 52.9954219532, -0.252205778348, 2.78605867523, 7, 2019
E, 100, -0.8779433729781324, 4499.69482007, 33.8555553677, 115.776058513, 0.235888956171, 2.63160715682, 7, 2019
Z, 100, -0.46729711439217875, 27513.8322295, 30.586845453, 1566.98343974, 2.63518951344, 0.74240240062, 10, 2019
N, 100, -0.677523969550903, 10655.9504352, 90.5128738096, 118.568032458, -0.8259633257, 3.13370747715, 10, 2019
E, 100, -0.9352395371892009, 9038.57404128, 33.4726157091, 279.595789408, -0.206034090185, 3.00451200827, 10, 2019
Z, 100, -0.19753419119224827, 21123.031558, 11.487757695, 3887.50595861, 2.69973762349, 1.07791744576, 13, 2019
N, 100, -0.38076320417683596, 6858.90583281, 50.3665750176, 134.899689641, -1.18737895948, 3.12275234914, 13, 2019
E, 100, -0.9260858800398818, 5818.71001562, 28.1420618619, 226.990611906, -0.23255400311, 2.94603035819, 13, 2019
Z, 100, 0.25838821537511386, 17033.1066025, 13.7646212938, 1220.8007892, -0.860833401355, 0.395690528023, 16, 2019
N, -100, 0.4389979659995709, 4601.1944537, 61.6074243675, 72.6710164159, 0.547492137777, 0.567464167848, 16, 2019
E, 100, -0.43321890740471836, 3262.58305962, 13.7859168483, 284.881470411, 1.11384054255, 0.920555406904, 16, 2019
Z, 100, 0.9274674043667479, 16861.4967291, 18.9443015881, 796.85660807, 0.00185421430697, 0.139339747772, 19, 2019
N, 100, -0.18429900164182822, 7798.82959219, 116.52427081, 62.2742089288, -1.2917134504, 2.99236899214, 19, 2019
E, 100, -0.5716692623637419, 6123.33364839, 29.5563435599, 182.156414231, -0.845110308692, 2.94746590169, 19, 2019
Z, -100, 0.782584026613718, 23130.1422361, 33.3781976789, 943.100798534, 1.1297709282, 0.485932184446, 22, 2019
N, 100, -0.09671122898437677, 5366.29772527, 130.826727971, 36.6667286806, -1.49426034025, 3.19018308638, 22, 2019
E, 100, -0.20139332460759304, 4468.49392421, 38.8380148492, 95.9965878681, -1.28329638386, 3.04486372135, 22, 2019
Z, -100, 0.2749111370728483, 15705.1373394, 38.9448750816, 577.394630018, 1.40749159524, 0.0971737140992, 25, 2019
N, 100, -0.7452497174664674, 6290.11511548, 79.5104142105, 85.3079609357, 0.426558754607, 2.41954850811, 25, 2019
E, -100, -0.46573805595561313, 5118.44231514, 37.4023219588, 144.080421679, 1.15278756779, 2.15567613359, 25, 2019
Z, 100, 0.3133693194614486, 42507.4114317, 12.2356222358, 7734.11527332, -0.830203294538, 0.497797897402, 28, 2019
N, -100, 0.30208764979827696, 13745.1231892, 43.9470553038, 333.816114736, 0.998868984273, 0.264006225379, 28, 2019
E, 100, -0.5384310236708859, 12571.8730727, 23.6254815676, 786.339433435, 0.517821103137, 2.08792093567, 28, 2019
Z, 100, 0.47569271878289193, 24945.113878, 18.6056675787, 1452.28241318, -0.76127922306, 0.380849531089, 31, 2019
N, 100, -0.026740487099625666, 5651.4285065, 85.1369094993, 65.3127444548, 1.57930620844, 0.00553241419527, 31, 2019
E, 100, -0.4678359046366819, 3349.05159227, 20.8513136036, 169.889775449, -1.1962367764, 3.31002914919, 31, 2019
Z, 100, 0.23217461669248168, 27801.6557206, 15.1257025388, 2365.33003379, 1.88385615461, 3.41258183822, 58, 2019
N, -100, 0.7808385353035256, 8098.91908173, 67.3104129629, 117.564892263, 0.588862960027, 0.106630895678, 58, 2019
E, -100, 0.13025926521785824, 6466.84904765, 14.3743328551, 549.098911009, 0.641118442949, 0.894058476807, 58, 2019
Z, 100, 0.6838586852547601, 22017.7529367, 15.892617001, 1471.1191488, -0.601128162863, 0.199350297636, 61, 2019
N, -100, 0.40805190220780285, 7288.32145758, 82.1942308476, 86.9045872433, -1.99710847237, 3.14249862633, 61, 2019
E, -100, 0.13003276123809057, 5296.57995865, 22.1223686364, 236.045974089, -1.69091330087, 3.1279705963, 61, 2019
Z, -100, -0.135971105843314, 192850.624423, 14.2213624523, 21393.5562141, 1.97135674024, 2.38321008692, 235, 2019
N, 100, 0.635324631233272, 13626.059223, 47.559438607, 277.048514812, -0.632211495878, 0.555299713511, 235, 2019
E, -100, 0.5163573345422655, 28817.8060661, 17.0065207915, 1608.7638434, 1.06850984421, 0.134767528341, 235, 2019
Z, -100, -0.585012337556871, 40350.7976515, 10.0340357405, 4850.67100832, -0.293311211967, 4.11997274054, 238, 2019
N, -100, -0.7945864987419686, 12826.0195486, 91.8409523141, 137.175158418, 0.575809854445, 3.2384891392, 238, 2019
E, 100, -0.9158029541110683, 3392.0329405, 23.7663687377, 132.658220584, 2.70251398132, 0.0463371770354, 238, 2019
Z, -100, -0.8206134034890538, 27564.7676092, 13.6910645264, 1991.56663468, 0.336501478659, 3.23875876967, 241, 2019
N, -100, -0.28196052151603035, 14794.4737722, 107.936895393, 133.996501123, 1.39680599384, 2.99731975404, 241, 2019
E, -100, -0.947315343964215, 2924.0388343, 27.6426803906, 111.202944952, 0.307694945862, 3.12501082228, 241, 2019
Z, 100, -0.71415544112106, 31257.6159894, 38.2241225574, 1170.76047847, 3.32613846144, 0.398437141836, 244, 2019
N, 100, 0.027433862258015033, 16159.3153335, 68.4606916652, 258.462307986, -1.37587691012, 0.219872725032, 244, 2019
E, -100, -0.88527347688084, 3161.03761664, 16.5725802069, 200.529762894, 0.381748707566, 3.03749610936, 244, 2019
Z, 100, -0.7648930608763089, 22937.7883707, 34.106559028, 1082.49812775, 3.43878559374, 0.569732895465, 247, 2019
N, 100, -0.845038832119245, 11348.5792268, 40.6096636401, 325.289773583, -0.806686588072, 3.7794096285, 247, 2019
E, 100, -0.5288024489340778, 2043.88968011, 19.854596205, 120.6940955, 2.5628917005, 0.357106305215, 247, 2019
Z, -100, -0.736462365159656, 25087.3631842, 13.1527996561, 3297.48794458, -0.988282666161, 4.55397206735, 250, 2019
N, -100, -0.9404135159649343, 13572.530464, 75.9896412301, 166.188795043, 0.396216501683, 3.00679283718, 250, 2019
E, 100, -0.697818328889082, 3313.71278666, 25.5344348251, 132.902315688, 2.64829987795, 0.399391061645, 250, 2019
Z, -100, -0.796148916133987, 31833.7580066, 8.01947788404, 4546.70877299, 3.05192630877, 0.539300532029, 253, 2019
N, -100, -0.7156081733873468, 17375.9459125, 81.2998142733, 204.86782171, 0.742872111562, 3.19031056691, 253, 2019
E, 100, -0.7190409351019984, 4510.68363146, 22.4224430752, 194.353090271, 2.28109924835, 0.131171058292, 253, 2019
Z, 100, -0.6883012166994021, 28261.1947693, 18.026255211, 2116.18427366, 0.221124757347, 2.73316791685, 256, 2019
N, -100, -0.1715493881600071, 14412.9885557, 63.5386637908, 227.317648009, 1.53641839792, 2.98029071958, 256, 2019
E, -100, -0.9360858500885039, 2120.80641855, 16.6243922144, 122.250134641, 0.103306449256, 2.91489350798, 256, 2019
Z, 100, -0.6321650599626061, 29962.6561057, 31.9050724939, 1537.9463665, 3.27852656472, 0.647335093952, 259, 2019
N, 100, 0.04824434058218603, 14735.5271645, 26.9894421417, 724.456412413, 2.02283551964, 2.59630693292, 259, 2019
E, -100, -0.814792165689536, 3255.24255792, 5.57597531874, 785.063939974, 0.383677851668, 3.10866556483, 259, 2019
Z, 100, -0.6809389506081138, 33749.3229635, 29.081779862, 1895.10760027, 0.282809896631, 2.35870375616, 262, 2019
N, 100, -0.8220263017554704, 16962.6176903, 42.4157423415, 413.172415738, -0.768567869875, 3.42969196974, 262, 2019
E, -100, 0.25487924525325184, 3874.62414507, 16.9557738131, 275.411952792, 1.54007118974, 0.337865856186, 262, 2019
Z, 100, -0.8942660786347926, 34649.3256692, 13.6874146964, 3516.29869804, 3.12122910698, 0.283284129053, 265, 2019
N, 100, -0.9755034988218024, 17036.3655869, 78.4442059576, 210.078834533, -0.229298532881, 3.27136184193, 265, 2019
E, 100, -0.10229400633136417, 3144.28070798, 25.6897619959, 113.448958806, 1.74441769917, 0.0818832809644, 265, 2019
Z, -100, -0.8156345605884493, 31261.8352032, 10.2412079516, 3530.6147637, 2.75625946784, 0.656713047331, 268, 2019
N, -100, -0.8660619094602559, 14642.7503844, 88.9668973076, 157.35066536, 0.446392354061, 3.22436982337, 268, 2019
E, 100, -0.6963566826872774, 2386.32763339, 25.3292646032, 88.5416679418, 2.26582682624, 0.113600505157, 268, 2019
Z, 100, -0.7306275197632779, 29002.3258288, 15.8994266908, 2210.27700478, 0.102730780112, 2.81216103823, 271, 2019
N, -100, -0.27995943933536765, 13864.8344329, 58.4220190025, 263.261408999, 1.52581241293, 2.79219443759, 271, 2019
E, -100, -0.885051558370889, 1636.38056741, 14.3402948787, 122.244954821, 0.465915875678, 3.11968151393, 271, 2019
Z, 100, -0.6104197307131664, 30059.2987435, 44.9041624395, 1100.5679237, 3.15614492805, 0.695416168977, 274, 2019
N, 100, -0.49817530966486245, 16575.739977, 43.5326344792, 427.297694609, -1.36454970798, 3.64549727479, 274, 2019
E, 100, -0.17464912611870065, 1377.71039611, 10.0441116782, 132.577404867, 1.74158101809, 0.0511181013021, 274, 2019
Z, 100, -0.7691408595618374, 24239.9992703, 29.7333234658, 1228.18323606, 3.07321207267, 0.515271730362, 277, 2019
N, 100, -0.7321870132949415, 11164.9873579, 80.9101388847, 125.86591757, -0.917646179415, 3.43971712816, 277, 2019
E, -100, 0.15544265899851456, 2949.51037165, 31.7803498098, 102.597240527, 1.71107865637, 0.511891767994, 277, 2019
Z, 100, -0.816241553053299, 30138.7796363, 7.63640065316, 4858.50563238, -0.598090176505, 3.75932966793, 280, 2019
N, -100, -0.980781773288749, 13739.4378514, 76.3163386302, 174.858121127, 0.206960239968, 3.03061472127, 280, 2019
E, -100, 0.2058120238238759, 3742.12204974, 27.0859436693, 127.361082428, 1.3510063509, 0.0440291905606, 280, 2019
Z, 100, -0.7465603878536972, 31065.2595285, 4.39656967312, 6895.72612082, 2.7958476412, 0.0434362787421, 283, 2019
N, -100, -0.8198919244192581, 14759.3209552, 50.9484237844, 299.234529824, 0.712017839584, 2.96682231068, 283, 2019
E, 100, -0.8895733038898537, 2437.52815459, 14.7992642016, 164.157509129, 2.63769441486, 0.0558282616336, 283, 2019
Z, 100, -0.39972885571410643, 24545.5727575, 20.8283278459, 1883.47188524, 2.68805855397, 0.665270473783, 286, 2019
N, 100, -0.46637393115562326, 12243.4129665, 17.2400006964, 1018.26451264, 1.0349963767, 1.84637651892, 286, 2019
E, -100, -0.1028093666591222, 1800.48794481, 4.50304727731, 1341.1374545, -1.39959196751, 1.63866545102, 286, 2019
Z, 100, -0.5329624901116843, 21685.8411822, 34.3332863593, 1061.35505466, 2.92412211142, 0.739240218295, 289, 2019
N, 100, -0.22465405105031166, 11069.1461545, 54.2175898317, 207.770775012, -1.61800180446, 3.51939667189, 289, 2019
E, -100, 0.7622990159389842, 2462.55414097, 13.3697574892, 167.08342565, 0.744840277245, 0.0695039711628, 289, 2019
Z, 100, -0.6661495415812995, 24858.4933812, 30.0677944212, 1299.74353518, 0.0234855531296, 2.41912055894, 292, 2019
N, 100, -0.7220605256883175, 11466.5634456, 87.9946001835, 125.747018692, -0.82723126611, 3.25654504853, 292, 2019
E, -100, 0.4997650815827604, 2746.52567153, 28.0139875298, 91.0385932487, 1.15075458768, 0.119230456523, 292, 2019
Z, 100, -0.877370756885368, 25024.8398179, 11.2619665215, 2446.725797, 2.60295890666, 0.136687594526, 295, 2019
N, 100, -0.9747341679264068, 11334.1343692, 88.8784708309, 122.409875936, -0.179576287108, 3.16501773856, 295, 2019
E, 100, -0.25437190299337764, 2200.92708608, 31.3681613731, 65.3314038945, 1.90043559749, 0.074399604226, 295, 2019
Z, 100, -0.6346792057450799, 25964.4244795, 6.19056669266, 5148.3916997, -0.492457254406, 3.48215736632, 298, 2019
N, -100, -0.8057698281630207, 13842.3170796, 52.0834065347, 290.192724359, 0.792857931773, 2.66969245824, 298, 2019
E, 100, -0.8844829766746521, 1272.6888617, 16.7914962597, 83.4554643683, 2.89947292145, 0.230378571726, 298, 2019
Z, 100, -0.30195406855626167, 27450.2063273, 24.9868520048, 1761.61601766, 2.44624394318, 0.670717897677, 301, 2019
N, -100, 0.07220148464877922, 14209.2894478, 50.8584550781, 317.212151571, 1.02299997207, 0.594865190491, 301, 2019
E, -100, 0.6943367916392099, 1572.50627073, 11.7406601272, 122.453011232, 0.384563044561, 0.235827115661, 301, 2019
Z, 100, -0.48081078667920246, 18426.2256876, 44.9374666739, 649.35658428, -0.10171891647, 2.29683599013, 304, 2019
N, 100, -0.3773476232415563, 8894.54684462, 98.9630030596, 84.2125351913, -1.20224895662, 3.18688636408, 304, 2019
E, -100, 0.47241340303561546, 1788.48869275, 28.2066641227, 59.7664057186, 1.17471888392, 0.124843717219, 304, 2019
Z, 100, -0.77503907750754, 17221.6047666, 22.9727763267, 1141.52215215, 0.00860396606672, 2.56660292582, 307, 2019
N, 100, -0.8061455351015137, 8522.31206104, 95.5147919853, 86.5585033751, -0.562679940557, 3.10325506691, 307, 2019
E, 100, -0.2246174324550371, 1516.25639922, 36.3353500348, 38.8448586845, 2.03771295482, 0.177709491427, 307, 2019
Z, 100, -0.6403009318085015, 23469.2569699, 5.0578610653, 5996.50293898, -0.934081374315, 3.68161350634, 310, 2019
N, 100, -0.9581968540327468, 11103.9601816, 60.4386869507, 183.61378564, 0.0916484104484, 2.87659145419, 310, 2019
E, 100, -0.69689930866943, 2326.19829489, 23.4571959591, 98.999880348, 2.40538197449, 0.0923805677371, 310, 2019
Z, -100, 0.37173922465532777, 28880.2652773, 7.70361189716, 5412.10110898, -1.51035178831, 2.56737452958, 313, 2019
N, 100, -0.5532671787306588, 15270.7968799, 22.7288531929, 817.443418822, 0.191614036197, 2.0428287603, 313, 2019
E, 100, -0.28275451857395195, 1874.39271973, 6.94899808862, 347.901888753, 1.63384211616, 0.271193453384, 313, 2019
Z, -100, 0.018844409729010917, 29085.3478032, 22.6547985955, 2098.37823263, 2.25522266736, 0.82071801092, 316, 2019
N, -100, 0.24285700245831934, 15165.1167908, 65.658574848, 235.702577361, -2.06496380981, 3.46627818465, 316, 2019
E, -100, 0.7873662002434473, 1428.35162319, 16.6239617761, 75.2786313056, 0.518621057064, 0.103906025001, 316, 2019
Z, 100, -0.2574414402977151, 19213.3369157, 36.0292493983, 850.00717351, 2.58358127874, 0.779040731012, 319, 2019
N, 100, -0.1791788407669171, 10059.1591616, 105.789623237, 89.3641057735, -1.37772207849, 3.13545455338, 319, 2019
E, -100, 0.4387389998639951, 1513.6904773, 29.3174747188, 47.3392447108, 1.20006260247, 0.0951076762018, 319, 2019
Z, 100, -0.5938251130864323, 13710.9137957, 27.8189870302, 716.199968053, -0.278861481021, 2.55108514501, 322, 2019
N, 100, -0.5721021814925977, 7811.49900578, 108.961652242, 68.781561853, -0.97864363168, 3.22501735231, 322, 2019
E, -100, 0.1392564827695018, 1325.1270781, 37.0146193534, 34.7873293571, 1.71345845713, 0.298394538881, 322, 2019
Z, 100, -0.5472151737974104, 22483.327889, 8.21497356078, 3402.47501761, 1.84277460594, 0.596615302496, 325, 2019
N, 100, -0.8407355843864871, 11990.0526949, 68.1578730292, 184.705972667, -0.386289490306, 2.93417027505, 325, 2019
E, 100, -0.05428257848834832, 2541.15810932, 28.8212443656, 91.918107609, 1.70709893595, 0.158980212595, 325, 2019
Z, -100, 0.5555334756574908, 20927.9254153, 11.3493934218, 2266.90808022, -2.0088735466, 2.70778532631, 328, 2019
N, -100, 0.19520342102574187, 10733.4974248, 50.7693401948, 242.157786652, 1.03089341765, 0.382044941548, 328, 2019
E, -100, 0.7612856430416345, 2201.80703299, 12.3550786877, 200.620577389, 0.434180879152, 0.233914275833, 328, 2019
Z, 100, -0.01171028909294947, 16808.2566403, 30.6851096866, 860.962293778, 2.27428336484, 0.705400943234, 331, 2019
N, -100, 0.10255697825687092, 8497.89686733, 108.776443488, 77.4886040403, -1.75663704976, 3.26630347459, 331, 2019
E, -100, 0.8770350040964819, 1614.38164792, 29.4123813996, 47.7701951676, 0.18622772778, 0.122373960248, 331, 2019
Z, 100, -0.47322752117636996, 24298.175853, 39.6204624433, 960.982746037, -0.225977145943, 2.34405627851, 334, 2019
N, 100, -0.41271607909031083, 12603.5133532, 119.4682094, 100.212476393, -1.05750805158, 3.03813259947, 334, 2019
E, -100, 0.5675928710284281, 2493.86281015, 37.5520509846, 65.2749758843, 1.10931007209, 0.204972760111, 334, 2019
Z, 100, -0.6487132621055182, 20267.581968, 16.0075337749, 1853.49010253, 2.74362910129, 0.450336548853, 337, 2019
N, 100, -0.5347826357581072, 9402.72092964, 87.1316920376, 109.296210478, -0.999147199287, 3.15997633953, 337, 2019
E, -100, 0.44646005299605435, 1948.62874138, 35.3232867637, 51.4777348149, 1.08420153912, 0.0571837669283, 337, 2019
Z, -100, 0.7258115614014422, 17987.1206122, 6.4478056938, 3511.60000823, 0.138593720092, 0.0485347621972, 340, 2019
N, 100, -0.17637404443754817, 8037.06100086, 43.4280888427, 201.794338513, -1.30478208916, 2.98658777561, 340, 2019
E, -100, 0.07714468518171017, 1834.12017336, 17.5981094594, 114.322017184, 1.77864984686, 0.360750642874, 340, 2019
Z, -100, 0.5475454942270166, 16784.7536279, 11.9260551897, 1377.71365553, -1.80409772359, 2.62438869766, 343, 2019
N, -100, 0.16261036928533149, 8213.07621497, 64.233281763, 122.272288358, -1.55635525591, 2.95049737756, 343, 2019
E, -100, 0.9695762056599606, 1751.02923672, 15.9481131259, 108.239006145, 0.224044486562, 0.0102767532585, 343, 2019
Z, -100, 0.3271096200150997, 24764.639984, 24.3693995724, 1471.41574694, 1.58755794844, 0.44227834224, 346, 2019
N, -100, 0.34180101713931255, 11168.0734869, 112.734932134, 96.2784357612, -2.07629960018, 3.37337995701, 346, 2019
E, -100, 0.9476723163827672, 2144.96385218, 30.3573716563, 62.3179510626, 0.118620672123, 0.122449038989, 346, 2019
Z, 100, -0.20696623640396952, 14004.0727625, 37.37285743, 557.198711645, 2.54170092227, 0.75675831364, 349, 2019
N, 100, -0.18605103241037335, 6828.05122185, 129.53069243, 49.5273207597, -1.28887423378, 3.0461785501, 349, 2019
E, -100, 0.6835524277329985, 1370.03298673, 38.5669907799, 34.8399583312, 0.939899258401, 0.162824437234, 349, 2019
Z, 100, -0.6233773582528878, 13420.886142, 21.8770651228, 847.785786282, 2.72512214583, 0.435462350179, 352, 2019
N, 100, -0.5283977645999829, 6157.21852005, 92.7775898073, 67.8191971545, -0.813443073367, 2.97550497333, 352, 2019
E, -100, 0.45171484748285545, 1251.52088513, 38.8624174109, 28.2638550807, 0.990368839194, 0.155781311418, 352, 2019
Z, -100, 0.6700811843040189, 17869.5203513, 11.4672331385, 2287.39066655, 0.13073844624, 0.136769899769, 355, 2019
N, -100, 0.15870914324531635, 8033.00005452, 43.9761289943, 205.597537915, -2.10080269225, 3.47160984399, 355, 2019
E, -100, 0.37050502840623056, 1361.18499329, 17.5039992567, 93.0629606308, 1.46408711116, 0.500540610646, 355, 2019
Z, -100, 0.6621124813005425, 8969.48275026, 17.4475436824, 549.388943856, -2.19604611102, 3.00155572434, 358, 2019
N, -100, 0.15206173790475852, 6471.9674808, 102.192624587, 63.2338341186, -1.70878483234, 3.13116211189, 358, 2019
E, -100, 0.5573727954103642, 1608.65768234, 25.9589080429, 56.5566408882, -2.1139434939, 2.96746499481, 358, 2019
Z, 100, -0.17452578644097283, 16430.6219223, 32.3520643691, 772.471324025, -0.686152900237, 2.39211853684, 361, 2019
N, -100, 0.05716767304229094, 6765.01975675, 128.049351303, 52.6377830563, -1.6194272706, 3.16027757773, 361, 2019
E, -100, 0.9938778584392027, 2091.55117976, 36.9306414723, 54.5819933999, 0.0515960550295, 0.0232996359017, 361, 2019
Z, 100, -0.469393771778226, 21200.4605667, 33.7392008408, 970.05903951, -0.193972061566, 2.33406624774, 364, 2019
N, 100, -0.34751455841738216, 9372.36610268, 107.059215201, 85.747583831, -1.0375231192, 2.93825450389, 364, 2019
E, -100, 0.7600214425707904, 1821.1395315, 37.3880228754, 47.5235968167, 0.861502389579, 0.205917386782, 364, 2019
