Chan, Phase Shift, Correlation, ptp-data, ptp-synthetic, rat, phasem, phasestd, DOY, Year
Z, 100, -0.13173989653851825, 9513.10523868, 112.844577916, 81.1883162521, 1.69946096997, 0.0173313778191, 19, 2019
N, 100, -0.5703847879240832, 1562.45657955, 89.1250940231, 17.469368222, 2.12537387607, 0.0578477254708, 19, 2019
E, 100, 0.1048249384273047, 332.799584007, 34.5513989005, 9.60898083483, -1.52029304279, 0.0903749075222, 19, 2019
Z, 100, -0.557102190230196, 8284.16613442, 125.7164902, 63.3305320139, -0.810678728956, 2.9689889347, 22, 2019
N, 100, -0.7949782478535347, 933.846331099, 98.6084961177, 8.70454666205, 2.67374415599, 0.0581744691212, 22, 2019
E, 100, 0.7984174096204932, 343.280154292, 44.8917632594, 6.99400526651, -0.328351012059, 0.238903834707, 22, 2019
Z, 100, -0.8346365752194749, 9362.00397973, 44.3614678833, 250.744285974, -0.185252047901, 2.77604300724, 40, 2019
N, 100, -0.9450750452093141, 1061.1501452, 38.0384702649, 29.6848122017, 3.25204515238, 0.339539358114, 40, 2019
E, 100, 0.9449140021961654, 522.129836928, 17.9359026939, 34.3666234054, -0.0993479200132, 0.189961132711, 40, 2019
Z, -100, 0.5091107170787323, 7301.62952114, 36.638426307, 234.151016164, 0.590519238519, 0.446609553953, 43, 2019
N, 100, -0.24234625662626894, 892.677651317, 31.5906269477, 31.4969619742, 1.51495676992, 0.323240299234, 43, 2019
E, -100, -0.44133090632758804, 378.951118412, 9.02921587022, 40.2283639334, 0.820508914097, 3.15482448406, 43, 2019
Z, -100, 0.48392537874960184, 10549.1093748, 84.969405768, 117.319740331, 1.01558587229, 0.0569368322214, 46, 2019
N, 100, -0.2538396539410915, 1452.55973754, 68.7905214299, 20.458311438, 1.78844656203, 0.0353185693142, 46, 2019
E, -100, -0.3063293919882358, 591.24887548, 26.3470808147, 21.1200874518, -1.89489480644, 0.0424601616013, 46, 2019
Z, 100, -0.11912554675505622, 9266.97055029, 112.713008606, 77.6014185633, 1.71491233018, 0.0328028238411, 49, 2019
N, 100, -0.6467393183012655, 1395.22729598, 85.9907316961, 15.3509161587, 2.25757766488, 0.0377282279411, 49, 2019
E, -100, -0.1149408228966287, 439.240624752, 36.323015568, 11.0799763218, 1.38403627791, 3.0090798, 49, 2019
Z, 100, -0.7025668238767758, 10574.620849, 79.0765038861, 149.116346915, -0.573965529209, 2.89596397246, 52, 2019
N, 100, -0.9126132327135437, 1668.66735454, 61.6667407613, 28.3833234866, 2.9366616922, 0.208840998274, 52, 2019
E, 100, 0.654637946312454, 469.432048197, 38.3359935385, 14.3231133746, -0.49327882186, 0.366459118101, 52, 2019
Z, 100, 0.24701624267754446, 10421.9699617, 30.0795068521, 486.831751239, -0.292347421718, 0.663540035685, 55, 2019
N, 100, -0.025440380338668057, 1658.32073477, 20.0817340267, 95.9522480662, 3.37680194971, 1.8236513719, 55, 2019
E, -100, 0.22712567777174594, 509.700371571, 13.6532695961, 80.5885662083, 1.19514344209, 0.482626834859, 55, 2019
Z, -100, 0.767294105816438, 9363.46445227, 64.3676474597, 137.723399092, 0.584346348567, 0.11663224336, 58, 2019
N, -100, 0.24317905828690037, 1597.15656898, 50.3697164178, 30.7453342456, 1.22091323878, 0.137328978402, 58, 2019
E, 100, -0.8216359696900605, 415.748406866, 22.6620005771, 15.3108375247, 2.72166802796, 0.084710808898, 58, 2019
Z, -100, 0.3789103280313373, 9619.4826952, 79.4126000322, 113.110153012, 1.15844966263, 0.0371292260473, 61, 2019
N, 100, -0.11686194792004019, 1558.4363457, 59.660344646, 24.2803446778, 1.60468126814, 0.103396167963, 61, 2019
E, -100, -0.7964272216685032, 366.976071478, 26.21031579, 12.4741083542, 0.644055296005, 3.13061687532, 61, 2019
Z, 100, -0.2571686861668932, 9942.90342765, 69.9663478939, 139.443472531, -1.19665135635, 2.98562446904, 64, 2019
N, 100, -0.6395213384459122, 1628.68410436, 51.0678234924, 30.3623682786, 2.35489971861, 0.118558704015, 64, 2019
E, -100, -0.08714852452572334, 455.190560687, 25.7254940756, 18.0508817921, 1.6874555939, 3.37857522722, 64, 2019
Z, 100, -0.7751342045281973, 8877.66842683, 37.6779893817, 283.386620258, -0.324344439106, 2.80669191753, 67, 2019
N, 100, -0.8539324976891276, 1541.08289448, 28.149717438, 61.4657330265, 2.8761625798, 0.295274547163, 67, 2019
E, 100, 0.3239254921989152, 437.090893651, 23.9630576439, 23.3324858073, -0.740524875413, 0.546836635144, 67, 2019
Z, 100, 0.5519708702212157, 8780.48430239, 28.1021827545, 292.344758741, -0.668487820838, 0.0554084407019, 70, 2019
N, -100, 0.7826592017591708, 1431.63237227, 23.7687166462, 66.4018757855, 0.226380470757, 0.42837138778, 70, 2019
E, -100, 0.3884004907152647, 282.005356597, 11.3688830466, 28.9135847304, 0.836913857287, 0.308985325178, 70, 2019
Z, -100, 0.8997888385154394, 9182.52955588, 70.2792188174, 118.208213219, -0.195242662506, 0.337939509476, 73, 2019
N, -100, 0.7190030588305388, 1529.83082398, 56.5144425485, 24.6498832565, 0.454658359229, 0.347161954611, 73, 2019
E, 100, -0.7783027031667425, 357.974050108, 22.0718264813, 13.4956425171, 2.46152293394, 0.105885647839, 73, 2019
Z, -100, 0.5177950601461331, 9968.43558882, 89.6148112682, 102.22408284, 1.09375374221, 0.0964052485388, 76, 2019
N, 100, -0.012061148773569053, 1597.30865991, 69.8129017624, 21.2594895886, 1.63816777297, 0.0872863107337, 76, 2019
E, -100, -0.864787484472052, 397.121861649, 30.7428988894, 11.4697141733, 3.69075168703, 0.154875864482, 76, 2019
Z, 100, -0.18027965055063533, 9323.07789506, 73.3672994066, 134.144862131, -1.18237945985, 2.88437432733, 79, 2019
N, 100, -0.5577197235993469, 1610.16860558, 50.8012300773, 32.0670010081, 2.34308499095, 0.199947398268, 79, 2019
E, -100, -0.37266779460283106, 439.645573441, 28.5412826854, 16.6019754297, 1.45233473298, 3.46432346326, 79, 2019
Z, 100, 0.07144192760971763, 9805.58107243, 28.2985847588, 381.515720228, 1.68947861199, 3.32391569737, 82, 2019
N, -100, 0.5455134238208121, 1780.6718446, 18.5359627979, 117.511329313, 2.51082503561, 2.1269590514, 82, 2019
E, 100, 0.5040538581588406, 436.612849409, 26.0254690152, 26.4906405375, -0.202787809274, 0.497372735897, 82, 2019
Z, 100, 0.9397413734034255, 8488.03561892, 67.9452577403, 111.749538056, -0.201616918798, 0.0347613100357, 85, 2019
N, -100, 0.8594019221151136, 1410.69420931, 50.2819956125, 26.5998380807, 0.376255751165, 0.196200487149, 85, 2019
E, -100, 0.20279458871195757, 430.914007718, 20.9144100148, 17.0591393149, 1.33843481095, 0.100088250744, 85, 2019
Z, -100, 0.9314710938870637, 7569.78078023, 72.3084779195, 94.8005984523, 0.288119424391, 0.0307212204552, 88, 2019
N, -100, 0.6218606078892361, 997.884901554, 55.5209678896, 16.2233416682, 0.988805330848, 0.116321703654, 88, 2019
E, 100, -0.690322944074978, 220.354209069, 28.6868004593, 6.1618188476, 2.26833924619, 0.407843224851, 88, 2019
Z, -100, 0.3618725056609283, 7856.86664965, 58.4719185424, 132.326520805, 1.37464525917, 0.250443391391, 91, 2019
N, 100, -0.0885376096424316, 1103.30636934, 41.3257348157, 25.5323200039, 1.75737334328, 0.137659264279, 91, 2019
E, -100, -0.5838771770749408, 324.740449679, 20.4247008188, 15.3153374151, 0.927056921093, 3.07252007797, 91, 2019
Z, -100, 0.14874000945528199, 7480.8992013, 29.2623624468, 313.115288525, -1.53492900776, 2.96234115117, 94, 2019
N, 100, -0.017428682225518608, 897.513602269, 16.6633403493, 65.5076692305, 1.98815574821, 0.442219164811, 94, 2019
E, 100, 0.6582863710571171, 261.437261737, 19.3560595287, 20.9209798559, -0.282168753704, 0.501131748646, 94, 2019
Z, 100, 0.4503636188316519, 8764.80610084, 37.9992343662, 212.708794623, 2.04254708897, 3.16441993083, 97, 2019
N, 100, 0.956571847133447, 1398.82177731, 31.6078467042, 46.2140455574, 2.76012628849, 2.90183555889, 97, 2019
E, -100, 0.25376872674308726, 439.071747729, 17.2294020709, 27.0551427279, -1.97705645061, 2.86027872125, 97, 2019
Z, 100, 0.844486740965655, 10145.2100645, 79.0542180778, 117.017079772, -0.484249503842, 0.000697198738239, 100, 2019
N, -100, 0.9593421202544853, 1583.83479042, 61.3777959505, 24.7812130457, 0.197963034931, 0.0989958749217, 100, 2019
E, 100, -0.43213973575246517, 429.574417542, 23.9331905022, 15.6568048017, 2.00303535459, 0.115325727883, 100, 2019
Z, -100, 0.9521308394149138, 8371.05142714, 88.19398163, 86.8682506338, 0.0504063280695, 0.0805601723147, 103, 2019
N, -100, 0.7028950812607574, 1237.24696251, 69.1793521033, 16.3523599561, 0.717915422739, 0.09351792763, 103, 2019
E, 100, -0.9193245982632481, 508.090012589, 32.6631173621, 14.1454899784, 3.0050653555, 0.139773826429, 103, 2019
Z, -100, 0.5794695931093915, 8427.73448542, 64.1278848801, 137.705447633, 1.16553666221, 0.299220504872, 106, 2019
N, -100, 0.0875712125550826, 1259.84676103, 45.6514028023, 28.2054358694, 1.70241695604, 0.257975309643, 106, 2019
E, -100, -0.698287216316331, 535.902006259, 24.8912809684, 22.4398760684, 0.91864791133, 2.93518028655, 106, 2019
Z, 100, 0.17044494374143912, 9399.11006797, 31.438857328, 375.573532569, 1.41799457959, 3.84000986129, 109, 2019
N, 100, 0.7696796069191825, 1486.80344673, 24.214305928, 74.8041842804, 2.17225537194, 2.41917653775, 109, 2019
E, 100, 0.4832838346202629, 662.622677196, 21.80681585, 49.9544464053, -0.0267985993194, 0.355232976181, 109, 2019
Z, 100, 0.59323503569713, 9257.01720325, 81.4935302759, 103.811358479, 2.23023740988, 3.16557195276, 112, 2019
N, 100, 0.981677662500461, 1484.47453675, 61.3098467208, 23.3542054094, -0.206371681169, 0.109794565337, 112, 2019
E, -100, 0.008463674586992863, 629.280477503, 24.4070492973, 22.6607528808, 1.5299606148, 0.112230094738, 112, 2019
Z, 100, 0.8994187138075621, 9717.58933311, 91.2916628835, 98.1344532161, -0.284713440094, 0.0657151205687, 115, 2019
N, -100, 0.9260948153350469, 1546.22273773, 67.7973907828, 21.7064710873, 0.410480131869, 0.035790820412, 115, 2019
E, 100, -0.7342719765428926, 604.518427557, 31.2699920805, 17.5710358589, 2.53639719627, 0.124139607116, 115, 2019
Z, -100, 0.93074757311418, 9322.45290709, 65.7188273487, 141.674481528, 0.443764186012, 0.147574156803, 118, 2019
N, -100, 0.6429865365787106, 1503.86202667, 49.2823787136, 30.51092288, 0.95377578582, 0.0894075451201, 118, 2019
E, 100, -0.9031026279384601, 561.040255374, 27.9101110583, 19.76933174, 2.99221244011, 0.183642864352, 118, 2019
Z, -100, -0.26713638867299566, 4005.84715307, 45.566048929, 72.3233339144, 0.573840190478, 4.01955686385, 124, 2019
N, 100, 0.2556273753124674, 624.061008811, 39.5494674968, 12.1039945203, 1.42616895127, 2.40189702996, 124, 2019
E, 100, 0.6565398773202619, 253.061969129, 14.9802105351, 12.9146853823, 0.103305649276, 0.628736049065, 124, 2019
Z, 100, 0.9326978308557157, 8859.85097843, 107.441359755, 77.4668653778, -0.268693345264, 0.0516397931248, 130, 2019
N, -100, 0.9436437465033095, 1404.47732727, 82.6500448776, 16.2793146992, 0.322294006004, 0.0255817006211, 130, 2019
E, 100, -0.4436398121197385, 431.395417951, 34.7915303382, 10.4346031593, 2.14008569738, 0.101458929054, 130, 2019
Z, -100, 0.9577614715305786, 9265.91735606, 74.5645675415, 125.506883119, 0.300489786387, 0.229073094724, 133, 2019
N, -100, 0.6770629651243804, 1292.4565988, 56.5490634903, 22.5368484868, 0.992123274961, 0.210849458021, 133, 2019
E, 100, -0.8775513537284338, 410.02202472, 33.5768112543, 12.8760394559, 2.85576947361, 0.222979350027, 133, 2019
Z, 100, 0.5225475225026736, 8145.1673833, 32.1346157971, 300.735475813, 1.12942602477, 4.39529712048, 136, 2019
N, 100, 0.8769192620454169, 1170.81204748, 25.9933829238, 56.3483736699, 2.06966669595, 2.3490670247, 136, 2019
E, 100, -0.4584918402957484, 286.998552357, 12.117207544, 34.4010250586, 1.31043565795, 1.36807560197, 136, 2019
Z, 100, 0.4397550461225531, 10123.4900792, 84.6911363483, 116.607855637, 1.97408535137, 3.2014817848, 139, 2019
N, 100, 0.9223888197078386, 1457.5987526, 67.9474499808, 20.4229509867, -0.423884686238, 0.0497296527981, 139, 2019
E, -100, 0.4331624910731569, 369.970565128, 26.264677272, 13.0576688428, 0.941166198674, 0.193870994961, 139, 2019
Z, 100, 0.7064487981857677, 10356.5185616, 108.533905286, 88.7463237069, 2.42167983443, 3.09415426869, 142, 2019
N, -100, 0.9957314616973877, 1527.4318096, 82.3991941097, 17.8500871657, 0.0454427863077, 0.00491243649324, 142, 2019
E, 100, -0.16073275507800452, 356.742484423, 33.3762151385, 9.77872184715, 1.68262000504, 0.114118761886, 142, 2019
Z, 100, 0.9299822585096892, 8558.7447874, 89.893722948, 92.4854040396, -0.278327490185, 0.0506239316864, 145, 2019
N, -100, 0.9319874139309868, 1222.61650652, 66.3547721741, 17.8329343821, 0.346802614012, 0.0455280901076, 145, 2019
E, 100, -0.6499526100452331, 289.005938392, 32.645025431, 7.93088597527, 2.57452057038, 0.245524363182, 145, 2019
Z, 100, 0.9341025626453785, 9353.53776516, 50.0763578223, 202.720259882, 0.369694011896, 0.461638215885, 148, 2019
N, -100, 0.78024501587105, 1237.1879475, 35.9375082551, 36.7730019993, 1.00559233677, 0.446115301394, 148, 2019
E, 100, -0.8982134970452315, 326.024250781, 23.3356480622, 16.030788255, 3.104760932, 0.321605074306, 148, 2019
Z, 100, 0.2877403727625178, 10022.3111308, 43.145705923, 276.928163759, 1.268442642, 3.7949675231, 151, 2019
N, 100, 0.7831510125971041, 1337.0237752, 38.9452262427, 37.4887656176, 2.23174936746, 2.83652986041, 151, 2019
E, -100, 0.10853733210464327, 387.566831649, 11.8717977787, 41.5871820116, 0.916583761791, 0.749149798579, 151, 2019
Z, 100, 0.37639760844818376, 10229.6733649, 93.5986705987, 108.164756858, 1.90502738528, 3.19632413923, 154, 2019
N, 100, 0.8785942374531606, 1405.28752012, 78.0730345971, 17.386989052, 2.60559613297, 3.09372603802, 154, 2019
E, -100, 0.3737901028276461, 339.703862769, 29.2409584293, 10.3728089301, 1.01677203608, 0.134009318764, 154, 2019
Z, 100, 0.6946040344508553, 11535.497147, 122.982564826, 87.6269262357, 2.43549150703, 3.05363244321, 157, 2019
N, 100, 0.9864191003450151, 1537.69805414, 96.4900026928, 15.1798767716, 0.0333473358466, 0.0593407545293, 157, 2019
E, 100, -0.17369780166256116, 306.632149311, 37.8085224451, 7.5981168465, 1.67617622614, 0.145434526252, 157, 2019
Z, 100, 0.8966668214723699, 11671.271927, 98.4831999371, 117.604783911, -0.301928285814, 0.11951129787, 160, 2019
N, -100, 0.9373886958718363, 1588.15887038, 74.4353110417, 21.7093650323, 0.420510064839, 0.0877109362421, 160, 2019
E, 100, -0.6593487771093876, 346.254978352, 36.2659324116, 9.16458188936, 2.46692038385, 0.1900260884, 160, 2019
Z, 100, 0.7022148899521248, 10123.5333559, 42.1642790151, 307.063878785, 3.38502794673, 2.18302412974, 163, 2019
N, 100, 0.9311609875030314, 1326.36128435, 29.4596009332, 53.4023616319, 0.548212177117, 0.675942048943, 163, 2019
E, 100, -0.6485925786738368, 263.470729758, 25.7366676094, 12.9667525574, 3.06935276805, 0.637226538945, 163, 2019
Z, 100, 0.1657967070969485, 9957.32557907, 77.7945776562, 134.398601641, 1.46630442171, 3.45345625986, 166, 2019
N, 100, 0.7734170757334818, 1348.81714071, 64.3497296579, 20.6164209858, 2.33038224787, 2.98738561732, 166, 2019
E, -100, 0.2645609040503516, 394.007678234, 23.0333662289, 18.3946571454, 1.08944947515, 0.368104671426, 166, 2019
Z, 100, 0.48470298081090757, 10222.7064385, 109.032448814, 90.1028797913, 2.08601824544, 3.12503255978, 169, 2019
N, 100, 0.944780106171272, 1361.77550526, 87.5283291535, 14.9880309064, -0.321941284273, 0.00652497286228, 169, 2019
E, -100, 0.1563407764041305, 373.603440397, 34.3129263375, 10.1121299542, 1.3381425141, 0.135227491395, 169, 2019
Z, 100, 0.772486547020577, 9977.07036567, 105.986031377, 89.5671202024, 2.58242877951, 3.01853056052, 172, 2019
N, -100, 0.9837174429208517, 1325.9786462, 78.9313585436, 16.2633405914, 0.168679457161, 0.0701338456733, 172, 2019
E, 100, -0.41750942917666795, 390.62543339, 32.9243112477, 10.2975825242, 2.10097573252, 0.0761472496158, 172, 2019
Z, 100, 0.8555958419725158, 11651.2776708, 71.6825890204, 166.941016571, -0.280140911956, 0.254295028084, 175, 2019
N, -100, 0.9494847954314495, 1471.95066632, 50.2185844637, 30.7387939162, 0.445225146667, 0.209067725891, 175, 2019
E, 100, -0.7726765648846521, 442.728482278, 28.6252242848, 16.7652670701, 2.68233286456, 0.26300865988, 175, 2019
Z, 100, 0.3882934212410264, 11248.2225285, 34.9462297736, 390.082636072, 1.90394605572, 3.19111232266, 178, 2019
N, 100, 0.7842832906105072, 1395.98504227, 31.523916274, 50.6652153066, 2.25345034618, 2.8762534738, 178, 2019
E, 100, -0.32569591320919244, 491.200209743, 17.6769721797, 39.6965896735, 2.70212292541, 0.855075148055, 178, 2019
Z, 100, 0.021517297778538984, 10269.4709417, 82.3828794206, 131.013988091, 1.40935447009, 3.35410784566, 181, 2019
N, 100, 0.6660532123435472, 1356.64135357, 70.2625865896, 19.1962851541, 2.1936824277, 3.01560702516, 181, 2019
E, -100, 0.567370898797012, 432.162684263, 24.626747518, 17.0216132464, 0.699887116122, 0.24771650342, 181, 2019
Z, 100, 0.4284945313209245, 10559.8823685, 120.963930456, 83.6894718046, 2.02355440043, 3.12455015981, 184, 2019
N, 100, 0.9073348986331065, 1362.52244486, 99.6974663759, 12.8241010326, -0.420420343152, 0.0216263813381, 184, 2019
E, -100, 0.23622232146152827, 443.573478605, 38.1804772028, 9.9098088377, 1.14025695893, 0.245080756085, 184, 2019
Z, 100, 0.6941884554977444, 12632.1610061, 115.906124325, 105.995271807, 2.48814623294, 3.01028561958, 187, 2019
N, -100, 0.982002201541401, 1568.96770684, 88.9794311716, 17.5487084507, 0.179440642718, 0.137023816453, 187, 2019
E, 100, -0.4542024988734678, 429.522171003, 35.9284025223, 11.9575513819, 2.02494092293, 0.0598680268401, 187, 2019
Z, 100, 0.6364153178322326, 12517.2933256, 62.2482707749, 238.617407048, 2.66602776356, 2.6912297421, 190, 2019
N, 100, 0.9394120366853105, 1587.84062715, 41.1688988848, 46.0487234556, 0.369531541686, 0.475721941325, 190, 2019
E, 100, -0.4599748627074769, 412.91540037, 31.3580894141, 16.3661857788, 2.45633991466, 0.481511526249, 190, 2019
Z, -100, -0.0938554520414532, 11587.9494818, 66.0188541454, 191.855970633, 1.1987098109, 3.45044197562, 193, 2019
N, 100, 0.5284476950442918, 1475.60340292, 53.664730234, 28.0866348984, 1.95423425384, 2.94794243366, 193, 2019
E, -100, 0.4500085210188089, 363.631187568, 17.4067974958, 24.3606905058, 0.295160329475, 0.782324407513, 193, 2019
Z, 100, 0.1770339244167133, 11832.94512, 98.2689123313, 120.507283673, 1.70210010128, 3.18575445943, 196, 2019
N, 100, 0.7427511138268209, 1559.13296306, 81.0874986585, 18.5406943408, 2.39007053451, 3.12896186257, 196, 2019
E, -100, 0.5168409550252405, 299.695375552, 31.3260885817, 8.41357612164, 0.810667581649, 0.197344864217, 196, 2019
Z, 100, 0.5226422546933502, 10833.4025996, 103.501450466, 100.89606633, 2.18058257126, 3.06844985216, 199, 2019
N, 100, 0.9467300372936098, 1434.07114962, 81.1650388992, 17.1364859867, -0.277765709274, 0.0362659127878, 199, 2019
E, -100, 0.10243708300041417, 303.282044968, 32.8424255009, 8.73958489355, 1.42855583975, 0.104154124385, 199, 2019
Z, 100, 0.7012243266365896, 12638.3776476, 81.783134973, 153.534807217, 2.52589330072, 2.92426462711, 202, 2019
N, 100, 0.9860987060317004, 1606.87486801, 58.1064566179, 28.5283215813, 0.102558712778, 0.159434721085, 202, 2019
E, 100, -0.31500949977757814, 268.780570759, 25.5886534889, 9.21960810759, 2.14293312612, 0.259200600533, 202, 2019
Z, 100, 0.35483634770245204, 12081.5145484, 46.0593955436, 311.085081028, 2.32167364152, 2.67892691232, 205, 2019
N, 100, 0.8010395469755147, 1498.62979996, 25.8571493774, 68.8206554459, -0.132907575051, 0.479097483031, 205, 2019
E, 100, -0.464933267213754, 268.951190008, 21.6051979787, 16.6066925027, 2.47934744918, 0.52845380202, 205, 2019
Z, -100, -0.25768538640264027, 11324.6628311, 64.3832316736, 189.2302526, 1.09208204336, 3.38680447158, 208, 2019
N, 100, 0.3705360330220031, 1437.78255236, 54.6961834607, 27.0093787743, 1.78158183393, 2.94807395221, 208, 2019
E, -100, 0.7678475304674465, 238.943299717, 17.1646771947, 15.1667954682, 0.153333505943, 0.526489625378, 208, 2019
Z, 100, 0.009778052751346642, 12065.2924743, 106.98929557, 112.488455555, 1.5384864909, 3.17651111245, 211, 2019
N, 100, 0.6113177493793361, 1577.16140523, 88.8846432702, 16.9535751855, 2.22376656185, 3.14418708995, 211, 2019
E, -100, 0.61169881801479, 207.69790183, 33.6868176238, 5.38947069067, 0.556230357013, 0.338985364016, 211, 2019
Z, 100, 0.4219361912346504, 12848.3750288, 113.001240794, 110.115692325, 2.06665240707, 3.07177633995, 214, 2019
N, 100, 0.8926385232138961, 1663.93647488, 92.2939577864, 17.5578147452, -0.38391475671, 0.0800277020036, 214, 2019
E, -100, 0.30760333412079005, 235.657641735, 36.1711498164, 6.61107717098, 1.24683865535, 0.0908497101745, 214, 2019
Z, 100, 0.40380311797894214, 11325.9410842, 73.6659207098, 171.830225985, 2.21571425659, 2.86151282646, 217, 2019
N, 100, 0.9392049139913052, 1414.8424434, 50.3970495442, 31.6961334269, -0.0805999174729, 0.25729643419, 217, 2019
E, -100, 0.307523020856404, 211.065520425, 23.5067952928, 9.92167172119, 1.35105800727, 0.258042542498, 217, 2019
Z, -100, -0.5023937652390336, 9243.16617612, 50.2835911045, 200.846513519, 0.725835141705, 3.44358602676, 220, 2019
N, 100, 0.061170067811698065, 1046.81251243, 40.2304778888, 27.8783795784, 1.21408994222, 2.67049621609, 220, 2019
E, -100, 0.7851422837687356, 129.29231548, 20.5316887162, 8.92764882206, 1.33622059834, 1.10181095187, 220, 2019
Z, -100, -0.19206346707135394, 9045.57264429, 83.9418734263, 107.518210887, 1.39364780197, 3.11835940574, 223, 2019
N, 100, 0.4952892413641523, 1179.71620023, 68.4336115534, 16.5265270203, 2.13914398681, 3.22271392517, 223, 2019
E, -100, 0.6868456637250302, 139.101192137, 25.3236800072, 3.63178960453, -1.05644050839, 1.19400150513, 223, 2019
Z, 100, 0.1522650788730243, 10414.487653, 89.5147994147, 111.98864206, 1.75745460954, 3.08644849099, 226, 2019
N, 100, 0.704852067479421, 1396.82353485, 73.4536990395, 18.0643754864, -0.71077274236, 0.0907007626598, 226, 2019
E, 100, -0.1875953414739019, 133.004246844, 29.9296827715, 4.20004465546, -1.34181912642, 3.12463083926, 226, 2019
Z, 100, 0.5216736235506483, 9608.42474538, 74.9439184016, 127.174199989, 2.23590023792, 3.0023094528, 229, 2019
N, 100, 0.939912152511373, 1322.84693048, 56.3277446443, 23.486967136, -0.253117305422, 0.0681576668714, 229, 2019
E, 100, -0.40167386514464876, 98.3110604003, 22.8539326064, 3.15161493146, 0.407435982749, 1.87986873319, 229, 2019
Z, 100, 0.34161288920143335, 10863.543063, 47.9597245069, 277.834282782, 2.33420791011, 2.64302352728, 232, 2019
N, 100, 0.8515591194645276, 1447.09758259, 24.1522300119, 75.136021257, 0.2526349164, 0.654375663018, 232, 2019
E, 100, -0.8543541720685939, 241.755131665, 14.4172873795, 19.9752858141, -0.27532079749, 2.86023192906, 232, 2019
Z, -100, -0.608960327683531, 9859.69831393, 44.9435081774, 236.70317911, 0.615178062128, 3.43671381341, 235, 2019
N, -100, -0.1437249340931652, 1289.0839183, 38.6255160104, 34.32721423, 1.08414400753, 2.75011145937, 235, 2019
E, -100, 0.07510353235277215, 168.716528568, 13.1611986694, 14.9146436191, 0.166190338571, 1.37793404678, 235, 2019
Z, -100, -0.45510979531530776, 11995.0114139, 86.9166322622, 133.882348974, 1.02847464689, 3.21812282656, 238, 2019
N, 100, 0.23975454805471114, 1569.7257566, 71.6458830015, 20.6452998086, 1.78816606254, 3.11988356809, 238, 2019
E, 100, -0.05464634245528037, 230.739345275, 25.5591996994, 9.98213968978, -1.75996201881, 3.45847834003, 238, 2019
Z, 100, 0.052755492809262755, 14381.7150962, 97.5541861077, 143.386569073, 1.62559016577, 3.12568080509, 241, 2019
N, 100, 0.6473440755692931, 1875.48027533, 82.3427274019, 21.698076228, 2.31610576885, 3.19890744218, 241, 2019
E, -100, 0.19997345668526556, 224.182947424, 32.7487593855, 6.14093449461, 1.23465328491, 0.34572763556, 241, 2019
Z, 100, 0.40659184158673806, 11801.7606632, 64.8237267225, 197.394107795, 2.19016897471, 2.87991716306, 244, 2019
N, 100, 0.8981740718020602, 1511.83594383, 52.5612791621, 31.9838353458, -0.175289029881, 0.229977686578, 244, 2019
E, -100, -0.3096290880757173, 97.5491941452, 20.2466807706, 3.34125167333, 0.579987617497, 2.20089527336, 244, 2019
Z, -100, -0.8124790322688187, 11269.9369269, 40.6903857788, 332.816625505, -0.174718941359, 3.87975979119, 247, 2019
N, -100, -0.47453490126383163, 1424.62354062, 30.7222722544, 49.9105590409, 0.595909078519, 2.68556506611, 247, 2019
E, 100, -0.3259205134922477, 326.668452812, 14.2736970281, 25.0324851122, -0.349617105545, 2.10252552636, 247, 2019
Z, -100, -0.7072740964137644, 11786.2815781, 73.1146968694, 159.247866414, 0.660249939362, 3.29140324748, 250, 2019
N, -100, -0.24406123550984116, 1491.79283139, 57.7949408519, 24.6426860035, 1.18545769483, 2.9283275601, 250, 2019
E, -100, -0.41294516855307023, 177.517192188, 20.1019358134, 6.69243116461, -0.374855183522, 2.42722532363, 250, 2019
Z, -100, -0.17680426257547174, 10649.098501, 73.6696093608, 133.913443908, 1.55253931818, 2.91957392783, 253, 2019
N, 100, 0.4845844317126665, 1361.24401242, 60.6157657404, 20.2096589071, 2.29488453656, 3.39613108666, 253, 2019
E, -100, -0.9504163496566116, 373.353893726, 24.7737901953, 13.7815963125, 0.178352867433, 2.97009813541, 253, 2019
Z, 100, 0.07611203450102151, 13711.904299, 55.8366204718, 234.473370641, 1.66266851118, 3.1314678077, 256, 2019
N, 100, 0.7203018982506025, 1749.51941473, 46.2014302743, 37.6504179591, -0.668909437694, 0.111176104606, 256, 2019
E, 100, -0.6149158323664723, 453.774397414, 19.7565865629, 16.2725447392, -0.775241977442, 3.61407171044, 256, 2019
Z, 100, 0.3069369867900866, 13577.0207816, 32.9797006714, 550.086583263, 2.28675651298, 2.53468604835, 259, 2019
N, 100, 0.6773914754538621, 1799.20365403, 18.4659501305, 139.474138503, 0.186310073242, 0.684787627485, 259, 2019
E, -100, -0.523326145643694, 191.425432779, 13.2088529603, 22.9536756038, -2.23317260085, 0.478798701886, 259, 2019
Z, -100, -0.9245260582756819, 11879.1586162, 38.4196238948, 344.817201681, -0.321998275601, 3.67518821552, 262, 2019
N, -100, -0.8503335126169781, 1693.45739985, 33.5827676017, 49.516804641, 0.185554306945, 2.8463299673, 262, 2019
E, 100, -0.7491415741538943, 210.175563973, 10.7552476389, 22.8758504881, -1.29819304732, 2.39251701325, 262, 2019
Z, -100, -0.8975094462960292, 12683.5903454, 74.7922846369, 165.675217599, 0.368444151568, 3.25145201363, 265, 2019
N, -100, -0.6307228072751974, 1844.45555894, 61.1776191368, 28.4462655644, 0.790169817789, 2.99865651973, 265, 2019
E, 100, -0.8303373787885521, 325.42602693, 21.1501241404, 17.2332402529, -0.634364710315, 2.91202802323, 265, 2019
Z, -100, -0.5247932168738085, 10312.7075281, 82.3174012414, 121.059765847, 1.02514445232, 3.1311386071, 268, 2019
N, 100, 0.02532293438328772, 1568.87650677, 68.1387499678, 21.662224296, 1.61235147266, 3.16461107863, 268, 2019
E, 100, -0.9672434187734172, 242.293817046, 26.6122000248, 9.29464260574, -0.288761480297, 3.29993550642, 268, 2019
Z, 100, -0.8080167053044326, 12422.4770892, 40.6544346418, 347.259751628, 1.99266839508, 0.80851807134, 274, 2019
N, -100, -0.8079031900691177, 1604.58608267, 31.8959559093, 54.624492788, -0.434401868418, 2.61926251291, 274, 2019
E, -100, 0.10506645111846981, 478.040776553, 20.4811749334, 34.1601635957, -1.02711308082, 2.41378164172, 274, 2019
Z, -100, -0.9971283479267946, 12506.9509893, 75.8846912828, 159.504179627, 0.0244518077024, 3.18779015025, 277, 2019
N, -100, -0.8630847173055824, 1631.15251498, 61.0808009091, 24.4912214815, 0.468070315193, 3.10081783534, 277, 2019
E, 100, -0.09028397344617889, 397.656521227, 22.6396576212, 16.5841791052, 1.22441980009, 0.433880165948, 277, 2019
Z, -100, -0.8433031965413113, 10430.9491869, 72.3720734761, 136.50798033, 0.501884285876, 3.23277563131, 280, 2019
N, -100, -0.4499394458431197, 1380.61118535, 57.2771386847, 22.2393148394, 1.05396372333, 3.05101395818, 280, 2019
E, 100, -0.4226815193099897, 142.365675323, 22.0060868442, 4.5431040803, -4.25495019191, 0.925556076941, 280, 2019
Z, -100, -0.26563213484934034, 10069.4421147, 43.6979562005, 232.81149783, 1.38159469779, 2.98170771874, 283, 2019
N, 100, 0.23906425871729575, 1685.14533818, 36.994957353, 47.2780494071, 1.93306275627, 3.36109945458, 283, 2019
E, -100, -0.3159366110016354, 285.219487642, 16.9906000567, 11.8683990416, -2.18953115119, 0.590062873304, 283, 2019
Z, 100, -0.5074704317060024, 7444.85335439, 14.2004419374, 605.304773769, 1.31209384746, 1.52599969428, 286, 2019
N, -100, -0.40142040026372144, 969.980427548, 11.2173567079, 104.406997384, -1.0433916104, 1.85681963917, 286, 2019
E, -100, -0.18040857395093385, 257.361587127, 16.0013125583, 24.8027231652, -2.45749736062, 0.955565516116, 286, 2019
Z, 100, -0.8253014632873005, 9446.4690425, 49.6189261941, 205.867690362, 2.33231593068, 0.271902569715, 289, 2019
N, 100, -0.9563830335431515, 1321.3086548, 42.6652269137, 30.2952904427, 2.87678308503, 0.117708247485, 289, 2019
E, -100, 0.8272269254049628, 114.805674203, 19.6135181004, 8.35650899513, 0.576386954659, 0.205913714629, 289, 2019
Z, 100, -0.9958701262971381, 11149.2501857, 81.1183347041, 136.422927958, -0.0627594498432, 3.17685725176, 292, 2019
N, -100, -0.9236312903868574, 1789.6986599, 68.0157273808, 24.8444064316, 0.368523597605, 3.13557507583, 292, 2019
E, -100, 0.7318420513399161, 76.9381002053, 25.4263187845, 2.1910456247, 1.61951978702, 1.26090578177, 292, 2019
Z, -100, -0.9328072056393416, 12385.6269925, 84.4960903595, 139.498791866, 0.326599225518, 3.19723329667, 295, 2019
N, -100, -0.6734610066429865, 1969.80629724, 68.3217464264, 26.6999445401, 0.804967138169, 3.09559240358, 295, 2019
E, 100, -0.7578082491803498, 95.2620060519, 25.5220950865, 3.22964233155, 0.622728929395, 4.20987290359, 295, 2019
Z, -100, -0.6355938275012785, 11106.1971967, 43.2830664597, 279.488184658, 1.03891494928, 2.82102773446, 298, 2019
N, -100, -0.18530687500718263, 1989.24188144, 40.5947651741, 53.6205236763, 1.60701904411, 3.48696390641, 298, 2019
E, -100, -0.766569065637108, 234.535860518, 16.6558740385, 15.6117375215, -2.37539923836, 0.159242652175, 298, 2019
Z, 100, -0.5159693978063339, 9677.59373389, 49.9506373191, 211.935974193, 1.90858709389, 0.247365887513, 301, 2019
N, 100, -0.7406001407729712, 1797.84298686, 37.9102620332, 54.0890571099, 2.1928605417, 0.432629488882, 301, 2019
E, 100, -0.41403222548136026, 467.277778353, 22.8760612265, 32.2607652946, -3.08176059919, 1.11991103513, 301, 2019
Z, 100, -0.770720815747986, 9301.84752255, 92.2272837821, 103.582366392, -0.767743133291, 3.24417638909, 304, 2019
N, 100, -0.9219628245398359, 1568.15424212, 74.0596684306, 20.6305433082, 2.69271459872, 0.110742049391, 304, 2019
E, 100, -0.1291176833695665, 577.126200281, 30.9695930796, 17.7870963774, -1.48104887786, 3.09828304632, 304, 2019
Z, 100, -0.9626124040693864, 7594.19728798, 89.3138509717, 81.7119766009, -0.261801424278, 3.18530035823, 307, 2019
N, -100, -0.9204825205303893, 942.488353565, 72.4031903808, 11.0912191417, -0.115705948922, 2.90268003755, 307, 2019
E, 100, -0.5357219674603316, 762.861540257, 28.1712911462, 26.9382087808, -1.0534679751, 3.0709665402, 307, 2019
Z, -100, -0.9023195472014894, 9365.42392156, 56.2514662316, 176.690563929, 0.567918323557, 2.92973682544, 310, 2019
N, -100, -0.616186410789576, 1483.89947528, 45.1532693844, 34.798919004, 1.0605617702, 3.38308365448, 310, 2019
E, 100, -0.8430110771805256, 188.415719824, 17.6838075721, 9.6603948283, -3.81961638733, 0.178913054366, 310, 2019
Z, 100, -0.7258669407320455, 7970.81469178, 21.5931366675, 420.437169388, -0.256434992631, 2.65002560418, 313, 2019
N, 100, -0.789529333105647, 1317.5876468, 17.1700887948, 89.3491572605, 1.23150617936, 1.72548377405, 313, 2019
E, 100, -0.7362068542309878, 103.187190995, 11.0664722108, 9.82658472807, -1.9328636128, 1.41409676529, 313, 2019
Z, 100, -0.3749915043879289, 7301.06347937, 62.651673004, 113.391062906, 1.92643195632, 0.0164184712316, 316, 2019
N, 100, -0.7503887722649882, 822.523297983, 51.3696627126, 14.4952392778, 2.56241345029, 0.111869554728, 316, 2019
E, -100, 0.5153551902658225, 92.3861048452, 22.5346532978, 4.86544608209, 1.58699145607, 0.658443506215, 316, 2019
Z, 100, -0.7218527539183331, 11009.3455273, 98.1532247429, 112.005116307, -0.881350284627, 3.2918086091, 319, 2019
N, 100, -0.9595826614996504, 1481.71528277, 80.9353035058, 17.5692016907, 2.84395153411, 0.0672428809921, 319, 2019
E, 100, 0.8631775008372492, 287.299893221, 32.2483958477, 9.95843157288, -0.169348404131, 0.0766912976504, 319, 2019
Z, 100, -0.9890062587101685, 10879.1586518, 101.480072624, 107.002130378, -0.0160446809007, 3.06469718297, 322, 2019
N, -100, -0.936303705548507, 1806.33467003, 83.6083368948, 20.8623103367, 0.394263825286, 3.2225680157, 322, 2019
E, 100, 0.2454956508939025, 268.603472999, 32.686798287, 6.91493877779, 1.46735577472, 2.70377798889, 322, 2019
Z, -100, -0.961279090348007, 11760.2399737, 62.0649996453, 204.220564097, 0.367716715348, 2.85877856356, 325, 2019
N, -100, -0.8347100614118579, 2111.72777361, 53.2086695356, 41.850855264, 0.74889344353, 3.40660163557, 325, 2019
E, -100, 0.2768144373232426, 86.7294561585, 18.7753952204, 3.33129464301, 0.489112167407, 0.918273100848, 325, 2019
Z, 100, -0.20544256394065302, 11457.2232246, 50.2557568567, 248.356361818, 1.53072216297, 0.269667832594, 328, 2019
N, 100, -0.5997852691567095, 2008.78854468, 38.3847811755, 62.4203615554, 1.75675639089, 0.64522209483, 328, 2019
E, -100, 0.41554289437617925, 283.44191588, 12.8746328766, 26.0000439764, 0.633113687028, 0.382496514884, 328, 2019
Z, 100, -0.451853291964163, 5925.86435789, 105.201139539, 50.4852726373, -1.14770590615, 3.22555610404, 331, 2019
N, 100, -0.7476741886596652, 981.41187962, 81.2852331665, 10.1339322996, 2.24142382072, 0.328942354724, 331, 2019
E, 100, -0.09122459943406334, 123.960101547, 34.4266875173, 2.52901632534, -0.107548050471, 4.13913546195, 331, 2019
Z, 100, -0.8907144649493456, 9662.25908286, 111.093855094, 88.4826553272, -0.457593023182, 3.12428442195, 334, 2019
N, 0, -0.9985065917236838, 1504.82729686, 89.8747715065, 16.482620992, 3.16048775475, 0.0341799314694, 334, 2019
E, -100, 0.6951872198740047, 133.055623694, 38.19090602, 3.33726726344, 0.902837040466, 0.136676835483, 334, 2019
Z, 100, -0.9707126520501475, 7540.87142818, 80.1305387979, 98.2591102354, -0.0120562597482, 3.00184977523, 337, 2019
N, -100, -0.982776398317652, 1110.00887465, 65.9895020757, 16.5589749353, 0.211986023941, 3.18809771297, 337, 2019
E, 100, -0.027232482892498352, 48.5818327617, 25.3689149213, 2.17371763855, 1.53860520564, 0.0441234937576, 337, 2019
Z, 100, -0.628770069440191, 4889.83657515, 38.0801617988, 110.452036283, 1.80096665348, 0.515849158058, 340, 2019
N, 100, -0.734107958308924, 485.339182298, 33.1272089347, 11.5918864037, 2.11289070546, 0.81966543243, 340, 2019
E, -100, 0.7614658055747001, 209.492662498, 10.1134324989, 18.4155697481, 2.75945656581, 2.22408248501, 340, 2019
Z, 100, -0.2761202306805423, 9372.98571125, 61.8271741831, 147.439440469, 1.88414043147, 0.0622611106495, 343, 2019
N, 100, -0.8998499046553273, 1011.69902949, 51.0143375842, 20.5082397824, -0.410992164898, 3.12493802246, 343, 2019
E, 100, 0.7965561347639343, 539.239861012, 17.4791933494, 33.9135101225, -0.689763963769, 0.108090309462, 343, 2019
Z, 100, -0.38240621378477124, 11600.3107083, 107.758104845, 103.070750781, -1.19479738524, 3.14873079783, 346, 2019
N, 100, -0.8437981105373762, 1423.94134263, 86.1584885159, 15.810321427, 2.52775326403, 0.0602466709099, 346, 2019
E, 100, 0.6717961204843036, 526.102715392, 33.8352764562, 14.4444885888, -0.954596103382, 0.148073087603, 346, 2019
Z, 100, -0.7254505117111448, 10644.2395639, 120.968026465, 92.4573714036, -0.746195436021, 3.13095385743, 349, 2019
N, 100, -0.9454824988945413, 1447.32546423, 98.4957372804, 15.2766021278, 2.83836280399, 0.0112586520564, 349, 2019
E, 100, 0.530467521550016, 298.694824252, 41.1448218591, 6.54246170046, 2.29750477085, 3.32449771768, 349, 2019
Z, 100, -0.6650918202596514, 5763.3020981, 84.6462033337, 59.9130347815, -1.11550960644, 3.55317825803, 352, 2019
N, 100, -0.653380001563764, 807.880338739, 72.1963989008, 8.61910348037, -1.26611396632, 2.3374619883, 352, 2019
E, -100, 0.5876364698674534, 188.619601925, 27.1120255939, 6.55681783757, 1.19030353245, 0.897242011029, 352, 2019
Z, 100, -0.49892727000854414, 9689.73415621, 41.6952591579, 276.603511154, 1.91896672993, 0.221427168568, 355, 2019
N, 100, -0.8703524075598753, 1320.79393787, 33.8570048216, 45.9854903688, 2.82065090236, 0.0497274279998, 355, 2019
E, 100, 0.732688801033988, 264.920344334, 10.4356941382, 29.7950580135, -0.957299689551, 0.354444934847, 355, 2019
Z, 100, -0.04344491639597937, 8474.4481146, 100.243849973, 79.3731200955, 1.48492016841, 0.14386441129, 358, 2019
N, 100, -0.6233200189697227, 1173.36843841, 76.4048282343, 15.4372941193, 2.0978970385, 0.178719000967, 358, 2019
E, 100, 0.48411424448746054, 424.996146545, 29.4646050004, 15.1470285004, -1.22107856925, 0.216010417876, 358, 2019
Z, 100, -0.5326080615797654, 8786.69744882, 122.242558741, 72.5389417619, -1.04003989294, 3.16437534334, 361, 2019
N, 100, -0.814341152108421, 1361.36915754, 95.3023909999, 14.2710828216, 2.48120872668, 0.0544951152516, 361, 2019
E, 100, 0.20852306664883258, 396.73951546, 41.6140927671, 9.34281435253, 1.76752416447, 3.14311624247, 361, 2019
