Chan, Phase Shift, Correlation, ptp-data, ptp-synthetic, rat, phasem, phasestd, DOY, Year
Z, 34, 0.9995820172259002, 105.873685865, 110.734223537, 0.942449968359, -0.0444370911536, 0.0419695260257, 1, 2019
N, -100, 0.9544863762477042, 163.496744212, 137.208817243, 1.0172837403, 1.43429545143, 1.11237593654, 1, 2019
E, -100, 0.9918928938248592, 165.680817273, 160.043443563, 0.966545997535, -0.305685151114, 0.164904794134, 1, 2019
Z, -100, 0.9999483791195949, 151.834027067, 160.15418062, 0.950333244928, 0.0238138192306, 0.00253694199612, 4, 2019
N, 100, 0.9508303228331904, 184.261838899, 170.986925892, 1.111838473, -0.332918457997, 1.45546114113, 4, 2019
E, 0, 0.9988108826021037, 299.266348372, 258.797330252, 1.20627960406, -0.0922653375538, 0.0808888280754, 4, 2019
Z, -100, 0.999916320573538, 165.815549949, 174.087116178, 0.94335702975, -0.284727133834, 1.33765508873, 7, 2019
N, 100, 0.9927527990988837, 228.199758925, 194.696361877, 1.12548615023, -0.0627679397075, 0.0840423491149, 7, 2019
E, -100, 0.998044287671189, 368.963066027, 326.207816761, 1.12044015175, 0.00182623359842, 0.0405708644646, 7, 2019
Z, -89, 0.9998930777364361, 140.735973364, 147.397502869, 0.951775638437, 0.0175595299819, 0.00529745570031, 10, 2019
N, 100, 0.9913975907253533, 207.468812843, 181.689446263, 1.14176331212, -0.00612044435029, 0.0692507796762, 10, 2019
E, -100, 0.9970502547719154, 347.932021627, 314.626744626, 1.10603429559, 0.0541232449206, 0.0287404666695, 10, 2019
Z, -97, 0.9997866119757755, 87.521108736, 93.9747900563, 0.931880815131, 0.0155447481683, 0.0125863723221, 13, 2019
N, 100, 0.9427716549537348, 170.769351998, 141.502556681, 1.2141069837, -0.476690005134, 0.177897215656, 13, 2019
E, -100, 0.9968296195596142, 292.518711965, 234.545801407, 1.25858079948, -0.0116207824777, 0.0308438048047, 13, 2019
Z, 35, 0.9999706653170609, 88.9728565786, 90.8252141404, 0.977449887913, 0.0154052403262, 0.0121043494461, 16, 2019
N, -100, 0.9759924458522897, 195.800169558, 111.604667613, 1.91930213427, -0.318361643405, 0.456289085597, 16, 2019
E, -100, 0.9380866089469053, 189.298558881, 140.470984065, 1.32735058722, -0.257764935375, 1.90074348038, 16, 2019
Z, -60, 0.999937156950177, 169.098512674, 174.713037925, 0.963774761262, 0.0373240260509, 0.0186863869456, 19, 2019
N, -100, 0.9961300059395153, 158.469986442, 174.75687016, 0.881162186313, -0.0331562633915, 0.148664237861, 19, 2019
E, -91, 0.9993101882474181, 255.495478585, 251.830525535, 1.01043353289, -0.0258127729285, 0.0435404639618, 19, 2019
Z, -63, 0.9999919635798501, 209.42014842, 219.116210002, 0.952894245235, 0.0147944354162, 0.00787728599106, 22, 2019
N, 100, 0.9743247425936041, 264.214086871, 242.904177105, 1.25868252742, -0.342065446934, 0.264268813025, 22, 2019
E, -100, 0.9970326555260659, 400.733355914, 378.356804576, 1.12167906283, 0.143582109946, 0.0844171145556, 22, 2019
Z, -50, 0.9998567457296835, 175.193369256, 184.027569535, 0.950815358881, -0.00199769368352, 0.00933147613558, 25, 2019
N, 100, 0.9958081844873412, 251.908251425, 243.136450045, 1.0535440941, 1.29999823365, 2.72408144935, 25, 2019
E, -100, 0.9995557334173796, 401.694472156, 382.565578281, 1.05463337792, -0.285779173852, 1.33234165389, 25, 2019
Z, 23, 0.9998285863996309, 91.0026745744, 96.1600847593, 0.951766745603, 0.00490507426478, 0.0140556591253, 28, 2019
N, 100, 0.9987996538002104, 188.744839911, 174.048774729, 1.08017371892, -0.0318616174019, 0.0175353500317, 28, 2019
E, -100, 0.9989737220545014, 279.169869527, 258.469411661, 1.08363966669, 0.0453958788682, 0.00940098235261, 28, 2019
Z, 0, 0.9996373688510884, 97.6905659828, 102.505115445, 0.956187587224, -0.0418232554577, 0.0474125316184, 31, 2019
N, 100, 0.990259045528535, 138.559555596, 118.252769353, 1.09688115782, 0.46999936805, 1.84468197197, 31, 2019
E, -100, 0.9990289379081385, 156.817724011, 133.763033132, 1.16523004534, 0.0382082217071, 0.0167089649014, 31, 2019
Z, -100, 0.9999573940665781, 154.270086721, 162.215597009, 0.954629224905, 0.0191897955914, 0.00851981448203, 34, 2019
N, 100, 0.9831906522177168, 171.492770203, 165.415930741, 1.04319309767, -0.107202578487, 0.058713608687, 34, 2019
E, 37, 0.9998816004602668, 295.197491976, 259.294471448, 1.13677752357, 0.0394121872827, 0.0238406033655, 34, 2019
Z, -100, 0.9999459807159595, 174.836553377, 184.151209281, 0.941755765199, 0.0260661270489, 0.00705261354617, 37, 2019
N, 100, 0.9887749406558456, 211.408265584, 198.185214943, 1.05904417797, -0.190891043652, 0.0285716104381, 37, 2019
E, -95, 0.9997829189411311, 373.217116671, 340.490648947, 1.09663209968, -0.0194997706813, 0.020184742553, 37, 2019
Z, -17, 0.9998105126874793, 151.368542814, 161.408853137, 0.934037384724, -0.020260076358, 0.0141043224435, 40, 2019
N, 100, 0.9977674779442011, 205.109169023, 190.863391306, 1.07533016285, 0.15820656897, 1.34950141536, 40, 2019
E, -100, 0.9985033297746985, 361.041703042, 336.896241797, 1.07587839905, 0.0199859090342, 0.019975337167, 40, 2019
Z, -28, 0.999760427118784, 95.5819921876, 101.516989763, 0.946714006504, 0.00966642135427, 0.0164678708962, 43, 2019
N, 100, 0.9987001948254167, 174.037938583, 149.108567077, 1.15944547895, -0.0341254452202, 0.0432114454291, 43, 2019
E, -100, 0.9948084888223312, 280.138748332, 251.424294521, 1.1147922519, 0.0696324523349, 0.0280582780384, 43, 2019
Z, 1, 0.9997006091607523, 96.1571564683, 100.216658438, 0.951669168543, -0.0643108790042, 0.044396908026, 46, 2019
N, 40, 0.9988523184973959, 127.756220998, 113.144477999, 1.17283625114, -0.0571623539768, 0.120961518013, 46, 2019
E, -100, 0.986734744585943, 151.259981834, 131.358025812, 1.12894580333, -0.984531622716, 2.51844362957, 46, 2019
Z, -100, 0.9999546480073327, 193.735696613, 202.137316358, 0.957151013403, 0.0307770971607, 0.00755111725866, 49, 2019
N, 100, 0.9985613705910513, 214.585300791, 198.28787541, 1.09816483713, -0.0289986967946, 0.0256613920746, 49, 2019
E, -100, 0.9982148543107707, 306.129953077, 293.102463007, 1.04652640795, 0.127406159592, 0.0429560824822, 49, 2019
Z, -100, 0.9999343197381093, 225.940530682, 236.58583056, 0.947513604955, 0.0104247943494, 0.00793749449058, 52, 2019
N, 100, 0.9994071861353941, 265.160010584, 265.776818617, 1.02563956959, -0.0459005297391, 0.0473568735002, 52, 2019
E, -100, 0.9998956646771107, 426.075272495, 422.399836224, 1.012385139, 0.0361310478099, 0.00940618056355, 52, 2019
Z, 0, 0.9998615597194364, 167.297045171, 175.974029361, 0.950247625849, -0.0230251902334, 0.0193213388737, 55, 2019
N, 100, 0.9982616969074577, 241.845687785, 241.380857004, 1.00193735358, -0.0916726375685, 0.0391338763691, 55, 2019
E, -93, 0.9996382638894618, 396.764800957, 390.891596559, 1.01646314562, -0.00670407060035, 0.014305784246, 55, 2019
Z, 0, 0.9999558189596375, 65.7433818257, 70.5090870586, 0.930512922038, -0.0122670064699, 0.00662266045102, 58, 2019
N, 100, 0.9988100159613904, 168.617638177, 147.286403431, 1.13918162406, -0.0353211979795, 0.0161076880064, 58, 2019
E, -100, 0.9987601055726187, 242.75947252, 223.89508647, 1.08673591325, 0.05174681948, 0.0106218713702, 58, 2019
Z, -100, 0.9998360575750594, 107.961733481, 113.905081604, 0.943788637492, 0.037991349811, 0.0168959689747, 61, 2019
N, 100, 0.9843124152386533, 123.966034462, 114.3820052, 1.07118978703, 0.0849372809779, 1.31481324387, 61, 2019
E, -27, 0.9997013448454128, 169.164797672, 142.86952596, 1.1756131646, 0.036025296265, 0.01618645999, 61, 2019
Z, -100, 0.9996053738973079, 170.788805538, 178.542646004, 0.939484238888, 0.064489285963, 0.0334696428816, 64, 2019
N, 100, 0.9778972225292729, 186.78052215, 175.50896253, 1.06279841094, -0.195585246369, 0.0858421242508, 64, 2019
E, 28, 0.9997167515480055, 328.755634497, 289.19390618, 1.14556334745, -0.0084969447592, 0.0234421022856, 64, 2019
Z, -100, 0.9999151089596575, 191.149684313, 199.3903472, 0.956558991769, 0.0282687605905, 0.0062867771758, 67, 2019
N, 100, 0.9938056272674195, 220.144760424, 209.934863465, 1.05939051858, -0.197662903693, 0.0510594072276, 67, 2019
E, -100, 0.9996761670982531, 396.531143806, 369.406447359, 1.07714098931, 0.00510018162026, 0.0175405537249, 67, 2019
Z, -31, 0.9999103977361481, 159.258423139, 166.874421201, 0.948764926851, 0.00961096153277, 0.00576136720545, 70, 2019
N, 100, 0.9986684454480068, 210.828863019, 197.785142936, 1.05342937695, -0.0470142657453, 0.0432705621995, 70, 2019
E, -100, 0.9985129446061736, 372.544683546, 351.462276515, 1.05550042778, 0.0121448336893, 0.0202644616321, 70, 2019
Z, 0, 0.9997599403163316, 84.6049304003, 90.3304493906, 0.943562923928, -0.00416924057402, 0.0130640825731, 73, 2019
N, -58, 0.9995361833403938, 169.360212648, 144.345887257, 1.16602470785, -0.00928395375945, 0.0223332746713, 73, 2019
E, -100, 0.99266474592458, 261.60057411, 237.769208903, 1.10339936165, 0.0896143656135, 0.0266380334902, 73, 2019
Z, -2, 0.9998853137804377, 130.708813744, 135.244795691, 0.966903020322, -0.0156639196112, 0.0191565924419, 76, 2019
N, -5, 0.9974952652234564, 140.757482028, 133.388896099, 1.12469428504, 0.0114429665471, 0.121013954705, 76, 2019
E, -100, 0.9880657453708785, 158.735616049, 154.666975073, 1.07536022189, 0.275649436131, 0.142211652427, 76, 2019
Z, -100, 0.9999029302384214, 221.628336275, 229.999114681, 0.961499271785, 0.0271795364798, 0.0070340179777, 79, 2019
N, 100, 0.999583095505377, 224.472701756, 231.491818558, 0.993585659156, 0.0232555230173, 0.0271309665103, 79, 2019
E, -45, 0.9998484939912146, 364.121925904, 357.504406745, 1.01218839033, -0.233418167937, 1.34140940948, 79, 2019
Z, -89, 0.9999300187422, 218.176023483, 231.324715955, 0.936244060071, -0.290699576972, 1.33316565672, 82, 2019
N, 100, 0.9988141102563574, 249.71908475, 269.774386459, 0.917694896935, -0.05320408175, 0.0390133685199, 82, 2019
E, 59, 0.9999324689629362, 441.751331514, 441.530962917, 1.00485577488, -0.0273819405453, 0.0082497168675, 82, 2019
Z, 0, 0.9999321036094163, 138.877173116, 145.509522554, 0.950890427898, 0.00169648535571, 0.00343798330109, 85, 2019
N, 100, 0.9944557527823327, 217.202091078, 212.989586745, 1.02511320144, -0.0760321643886, 0.0345923329428, 85, 2019
E, 0, 0.9996070998925656, 366.103740064, 352.864662401, 1.03494788663, -0.0256677535281, 0.0216963553935, 85, 2019
Z, -100, 0.9994077256238731, 48.7048403533, 50.6748514521, 0.971598152267, -0.313654090042, 1.32405735453, 88, 2019
N, 100, 0.9968212381935435, 134.439394384, 113.204607086, 1.15392128941, -0.11572527855, 0.0644020696072, 88, 2019
E, -100, 0.9983106403731414, 188.808550008, 167.462635955, 1.12513717581, 0.0509865012279, 0.0109287682204, 88, 2019
Z, -100, 0.999594847530537, 125.890714993, 132.624587383, 0.94554261563, 0.101083717152, 0.0588722087788, 91, 2019
N, 100, 0.9715120662943703, 140.38298257, 126.935838885, 1.11479067052, -0.210236180704, 0.0585264974369, 91, 2019
E, -90, 0.9998984388373919, 212.511980963, 179.037902992, 1.18657135858, 0.0221295276117, 0.0185333720593, 91, 2019
Z, -100, 0.9999374612982448, 183.996446071, 193.621019706, 0.956909312382, 0.021312718508, 0.0108686759842, 94, 2019
N, 100, 0.9881347314230521, 206.209060966, 189.39782714, 1.09287113427, -0.213727539533, 0.105765731164, 94, 2019
E, -100, 0.9997821256994666, 350.554002991, 321.425680986, 1.09291076675, -0.270939457426, 1.33808747105, 94, 2019
Z, -100, 0.9998273481883007, 193.241741287, 203.280617855, 0.942019334041, 0.0195250150672, 0.00893601670755, 97, 2019
N, 100, 0.9974789859587727, 223.546129599, 217.210405465, 1.05163867389, -0.133441858463, 0.0348417109574, 97, 2019
E, -100, 0.999899247392508, 402.514082406, 383.487406606, 1.0508294707, 0.0065343040977, 0.00666106829882, 97, 2019
Z, -59, 0.9997767308393555, 146.36620269, 153.452285301, 0.950526464938, -0.00591629569737, 0.0122595589031, 100, 2019
N, 100, 0.999658566874348, 204.05548336, 192.525132996, 1.05612318233, -0.315987816652, 1.33081714114, 100, 2019
E, -100, 0.9991914331246392, 352.133041045, 335.99371643, 1.04848125147, -0.271643457123, 1.33375369662, 100, 2019
Z, -100, 0.6837863125545507, 2372.95458903, 172.012541329, 12.8316935166, 0.572357523837, 0.808598006712, 106, 2019
N, 100, 0.7039047823793361, 260.814362653, 169.405427443, 1.53527560221, 0.383950262882, 2.47018293336, 106, 2019
E, -100, -0.6377728348135825, 1175.50817693, 227.311161222, 4.72427232319, 0.0628992835053, 2.79896987903, 106, 2019
Z, -100, 0.9994239238988124, 189.089661545, 199.122908438, 0.95547698991, 0.0702919878399, 0.0179564274914, 112, 2019
N, 100, 0.9972922650373902, 238.105285907, 244.327633099, 0.966647859023, -0.125509150487, 0.0385331031416, 112, 2019
E, 100, 0.9996757667985929, 418.96087402, 407.874385642, 1.02558069237, -0.0531621370728, 0.0110114906758, 112, 2019
Z, 0, 0.9997981371008596, 102.943381205, 109.890973421, 0.933890162793, 0.0226640048247, 0.014048649011, 115, 2019
N, 100, 0.9915767664802381, 174.539296632, 173.477136873, 1.00064463013, -0.175445038796, 0.0409382992097, 115, 2019
E, 77, 0.9993144357881468, 307.581129217, 286.999819245, 1.07426544335, -0.0629743663396, 0.0360437955383, 115, 2019
Z, 100, 0.9980031635275052, 67.1911968923, 68.6799864167, 0.939508943694, 0.499395101724, 1.83632570092, 118, 2019
N, 100, 0.9934890969191386, 101.584841973, 93.7966284359, 1.07943659142, 0.068659488217, 0.0824805568651, 118, 2019
E, -100, 0.9990517182109302, 141.565126695, 123.260378556, 1.14291491582, 0.0599886495086, 0.0223410260957, 118, 2019
Z, -100, 0.9999249959729066, 140.957383431, 146.563408083, 0.963613805874, 0.0200330609461, 0.00615877730997, 121, 2019
N, 100, 0.9783174500772875, 141.670840342, 141.622643623, 1.02339823017, -0.206903558838, 0.0451642382771, 121, 2019
E, 94, 0.9998988474227135, 246.867682629, 212.092488371, 1.16669055875, -0.00624648858668, 0.0128663386601, 121, 2019
Z, -100, 0.9999223542311585, 190.429369302, 197.890720058, 0.964748500001, 0.0216894644851, 0.00975981003669, 124, 2019
N, 100, 0.9822225606349916, 202.400221195, 198.491247708, 1.01642518632, -0.299250947513, 0.137652150042, 124, 2019
E, 20, 0.9996269646988681, 366.493132889, 336.826441554, 1.10501403877, 0.279088182208, 1.3364474494, 124, 2019
Z, -100, 0.9998344190822721, 183.592959519, 192.618239924, 0.952582216983, 0.02834436749, 0.00500330463355, 127, 2019
N, 100, 0.9958805247001007, 217.813849194, 216.086297844, 0.995550272616, -0.109301568358, 0.0388270963834, 127, 2019
E, -23, 0.9998083707086047, 391.127108982, 372.471433847, 1.045667515, -0.0199033121249, 0.0135607135122, 127, 2019
Z, -100, 0.9993073803832639, 121.150083986, 129.806177463, 0.936317395962, 0.0473656473367, 0.0232255467797, 130, 2019
N, 100, 0.9972462331602381, 203.047273198, 181.212449287, 1.11527088125, 0.218452317813, 1.34755705396, 130, 2019
E, -100, 0.9987280571494818, 321.061280125, 297.049230665, 1.07880280024, 0.0249207229115, 0.0229067674032, 130, 2019
Z, 27, 0.9996993212956377, 99.1261032066, 103.718180734, 0.932772994697, -0.0186187449358, 0.048848681648, 133, 2019
N, 36, 0.9995042993718316, 152.886730113, 130.478458254, 1.11332991796, 0.000316540652833, 0.0688335577421, 133, 2019
E, -100, 0.9954222033186506, 177.378720808, 157.349728192, 1.10568799526, 0.092040646321, 0.0394026095393, 133, 2019
Z, -100, 0.999858597573755, 175.75369253, 182.187591893, 0.966756591054, 0.00141096645444, 0.0183608815448, 136, 2019
N, 100, 0.9979179437401158, 199.439519342, 190.855369185, 1.05994142353, -0.0426863726795, 0.0354104136978, 136, 2019
E, -54, 0.9997271728753275, 294.396180347, 272.946170018, 1.07749158838, 0.0536565994145, 0.0451998170816, 136, 2019
Z, -100, 0.9999196649617141, 194.140169138, 204.148333963, 0.955949469291, 0.0302997012639, 0.0145438073626, 139, 2019
N, 100, 0.997371994370929, 238.022138899, 230.571670661, 1.03980337164, -0.0659558275076, 0.0297789850884, 139, 2019
E, 100, 0.9999488229173927, 392.754908097, 369.997827839, 1.0601335939, 0.583635511866, 1.84096216607, 139, 2019
Z, -100, 0.999798659274638, 154.06120017, 162.874892805, 0.950597511709, 0.0335671989046, 0.00588296792574, 142, 2019
N, 100, 0.998380021953964, 221.42834394, 208.234148111, 1.0794892227, -0.073870557948, 0.0278276087329, 142, 2019
E, 0, 0.9999329189118882, 358.21230033, 349.076329314, 1.03537597676, 7.39272390296e-05, 0.0052582012408, 142, 2019
Z, -100, 0.9994694786896338, 83.7913965881, 88.7675912502, 0.941039407538, 0.0182379364163, 0.0107226680855, 145, 2019
N, 100, 0.9929705176365662, 163.278225307, 145.719007202, 1.11343945546, -0.159029930333, 0.0522861976102, 145, 2019
E, -59, 0.9990408728532256, 263.080255772, 235.456346481, 1.11714307298, -0.0208989200601, 0.0281065566828, 145, 2019
Z, -100, 0.9996813106461158, 77.9100965703, 82.5833162432, 0.921313141114, 0.0101850031138, 0.0434654818047, 148, 2019
N, 100, 0.9967699359339974, 123.959418218, 100.492346512, 1.3048150846, -0.213775788975, 0.447907219258, 148, 2019
E, -100, 0.9929139091008803, 140.666776853, 117.008111116, 1.1954571254, 0.14764931146, 0.0788422019307, 148, 2019
Z, -10, 0.9996765944264031, 145.186817936, 152.238508768, 0.964619151381, -0.0601233060403, 0.0506311417121, 151, 2019
N, 100, 0.9956187663925653, 170.564830883, 150.89082287, 1.1020088814, -0.0705928144172, 0.0293870130215, 151, 2019
E, -100, 0.9994052731499625, 252.098888161, 228.359520866, 1.10013932589, 0.0677341498733, 0.0405069249328, 151, 2019
Z, -100, 0.9998885153370647, 185.727560755, 193.936948581, 0.953770746839, 0.043718521819, 0.0171165092475, 154, 2019
N, 100, 0.9983878698207143, 212.151356865, 202.69658081, 1.04031328987, 0.000364534996594, 0.0360003642799, 154, 2019
E, 4, 0.999956371877943, 353.823743299, 334.188061175, 1.04997299471, -0.00564861126664, 0.0153663698403, 154, 2019
Z, -86, 0.9999388218697338, 173.073672333, 179.169545041, 0.965632556645, 0.0164498778827, 0.00276061640256, 157, 2019
N, 100, 0.9979195950153555, 216.272306931, 214.394014728, 0.9757901612, -0.0609715571469, 0.0756799247389, 157, 2019
E, 0, 0.9997922253169218, 365.066048707, 351.722525495, 1.03351533113, -0.0323843394216, 0.0144089637581, 157, 2019
Z, 0, 0.9994165924766382, 111.28673599, 116.701803603, 0.963623678382, 0.0010886677211, 0.0417219493343, 160, 2019
N, 100, 0.9996268675039077, 194.06828078, 178.540491353, 1.06941156345, -0.0297072682879, 0.0163297494595, 160, 2019
E, -100, 0.9996143761194479, 286.325787654, 267.87592847, 1.06558252508, 0.00577644231067, 0.0138781560873, 160, 2019
Z, -100, 0.9986909195937912, 119.075864816, 117.834333278, 0.993873450341, -0.0440878879118, 0.131643214135, 163, 2019
N, 100, 0.9934719327516125, 167.894846107, 148.80054002, 1.14375970198, -0.0327238806225, 0.0542858905735, 163, 2019
E, -100, 0.9992985849641667, 206.567052265, 175.941771504, 1.13029173582, -0.82353069417, 2.21894160167, 163, 2019
Z, -94, 0.999803251809561, 160.01541898, 167.84816142, 0.970214942, 0.0188722473714, 0.0232934229885, 166, 2019
N, 100, 0.9957409684294365, 205.601747403, 185.166079657, 1.12128916884, -0.0455137548876, 0.0622300765959, 166, 2019
E, -100, 0.9995527516687283, 296.30691715, 269.611288195, 1.10343180976, 0.0549696602248, 0.0355572830568, 166, 2019
Z, -100, 0.9997924302680234, 167.807378483, 177.621382925, 0.953591688974, 0.0476572081522, 0.0199153958233, 169, 2019
N, 100, 0.9949876280521341, 212.978151663, 205.769758572, 1.00510963256, -0.0818266895661, 0.0527380146597, 169, 2019
E, 100, 0.9998562907786268, 357.388865331, 332.192543542, 1.07018122112, -0.0519585482442, 0.0248127100885, 169, 2019
Z, -100, 0.9994391166899049, 137.319768661, 144.503101182, 0.948218387836, 0.0460681037355, 0.0113948922677, 172, 2019
N, 100, 0.997036447608828, 194.527489791, 185.298601996, 1.05550131565, -0.144895735823, 0.0600663437852, 172, 2019
E, 54, 0.9995671711384148, 335.978153458, 310.522709277, 1.082119534, -0.0396641519358, 0.0185190975301, 172, 2019
Z, -100, 0.9994102491719725, 82.6413600597, 87.8636123205, 0.945593885819, 0.0526973062156, 0.0320878683739, 175, 2019
N, 100, 0.9984072010089902, 164.131278759, 137.622256703, 1.18528618378, -0.095432776193, 0.0235361907507, 175, 2019
E, -100, 0.9983179600548605, 255.189227394, 221.055894079, 1.15698303974, 0.0201769467211, 0.017685624895, 175, 2019
Z, -100, 0.999860159486365, 84.7102186222, 88.188597455, 0.956004077825, -0.0239103987257, 0.0370924743304, 178, 2019
N, 100, 0.9996422429125179, 131.500584615, 108.79635819, 1.18266979457, 0.0158128020434, 0.0272978032962, 178, 2019
E, -100, 0.995678324555127, 154.907191015, 136.461487169, 1.11285289549, -0.768286421306, 2.21278164272, 178, 2019
Z, -41, 0.9998172337548884, 145.724784882, 154.271034928, 0.953507397573, -0.0216206878397, 0.0326213904308, 181, 2019
N, 100, 0.9977184253968182, 168.498893545, 156.475333358, 1.09713652935, -0.0153325793365, 0.0294972874285, 181, 2019
E, -100, 0.9995953431728211, 254.923588897, 230.80153457, 1.10562586243, 0.0786935479912, 0.05009429273, 181, 2019
Z, -100, 0.9999397823645548, 184.078593769, 195.26109309, 0.942754321165, 0.0247467764305, 0.0089816346798, 184, 2019
N, 100, 0.9969047911958899, 226.412145582, 211.768612048, 1.07988181815, -0.136847919274, 0.0729507036754, 184, 2019
E, -100, 0.9997016612650328, 356.731967209, 335.245334452, 1.07663811942, -0.564525671233, 1.84311753838, 184, 2019
Z, -100, 0.9997428261896583, 169.799178293, 179.433092914, 0.948369503573, 0.0404905735472, 0.00775232562249, 187, 2019
N, 100, 0.9983289490159921, 235.694167255, 224.084394761, 1.0083242659, 0.00287243575416, 0.0927366805482, 187, 2019
E, -100, 0.9996908982092056, 369.471344275, 352.838816567, 1.03857508907, -0.0129232746746, 0.0169968350726, 187, 2019
Z, -16, 0.9999006987639837, 110.592121549, 116.480991388, 0.949431204589, 0.0011291319239, 0.00778164457178, 190, 2019
N, 100, 0.9977562346214135, 205.241613489, 184.731571512, 1.11270466458, -0.0441228129342, 0.0159024876193, 190, 2019
E, -100, 0.9995052867887646, 294.934908331, 269.524406164, 1.09628418592, 0.0258156242777, 0.0173055408274, 190, 2019
Z, 0, 0.9997581715711739, 103.907456387, 108.713009616, 0.94957949661, -0.0280572906984, 0.0499146051763, 193, 2019
N, 100, 0.9956835692020445, 164.233352228, 142.159501869, 1.18035555713, -0.0827150659637, 0.143146632375, 193, 2019
E, -100, 0.9993981557180441, 197.762524528, 171.325220637, 1.16195712917, 0.069322998133, 0.020904616642, 193, 2019
Z, -100, 0.9999110913038216, 148.972391724, 156.728437018, 0.952542641768, 0.0075071612137, 0.0152116236166, 196, 2019
N, 100, 0.9872662893991182, 181.562451183, 171.359655742, 1.06612251572, 0.154348652042, 1.33285861699, 196, 2019
E, 100, 0.999909090610132, 290.180870418, 253.872145186, 1.14027196855, -0.00174328277363, 0.0106130612667, 196, 2019
Z, -100, 0.9999321299524045, 162.646425548, 171.699637302, 0.941306180013, 0.00987897430979, 0.00706134835823, 199, 2019
N, 100, 0.9881621236366497, 203.924300918, 194.785821781, 1.0507554655, -0.18583305495, 0.021283076428, 199, 2019
E, 26, 0.9998763368165237, 358.207463269, 320.719768184, 1.11809301057, -0.028808294699, 0.0161410020248, 199, 2019
Z, -100, 0.9997105886938542, 139.367581786, 146.878021757, 0.948911465889, 0.00711743570035, 0.0136909914323, 202, 2019
N, 100, 0.9952959822585005, 203.560030862, 181.27598168, 1.13101763579, 0.738446507601, 2.22336633069, 202, 2019
E, -100, 0.9996915764013395, 345.138283158, 309.994239386, 1.11295727026, 0.0211959408821, 0.0121409597466, 202, 2019
Z, -100, 0.9991550720503367, 86.2999964634, 94.7446972439, 0.910730210432, 0.0838604778609, 0.0376686364179, 205, 2019
N, 100, 0.9964825618750813, 161.310264616, 139.927238554, 1.15447248964, -0.037423008639, 0.0533128386227, 205, 2019
E, -100, 0.9975609001992589, 264.159397302, 230.929260172, 1.14310139699, 0.0609652396927, 0.0240291922268, 205, 2019
Z, 100, 0.999379744902866, 86.4339825918, 89.3640526828, 0.940170187994, -0.0770060367255, 0.068762302348, 208, 2019
N, 100, 0.9978919156507021, 132.521630723, 109.534038305, 1.21567916295, -0.185835067337, 0.509519201928, 208, 2019
E, -100, 0.9945719504260929, 159.38526351, 138.545821363, 1.13303427448, -1.35647731048, 2.70740240392, 208, 2019
Z, 0, 0.9995245079277459, 162.624390216, 169.21354992, 0.979961047892, -0.060559296428, 0.05806192332, 211, 2019
N, 100, 0.9932063899399329, 182.795348713, 169.516440566, 1.07880759039, -0.133726648455, 0.0353360780009, 211, 2019
E, -100, 0.9995624169591323, 270.231629032, 246.026323632, 1.09743375601, 0.090005943516, 0.0555489111098, 211, 2019
Z, -100, 0.9999295081800713, 205.957615236, 214.391196658, 0.956261815241, -0.273862802056, 1.3395803362, 214, 2019
N, 100, 0.996734426232846, 248.276022648, 236.619893216, 1.06430577203, -0.126465376116, 0.0514591112824, 214, 2019
E, -100, 0.9998733084760884, 392.166950559, 369.931723507, 1.07299587174, 0.0153550760179, 0.0176104087733, 214, 2019
Z, 100, 0.062359205061903164, 3108.17497105, 186.325247236, 14.0560904395, -1.65821493532, 0.463428108531, 217, 2019
N, -100, 0.6942182600494541, 2312.92294924, 239.902516145, 8.61743615848, 1.26344088182, 1.95708082452, 217, 2019
E, -100, 0.5262645948700995, 1217.27160388, 379.26340967, 2.85032478587, 0.336414517959, 1.96748146905, 217, 2019
Z, -100, 0.06539755469325534, 13191.1392594, 98.448246888, 89.8526063321, 0.969706737789, 0.871253529817, 220, 2019
N, -100, -0.77926603674453, 8397.41493639, 173.828312425, 31.9857161192, 0.712996812052, 2.93758423623, 220, 2019
E, -100, -0.23278404007071837, 4451.3139134, 258.572741272, 11.8297241135, -0.0317274504578, 3.15920343098, 220, 2019
Z, -49, 0.9997309321161075, 103.193143674, 107.990307404, 0.955831304578, -0.0241967350845, 0.0389680759624, 223, 2019
N, 100, 0.9483582319846979, 134.021070371, 124.414361962, 0.923537897338, 0.933080824945, 2.37742244437, 223, 2019
E, 100, 0.9972676163028696, 176.447060205, 143.876926404, 1.14157925689, -0.135051890684, 0.0911247573604, 223, 2019
Z, -100, 0.9999265992025431, 156.137260355, 165.469557897, 0.953085212951, 0.014307086321, 0.0109904285304, 226, 2019
N, 100, 0.9709674195570124, 195.029980323, 171.836212413, 1.14541071224, -0.224653864964, 0.103216379105, 226, 2019
E, 0, 0.9999184799495835, 319.202046828, 268.740202896, 1.19783961069, 0.0121733012386, 0.0136771238894, 226, 2019
Z, -100, 0.9998576247129526, 174.713941522, 182.791728787, 0.95544547595, 0.0263565264192, 0.00526770625943, 229, 2019
N, 100, 0.9867165674320717, 248.11273588, 199.824629035, 1.27172922875, -0.326345244357, 0.100193513062, 229, 2019
E, -100, 0.9992350960045445, 388.954683853, 342.043076134, 1.15696424514, 0.0114650617197, 0.0277358955076, 229, 2019
Z, -100, 0.9996982500870873, 147.851304027, 155.263726014, 0.950585511755, 0.0362345250576, 0.0102021977155, 232, 2019
N, 100, 0.9932234076255176, 229.632042643, 185.628479799, 1.31186124153, 0.350679779706, 1.32477072094, 232, 2019
E, -100, 0.9978035686530945, 371.851064027, 327.290353811, 1.13561734095, 0.110871397477, 0.0474774352507, 232, 2019
Z, -53, 0.9996160821749003, 84.3176481188, 91.6257469529, 0.925069076105, 0.0412861751469, 0.019014579193, 235, 2019
N, -100, 0.9941796809062196, 160.546458534, 138.568131102, 1.22285898725, 0.200798254943, 0.0997709716363, 235, 2019
E, -100, 0.9944731198928332, 263.719891193, 232.322234949, 1.1217560148, 0.142008994766, 0.0721251113781, 235, 2019
Z, 68, 0.9982042255504843, 104.841208522, 106.291005688, 0.960659056448, -0.119734616767, 0.0919845546245, 238, 2019
N, 100, 0.9980951663244073, 124.468565694, 113.39920516, 1.15391402554, -0.00654225651436, 0.10153340334, 238, 2019
E, -100, 0.9893540073200082, 136.192565341, 123.987621936, 1.14508334592, -0.990208724238, 2.51732431078, 238, 2019
Z, 100, 0.9937021675344907, 121.900225062, 126.545271308, 1.0379915852, -0.243499451307, 0.197764470474, 253, 2019
N, 100, 0.9837065216178507, 147.541347362, 127.086476812, 1.27184534997, -0.0535693230871, 0.228909794579, 253, 2019
E, -100, 0.9984341984551567, 208.316669292, 167.413250618, 1.23993668752, 0.142898447053, 0.062188671581, 253, 2019
Z, -100, 0.9990819588928854, 176.527824521, 184.144648612, 0.996040318822, 0.037882561163, 0.0434251426344, 256, 2019
N, 100, 0.9954248827340503, 190.508685868, 185.159855954, 1.06381085721, -0.0769216829969, 0.0584774237857, 256, 2019
E, -51, 0.999823869047231, 338.727346309, 307.044899317, 1.11328667706, -0.269909517, 1.33951399953, 256, 2019
Z, -100, 0.999507129664178, 186.849916316, 194.709717148, 0.964613917726, 0.0713417072053, 0.0242593450682, 259, 2019
N, 100, 0.9931798411356759, 217.725364539, 208.579243997, 1.09006286307, -0.148848401512, 0.0481173939552, 259, 2019
E, -100, 0.9999002079479804, 401.070038446, 369.268674871, 1.09081170945, 0.0324839176848, 0.00855301683079, 259, 2019
Z, 100, 0.7292808456645915, 837.214062001, 153.125427807, 4.0442672691, 0.116371486563, 1.49643657005, 262, 2019
N, 100, 0.47241663139414225, 1072.43596366, 185.29187775, 4.40214031529, 0.383850998867, 1.4150729434, 262, 2019
E, -100, 0.7731365049627834, 326.014917651, 331.901579994, 0.917101039501, 0.103336439347, 0.386222331051, 262, 2019
Z, -100, 0.7752694214541579, 977.644704781, 72.5940911668, 11.4146576182, 0.0179973702336, 0.222742296468, 265, 2019
N, 100, 0.790306932744552, 1316.95351745, 127.136879417, 9.02751443932, -0.728358726694, 0.303763939663, 265, 2019
E, -100, -0.04086325774051575, 159.431615253, 206.945512307, 0.813399904553, -1.27449697661, 2.84557218794, 265, 2019
Z, 0, 0.9997953030708918, 144.680073619, 147.010730848, 0.982389372741, -0.0378082909621, 0.0325185992428, 268, 2019
N, 100, 0.994693345154644, 163.785569508, 141.263521661, 1.24313330966, -0.0357294685809, 0.131473568369, 268, 2019
E, -100, 0.9859492508486668, 193.457776989, 175.382215703, 1.14293725828, 0.319874541561, 0.138610617453, 268, 2019
Z, -100, 0.9999461157149215, 227.358373116, 236.55868045, 0.964624973776, 0.0189766274143, 0.00877171138279, 271, 2019
N, 100, 0.9958142801975757, 240.254747179, 241.112487108, 1.04667978786, -0.159160309453, 0.121696109741, 271, 2019
E, -100, 0.9994078076406985, 390.454331809, 378.00521081, 1.05180572512, -0.229005364977, 1.33104325729, 271, 2019
Z, -100, 0.999934809191225, 216.520608955, 228.128199899, 0.950628072121, -0.27137820818, 1.34069301021, 274, 2019
N, 100, 0.9967102537648158, 269.07677503, 270.705524633, 1.04695004042, -0.0485259224349, 0.113848731376, 274, 2019
E, -100, 0.9997926529207748, 444.871208707, 444.654529363, 1.01172947464, 0.0452334701631, 0.0154844861035, 274, 2019
Z, -100, 0.9994862557548114, 122.198356704, 129.514269857, 0.944249965033, 0.0431298772315, 0.0183238309234, 277, 2019
N, 100, 0.9878375242297196, 204.401204844, 203.422986323, 0.985494533406, -0.182908154831, 0.0919054134449, 277, 2019
E, 13, 0.9991823798464099, 354.666394652, 333.750473696, 1.062770606, -0.0469804436397, 0.0333962081826, 277, 2019
Z, 100, 0.9979251999742089, 64.996774821, 66.7175866231, 0.927670915761, 0.251779235087, 1.34621691606, 280, 2019
N, 100, 0.9909347961159193, 126.483851419, 103.665611326, 1.2640897938, 0.118189769633, 0.100284501467, 280, 2019
E, -100, 0.9968529513933323, 163.118235439, 139.881725469, 1.18116532723, 0.135277801765, 0.0287684056362, 280, 2019
Z, -10, 0.9997823754940737, 141.350296919, 147.265750032, 0.964753670257, -0.044229964498, 0.031907532329, 283, 2019
N, 100, 0.9691409714286455, 158.831807595, 141.953972013, 1.13387333579, -0.171765973936, 0.0554293716808, 283, 2019
E, -100, 0.999557355253528, 252.671856453, 209.300297052, 1.20956039056, 0.0642773861242, 0.0333276296808, 283, 2019
Z, -100, 0.9999142571408189, 187.377384829, 197.283613214, 0.952286315196, 0.0298553133541, 0.0101113740758, 286, 2019
N, 100, 0.9747986579913279, 189.416155775, 196.956204041, 0.990420897772, 0.51494511379, 0.407380471036, 286, 2019
E, 51, 0.9981578964760801, 372.135227894, 338.388800216, 1.03840028921, 0.570171503111, 1.83924494805, 286, 2019
Z, -100, 0.9998626503808367, 184.082459242, 194.514293578, 0.945905942052, 0.0371843395767, 0.00949833647105, 289, 2019
N, 100, 0.9956769439258412, 239.668713324, 210.824001521, 1.17912047041, -0.170711971562, 0.0550073522265, 289, 2019
E, -100, 0.9983313974978015, 409.881392297, 377.082633096, 1.09570910718, 0.0550500247862, 0.0125181565598, 289, 2019
Z, -64, 0.9997339732353017, 126.4897487, 134.808997393, 0.937673586018, 0.0364551645879, 0.0116430723195, 292, 2019
N, 100, 0.9959491696265806, 205.584804641, 176.30571128, 1.18410239652, -0.132325123591, 0.0412472756534, 292, 2019
E, -100, 0.9967379583497404, 344.691900242, 309.393947121, 1.11598705819, 0.0591212694991, 0.028036790819, 292, 2019
Z, 100, 0.9995833733019803, 73.9315875308, 76.4847174023, 0.949503989492, -0.0198313653265, 0.0286464447221, 295, 2019
N, 100, 0.9986840480093873, 149.132876368, 114.112788276, 1.28101022145, -0.0958313334988, 0.0625072306665, 295, 2019
E, -100, 0.9864740011783774, 196.870814081, 162.61092928, 1.20599403497, 0.115752399911, 0.0362007511243, 295, 2019
Z, -63, 0.9999080726458532, 175.256610864, 183.946604918, 0.956163009921, -0.0136316436059, 0.0205540893879, 298, 2019
N, 100, 0.9801055025134114, 196.989916004, 179.753773935, 1.33381080715, 0.0707571575171, 0.312970876004, 298, 2019
E, -100, 0.9865469378440362, 266.727944347, 250.429191628, 1.09987436403, 0.397788984707, 0.179781344519, 298, 2019
Z, -100, 0.9999220875427258, 225.20286715, 235.510211204, 0.949873002828, 0.0229458274072, 0.0109438726875, 301, 2019
N, 100, 0.9982777072110642, 254.717586168, 254.768890602, 1.01171315844, -0.10681912442, 0.0615591441294, 301, 2019
E, -100, 0.99991723725531, 419.037737732, 407.893939829, 1.03373948576, -0.250167723042, 1.33550129795, 301, 2019
Z, -100, 0.9998762444710086, 185.528332268, 191.980847432, 0.967550732933, 0.0334886095319, 0.00778299512653, 304, 2019
N, 100, 0.9983394418003968, 259.665750558, 244.078878781, 1.1180750437, -0.0829802854082, 0.0648650727454, 304, 2019
E, -100, 0.999441913155286, 417.643279883, 406.280217866, 1.03510983774, 0.054863826137, 0.0101073897327, 304, 2019
Z, -83, 0.999606160448391, 85.9631071498, 91.1148687834, 0.940194367898, 0.0376483229651, 0.0201812649166, 307, 2019
N, -100, 0.9923879219457524, 196.525850514, 164.182242742, 1.24209729401, 0.249714244832, 0.0966865242976, 307, 2019
E, -100, 0.9939406504483023, 280.628825559, 265.657928187, 1.05379618731, 0.162088862825, 0.0906405434487, 307, 2019
Z, -61, 0.9996775929228904, 80.3032236294, 83.1252320126, 0.959702859091, -0.0209919020903, 0.0279402475082, 310, 2019
N, 100, 0.9939228008403417, 99.2018029935, 94.9532585365, 1.13008425567, 0.0112338724919, 0.062649486408, 310, 2019
E, -100, 0.9946778639460168, 112.242592132, 102.186830301, 1.12036043654, 0.144659382407, 0.0449143702724, 310, 2019
Z, -100, 0.9997937009236776, 151.021037278, 157.207657963, 0.953833892904, 0.0469492525256, 0.0212853806027, 313, 2019
N, 100, 0.9897592500193279, 155.543641743, 151.686600999, 1.03204836587, -0.156497980017, 0.0444519505938, 313, 2019
E, -100, 0.9995693500466905, 263.256507299, 235.227222953, 1.11981491282, 0.04609793314, 0.0202661010559, 313, 2019
Z, -100, 0.9999541068713755, 189.697190121, 197.675740487, 0.964132883277, 0.0185532024792, 0.0108606216497, 316, 2019
N, 100, 0.9917367527240235, 207.005290418, 199.674598807, 1.03321049391, -0.214878578419, 0.096967628299, 316, 2019
E, -100, 0.9997476301275722, 372.597442417, 343.86711549, 1.09360496371, 0.0185921339758, 0.0179435640178, 316, 2019
Z, -100, 0.9997222730610185, 171.409318267, 181.701206797, 0.947521503063, 0.0390354160783, 0.0117926901506, 319, 2019
N, 100, 0.9974278327921533, 226.805635108, 206.730115395, 1.13244770081, -0.134642580207, 0.0413760293935, 319, 2019
E, -100, 0.9988540095386937, 382.449058397, 360.300774059, 1.06854529924, 0.0509043092084, 0.00603286173023, 319, 2019
Z, 0, 0.9997511008576773, 104.196937609, 112.644743732, 0.93056530336, 0.0162816037711, 0.0126946771361, 322, 2019
N, 100, 0.9978244795819373, 196.823631191, 167.320282458, 1.15024029433, -0.110321720609, 0.0556657564924, 322, 2019
E, -100, 0.9960722818480096, 302.967020538, 274.314359468, 1.10226440316, 0.0468725360003, 0.0294980814664, 322, 2019
Z, 3, 0.9995992324839645, 105.649929229, 109.195014984, 0.944913201156, -0.0545600693853, 0.0530533382231, 325, 2019
N, -100, 0.9937513284202819, 130.054024767, 128.609233232, 1.11710821426, 0.194829612669, 0.11842293747, 325, 2019
E, -100, 0.9919409556207631, 146.241503788, 141.363337963, 1.0491831766, 0.242170906372, 0.0576228540103, 325, 2019
Z, -93, 0.9999042402560455, 183.324656138, 189.106056231, 0.974212470555, 0.0136495218681, 0.0106166822604, 328, 2019
N, 100, 0.9963983162171296, 212.903747082, 197.1397652, 1.076199588, -0.0386400588145, 0.0347200107548, 328, 2019
E, -100, 0.9991129992112396, 308.429753506, 285.942602772, 1.06878607943, 0.069207995245, 0.0368571015435, 328, 2019
Z, -100, 0.9999288729229479, 196.96103366, 207.047026537, 0.946764898034, 0.0309335108602, 0.0108342657506, 331, 2019
N, 100, 0.9978307043872983, 243.637326733, 236.570059002, 1.03072922005, -0.0631713188606, 0.0309221694436, 331, 2019
E, -100, 0.999929846421207, 400.366637634, 379.709241081, 1.05667277219, -0.262139373086, 1.33682713571, 331, 2019
Z, -100, 0.999811547237143, 147.261774387, 156.685268388, 0.937139803256, 0.00423189322277, 0.0117989434796, 334, 2019
N, 100, 0.9975620065712737, 217.878644618, 209.596814975, 1.04009257002, -0.091278358977, 0.0372111100786, 334, 2019
E, -100, 0.9994629805348257, 367.500221597, 348.314658826, 1.05462447295, 0.0147215440092, 0.0175392191831, 334, 2019
Z, 0, 0.9998492108135193, 69.7103157429, 76.0616753848, 0.921845329805, -0.0133323003247, 0.0178294442492, 337, 2019
N, 100, 0.9961705981973118, 164.504828815, 142.404675643, 1.147668118, -0.116069241936, 0.0293650664595, 337, 2019
E, -100, 0.9978961646194744, 250.667276583, 223.468007579, 1.12381862056, 0.0448062987473, 0.0199023363265, 337, 2019
Z, -100, 0.9999270505786645, 83.0816056497, 87.9427046228, 0.951708391847, 0.00807999360656, 0.00473512317014, 340, 2019
N, 55, 0.9980644362662089, 110.313178124, 102.066846452, 1.1024508243, -0.158143611149, 0.608201280595, 340, 2019
E, -100, 0.9969972950659096, 126.419022482, 118.304655696, 1.08957067095, -0.780755459188, 2.21342383521, 340, 2019
Z, -43, 0.9998948649789717, 147.874987459, 154.64032168, 0.96150414284, -0.019193848307, 0.0231985368496, 343, 2019
N, 100, 0.9855275824356191, 163.557052307, 151.623089464, 1.04774869927, -0.183827276616, 0.0296065188718, 343, 2019
E, -100, 0.999477590580468, 266.377486632, 233.635556089, 1.13554406244, 0.0173113573351, 0.0213048441613, 343, 2019
Z, -100, 0.999972521299143, 182.296363967, 191.403442212, 0.949125660542, 0.0182616536482, 0.00479006072455, 346, 2019
N, 100, 0.9919280045359068, 209.796779712, 198.607843071, 1.07959971965, -0.173658834533, 0.0825026636281, 346, 2019
E, -100, 0.9993125111582246, 359.310979987, 331.84032182, 1.08904177299, -0.535618619296, 1.84177977639, 346, 2019
Z, -100, 0.9997423388900706, 163.541104141, 172.495683619, 0.953489053576, 0.0503159879501, 0.0127242985562, 349, 2019
N, 100, 0.9983680095974471, 225.393892283, 208.118734486, 1.07266117986, -0.110790395093, 0.0437825451278, 349, 2019
E, -100, 0.9988345184296485, 366.454420532, 344.485641201, 1.05852014212, 0.0213023242891, 0.0165300258127, 349, 2019
Z, -33, 0.9998814167629426, 103.992485215, 109.104077198, 0.95704121583, 0.0116546767369, 0.0103376595217, 352, 2019
N, 100, 0.9983224730884894, 199.294250271, 173.715028485, 1.12533102853, -0.106407721687, 0.0324293616662, 352, 2019
E, -100, 0.9955360488960848, 288.309885649, 261.855371513, 1.10170750019, 0.0667639665157, 0.0350156186064, 352, 2019
Z, -26, 0.9999750093241456, 111.237743727, 115.415293924, 0.958543265966, 0.0154265950514, 0.00446207644468, 355, 2019
N, 100, 0.998524195750349, 166.407627912, 145.591316726, 1.18588583453, -0.128088525029, 0.214108295654, 355, 2019
E, -100, 0.9924657380275709, 183.569566727, 170.718123481, 1.09989509955, -1.28762029848, 2.73366291043, 355, 2019
Z, -7, 0.9999813285882074, 162.158547968, 170.780344507, 0.952544336363, 0.00706444844554, 0.00305470219199, 358, 2019
N, 100, 0.9954299944764343, 195.418139807, 185.807147392, 1.08016278614, -0.0479663518246, 0.0532123973581, 358, 2019
E, -100, 0.9989570027809055, 292.844913108, 269.890909595, 1.08703779401, 0.0880870880981, 0.0574643361653, 358, 2019
Z, -89, 0.999983265128659, 174.502557306, 183.032632634, 0.949593186581, 0.00464900081587, 0.00680176474365, 361, 2019
N, 100, 0.9940102527131386, 216.32566617, 212.181059959, 1.01159351211, -0.0893069030707, 0.0435473695576, 361, 2019
E, -100, 0.9999641938884704, 366.428838506, 341.066420018, 1.06847191372, 0.0112750727778, 0.00724727772357, 361, 2019
Z, -42, 0.9999319526447628, 137.144831855, 145.682428555, 0.938110007775, 0.00526395510326, 0.00588461772796, 364, 2019
N, 100, 0.9947560499594067, 206.887495388, 192.282400117, 1.04285308934, -0.196031842963, 0.0977167070252, 364, 2019
E, -100, 0.9990978054365044, 344.269421816, 319.913072245, 1.07005847148, -0.00733089955893, 0.0200020715102, 364, 2019
