Chan, Phase Shift, Correlation, ptp-data, ptp-synthetic, rat, phasem, phasestd, DOY, Year
Z, -100, 0.48802743754522165, 555.145284779, 116.091963671, 5.65548085157, -1.41275394202, 2.49592980735, 1, 2019
N, 100, -0.8674816305146608, 1048.73333134, 44.2305179281, 22.2088936362, 0.284018456593, 2.47909793499, 1, 2019
E, -100, 0.9352731105153747, 344.635264557, 86.9293701184, 3.74389681318, -0.0255994051053, 0.221521383283, 1, 2019
Z, 100, -0.15658156294855513, 566.670074904, 169.590394776, 3.72619675779, -1.10481214701, 1.62807702546, 4, 2019
N, -100, -0.43489122781437445, 1205.62172468, 53.637616514, 20.5870981779, -2.20425842228, 1.4619314115, 4, 2019
E, -100, 0.2736052476222321, 443.448151738, 121.915791533, 3.49954624024, 0.758734740956, 1.3015430205, 4, 2019
Z, 100, -0.5657261903341397, 624.671380007, 186.023594239, 3.03024445802, -0.771775810076, 1.13613037713, 7, 2019
N, 100, 0.485080628372009, 880.159441773, 54.6874198199, 15.8455203888, -1.47115023928, 0.184960504257, 7, 2019
E, 100, -0.7328887574908634, 232.858942889, 132.254431393, 2.06147063572, 1.74970769487, 1.30246873977, 7, 2019
Z, -100, -0.7378037185614428, 623.723528825, 159.195394569, 3.35897642414, 0.465706619186, 1.17264276041, 10, 2019
N, 100, 0.9532130369619655, 905.470000042, 46.5737118344, 17.2321026074, -0.655409090635, 0.410152419545, 10, 2019
E, 100, -0.7599662125628031, 505.594422605, 113.059827813, 3.77328656867, 0.046417527917, 2.97287657217, 10, 2019
Z, -100, -0.41466550113942763, 752.497204236, 102.950154774, 6.23171924868, 1.52254311528, 1.92740847023, 13, 2019
N, 100, -0.07153782279588755, 1024.97735447, 34.8575622034, 21.5489525574, -0.347047910024, 2.64675843204, 13, 2019
E, -100, -0.8847138431559984, 965.844294467, 74.4366201514, 10.6040076139, 0.696988222072, 2.92058665494, 13, 2019
Z, -100, 0.8240849823749887, 833.387018479, 94.4259550372, 8.10534415426, -1.70555457339, 2.20482325829, 16, 2019
N, 100, -0.8924196516133047, 1094.74268577, 34.9272744304, 29.1763579151, 0.822507038594, 2.99536681995, 16, 2019
E, 100, 0.2919866030364191, 301.969602531, 71.0812462137, 4.60554975709, 1.20967596302, 2.84057560367, 16, 2019
Z, -100, 0.37591072630366446, 898.415329769, 184.088181829, 4.94547026224, -0.248201750356, 2.22076246606, 19, 2019
N, -100, -0.8514095832300698, 973.731799199, 56.7876669226, 17.2476984115, -2.66097671535, 1.9810407001, 19, 2019
E, -100, 0.7336055540052608, 292.657202789, 130.653636915, 2.2255659889, 0.539197534241, 1.40996651739, 19, 2019
Z, 100, -0.3147994248029264, 536.841911121, 231.184481324, 2.10693823179, -0.106778841476, 1.54998018657, 22, 2019
N, -100, -0.07777984594824705, 909.641095601, 70.1279794589, 11.3503687827, -1.60256247517, 2.26255237841, 22, 2019
E, -100, 0.507314945714753, 539.3821348, 165.891741391, 2.46849384667, 0.596248104489, 0.901559995908, 22, 2019
Z, 100, 0.31724413370388094, 306.585634012, 196.381851397, 1.36295676607, -0.23874057787, 0.559401302192, 25, 2019
N, 100, 0.6604256964716684, 465.657889116, 63.6019347328, 7.7381684633, -0.700675589364, 2.35809277906, 25, 2019
E, 100, 0.09003250993833892, 312.392139877, 143.251712196, 2.0079463335, -1.90579824098, 0.554462376052, 25, 2019
Z, 100, 0.597057286073852, 782.678751912, 104.766829888, 5.5368162696, -2.22457066246, 2.72715153663, 28, 2019
N, 100, -0.30573138640220093, 950.990091459, 44.2401165121, 15.2521410816, -0.681911020349, 1.69466658799, 28, 2019
E, 100, 0.7395061642479609, 279.137938733, 78.5532403838, 2.8571288922, 0.338330890169, 1.12411731911, 28, 2019
Z, -100, 0.70229919203879, 1723.51086409, 108.31587886, 18.2653842303, -0.591769343636, 0.781343266048, 31, 2019
N, -100, -0.8972434782568656, 1114.07128116, 39.6642148799, 26.1666693626, 0.37466433872, 2.76930233584, 31, 2019
E, -100, 0.8497377900710746, 753.790156051, 80.1508901807, 7.85266469293, -1.08709519329, 1.4568709413, 31, 2019
Z, -100, 0.5730436014560344, 781.716989421, 171.908878065, 4.0821177699, -0.749106301405, 1.05115850455, 34, 2019
N, -100, -0.29544047797318596, 1549.75821188, 51.5116695629, 25.9732628264, -2.0385752175, 1.46174815903, 34, 2019
E, -100, 0.5357754364786548, 334.347486136, 122.803268681, 3.24537006535, 0.81428701468, 1.39975757523, 34, 2019
Z, -100, 0.1308104828210522, 834.391926768, 196.664241533, 4.38725636189, -0.536507277838, 0.831942126017, 37, 2019
N, 100, 0.4715569423323133, 1568.94386618, 55.4201970741, 26.405147821, -1.55483798355, 0.304928494738, 37, 2019
E, 100, -0.04784576048589873, 408.655737175, 138.754380092, 2.49672029954, 1.16489900522, 1.34069086414, 37, 2019
Z, 100, -0.7498856036168251, 713.981234255, 173.278677717, 3.81804998658, 0.397329617833, 0.978145002022, 40, 2019
N, 100, 0.9436462788301794, 1396.54218675, 49.1933779584, 26.130776232, -0.510893064965, 1.50771210266, 40, 2019
E, -100, -0.9114900646096445, 397.6397628, 122.074467691, 2.76261939767, 1.34798904553, 2.84901576364, 40, 2019
Z, 100, 0.09702890698651151, 557.55369871, 109.440962057, 5.22058818796, 0.127486642706, 2.3256554778, 43, 2019
N, -100, 0.4843063213703623, 1055.68453702, 36.2648448377, 22.7981994022, -0.602654509306, 1.59629463803, 43, 2019
E, -100, -0.2998189476528781, 392.708451159, 78.6292950358, 5.4930557425, 2.25468807705, 3.01733508571, 43, 2019
Z, -100, 0.7779722789293869, 908.197364828, 105.630049538, 8.48948881031, -2.13217843533, 2.66017556981, 46, 2019
N, -100, -0.9535785426644402, 1019.61880944, 37.5008740543, 25.139575462, 1.21351009083, 2.8585612024, 46, 2019
E, -100, 0.79717280549011, 551.608152983, 77.7900954504, 7.79629263356, 2.40671798615, 2.73696331606, 46, 2019
Z, -100, 0.4488342367481144, 830.23187615, 211.77648087, 4.07640526831, -0.361534674428, 1.84561689222, 49, 2019
N, -100, -0.3275021633823673, 1418.26391261, 63.969164856, 19.7447623924, -2.35220390565, 1.56080013042, 49, 2019
E, -100, 0.5305267533998546, 609.019998759, 150.742349777, 4.3477794562, 0.271501198264, 1.31372925929, 49, 2019
Z, 100, -0.23315839159848323, 891.147918585, 250.212908875, 3.40627869552, -0.760067146381, 1.07018393657, 52, 2019
N, 100, 0.6804697619710841, 1357.21743667, 75.8206258556, 16.316127819, -1.17461235051, 0.179918414363, 52, 2019
E, -100, 0.07924970536407468, 293.248994066, 178.896634076, 1.47588438787, 2.28582965777, 1.07205680499, 52, 2019
Z, -100, -0.5331000612051815, 518.436429903, 187.103441882, 2.65150443086, 0.48666766387, 1.04014171104, 55, 2019
N, -100, 0.9295173650370636, 1045.60742212, 61.9021175126, 14.1107552167, -0.275655109873, 0.462734332121, 55, 2019
E, -100, -0.7936114706556382, 473.817603333, 136.920578186, 2.70231901353, -0.500625477089, 2.63001986714, 55, 2019
Z, 100, 0.435105876365339, 886.138050394, 77.2679881476, 9.75026401738, -2.29366157111, 2.96707979171, 58, 2019
N, -100, 0.0790352323119423, 1392.555465, 35.4476497531, 28.5062500762, -1.04957354255, 1.85780369845, 58, 2019
E, 100, 0.272260038203777, 617.892160798, 57.7989870177, 9.40252174386, 2.23043966664, 2.54336122128, 58, 2019
Z, -100, 0.5801844920803815, 772.390597566, 120.930609592, 6.40488670666, -0.589006104574, 2.18758560824, 61, 2019
N, -100, -0.8942946777183327, 1133.04505931, 39.4693531712, 30.1735251573, 0.658317382881, 2.27677237876, 61, 2019
E, -100, 0.5657914471630185, 544.987473351, 87.2914748551, 6.81921726576, 0.708695472898, 0.254075119916, 61, 2019
Z, -100, 0.30834112173467465, 807.485715683, 189.305004252, 4.19025213122, -0.4620865228, 0.926130895289, 64, 2019
N, -100, -0.26147088382197864, 1357.4542608, 53.8738793658, 21.1692867515, -1.54745326145, 2.61859350208, 64, 2019
E, -100, 0.05745434295510891, 449.909923413, 133.723075802, 3.44783341273, 1.15414094407, 1.36489802035, 64, 2019
Z, 100, -0.48019829848607815, 806.517668544, 212.253066129, 3.75169541385, 0.0758730744175, 0.904448387382, 67, 2019
N, 100, 0.4646595839254433, 1077.33809354, 58.444965445, 16.6476704196, -1.28003054781, 0.176445001552, 67, 2019
E, 100, -0.7003233254542753, 300.691969688, 148.619969932, 1.64840380803, 1.56088948076, 1.35050037294, 67, 2019
Z, 100, -0.7837560730671305, 529.183128681, 177.150605359, 3.04089190421, 0.825780450779, 1.49480199924, 70, 2019
N, 100, 0.779796632822383, 1133.25005347, 50.5401594836, 19.7076991127, -0.422798370202, 2.64825468834, 70, 2019
E, 100, -0.934156897372558, 317.715519469, 124.924381403, 2.4252882452, 0.0448667323868, 2.99804099976, 70, 2019
Z, -100, -0.23906862708142135, 638.260748769, 95.6870860219, 7.1184208643, -0.773590536116, 2.89563887446, 73, 2019
N, -100, 0.5315204808073982, 1181.70289685, 33.7859120849, 29.2472566568, -0.753589773727, 1.96401325007, 73, 2019
E, -100, -0.25241413353100256, 447.2585638, 69.5577961863, 5.29191725242, 1.7380271548, 2.62277010339, 73, 2019
Z, -100, 0.6497694778380335, 872.605215784, 143.411043427, 6.34453608652, -0.913319965432, 2.39151636044, 76, 2019
N, 100, -0.9008523374839114, 714.294428644, 46.2258071432, 15.3279376421, -0.212206540217, 2.37428888537, 76, 2019
E, -100, 0.9412552693030016, 487.499473381, 102.446371939, 5.42681217915, 0.271950743797, 0.214129670735, 76, 2019
Z, 100, -0.0274510757167153, 745.815114092, 241.590651039, 2.82992692534, -0.1493147797, 1.32006977213, 79, 2019
N, -100, -0.26362732482581414, 652.543958891, 72.4927016396, 7.93353207202, -2.02740609771, 2.4551249699, 79, 2019
E, -100, 0.5453407723390116, 512.01682961, 171.715283928, 2.99074832282, 0.67351872969, 1.38369051602, 79, 2019
Z, 100, -0.6700942552454989, 1105.09320158, 245.090386974, 4.58409615904, 0.0101775140408, 2.9547808823, 82, 2019
N, 100, 0.5978557995602949, 913.330174618, 75.3010718652, 11.0791258338, -1.15951044134, 1.45053016253, 82, 2019
E, 100, -0.3394781752607999, 231.850492241, 174.818395784, 1.2996999957, 1.45164581748, 1.30328603773, 82, 2019
Z, 100, -0.764102203444638, 577.798987808, 152.96933131, 3.70591829335, 0.464984606826, 0.993689808504, 85, 2019
N, 100, 0.7911203970369581, 1033.80983384, 52.6379883559, 16.3285957588, -0.239391427082, 2.36413894781, 85, 2019
E, -100, -0.28105479781212517, 236.706312929, 112.717435917, 2.1045160986, -1.17137468166, 1.36034323976, 85, 2019
Z, -100, 0.5821365713238367, 939.448642508, 51.7802842484, 16.0771450643, -2.39611695543, 2.43126188259, 88, 2019
N, -100, 0.23311046906357116, 514.324923724, 26.4746084648, 16.9449410054, 0.111195162657, 1.16235247426, 88, 2019
E, 100, 0.7349683842518059, 300.575466763, 42.875915765, 6.00852572576, 2.89487891808, 2.7060385428, 88, 2019
Z, -100, 0.7116051968714066, 738.282711325, 141.162170493, 5.44141548168, 0.631260504698, 2.56051202518, 91, 2019
N, -100, -0.7353898723633164, 817.483060351, 42.8075368907, 18.7558967232, -1.78968505424, 2.8005681659, 91, 2019
E, -100, 0.6853338615332177, 331.107050072, 100.282444854, 3.41219496085, 0.834429350634, 1.42133572813, 91, 2019
Z, -100, 0.4100302092750998, 734.009418786, 205.273424881, 3.87440927023, -0.689311720746, 1.07336808249, 94, 2019
N, 100, 0.015310017128649519, 1064.66748753, 57.3191583293, 15.0611557603, -2.15949824394, 1.6602074256, 94, 2019
E, -100, 0.1767649388208662, 195.218119646, 143.876181364, 1.60296169876, -1.5399605098, 3.05222334589, 94, 2019
Z, 100, -0.020072052644094632, 744.265779015, 215.816647359, 3.78757493809, -0.0505825146876, 0.837705076807, 97, 2019
N, 100, 0.676490387875412, 1329.31158065, 60.0294065379, 18.9171856659, -0.800560019885, 0.223525378121, 97, 2019
E, 100, -0.662970326739672, 193.361121337, 150.824499872, 1.3190227059, -0.915677956174, 2.64428396702, 97, 2019
Z, 100, -0.39233708522850114, 580.123533867, 160.133344385, 4.45494361523, 0.356272808929, 0.832124737399, 100, 2019
N, 100, 0.9564376831380598, 1153.53732285, 48.1985894898, 22.057841444, -0.572578804816, 0.271037474941, 100, 2019
E, 100, 0.30022662530227606, 235.193957476, 114.512218773, 2.29379903852, -1.73106753453, 0.879426738293, 100, 2019
Z, 100, 0.04715422528908518, 1020.04465947, 71.232750062, 12.1332301331, -1.833243157, 1.9013443974, 103, 2019
N, -100, 0.21211668266625355, 872.615313216, 30.8263024765, 25.9274192278, -0.45977694729, 1.25280005022, 103, 2019
E, 100, 0.8714759687365162, 256.173793445, 55.9276030255, 3.78625574173, -0.180366148252, 0.282818593447, 103, 2019
Z, -100, 0.5828410915739338, 831.832323759, 182.105502351, 5.53201141459, -0.798050314397, 2.44088161092, 106, 2019
N, -100, -0.8831754731874174, 970.744124167, 57.0169811481, 15.1594496612, -0.0501785066321, 2.16433663787, 106, 2019
E, 100, 0.9207239924465385, 360.439662615, 129.340115267, 2.77268224135, -1.99057324588, 2.77009635337, 106, 2019
Z, 100, -0.01993353838249245, 796.347060533, 243.030275478, 2.81840871836, -0.603553201118, 1.15552191478, 109, 2019
N, -100, -0.2518951585868848, 816.321210293, 74.4032587686, 9.52458180803, -2.07452564637, 1.49157072321, 109, 2019
E, -100, 0.7862325221570143, 361.599811166, 172.989227015, 1.88775984446, 0.359437772999, 0.352777466579, 109, 2019
Z, 100, -0.819883554469413, 719.787262263, 209.410202346, 2.95545332042, -0.259283354513, 1.11128361676, 112, 2019
N, -100, -0.30437630768057944, 675.672413859, 66.5754579227, 8.24581208877, -1.09951673748, 2.73301994209, 112, 2019
E, 100, 0.6414779076322644, 195.442518761, 150.336619803, 1.21381279471, 0.646138913358, 2.82678935622, 112, 2019
Z, 100, 0.026260357552698694, 482.234232424, 113.341110473, 4.49720444612, 0.492839100167, 0.918566506198, 115, 2019
N, -100, 0.617909769489266, 703.150849794, 41.1824864172, 13.8272826259, 0.0271728732942, 2.56813571113, 115, 2019
E, -100, -0.6125085461274506, 318.430590632, 84.72594947, 4.03300802755, -1.12605588557, 1.80199843836, 115, 2019
Z, -100, 0.7872381646506261, 573.549332619, 71.0378639665, 8.20218332918, -1.64450741983, 2.27970719531, 118, 2019
N, 100, -0.5589988985224941, 471.278222137, 28.1215602418, 16.0355607614, -0.104622414252, 2.92536944945, 118, 2019
E, 100, 0.6187834208461287, 427.673850832, 55.4646736521, 6.41949313402, 1.8692316764, 2.69004421154, 118, 2019
Z, -100, 0.6933115737095871, 775.22561705, 156.334194845, 4.79839267384, 0.617649967423, 2.55169568868, 121, 2019
N, -100, -0.8204471019251169, 1036.21164396, 46.2086857853, 19.1679114178, -3.14478187884, 2.22912767954, 121, 2019
E, -100, 0.9577001440530155, 307.316111216, 110.018148736, 2.99713255011, -0.21840014734, 1.34561811279, 121, 2019
Z, -100, 0.32363523708320635, 769.852952421, 210.081798207, 3.55128893957, -0.271331547743, 0.800915436318, 124, 2019
N, -100, -0.20635243446823645, 1014.12113113, 59.2805352904, 13.7669793064, -2.05057946616, 2.03473800938, 124, 2019
E, -100, 0.7790569634697119, 267.878650691, 146.753216548, 1.70390108353, -1.39475109185, 2.93181648795, 124, 2019
Z, 100, -0.07531865159346329, 572.980580746, 202.507059615, 3.32024176858, 0.113257674631, 0.635285636388, 127, 2019
N, 100, 0.24754741609017444, 797.170606147, 59.0367618681, 11.0666246106, -1.5455879062, 0.506566338823, 127, 2019
E, 100, -0.6701483982886707, 118.224009529, 142.921981873, 0.872246831418, -0.906493107777, 2.58418088484, 127, 2019
Z, -100, -0.6269780867914445, 693.438626454, 132.140491356, 4.58079027573, 1.37763026994, 1.17680626283, 130, 2019
N, -100, 0.7860066854386937, 1169.66815384, 44.2220010894, 21.4659004887, -0.534935341852, 2.1278346455, 130, 2019
E, 100, 0.32971564321837343, 93.8971999735, 97.913399416, 0.991702942047, -1.20033977482, 2.35328331145, 130, 2019
Z, 100, 0.7596533608853787, 838.20395236, 106.551982509, 7.49551522156, -1.97654800366, 2.17526867768, 133, 2019
N, 100, -0.5887705839390159, 1202.23143158, 40.454796524, 25.4787691871, -0.825300738201, 2.52527255909, 133, 2019
E, 100, 0.9539491120545716, 177.831079311, 81.6699574675, 2.67559816763, -0.361331067653, 1.01646610233, 133, 2019
Z, -100, -0.23188446664516751, 847.641828504, 204.55417936, 3.64765104809, -0.961136006804, 1.20824994731, 154, 2019
N, -100, -0.15435521950839182, 617.393710437, 59.9076154236, 8.5012472906, -2.27179648083, 1.88889000313, 154, 2019
E, 100, 0.13651490020377083, 131.328122916, 144.392472193, 1.06533896211, -0.628590272018, 2.81920982392, 154, 2019
Z, 100, -0.568594793653211, 518.296251558, 185.868741901, 2.89855282387, 0.318642960767, 2.83098065487, 157, 2019
N, 100, 0.5797867424671389, 1470.19536115, 57.9110248134, 22.1787105349, -0.723179918151, 2.42627311775, 157, 2019
E, 100, 0.2733452690138307, 83.3921013008, 133.791532266, 0.606016774119, 0.610789030468, 2.87652177232, 157, 2019
Z, 100, 0.10770668674712251, 548.718174617, 119.426735427, 5.08776162466, 0.411205242702, 1.88285143949, 160, 2019
N, -100, 0.8455279985895763, 1377.28760407, 44.0481972353, 27.5465776006, 0.579467945759, 2.30498401329, 160, 2019
E, 100, 0.03196505230315654, 147.656700335, 90.6543816202, 1.47561946527, -0.918316807149, 1.88916779428, 160, 2019
Z, -100, 0.15616744807130137, 561.391698203, 177.400407423, 2.79735823792, 1.62638513229, 0.707293852969, 166, 2019
N, -100, -0.5785750341625785, 736.097279232, 58.699064191, 13.1761668701, -1.76980337179, 1.42232176506, 166, 2019
E, 100, 0.5936856580536459, 230.904444112, 127.92648403, 1.74478708126, -0.872846556027, 0.530697940997, 166, 2019
Z, 0, 0.339601239144759, 660.987559689, 150.19803931, 4.03514420939, -0.0979950090929, 0.457447271508, 172, 2019
N, 100, 0.5782599698057121, 1028.37326934, 48.5434983458, 17.9905034193, -0.595017250042, 2.81324298699, 172, 2019
E, 100, 0.1539050203564189, 188.085564533, 109.581342933, 1.70788944144, -1.07389713619, 1.17951445238, 172, 2019
Z, -100, -0.18408678855936952, 685.608634153, 92.4869786144, 7.23209255635, -0.09833549211, 2.42731060119, 175, 2019
N, -100, 0.747463367230626, 1522.38651904, 32.9780213388, 36.3072832996, -1.24211845567, 1.91849278082, 175, 2019
E, 100, 0.8223813758641745, 219.338168601, 68.5487156611, 3.01376947001, -1.26043451148, 0.976742369276, 175, 2019
Z, 100, 0.7972275159918515, 1212.12544046, 91.6910945923, 11.3608089358, -1.18585486231, 2.3528296482, 178, 2019
N, 100, -0.6058658481531538, 1319.98168072, 33.0216700826, 37.3360641168, 0.390532579581, 1.37161744527, 178, 2019
E, 100, 0.7125443825558954, 275.355194598, 69.146907593, 4.59487113438, -0.276163012099, 1.98165300298, 178, 2019
Z, -100, 0.6296221978012633, 643.150237067, 163.514771561, 3.98967936867, 0.355036197915, 2.56421370364, 181, 2019
N, -100, -0.23099298692681036, 702.053560194, 49.9331062502, 12.8000977009, -2.30058958904, 2.49819777071, 181, 2019
E, -100, -0.8004133993863357, 393.983367188, 115.688549993, 3.35081600116, -1.67072079008, 2.56073419085, 181, 2019
Z, -100, 0.33952604655143825, 726.989229194, 204.370841555, 3.76200469496, -0.346832413555, 2.99182573381, 184, 2019
N, -100, -0.30630469372830926, 1242.5053301, 62.2315118159, 15.4442368733, -1.72058846144, 2.56505552639, 184, 2019
E, 100, 0.48887749018073007, 195.145869865, 146.516377238, 1.1846042902, -1.14041949607, 2.47377536974, 184, 2019
Z, -100, -0.009239942998123264, 714.488050416, 184.780576549, 3.98936687236, -0.128792123476, 0.693520702679, 187, 2019
N, 100, 0.6731956159573768, 1146.26570411, 60.0808769788, 16.7573573642, -0.211195993844, 3.07187779319, 187, 2019
E, 100, 0.8908342189188069, 123.676385517, 135.443248344, 0.813819380445, -1.22242722423, 0.845799098017, 187, 2019
Z, 100, 0.6053291243540724, 856.238896021, 122.27512814, 6.56326887079, -1.78546410532, 1.80089535738, 190, 2019
N, 100, -0.24349381797659422, 699.635038209, 46.7501896885, 13.891627337, -0.65125076443, 2.28688928014, 190, 2019
E, -100, 0.11367811378942505, 169.983828333, 91.7554293768, 1.85503623142, 0.0117798327544, 0.516654013685, 190, 2019
Z, -100, 0.8712959258179531, 593.970334283, 114.064142412, 4.94884938343, 0.283732966396, 0.796585777017, 193, 2019
N, 100, -0.9576178389406412, 939.156354284, 44.7424989459, 18.7782431911, 0.551971908978, 2.74132959021, 193, 2019
E, -100, -0.6880780043552439, 187.763560304, 86.1604338926, 1.78713714761, -2.30760358734, 1.52321374193, 193, 2019
Z, -100, 0.6486560972467421, 614.342291082, 165.482107937, 4.21340069047, -0.258168358444, 1.69769882549, 196, 2019
N, -100, -0.7821013381932378, 1255.03745387, 53.9504252708, 20.6722671567, -1.50992904187, 2.73642522895, 196, 2019
E, 100, 0.21189297166353727, 209.371755666, 119.64368307, 1.99686392178, -1.63445729587, 2.5013578554, 196, 2019
Z, 100, -0.2457191031351084, 557.458342176, 180.787134845, 3.51510756048, -0.532387693175, 0.965632940131, 199, 2019
N, 100, 0.10031673684623015, 1282.14061502, 55.7185108741, 19.3924408044, -1.35988186961, 1.93213088932, 199, 2019
E, 100, 0.9882707575877137, 277.252727817, 129.883640298, 1.8707299376, -0.107432603908, 0.204330165986, 199, 2019
Z, 100, 0.1329201708684461, 604.331289426, 153.735407712, 3.76050430829, -0.258154033653, 0.632349926176, 202, 2019
N, 100, 0.7155479559477702, 1361.6074894, 46.9421875038, 25.9416737781, -0.174933886107, 2.73158380606, 202, 2019
E, 100, 0.7961602832925567, 190.109773184, 110.715708518, 1.56863979803, -1.35724621264, 0.919891131765, 202, 2019
Z, 100, 0.8670932643046424, 1116.2439304, 100.969932074, 10.706270407, -1.30268571351, 2.63316576476, 205, 2019
N, 100, -0.38397100403814766, 1609.28726021, 33.8044318166, 39.6637588145, 0.505772870304, 2.70227233357, 205, 2019
E, -100, 0.7479102322736357, 614.610321747, 72.9662845553, 6.03753140744, -1.15840064784, 1.48603678057, 205, 2019
Z, 19, 0.9502942844459292, 537.075144789, 93.2015999661, 6.3135142327, -0.68725925902, 0.774003978289, 208, 2019
N, 100, -0.7208047806916678, 1234.55138151, 33.8723901664, 31.7390586543, 0.612658197695, 2.98076769126, 208, 2019
E, 100, -0.28771387328212933, 366.172694803, 70.1064426611, 5.51533710292, 0.0451018773412, 2.06627986711, 208, 2019
Z, 100, -0.11593977606395584, 737.643059972, 178.307796193, 5.16602375449, -0.175199655797, 2.34731647589, 211, 2019
N, -100, -0.6683748474521382, 1691.4160124, 54.6110729868, 28.6178080747, -2.22581851454, 2.33041704369, 211, 2019
E, 100, 0.5075165696059294, 419.470028127, 126.579504316, 3.0073054155, -2.07211079659, 2.10179984474, 211, 2019
Z, 100, -0.7288191031570646, 671.909648546, 224.045579714, 2.97271672447, 0.596107660641, 2.41932039647, 214, 2019
N, 100, 0.45778144044348074, 1589.31349902, 68.9250158412, 19.9220087021, -1.86174725393, 0.336884657042, 214, 2019
E, 100, 0.9502010797791542, 452.422221421, 161.501975964, 2.72230567475, -0.293594470237, 0.156500940896, 214, 2019
Z, -100, -0.5024037246121354, 633.692054481, 191.898892621, 2.80254362322, 1.71344880311, 1.5737182538, 217, 2019
N, -100, 0.8983828236092182, 850.180197314, 63.405741922, 12.1682057602, -0.668969436707, 0.519095898855, 217, 2019
E, -100, 0.5432330579523824, 244.098947984, 141.120048998, 1.65152146014, -0.413638169281, 0.975315055278, 217, 2019
Z, 100, 0.5502360875002883, 640.768209487, 106.154237148, 6.30074339148, -2.62413630667, 2.91245417627, 220, 2019
N, -100, 0.08841760497783549, 1528.9759782, 43.6979805276, 26.5667625665, -0.377960253126, 2.89019735358, 220, 2019
E, 100, -0.6608303296588126, 150.443485687, 79.110904433, 1.52061587396, -0.114245475475, 1.24755195543, 220, 2019
Z, -100, 0.5490342474420143, 769.250684097, 114.243681387, 6.62497492914, -0.910484074203, 2.44181433057, 223, 2019
N, -100, -0.8633398272126509, 1616.23726867, 41.5443430122, 34.8471903037, 0.168680939941, 2.42138440905, 223, 2019
E, 100, 0.7480962453915375, 281.725155808, 84.5102317569, 2.96993847215, -0.382925293415, 2.35272967807, 223, 2019
Z, 100, -0.8325471902571814, 883.511261559, 174.769464542, 5.74762426473, -1.34413885224, 1.41949885314, 226, 2019
N, -100, -0.16580448504674677, 2127.70577986, 53.3232767266, 34.0913184873, -1.89673102695, 1.46895775493, 226, 2019
E, -100, -0.5062243017785449, 329.751003162, 125.199256452, 2.21712192719, -1.59466167078, 3.04790982899, 226, 2019
Z, 100, -0.8017570920026297, 435.875979657, 192.934283647, 2.46376746838, 0.612498205996, 2.43289079452, 229, 2019
N, 100, 0.5900875724481951, 1037.43991622, 55.9718912392, 14.7270818932, -1.46755256187, 1.57099878547, 229, 2019
E, -100, 0.638432142718394, 175.052580579, 136.920222959, 1.32287563633, 1.84548585071, 1.78925826337, 229, 2019
Z, -100, -0.2643607474682165, 660.710923783, 163.53641845, 4.59134880492, -0.440807141413, 0.705424532374, 232, 2019
N, 100, 0.9474311763254591, 1306.61098249, 47.4584306991, 23.7990622096, 0.246761317085, 0.377954663111, 232, 2019
E, -100, 0.8325322239086436, 117.201517165, 116.002075469, 0.986125013804, -0.507823655054, 0.662484748334, 232, 2019
Z, 100, 0.2707627642352882, 554.120681134, 98.863655785, 6.15490358515, -0.338128184581, 2.67942664703, 235, 2019
N, -100, 0.6043418817692947, 1234.97620803, 32.9725364533, 33.6753727578, -0.735045184716, 1.97908055975, 235, 2019
E, 100, 0.5516742329334853, 233.191303285, 70.9409715146, 3.14034752244, -0.275725536284, 0.906663065125, 235, 2019
Z, -100, 0.7081827055668037, 613.583308482, 112.420357274, 6.55730944182, -1.38674716002, 2.36962822058, 238, 2019
N, 100, -0.7736072123842822, 1444.72104615, 38.0419430178, 36.3554279187, -0.1982584538, 2.60126022431, 238, 2019
E, 100, 0.8832887047892939, 409.407474569, 82.0020080571, 6.00855559542, 0.792487001781, 2.41526648008, 238, 2019
Z, -100, 0.10413957554511039, 735.782777499, 214.850830417, 3.83233518348, -0.798338388233, 1.55572964173, 241, 2019
N, -100, -0.738067036527201, 1475.7732251, 64.4937700597, 20.2670564233, -2.19447565044, 2.31312098237, 241, 2019
E, -100, 0.3153784444090264, 399.204034727, 152.804732611, 3.03456971483, 0.77905569658, 1.34798068803, 241, 2019
Z, 100, -0.713531461802882, 592.315050247, 246.156155723, 2.45605238618, 0.0285656619192, 1.05710850638, 244, 2019
N, 100, 0.42284024389382685, 1235.41536581, 76.0916237334, 14.8332789793, -1.062519697, 2.66190490786, 244, 2019
E, 100, 0.27139611452604867, 273.424893813, 176.642656066, 1.76370862465, 2.13548230598, 1.15450494134, 244, 2019
Z, -100, -0.595645672150899, 724.904667128, 177.414440346, 3.57728903811, 1.18991883181, 2.4705910556, 247, 2019
N, -100, 0.8922859380473173, 1558.71254583, 60.2409415186, 22.2802504029, -0.064751714267, 2.02809625084, 247, 2019
E, 100, 0.37708432367028866, 225.615744564, 130.607610046, 1.44743846371, -0.267001482507, 2.7046059098, 247, 2019
Z, -100, 0.4622176091976141, 786.582944097, 69.8559387714, 8.06686305212, -1.53467190119, 2.46269888139, 250, 2019
N, 100, -0.46988351079134766, 1501.95754425, 34.9114348224, 32.1058535833, -0.121907944937, 1.82030403623, 250, 2019
E, -100, 0.3398746585464407, 372.75127705, 52.9025931282, 6.78730376901, -0.462903348847, 0.56402026576, 250, 2019
Z, 100, -0.03911956950237668, 573.052674314, 134.306980514, 5.13349568286, 0.430089551315, 1.36954622383, 253, 2019
N, -100, -0.813037841330403, 681.788430256, 43.1329195334, 16.350909906, 0.322816601178, 2.94316786456, 253, 2019
E, 100, -0.42651211092191305, 442.348927428, 96.7755746214, 4.91983093252, -1.53134836119, 2.61021250399, 253, 2019
Z, -100, -0.869064627879073, 667.159254852, 194.820645495, 3.49457759879, -1.2077288279, 1.35063098747, 256, 2019
N, 100, 0.1824312393312093, 1526.00087202, 55.9845098419, 21.9610859874, -1.92375219849, 1.5753827622, 256, 2019
E, -100, -0.16108007575649702, 383.425656635, 137.758829053, 2.07937843923, 0.634353914412, 1.70788606036, 256, 2019
Z, 100, -0.528523376387709, 955.545967109, 206.113923651, 4.4670137597, -0.0322380413722, 3.21323618425, 259, 2019
N, 100, 0.601121469653256, 1537.8438181, 57.3861275756, 23.5971360909, -1.38593062909, 0.337851629457, 259, 2019
E, 100, 0.09669906895497257, 485.282936845, 144.579902959, 3.40538273078, 0.249879406516, 2.82610546396, 259, 2019
Z, -100, -0.4260290571015921, 659.111603896, 162.321225845, 4.81323632868, -0.0373671293032, 0.950089344832, 262, 2019
N, 100, 0.92005623704177, 1931.98892041, 46.3255007029, 36.8874141716, -0.831134522929, 0.450143158588, 262, 2019
E, -100, -0.47635487323297854, 124.037576737, 114.155797249, 0.990143374737, 1.21979080969, 3.28819979155, 262, 2019
Z, 100, 0.5302471526069793, 743.185212147, 80.6339375845, 9.22810247999, -0.946431369398, 2.65419433823, 265, 2019
N, -100, 0.06311485502228129, 1365.35182168, 29.9147941539, 37.7711139776, -0.520665896329, 1.91612683169, 265, 2019
E, -100, 0.604884445408756, 239.870866163, 58.639351169, 4.29065298185, -0.800947006277, 0.463728180904, 265, 2019
Z, -100, 0.5265800170180449, 613.267739648, 156.005028481, 4.76597659026, -0.187167563157, 0.782497528566, 268, 2019
N, 100, -0.9313445372949288, 815.522381478, 48.8542819893, 15.4946082332, 0.527531888709, 2.85335758694, 268, 2019
E, -100, 0.5047081908198207, 263.438028908, 111.112944918, 3.07378347731, -1.86449302542, 2.53213698316, 268, 2019
Z, 100, -0.17366354249409027, 472.057737339, 248.327483063, 2.15849674859, -0.731449613928, 1.23808866115, 271, 2019
N, -100, -0.18844525341071175, 1209.60518551, 74.7187536533, 12.5194107404, -2.55051535527, 2.48855035585, 271, 2019
E, -100, 0.468674212439001, 332.068675346, 176.591077463, 1.8266791446, 0.423304033587, 1.2978636238, 271, 2019
Z, -100, -0.48914168167559713, 452.128354901, 240.234123713, 2.12749630502, -0.772395935349, 0.834607104343, 274, 2019
N, 100, 0.6191900579833949, 1579.48528303, 75.3466157088, 18.5535275503, -1.33930952784, 0.284578002417, 274, 2019
E, -100, -0.5892048006368592, 242.438395873, 171.452865886, 1.79503044757, 1.89695044034, 1.87480772594, 274, 2019
Z, 100, 0.0747607247755312, 836.730445577, 138.817660294, 5.34188786916, 0.381945676771, 0.903787444408, 277, 2019
N, -100, 0.6901492757181861, 1258.92954888, 49.7077739413, 21.7651345657, -0.0476908064982, 0.528469149849, 277, 2019
E, 100, 0.6956311160308534, 704.403042943, 102.772534598, 5.9652403619, -1.03795794996, 0.402936555737, 277, 2019
Z, -100, 0.590405498887361, 810.425143428, 69.0833177067, 10.5695847522, -0.765021834264, 2.40536311265, 280, 2019
N, 100, -0.6263767503626578, 1732.91013466, 29.0789548285, 44.5600704851, -0.357016011533, 2.42347144276, 280, 2019
E, -100, 0.19921730715130442, 273.49205377, 54.431185016, 5.33977560528, 0.0866982375603, 1.2381239748, 280, 2019
Z, -100, 0.19957444042778263, 754.690043374, 156.667611097, 5.67528865855, 0.3628800455, 0.512017427749, 283, 2019
N, -100, -0.7040993040161863, 1306.13269076, 46.7740116253, 27.4619761882, -2.70397640823, 1.50263755144, 283, 2019
E, 100, -0.8282953350928163, 126.766398311, 110.92664523, 1.34184976836, -1.68896162929, 2.6468006738, 283, 2019
Z, 100, -0.3268415400095652, 521.137922432, 209.647127201, 2.66242670722, -0.11674938919, 2.77817504433, 286, 2019
N, 100, 0.07888242010684826, 1601.15287258, 58.2682405026, 24.2300017391, -1.63717714692, 1.45205501562, 286, 2019
E, 100, -0.5616314448363773, 376.310822206, 146.275179379, 2.04243535807, 1.62225507624, 1.50279753076, 286, 2019
Z, -100, -0.6445105907984242, 279.914483878, 206.915369042, 1.64793599011, -0.462501591878, 0.980615908014, 289, 2019
N, 100, 0.6984043114530504, 1144.50475233, 56.9440573803, 18.1325113031, -0.952485799151, 0.20233911643, 289, 2019
E, 100, -0.9425662943389824, 373.177318433, 143.818269873, 2.88166569753, 2.23772456001, 1.244379161, 289, 2019
Z, -100, -0.4596769601078171, 409.880068915, 144.663682662, 2.5710498938, 0.16640683981, 0.906315520515, 292, 2019
N, -100, 0.9230016053551876, 1246.19515891, 42.8167879619, 27.0835202266, -0.445598338608, 0.363847093799, 292, 2019
E, -100, -0.618219417647518, 409.636890994, 102.488982513, 4.11020402538, -1.55901047514, 1.81899380422, 292, 2019
Z, -100, 0.8755419462347488, 730.430374693, 77.1036106978, 11.014889541, -3.06115291477, 2.72494985237, 295, 2019
N, 100, -0.2378659274034865, 1089.66404911, 31.0480097284, 28.7062052661, -0.859325528077, 2.7973462039, 295, 2019
E, -100, 0.3833308321998072, 237.454468745, 61.3017914804, 4.1249852965, 2.71550282653, 2.83410696845, 295, 2019
Z, 100, -0.0681864736092946, 697.258996279, 194.71725004, 3.52151213214, -0.770132934847, 2.50206842185, 298, 2019
N, -100, -0.522462999357499, 1137.75696844, 60.3594763999, 16.6596960355, 1.92099372003, 3.01319223658, 298, 2019
E, 100, -0.5469959492378074, 465.843397767, 138.096083393, 3.52073398776, -1.73408502826, 2.74528302328, 298, 2019
Z, -82, -0.8999001189542929, 461.218290196, 249.056615867, 2.05129650192, -1.09216878081, 1.36063798814, 301, 2019
N, 100, 0.4920646026764925, 988.54596399, 76.792913707, 11.7501095825, -0.724549073154, 1.35584056171, 301, 2019
E, -100, -0.64316782218067, 374.995224584, 177.057855987, 2.32851249763, -1.7449717398, 2.82426721068, 301, 2019
Z, -100, -0.6853236307249917, 406.746932085, 204.991085349, 1.59929760174, -0.418495052736, 1.24410092213, 304, 2019
N, 100, 0.7582512579475197, 1250.35495762, 65.2029723141, 16.4604003258, -0.737150734626, 2.06235939341, 304, 2019
E, -100, -0.1088293491085367, 413.593949363, 146.33915634, 2.40552093034, 0.308982102895, 2.94582452559, 304, 2019
Z, 100, 0.2534873043993355, 590.3562332, 101.071955755, 7.00487267453, -0.0889085886771, 0.554058024376, 307, 2019
N, -100, 0.5246192417174937, 1582.09388185, 39.2302196572, 34.64792892, -0.380438592307, 2.78805502242, 307, 2019
E, 100, 0.6376742468180516, 564.5480036, 75.8419286159, 6.64193478354, -1.14579857249, 0.409254584741, 307, 2019
Z, -100, 0.5102558282793416, 679.727281113, 86.785893967, 9.54648913294, -2.11841909084, 2.46154446733, 310, 2019
N, 100, -0.7332870859589498, 1071.73057439, 31.6525504328, 29.6827415433, 0.359790154133, 2.00889098361, 310, 2019
E, 100, -0.11815538370131724, 398.0555079, 65.5929192488, 7.21243366028, -0.473984430122, 2.03822090586, 310, 2019
Z, -100, 0.37313052952094555, 645.152197709, 167.320611128, 3.80199597812, -0.0996340880792, 2.17370444687, 313, 2019
N, -100, -0.7349520065060414, 1132.14775921, 48.7561546905, 20.1026114128, -1.83318169596, 1.29838915303, 313, 2019
E, 100, -0.6645833383410606, 548.255435635, 117.677853944, 5.04757921122, -1.82977158676, 2.48747830353, 313, 2019
Z, 100, -0.34920434222426194, 516.029639445, 209.840040059, 2.69908244491, -0.777642822026, 1.28239559129, 316, 2019
N, -100, -0.17694543548421765, 1231.33557175, 58.3431439951, 18.0720186412, -1.72730779403, 1.41264746002, 316, 2019
E, 100, -0.8039316698704312, 175.581367184, 146.391507066, 1.40586960875, 1.26730259726, 1.98145114192, 316, 2019
Z, -100, -0.22917593311348766, 648.700252859, 194.356208583, 3.22423757947, -0.988043935174, 0.714645851112, 319, 2019
N, 100, 0.4698664501593167, 826.737691398, 54.7653596474, 15.0762044161, -0.587281641023, 2.675492792, 319, 2019
E, -100, -0.39286606239147964, 257.552722505, 135.820760914, 1.96333789372, -0.759552291878, 2.52955434976, 319, 2019
Z, 100, 0.04336932147358911, 679.497741486, 122.299361369, 4.75771593183, 0.0296167846388, 1.1539286115, 322, 2019
N, -100, 0.7955178980195174, 549.621955059, 40.298480736, 11.9852523478, 0.880910817838, 2.81176258331, 322, 2019
E, 100, -0.4793271066351007, 687.272819886, 89.4753866847, 5.47406912844, -0.320079769007, 1.3272924522, 322, 2019
Z, -100, 0.7664048035676869, 885.881966919, 112.500648377, 7.34621162395, -0.838763767121, 1.36268356202, 325, 2019
N, 100, -0.8584464160563728, 706.296366282, 41.465902707, 15.6616642715, 1.86553116898, 3.18999908443, 325, 2019
E, 100, 0.3062256272201577, 575.798050541, 85.2829164578, 6.62366372556, 1.20812761835, 2.79854912768, 325, 2019
Z, -100, 0.3460314285452645, 755.866426003, 199.739033936, 4.55629272535, -0.930219395463, 2.4664904114, 328, 2019
N, -100, -0.708617480039122, 2349.20459646, 64.176127767, 32.3788417639, -0.278957288711, 2.8671619368, 328, 2019
E, 100, -0.42674202873112105, 2437.17194846, 142.743754067, 14.2249771608, -1.49540974713, 2.95733875992, 328, 2019
Z, -100, 0.4661518097543697, 907.192508934, 220.403299216, 3.80447052793, -0.930419554457, 1.22830328855, 331, 2019
N, -100, -0.08878553185817101, 5520.39148317, 69.4435419839, 59.9286826531, -1.79474574001, 1.49932018826, 331, 2019
E, 100, -0.8827473941534458, 7650.61044945, 157.179855635, 36.4515191462, -0.308419694902, 3.23119730111, 331, 2019
Z, -100, -0.47413990201054007, 707.613276718, 169.348623374, 4.26458664013, -0.665212297986, 0.744307738061, 334, 2019
N, 100, 0.7458030236469102, 850.532533844, 54.2821773305, 12.8262694237, -0.685617638936, 2.59997742977, 334, 2019
E, -100, -0.33462258155787244, 184.904097124, 121.542321166, 1.50918907812, -1.04728519339, 2.15740368901, 334, 2019
Z, -100, -0.026363720548402535, 952.871339237, 85.6422660756, 8.94663644561, 0.569437940738, 1.4749256155, 337, 2019
N, -100, 0.17634432415742834, 841.858942109, 34.3975653724, 17.9748018271, -1.49388884809, 1.96589406194, 337, 2019
E, 100, -0.4040774158872301, 358.120629192, 64.6253670268, 4.10009495475, -0.0822682998034, 2.36564832863, 337, 2019
Z, -100, 0.844630033766387, 1136.30754086, 91.6802155585, 11.5178479344, -0.647897782255, 2.21033065543, 340, 2019
N, -100, -0.8789170734591183, 1040.83094175, 32.6141680006, 29.3373921861, 1.34203422313, 2.72233583293, 340, 2019
E, -100, -0.23997569095743457, 662.285750564, 68.8761070754, 9.09404595918, 0.174251877582, 2.78122887328, 340, 2019
Z, -100, 0.44525813564537564, 814.534069256, 164.309513241, 4.55433972062, 0.738757931257, 2.23130413896, 343, 2019
N, -100, -0.6212036557868055, 925.243180488, 48.2937101639, 17.5965831979, -1.7032761752, 1.30805337067, 343, 2019
E, 100, 0.6501158909464113, 358.448454686, 115.566215328, 2.94545591561, -0.697431202968, 0.356201376004, 343, 2019
Z, 100, -0.4016465347507115, 390.64693718, 202.599796704, 2.04691305004, -0.771983680372, 1.18730871309, 346, 2019
N, -100, -0.18667989319888953, 1200.11022724, 57.834437496, 18.194280448, -1.90107149645, 1.45426192587, 346, 2019
E, 100, -0.3153193216827513, 114.645613466, 142.620202872, 0.715734688427, 1.07209230774, 1.88489891843, 346, 2019
Z, -100, -0.6045093493441034, 509.779980627, 184.587661601, 2.64318086489, 0.177228659647, 1.026198729, 349, 2019
N, 100, 0.6878750017486576, 909.067366263, 54.7079622148, 16.0202049825, -0.884827687916, 2.06781469056, 349, 2019
E, -100, 0.6057548075822455, 132.712230224, 131.136580508, 0.900983023548, 2.56988765396, 0.910174822331, 349, 2019
Z, 100, 0.7119028268573026, 911.372559787, 118.322039448, 6.89583549728, -0.379485334941, 1.19301368028, 352, 2019
N, -100, 0.8170274406182976, 902.115046513, 43.6872303105, 16.2722940749, -1.29231796637, 2.28598403501, 352, 2019
E, 100, 0.5293888223787975, 238.381887514, 88.9695320048, 2.78452132592, -1.31351667749, 0.463797054366, 352, 2019
Z, -100, 0.5618443247249809, 547.619178043, 119.95846046, 5.89569875386, -0.950599554298, 2.56115210664, 355, 2019
N, 100, -0.4361136820330604, 522.646034624, 46.2764026801, 11.7813300365, 0.0462149521928, 1.14641260567, 355, 2019
E, -100, 0.6790471331794556, 201.736723684, 90.4818752885, 2.68779654522, -0.00362791924788, 1.98081457763, 355, 2019
Z, 100, -0.18962503860128962, 962.631653813, 180.440357813, 6.03798564831, -0.829681671656, 2.52524736292, 358, 2019
N, -100, -0.5081120339730878, 756.407321216, 59.6041018354, 9.86869507253, -2.35158379819, 2.88443841844, 358, 2019
E, 100, 0.049348141069089815, 292.457548083, 130.057577713, 2.42851868239, -2.1427808708, 2.62050966172, 358, 2019
Z, 100, -0.4300615043908394, 972.423685904, 195.447905545, 5.13650555458, 0.306876110544, 2.40190324623, 361, 2019
N, 100, 0.4942416358583619, 501.990101427, 60.9972942734, 6.85764775269, 0.19780738242, 1.4406798013, 361, 2019
E, -100, 0.7004882641240633, 372.876945064, 140.044830667, 2.62004414497, -0.362664486941, 1.48388790338, 361, 2019
Z, -100, -0.8464813402854057, 572.059720529, 157.521304726, 3.10209827028, 0.471775682601, 1.09741000595, 364, 2019
N, 100, 0.8442301691776469, 890.833420751, 49.2216480648, 16.2563915402, -0.500671402388, 2.55971909112, 364, 2019
E, 100, -0.5651091024946067, 194.8218106, 113.589485446, 1.6364692852, 1.1014142784, 2.91692651447, 364, 2019
