Chan, Phase Shift, Correlation, ptp-data, ptp-synthetic, rat, phasem, phasestd, DOY, Year
Z, -100, 0.8724742124402431, 960.506954911, 182.521487627, 6.04865687294, -0.788728600693, 1.42046324218, 19, 2019
N, -100, 0.22504138688071004, 48.9298382693, 33.2357204634, 1.57041945552, 0.678393745646, 2.94896575458, 19, 2019
E, -100, 0.9023950047318113, 148.13225459, 137.507974769, 1.01692091452, 0.166637488913, 1.3226617459, 19, 2019
Z, 100, -0.07411177178724776, 696.981661385, 229.816595096, 2.78222749319, -0.69767318737, 2.50573607732, 22, 2019
N, -100, 0.8028388178439635, 200.557622147, 42.9931319508, 4.42545544505, -0.131426018111, 1.50607000712, 22, 2019
E, -100, 0.9497522741604061, 153.262902179, 174.367057664, 0.959764293631, 0.100129748, 1.12115446262, 22, 2019
Z, -100, -0.387896665801088, 923.2629185, 176.685149213, 4.40381986686, -0.142738537397, 2.65077686125, 40, 2019
N, -100, 0.7060098048967445, 109.39894593, 33.5258968695, 2.80453630421, 0.308661431225, 1.54442211806, 40, 2019
E, 100, 0.8304554881426813, 113.385543416, 131.396645677, 0.714242944603, -1.6102384443, 2.38492335024, 40, 2019
Z, -100, -0.8913343221553102, 515.118811672, 109.084642827, 5.29098032073, -0.898459565077, 2.84685308575, 43, 2019
N, -100, 0.6003158709880507, 41.0045171412, 20.2988955271, 1.90544841976, 0.55525978132, 1.39601607719, 43, 2019
E, 100, 0.7345355036827568, 89.4010988491, 85.0407791535, 1.16848809655, 0.079527475821, 1.93267449115, 43, 2019
Z, 100, 0.7514621698027718, 561.554359164, 102.013976024, 4.98615379758, 0.0506007469559, 1.03162505381, 46, 2019
N, -100, -0.13099941437163434, 67.8762006813, 17.5539059938, 4.06972313361, 1.25499725962, 3.06699408583, 46, 2019
E, -100, 0.8887459327085808, 179.684682959, 82.0574102492, 1.93014359369, -1.01190965911, 1.79666282378, 46, 2019
Z, -100, 0.8557482057128515, 629.853785322, 211.686318583, 3.29507387772, 0.474658551857, 1.63730520914, 49, 2019
N, 100, 0.6494307957183492, 96.6129707172, 39.0580833074, 3.03843955654, 2.5789691247, 2.94403343597, 49, 2019
E, -100, 0.9520503492942596, 123.766310398, 158.421350187, 0.902663568955, -0.177547134582, 0.889522900924, 49, 2019
Z, -100, 0.5911056740075225, 470.976705324, 250.791740671, 1.88968311284, -2.30453080216, 2.78969410804, 52, 2019
N, -100, 0.9714706828695617, 147.163374081, 47.0993238112, 3.37172102679, -0.0482735370646, 0.0842517515961, 52, 2019
E, 100, 0.9959071347463134, 156.811195291, 189.211692782, 0.860988454637, 0.115805556274, 1.34729999809, 52, 2019
Z, -100, -0.26651866700786386, 452.292060384, 189.452798051, 2.20857485745, 0.025113087355, 2.79515455759, 55, 2019
N, -100, 0.6941508535979447, 177.017792901, 35.8984172445, 5.03461591076, 0.809074852905, 0.131267342307, 55, 2019
E, -100, 0.9986937613406186, 136.424274952, 145.740755018, 0.950247658041, 0.155890086424, 0.0899287105229, 55, 2019
Z, -100, -0.48159990131073754, 541.327910148, 78.3314231277, 7.67479543744, -0.099074385307, 2.77293881494, 58, 2019
N, -100, 0.32985128709014455, 97.8873967086, 14.169690483, 7.02656037763, 0.62982831723, 1.23502796463, 58, 2019
E, -100, 0.8700034117374507, 56.9510116986, 63.9033138793, 0.950120771258, 0.362718226707, 1.28329555438, 58, 2019
Z, 100, 0.9144227747384781, 413.909176248, 124.351555795, 3.93725966844, -0.261660296987, 0.282159607115, 61, 2019
N, 100, 0.713371349704384, 74.6855380047, 21.7488805668, 4.79226177165, 2.229318868, 2.91952235403, 61, 2019
E, 100, 0.9325563782786814, 103.818190351, 93.3516316605, 1.05865500919, -0.326269744001, 1.42474382723, 61, 2019
Z, -100, 0.6242275450312578, 589.178076553, 195.016716526, 3.04777470893, -1.38767913606, 2.59011459599, 64, 2019
N, 100, 0.9200247434965083, 120.405016253, 36.3775688319, 4.22913561396, 1.62655168294, 2.83765131732, 64, 2019
E, 100, 0.9961041943598017, 119.985301361, 143.198606847, 0.866737445913, 0.402304547228, 1.23425483561, 64, 2019
Z, -100, 0.41066079020488766, 967.126556419, 216.893168544, 4.54962842961, -2.68342827369, 2.49452531817, 67, 2019
N, 100, 0.8873564536841823, 133.764486755, 41.3444253442, 3.47883717386, -0.584979221039, 0.301517490123, 67, 2019
E, 36, 0.9652142456984494, 166.18933387, 159.493496829, 1.13685727826, -0.496335277669, 1.15121420879, 67, 2019
Z, 100, -0.1349560625341563, 461.632499944, 179.521616624, 2.97793163079, -0.0493752835976, 2.68308707491, 70, 2019
N, -100, 0.6671975999920965, 151.223913548, 34.5102493185, 4.31814212606, 0.910138919119, 0.228906691285, 70, 2019
E, -100, 0.9762755452050919, 109.266873402, 134.00117795, 0.743912053039, 0.150642885315, 0.216576822597, 70, 2019
Z, -100, -0.47190662478861506, 418.722974299, 93.9477819842, 5.4009822701, 0.258464174403, 2.97287832243, 73, 2019
N, -100, 0.021256048711358323, 180.474419595, 17.7831110822, 9.46379308489, 0.97521531687, 1.22366935157, 73, 2019
E, -100, 0.9806728714189943, 76.8858471016, 75.1996310144, 0.983263175193, 0.0578043024732, 0.069027702195, 73, 2019
Z, 100, 0.8726300907985614, 499.500068081, 140.568534041, 4.9456756512, 0.998349580917, 0.667627991787, 76, 2019
N, 100, 0.40517029949946975, 139.963959351, 25.1283542224, 7.48961772881, 2.09692838132, 3.1640703543, 76, 2019
E, 100, 0.8090211813744647, 98.1181206061, 108.13933956, 0.838169953435, 1.25554655392, 2.58859793625, 76, 2019
Z, -100, 0.7146131030337523, 502.380039676, 243.428585237, 2.19119677953, -1.1479704126, 2.85202356717, 79, 2019
N, 100, 0.8732079115286394, 154.712498685, 45.132703435, 4.29850559565, 2.36111501827, 2.94030063565, 79, 2019
E, 100, 0.8816064347516576, 206.179757803, 181.891715143, 1.18606602765, -0.682802987105, 0.238491904791, 79, 2019
Z, -100, 0.0658785584701421, 630.74776958, 248.8231, 2.62884994111, -2.54141901584, 2.56751783705, 82, 2019
N, -100, 0.9794948486074747, 145.086987768, 46.6465671857, 3.10775488066, -0.156538451976, 0.13354496598, 82, 2019
E, 100, 0.971445765920828, 267.700519156, 186.622774649, 1.50773527601, -0.0863969406809, 1.37194028628, 82, 2019
Z, 100, -0.8762823716077686, 687.218313805, 157.662807991, 4.55067064505, -1.61824936076, 2.68553758944, 85, 2019
N, -100, 0.9125105516597288, 128.150320636, 30.2519524538, 4.10001644063, 0.333007584437, 0.211320504307, 85, 2019
E, 100, 0.9743973849591001, 139.253288433, 121.576373793, 1.20658879176, -0.0548449376996, 0.0813105622234, 85, 2019
Z, 100, 0.7192132147304142, 1052.86558333, 53.8004065938, 14.5269738326, 0.837803416225, 2.1833342021, 88, 2019
N, 100, -0.4029324657754343, 144.625314646, 8.75294791789, 12.8203965449, 0.843494830639, 2.2935653753, 88, 2019
E, 100, 0.8524431428415983, 101.202607123, 45.7173074106, 1.99342771536, -0.620834666166, 0.343506990827, 88, 2019
Z, -100, 0.9471086471993132, 724.853100227, 144.575757883, 6.27356512861, -0.29820988248, 1.24458430068, 91, 2019
N, 100, 0.35547427275804355, 61.1236412377, 26.2033058611, 2.84278210406, 2.12853197109, 2.86761614793, 91, 2019
E, -100, 0.9550957758041322, 96.4542988174, 107.718910015, 0.910527611675, 0.382222797372, 0.162338318491, 91, 2019
Z, -100, 0.11577466156291169, 1352.32910566, 209.808616539, 5.68206500472, -1.67843052995, 1.83452344752, 94, 2019
N, -100, 0.7697821691692277, 209.226588983, 39.6511876236, 5.26276637888, -1.43277694424, 2.56846005234, 94, 2019
E, -100, 0.9555487321348248, 138.920938252, 154.244986156, 0.954728481848, 0.484729888799, 0.212130177706, 94, 2019
Z, -100, 0.37009231874021536, 776.163943994, 218.571985125, 3.76059498231, -2.51621563725, 2.71750064304, 97, 2019
N, 100, 0.9508046253684406, 94.5574397871, 41.9361240663, 2.29225509341, -0.397750225763, 0.149363281973, 97, 2019
E, 100, 0.9532388684905038, 174.249906125, 161.516442437, 1.1628571277, -0.441496664656, 1.13346500236, 97, 2019
Z, 100, -0.6576940256485072, 378.422468996, 161.587347286, 2.56971365272, -1.05968071703, 2.73822449766, 100, 2019
N, -100, 0.6668756252242756, 125.43364753, 31.242579716, 4.30463900799, 0.613871040714, 0.0989273651943, 100, 2019
E, 100, 0.9851312992011135, 77.1051572251, 122.032629851, 0.637035452544, -0.342945547807, 1.77289865393, 100, 2019
Z, 100, 0.2860903673344447, 432.180867719, 67.9485070828, 6.56031318298, 0.608257614416, 2.94888114704, 103, 2019
N, 100, -0.22019021105559233, 139.81792741, 11.9167119788, 10.090315571, 1.14490724987, 1.05218700235, 103, 2019
E, -100, 0.9485194270275217, 72.3262919613, 57.5574578154, 1.07470919575, 0.283388638634, 1.18514346435, 103, 2019
Z, -100, 0.8404767733542964, 592.215439432, 181.573934139, 4.30856090244, 1.33409260809, 0.643468841231, 106, 2019
N, 100, 0.610528541599343, 116.678757972, 32.7162995768, 4.38765617864, -0.935517958849, 0.445456755405, 106, 2019
E, -100, 0.9688629410070891, 91.023776953, 137.581347153, 0.748388253845, 0.584596350897, 1.00386530166, 106, 2019
Z, -100, 0.7349482954082989, 602.246720065, 247.355594834, 2.60236526024, -2.77578283606, 2.74129923035, 109, 2019
N, 100, 0.9230744156041663, 125.301125303, 45.5448007139, 3.17725260787, 2.43367449496, 2.94807135094, 109, 2019
E, 100, 0.9647826011443351, 167.405692691, 185.246189156, 0.962376369527, -0.0797996194556, 1.36295916302, 109, 2019
Z, 100, -0.2645437220818337, 380.041907285, 216.448519613, 1.92310310113, -0.678249696139, 2.58708137723, 112, 2019
N, -100, 0.9192340289422593, 175.747532085, 40.3747648788, 4.46863899097, 0.401823276739, 0.205820095493, 112, 2019
E, 100, 0.9884166907276012, 178.123545338, 161.48766234, 1.16801925668, -0.0800186742568, 0.106917467506, 112, 2019
Z, -100, -0.5981416594956499, 413.863307409, 118.390930267, 4.03927184155, 0.125720631825, 2.89099581695, 115, 2019
N, -100, 0.5050888350349775, 134.185110816, 22.8027082483, 6.25340616952, 0.916618837678, 0.0983904602981, 115, 2019
E, 100, 0.9668402898429646, 92.0036493514, 92.601551772, 1.0466209802, -0.0184436053955, 0.217435525222, 115, 2019
Z, 100, 0.33123020310789353, 850.074835691, 73.1469081435, 12.9676172859, -1.76277135487, 0.748421476536, 118, 2019
N, -100, -0.13053555866149216, 87.311731425, 11.8199882992, 9.74691968073, 0.576009071617, 0.965852064172, 118, 2019
E, -100, 0.1932203564373287, 77.1312900687, 59.2976838801, 1.33176224866, 1.29651355009, 1.59714402871, 118, 2019
Z, -100, -0.29616389351257716, 196.627030746, 212.135560147, 0.827277782095, -1.85466052444, 2.70147224834, 124, 2019
N, -100, 0.5609904461857405, 100.967152836, 40.2205901847, 2.47024837351, 2.65951280562, 3.39048306174, 124, 2019
E, 100, 0.6858767482879112, 72.8943567123, 156.856012995, 0.479621545013, -0.235860985413, 0.490176585131, 124, 2019
Z, 100, -0.7672515612227718, 620.145685166, 132.815599878, 4.77474377206, -2.17245570106, 2.67052849571, 130, 2019
N, -100, 0.6379829571195781, 82.7580149369, 25.2662660611, 3.53344556069, -0.329682496439, 1.14745950899, 130, 2019
E, -100, 0.9639308368437158, 156.239309174, 103.498331726, 1.56623090958, 0.341101587478, 0.201359686997, 130, 2019
Z, 100, 0.8471543644974086, 649.317950218, 105.355555205, 6.41306989194, -0.0787036521152, 0.446697065172, 133, 2019
N, -100, -0.38921176256570156, 177.544505736, 17.5638123535, 12.9243187532, 2.19319222241, 1.24978104669, 133, 2019
E, -100, 0.4165061205499768, 60.0884950786, 85.9394725411, 0.716254733569, 0.855592846014, 1.07252005453, 133, 2019
Z, -100, 0.8055038993852582, 542.990704191, 195.275557691, 3.40651054193, 1.40913649706, 0.681158277051, 136, 2019
N, 100, 0.6376023037666333, 156.890926357, 34.7206766851, 5.38341490696, 0.455996310265, 2.77187569271, 136, 2019
E, 100, 0.88331669746303, 124.057401302, 147.856376671, 0.775810333068, -1.09848541866, 0.497396022366, 136, 2019
Z, -100, 0.40313554690766396, 503.153669049, 221.917858217, 2.60920848785, -2.44315974987, 2.60508937542, 139, 2019
N, 100, 0.959822572593813, 215.487689145, 40.4505941891, 5.93961048664, 2.44985753239, 2.92458727541, 139, 2019
E, 100, 0.9616568900619168, 203.120430742, 166.212183062, 1.22310110835, -0.108279571393, 1.33372459742, 139, 2019
Z, 100, -0.6044192408372043, 565.259663754, 177.333079545, 2.88692668921, -0.366382304628, 2.68779120211, 142, 2019
N, -100, 0.9103108438688109, 228.426793505, 32.9141669386, 7.26688574616, 0.328389191198, 0.116494597793, 142, 2019
E, -100, 0.9894679188605919, 183.194639818, 132.647446262, 1.36803059958, 0.0833274265421, 0.0335929513348, 142, 2019
Z, -100, -0.9196268349385587, 478.381383251, 95.5639205523, 5.12389978069, -1.41126309227, 2.73256206309, 145, 2019
N, -100, 0.46019167891123264, 127.12509317, 17.7127573449, 7.44468651743, 0.340800528952, 1.21051582162, 145, 2019
E, -100, 0.762025761183356, 146.14934825, 75.832460429, 1.91797325596, 0.580254252341, 0.188497884277, 145, 2019
Z, -100, 0.8467467230123303, 718.696628443, 87.3691356616, 8.39685337723, 0.195999013371, 0.474589097032, 148, 2019
N, -100, -0.1419776381204729, 151.214902495, 14.5005055253, 12.5236455265, 2.38089921116, 1.7645995484, 148, 2019
E, 100, 0.05736605423916111, 72.7554065478, 69.5600872256, 0.908464213356, 1.18737440042, 1.78232269718, 148, 2019
Z, -100, 0.4998547851341393, 849.222804829, 162.229245729, 5.80631591995, 1.54248432722, 0.763889397425, 151, 2019
N, 100, 0.548032036879266, 156.368041464, 29.8257366689, 5.93950571839, -0.658074499326, 2.26602225359, 151, 2019
E, 100, 0.9649663472167692, 137.059117889, 121.883844694, 1.09652956086, 0.041924575776, 1.34371522643, 151, 2019
Z, -100, 0.6320844724943157, 684.801206391, 204.789182306, 3.80544052594, -3.11426232538, 2.59055584319, 154, 2019
N, 100, 0.8620975633059353, 127.794792497, 38.7926567088, 3.49760296648, 2.46131328316, 2.86333964031, 154, 2019
E, 100, 0.9835330556136502, 193.075713538, 153.115397856, 1.36239203163, -0.399277671565, 0.223568824408, 154, 2019
Z, 100, -0.8366582025051866, 601.599107312, 186.840633248, 3.14627059971, -0.426224188476, 2.68732096108, 157, 2019
N, -100, 0.8802049338017781, 198.951575531, 35.3528053897, 6.1180964716, 0.321641658797, 0.142060293858, 157, 2019
E, -100, 0.9305855187663854, 195.572065603, 141.018098173, 1.38835975963, -0.106285747895, 1.31512278876, 157, 2019
Z, -100, -0.6257866370215689, 484.228995907, 118.200873325, 4.22395597504, -0.508383811605, 3.0380582767, 160, 2019
N, -100, 0.2922954547594374, 147.816454224, 21.1888927755, 7.14807181973, 0.527968067254, 1.22371750293, 160, 2019
E, -100, 0.6631543544654261, 100.274504646, 95.7590396123, 0.992570813762, 0.719681744036, 0.175542289225, 160, 2019
Z, 100, 0.9243392393995331, 550.026159758, 123.86236812, 5.58147201555, -0.518590438783, 1.05176172883, 163, 2019
N, -100, -0.3783984216662619, 111.254584757, 20.1629681248, 7.16712560972, 1.2264554793, 2.81679056735, 163, 2019
E, 100, 0.6001577165155682, 113.977028877, 98.8283282289, 0.989579225978, 0.884903823905, 2.07171076678, 163, 2019
Z, -100, 0.4443874802565438, 698.726037334, 182.176331089, 4.52198529226, 1.05236319517, 1.25349595268, 166, 2019
N, 100, 0.6803650512286282, 168.324424526, 31.9184875233, 6.20629383145, 2.85610384813, 2.94292494624, 166, 2019
E, 100, 0.9649940927034973, 181.671919736, 137.914628968, 1.35076997354, -0.233215557004, 0.0946889235772, 166, 2019
Z, 100, -0.3780453508817459, 504.657934088, 194.230667074, 2.82888324804, -1.30217242071, 2.70166640504, 169, 2019
N, 100, 0.963883177946093, 169.159882752, 35.3955626178, 5.13074129686, 1.24270778123, 2.57564807805, 169, 2019
E, -100, 0.9796411519718666, 163.278807174, 145.290491547, 1.17568843817, -0.0441544509028, 0.134314058835, 169, 2019
Z, 100, -0.7705147585922207, 427.439057211, 157.175733088, 3.07100430755, -1.74830089241, 2.52398113047, 172, 2019
N, -100, 0.8796951044350529, 128.657904, 29.179772988, 4.87728182012, 0.247095366815, 0.120206813653, 172, 2019
E, -100, 0.888141022779544, 150.870112588, 118.026490622, 1.37008510773, -3.27179363356, 2.98573064972, 172, 2019
Z, 100, 0.20182361957829972, 1114.24819344, 95.3923939906, 10.986474968, 0.513038983379, 2.96937109904, 175, 2019
N, 100, -0.03469683640715644, 180.413452737, 16.7974890628, 10.4811415561, 1.04740086223, 1.25971279148, 175, 2019
E, -100, 0.26212943431112634, 32.1019899511, 75.1181750036, 0.377561713284, -2.32895004314, 2.92285718098, 175, 2019
Z, 100, 0.7986139787025038, 509.794765217, 91.3769731742, 6.99531210807, -0.24738216677, 0.288358010171, 178, 2019
N, -100, -0.8119826860416022, 79.0999880265, 15.3024504713, 6.07136586273, 1.05999964786, 2.83420258503, 178, 2019
E, 100, 0.8232914375864906, 85.4081733424, 73.3923725009, 1.0199886004, -0.425570445808, 2.79874139395, 178, 2019
Z, -100, 0.9257822986330525, 756.139519732, 161.915783541, 5.68143192741, -0.550945835819, 1.55628789242, 181, 2019
N, 100, 0.24332855151887392, 66.2920903558, 29.7357141931, 2.35507547223, 1.82152651266, 2.62228284174, 181, 2019
E, 100, 0.9489577726941913, 141.774878432, 122.491642444, 1.16894660694, -0.848013378073, 0.518731896838, 181, 2019
Z, -100, 0.44574154297686036, 620.525379725, 204.030146249, 3.46820232669, -2.37881368926, 2.66880199785, 184, 2019
N, 100, 0.9172822123018819, 117.696434777, 38.3969306548, 3.62937499566, 2.38648661155, 2.90760108062, 184, 2019
E, -100, 0.9806054190344261, 217.55774678, 154.122225015, 1.46113074543, -0.55878833614, 1.27724149372, 184, 2019
Z, -100, -0.5147429690625103, 1025.18782396, 185.912617544, 4.77640520513, -0.0940010081328, 2.59384476325, 187, 2019
N, -100, 0.7873838639753272, 174.481435757, 34.6700140944, 4.91527713962, 0.502231015758, 1.15925617067, 187, 2019
E, -100, 0.8412478234975849, 150.136043504, 142.144788788, 1.01800545703, -1.32653613596, 2.91989976102, 187, 2019
Z, -100, -0.25726438061845774, 588.709597711, 121.359036675, 4.96366527132, 0.321761201875, 2.96184537067, 190, 2019
N, 100, -0.08648842820727562, 122.37519503, 20.6689260894, 6.16332652544, 0.965202822668, 1.25493076764, 190, 2019
E, -100, 0.39705812172113747, 64.6515264984, 98.2272107462, 0.606029105143, 0.54758799085, 1.22371711355, 190, 2019
Z, 100, 0.9632550139983771, 514.109702736, 116.947986515, 5.47315506304, 0.0862656036717, 0.239088055168, 193, 2019
N, -100, -0.5450883469045479, 98.7985436436, 18.5208925955, 6.03940670779, 1.38720374616, 3.04657282599, 193, 2019
E, 100, 0.7852661721239516, 96.7501010673, 92.9610485512, 0.90795443164, -0.744218401444, 2.68054564618, 193, 2019
Z, -100, 0.7679406884102477, 702.777191363, 171.198439086, 4.87895360858, -0.19815879774, 1.96604833945, 196, 2019
N, 100, 0.6190753715110036, 110.762768884, 30.3387018993, 3.92516408502, 2.41497898999, 2.67060514944, 196, 2019
E, 100, 0.96136362913864, 180.635888192, 128.596196194, 1.36401874002, -0.56248209278, 0.329885805291, 196, 2019
Z, 100, -0.04129140608649536, 521.629213569, 187.811702662, 2.95962576487, -2.1517550192, 2.52664156556, 199, 2019
N, 100, 0.9729218176722457, 140.017360179, 34.7344277767, 4.39946262898, -0.384220533544, 0.174042551947, 199, 2019
E, -100, 0.9709050354263515, 191.694242841, 139.507364781, 1.43008112758, -0.276777294299, 1.20934953889, 199, 2019
Z, 100, -0.7620657619757528, 475.717234597, 159.444889112, 3.35335155544, -1.83021872999, 2.58352300851, 202, 2019
N, -100, 0.9062843236508025, 130.393048424, 29.9119021896, 4.73453663627, 0.246495935981, 0.0799334273003, 202, 2019
E, -100, 0.8450409211630934, 152.398314899, 119.220066791, 1.36611998831, -3.15649939819, 3.00482202823, 202, 2019
Z, -100, -0.3646841412587878, 752.61589416, 102.207816427, 7.32385939887, 0.330986722813, 2.96289828511, 205, 2019
N, -100, 0.15247358535140856, 159.684910327, 18.1058278546, 8.91273795633, 0.908328976257, 1.28016038471, 205, 2019
E, -100, 0.04756158994616043, 75.9458527674, 79.6212299267, 0.848907167081, 0.640505908378, 1.24034491692, 205, 2019
Z, 100, 0.49561513006742125, 599.768614511, 90.6879468896, 7.57780619014, -1.33625234903, 0.864644608847, 208, 2019
N, -100, -0.596787152044802, 81.660002693, 15.2806331023, 6.64157753713, 0.819364711386, 2.74568230868, 208, 2019
E, 100, 0.5107971889846598, 71.1624439391, 73.5691576345, 0.91936240878, 0.688559937923, 2.04750954512, 208, 2019
Z, -100, 0.810768240440578, 623.046983598, 176.505950692, 4.32789326162, 0.815741184546, 1.18495608855, 211, 2019
N, 100, 0.6011372189915326, 140.093500833, 32.5492279619, 5.20152867908, 2.57848593517, 2.82527239882, 211, 2019
E, 100, 0.942840739185357, 201.543499012, 132.968275456, 1.40866192444, -0.678500006158, 0.39185967007, 211, 2019
Z, -100, 0.24835822749898004, 544.486972574, 224.316145071, 2.66937538502, -1.27065512168, 2.56608238222, 214, 2019
N, 100, 0.9658563517090234, 157.916993616, 42.1121378667, 4.2604410445, -0.224328575238, 0.244488638688, 214, 2019
E, -100, 0.9786102125361141, 212.101757984, 169.973360823, 1.3176619978, -0.133753714806, 1.26703520502, 214, 2019
Z, 100, -0.35554680503269176, 577.644061848, 194.857320793, 3.02730859736, -0.333759964541, 2.78923524936, 217, 2019
N, -100, 0.7919132644254343, 145.367262202, 36.2687767747, 3.9076668249, 0.554505417309, 0.234227639066, 217, 2019
E, -100, 0.910782611137709, 127.711906694, 149.744192244, 0.784823844084, -0.24900891724, 1.80136747746, 217, 2019
Z, -100, -0.5896162996012898, 420.070641634, 106.630989016, 3.72609776504, 0.535953691396, 2.85011278548, 220, 2019
N, -100, 0.02693907134182125, 65.245159671, 17.5823667488, 3.61871342174, 0.971300916467, 1.34253038206, 220, 2019
E, 100, 0.6332227970491674, 52.594679416, 86.3227196258, 0.57000981376, -0.489157279249, 1.04698511087, 220, 2019
Z, 100, 0.7680919559158158, 785.412564314, 117.421633099, 7.89226466011, -1.02489391219, 0.885651668411, 223, 2019
N, 100, 0.047448870476675634, 82.0277016283, 19.5194565649, 4.3766888337, 1.31944304154, 2.75357690867, 223, 2019
E, 100, 0.7848474528250414, 135.150028056, 90.7082366841, 1.46737481698, -1.14990808703, 1.7369900456, 223, 2019
Z, -100, 0.7741394138361911, 540.963183498, 180.879772255, 3.40864757235, -1.89258307366, 2.6705056639, 226, 2019
N, 100, 0.8993155649375955, 143.412684781, 33.144267904, 4.94174320117, 2.90255836653, 2.88713039318, 226, 2019
E, 26, 0.996383154716708, 157.445032913, 134.127920076, 1.24958393951, -0.0919471929668, 0.118543250017, 226, 2019
Z, -100, 0.3922825094682757, 577.267806688, 199.224910369, 3.06692317267, -2.53366776448, 2.46622617728, 229, 2019
N, -100, 0.9845833805430141, 134.217190238, 37.6720563889, 3.9767289032, -0.137366504048, 0.110858337924, 229, 2019
E, -100, 0.978464751427812, 188.748723202, 146.917324963, 1.41191149765, -0.0845543821702, 0.131674717583, 229, 2019
Z, -100, -0.20965333097868746, 708.452012675, 167.497188745, 3.45477641337, -0.0700749474348, 2.64413989254, 232, 2019
N, -100, 0.7534040426745789, 184.852795795, 31.9306396842, 6.26223358755, 0.741192504086, 0.153750761255, 232, 2019
E, -100, 0.8444763425984853, 148.909629414, 124.739906005, 1.07142126786, -2.63079464904, 2.85090357417, 232, 2019
Z, -100, -0.48794847615090897, 329.108333773, 97.9371361011, 3.69909436772, -0.0343106314623, 2.99882869959, 235, 2019
N, -100, 0.0587901430860778, 143.747353786, 17.534198592, 9.05136185595, 0.878415061844, 1.25918254896, 235, 2019
E, -100, 0.42663595317756725, 101.865347197, 76.9003966442, 1.30522357324, 0.470254176906, 1.20205362294, 235, 2019
Z, -100, 0.7646751447784119, 1037.73161136, 108.750658996, 10.4616902608, 0.612338028274, 0.514607342666, 238, 2019
N, -100, -0.1426292141133098, 205.792865039, 19.1651647835, 13.1401150909, 1.71295381386, 3.05952760603, 238, 2019
E, 100, 0.5602485410702033, 133.152718739, 86.3229931527, 1.57902937951, 0.296062726798, 3.08145465746, 238, 2019
Z, -100, 0.44143750776432555, 930.499019301, 214.90695341, 5.0592575657, 1.23719256278, 1.91296647828, 241, 2019
N, 100, 0.7152779701869778, 208.33095348, 40.0039504034, 6.04766753407, 2.54995580242, 2.82930466089, 241, 2019
E, 100, 0.9866269786920486, 206.272471785, 160.870320293, 1.27613430608, -0.115776914857, 0.0577691466332, 241, 2019
Z, -100, 0.48115394184945764, 777.201476295, 249.004840168, 3.29998409412, -2.70386972548, 2.5192995278, 244, 2019
N, 100, 0.973566891745019, 164.429379247, 46.6201315537, 3.62697551992, -0.292724304434, 0.148287502584, 244, 2019
E, -100, 0.9733520709811977, 258.292700953, 187.603885925, 1.50031167634, -0.14421674766, 0.164931368619, 244, 2019
Z, 100, 0.1393952954988074, 1784.4646248, 182.269081001, 8.08516867187, 0.33419248308, 2.69865331882, 247, 2019
N, -100, 0.542123010275081, 295.551675877, 33.9035935538, 8.37667100882, 0.949296113151, 0.202182194106, 247, 2019
E, -100, 0.7414110547804715, 132.600662564, 140.367794795, 0.718676050945, -0.777498582252, 1.9837336949, 247, 2019
Z, -100, -0.5937097860938014, 1295.69079745, 69.850908296, 16.5174818542, -1.05325454661, 2.71791900386, 250, 2019
N, -100, 0.12872261854963873, 106.068880402, 10.6677615094, 9.94288773586, 0.0186594549489, 0.973781611346, 250, 2019
E, 100, -0.09721623495083533, 147.552560834, 58.2969960812, 2.14832876755, 0.356899432602, 2.23401637128, 250, 2019
Z, -100, 0.7914645649876066, 599.846121116, 137.944759479, 5.40436789883, -0.0523169189914, 1.51711720621, 253, 2019
N, 100, 0.5080772783951935, 174.89609248, 24.5717349974, 9.06066309496, 2.27724397691, 2.84417400365, 253, 2019
E, 100, 0.8342479243299781, 228.962090792, 103.760869988, 2.16592669404, -0.696345330041, 1.54053417272, 253, 2019
Z, 100, -0.05721328903683118, 1605.4559605, 200.600393197, 7.19397077267, -0.892885052259, 2.54893656997, 256, 2019
N, 100, 0.8643428563014206, 276.760341879, 37.8175381558, 7.88710982696, 2.87044726687, 3.00628807385, 256, 2019
E, -100, 0.9831345239392495, 220.563045105, 147.684691191, 1.57305477395, 0.805271046352, 1.22449595367, 256, 2019
Z, -100, 0.3954764589141575, 918.998052723, 210.663679516, 4.50136665924, -2.7208499171, 2.5229811253, 259, 2019
N, 100, 0.9695963871877417, 133.971058501, 40.5032588959, 3.29088155237, -0.423559618945, 0.150697150435, 259, 2019
E, -100, 0.9657018245587583, 223.19957938, 155.057162114, 1.5882717328, -0.356014959828, 1.21791636991, 259, 2019
Z, 100, -0.386246756728777, 380.324894694, 164.144942066, 2.62592493025, -1.16146409379, 2.7067563494, 262, 2019
N, -100, 0.7995069926049954, 122.004348044, 31.5828670218, 4.15383390009, 0.608136219854, 0.147968791413, 262, 2019
E, -100, 0.8515861322744651, 188.413927657, 122.346312694, 1.54241722788, -3.11144119854, 3.00093918717, 262, 2019
Z, -100, -0.4743204911248005, 407.882731164, 77.547070646, 6.04301832813, 0.000913065112688, 2.99239150545, 265, 2019
N, 100, -0.25774497212028186, 142.12007572, 13.5492479355, 11.164815169, 1.15341794441, 1.20079252947, 265, 2019
E, 100, -0.17892077610060947, 83.7977809007, 62.6391988734, 1.3216185789, -0.0250325269329, 2.35859820595, 265, 2019
Z, 100, 0.8372515194239578, 605.122250411, 153.274813099, 5.2073243185, -0.613467091146, 1.00627830495, 268, 2019
N, 100, 0.5288745781056154, 128.416051374, 27.916493248, 5.18574038857, 1.87466336486, 2.73869837991, 268, 2019
E, 100, 0.6486441212825176, 154.730120534, 117.701349367, 1.35544889092, 0.0633839251919, 2.71194096085, 268, 2019
Z, -100, 0.4968993958463276, 442.419461638, 251.017628134, 2.32983443896, -1.83903638356, 2.74776454763, 271, 2019
N, 100, 0.9310368659389384, 216.29479179, 46.635563217, 5.54118057887, 2.93679386857, 2.88663857635, 271, 2019
E, 100, 0.977789172222512, 288.362891023, 187.705875621, 1.42858160232, -0.0236920826022, 1.38154135468, 271, 2019
Z, -100, 0.003235706562541473, 685.888602448, 246.03763771, 2.44707874749, -0.275065444175, 2.40228340883, 274, 2019
N, -100, 0.909100682053867, 229.311641638, 45.6327382353, 5.48301863199, 0.464075579837, 0.193990654636, 274, 2019
E, -100, 0.9420592553652518, 235.900505854, 184.02707823, 1.2469015416, 0.47037154228, 0.14808885731, 274, 2019
Z, 100, 0.12716711442142856, 1529.99197254, 143.100224354, 8.87225245303, 0.372288947219, 2.74743183795, 277, 2019
N, -100, 0.3796519166964159, 284.07373221, 26.6142048336, 10.3450859807, 0.845425985767, 1.24827069153, 277, 2019
E, -100, 0.46279969915859764, 106.893978415, 111.159175676, 0.728133813538, -0.927839590761, 2.25001135737, 277, 2019
Z, 100, 0.5474698348308177, 731.177271904, 71.2201962624, 11.1697310045, -1.30879947684, 0.575899439404, 280, 2019
N, -100, -0.5366722102826029, 88.016437735, 11.2880003821, 10.6137482196, 1.54363630481, 1.64186210951, 280, 2019
E, 100, 0.7799809792585704, 121.666419583, 57.9125642637, 1.7709472967, -2.07490461842, 2.43802246661, 280, 2019
Z, -100, 0.7282246345352319, 1835.33343823, 160.038154781, 12.4157298096, -0.76657269471, 1.44558768686, 283, 2019
N, 100, 0.06573243504444443, 110.865990501, 29.4964969361, 4.73587201052, 0.704093054573, 2.88562186307, 283, 2019
E, 100, 0.886588559413693, 147.839914672, 119.073745475, 1.3791777106, -0.994132794036, 0.63760498184, 283, 2019
Z, -100, 0.026794795140808517, 904.887250673, 213.473319485, 4.21579752803, -1.40111780914, 2.67430021611, 286, 2019
N, 100, 0.6888743713944919, 214.668700908, 40.7464237469, 4.95779117676, 2.48894976598, 3.40915206382, 286, 2019
E, -100, 0.828097580314973, 134.005683905, 156.793312488, 0.944311153578, 0.843262252785, 0.290659551946, 286, 2019
Z, -100, 0.34222272604115106, 467.769354118, 208.931059267, 1.91214157649, -1.02691216023, 2.51881782998, 289, 2019
N, -100, 0.9535216951648521, 85.0326641169, 40.3326673509, 2.34379024235, 0.316975843737, 0.383542337454, 289, 2019
E, -100, 0.9297200843043608, 97.4462291202, 153.715225274, 0.644831134404, 0.356550958684, 0.256192555634, 289, 2019
Z, 100, -0.6435233451212696, 415.246350166, 144.067845622, 2.81883742625, -1.84207574141, 2.55119794333, 292, 2019
N, -100, 0.6870897513383891, 138.576784134, 27.6022693178, 5.59425422874, 0.429653029014, 0.137904638012, 292, 2019
E, -100, 0.7927979867427449, 143.930820072, 108.621524797, 1.39053556772, -3.09617734331, 2.98352437276, 292, 2019
Z, 100, 0.7617626161389534, 725.062955073, 75.0687286872, 10.2742724074, 1.05342689269, 2.93135318538, 295, 2019
N, -100, -0.6281645987058398, 199.493723839, 12.5117262468, 16.3984042259, 1.93919534295, 1.12780504316, 295, 2019
E, 100, 0.05724645248036335, 74.6876040912, 63.0640748423, 1.09382244346, -2.22038799134, 2.62352274098, 295, 2019
Z, -100, 0.9136568805670375, 794.109638359, 194.744494314, 5.06304384707, 0.129840838096, 0.900672018557, 298, 2019
N, 100, 0.2901329418454634, 150.819308056, 35.2995116519, 5.07678748203, 1.91936211374, 2.83407005565, 298, 2019
E, 100, 0.8423839110804827, 191.316819486, 147.594332963, 1.30382197886, -0.561562911351, 1.44534283266, 298, 2019
Z, -100, 0.5980746071090924, 793.188485797, 253.867236612, 3.11671942133, -2.67172221287, 2.74791164826, 301, 2019
N, 100, 0.8961167363182001, 133.365136208, 46.5124795121, 3.39883363202, 2.71419205265, 2.81491787167, 301, 2019
E, -71, 0.9818221991252959, 265.874628716, 190.345381657, 1.3452099652, -0.236479381553, 0.14608923874, 301, 2019
Z, -100, 0.280937274336728, 659.227609921, 211.280500057, 3.09090897168, -2.45363197506, 2.5113328337, 304, 2019
N, -100, 0.9081302424809327, 144.799687162, 38.8282487569, 3.67895267653, -0.215290199755, 0.187432695945, 304, 2019
E, -100, 0.9014070171391777, 217.940398629, 157.839718566, 1.32402453184, -0.216742212222, 1.83640289672, 304, 2019
Z, 100, 0.0625541228694452, 336.705798984, 103.712659595, 3.01089723772, -0.10103401175, 2.93790556207, 307, 2019
N, 100, -0.054939399972390786, 150.253116487, 18.9806416625, 7.65966476842, 0.53289231354, 1.69662379868, 307, 2019
E, -100, 0.5289494690743781, 71.5446961175, 81.6687732904, 0.762387067731, -0.998724132874, 2.75983484389, 307, 2019
Z, 100, 0.6756981406689049, 656.463445272, 88.7547958868, 7.70958676874, -1.26966821349, 0.554971332933, 310, 2019
N, -100, 0.7198934825606352, 31.6887484568, 15.0950729674, 2.86435406347, 0.0678799076146, 1.53984853309, 310, 2019
E, 100, 0.9587311449136262, 136.293432097, 70.2026314556, 1.69949973397, -0.495450915335, 0.457014625302, 310, 2019
Z, 100, 0.8903133153412783, 1070.84637677, 169.310001659, 7.20383515568, -0.827132670626, 1.54203157627, 313, 2019
N, 100, -0.061619999311304983, 54.6017643631, 31.6779177754, 1.99812254374, 0.842043703117, 2.4670293029, 313, 2019
E, -100, 0.9425203127117855, 202.906442321, 126.107878077, 1.45823763042, -0.413070535437, 1.21255423138, 313, 2019
Z, -100, 0.07536619761695572, 1072.4961046, 211.42860634, 4.32878112348, -0.800118635176, 2.41635684796, 316, 2019
N, -100, 0.6278611088248879, 212.750725434, 40.4724160952, 4.86774408564, -0.800160058021, 1.86042227933, 316, 2019
E, -100, 0.8531512310518867, 177.631534112, 156.168664608, 1.24572914038, 0.788957270784, 0.412976763103, 316, 2019
Z, -100, 0.21788617290974865, 350.564981427, 193.681825466, 1.92516076164, -0.206188560236, 2.08999426743, 319, 2019
N, -100, 0.9508061285175021, 108.679168706, 37.1653471888, 2.60347185278, -2.02772988913, 2.73048396055, 319, 2019
E, 100, 0.9821258076775493, 125.525244334, 143.949742062, 0.806931429901, 0.710627023405, 2.43358113522, 319, 2019
Z, 100, -0.8575617716442917, 812.675410251, 119.703487447, 6.72832611284, -1.90067438558, 2.60975505683, 322, 2019
N, -100, 0.8211746379140813, 125.404752004, 22.4275028262, 5.76911306373, -0.31891462571, 1.21823895133, 322, 2019
E, -100, 0.4161209784080824, 107.340422316, 93.2124027516, 1.18977313146, -3.49287924601, 2.72323299064, 322, 2019
Z, 100, 0.7674161791519998, 573.974403882, 111.846382226, 6.09907398976, -0.42880396598, 0.467648771099, 325, 2019
N, -100, -0.5051603709788172, 163.877388959, 18.785325511, 10.2919987822, 1.00664566552, 2.71306816174, 325, 2019
E, 100, 0.34779647146716947, 127.576505769, 90.3064054526, 1.36619869711, -1.14807695287, 2.65246276326, 325, 2019
Z, 100, 0.9357677270273174, 597.606844483, 203.328041032, 3.56560192864, -0.0754393660914, 0.265797401997, 328, 2019
N, 100, 0.46806116085264265, 76.9676828794, 35.9807026245, 2.3578024414, 1.87036727013, 2.64919691191, 328, 2019
E, 100, 0.9197736294719109, 199.486195088, 153.894416278, 1.27205906418, -0.686069769118, 0.403589771319, 328, 2019
Z, -100, 0.04765354213008798, 529.580062179, 226.440127397, 2.84278000352, -1.30038712963, 2.65856615994, 331, 2019
N, 100, 0.785295702670198, 232.454077862, 40.683786515, 5.37000435554, 2.12603895659, 3.38195984192, 331, 2019
E, -100, 0.6917843739646641, 170.926321335, 169.8685823, 1.05913530697, 0.632890742475, 0.325103791369, 331, 2019
Z, 100, -0.5011544362528588, 334.347772705, 174.613148725, 2.23953020683, -0.624313930372, 2.67671661723, 334, 2019
N, -100, 0.8258439948176591, 63.9720601293, 31.9224373061, 2.03726615957, 0.424315311327, 1.21500385822, 334, 2019
E, -100, 0.400104531696826, 48.5278533357, 130.923498653, 0.402836405799, 1.82945800108, 1.78875018354, 334, 2019
Z, 100, -0.8172561616741414, 1312.92015046, 87.0617249208, 13.9699799557, -1.88559647491, 2.72939876923, 337, 2019
N, 100, 0.6089779880649084, 41.6331791291, 15.5637672967, 2.91941546877, -0.277047933674, 0.499959648786, 337, 2019
E, -100, -0.2066007646940499, 89.7715288536, 69.4612815388, 1.21791615405, -2.32659801172, 2.62981875985, 337, 2019
Z, -100, 0.36808506336292496, 1296.09074021, 92.5796626594, 13.24378496, 0.859011793644, 0.701457986101, 340, 2019
N, 100, 0.17829282110645064, 190.299230168, 15.9870815499, 12.5364349217, -2.14549424955, 1.31796957834, 340, 2019
E, 100, 0.8509717920508423, 119.188836582, 73.3585310538, 1.90858259654, -0.0961402540841, 0.975123649846, 340, 2019
Z, -100, 0.1045818520717537, 1013.53146016, 164.275701463, 5.82854755447, 0.887516074568, 2.58201577548, 343, 2019
N, 100, 0.7995857312050849, 129.348726826, 30.7136978723, 4.79330936882, -0.799600405071, 0.928585066067, 343, 2019
E, 100, 0.9774679455596325, 144.344557241, 123.160022557, 1.15598239168, 0.672801439487, 1.13524675605, 343, 2019
Z, 100, -0.0685456000041463, 825.748159307, 202.283831242, 3.98531845752, -1.3480548763, 2.68626406906, 346, 2019
N, 100, 0.8771632444473669, 133.536173393, 38.4488888084, 3.73618378825, 2.29432708007, 3.00649806052, 346, 2019
E, -31, 0.9082020322793769, 144.375043437, 150.911158334, 1.05074572148, 0.254771059632, 0.428372019165, 346, 2019
Z, -100, 0.16611644884714477, 1828.95391434, 182.646316353, 8.98080902346, -2.6904371907, 2.56530870105, 349, 2019
N, 100, 0.5698587320249533, 128.087655469, 34.6472154696, 3.68904220812, -1.20136721311, 1.60909138101, 349, 2019
E, 12, 0.9078733423579802, 198.48678337, 137.697892105, 1.50756696544, -0.642150834532, 1.2234234222, 349, 2019
Z, 100, 0.1146823309161966, 829.951578422, 114.811002364, 5.92980666908, 0.398589304486, 2.87714605502, 352, 2019
N, 100, -0.14988746576817727, 183.150142412, 20.8217300221, 7.29894475428, 0.900579384414, 1.64657518174, 352, 2019
E, -100, 0.559344401733022, 115.216066575, 92.3275623894, 1.18595968416, -2.99120484063, 2.5607807782, 352, 2019
Z, 100, 0.5947186977626205, 708.225271469, 121.769448844, 6.06115295112, -1.09200910303, 0.543847228857, 355, 2019
N, -100, 0.5643135683966095, 26.2571534235, 19.4758660622, 1.67988117444, 0.162752637679, 3.13901982003, 355, 2019
E, -100, 0.9738568568862562, 182.536615852, 97.4667235685, 1.65700823862, -0.178754527457, 0.35055597357, 355, 2019
Z, -100, 0.4617810093583807, 685.818878686, 185.910201776, 4.10765006444, 1.91605544881, 1.33038110944, 358, 2019
N, 100, 0.7637421966123262, 130.971092571, 32.0938565765, 4.55738035382, -0.764816573881, 0.925510141931, 358, 2019
E, -100, 0.8331815168947514, 169.931604195, 140.406404107, 1.26777221795, 0.674852765774, 0.539078607965, 358, 2019
Z, -100, 0.7025510406207691, 941.427727417, 201.458749316, 4.6980713818, -3.21251987944, 2.57182755445, 361, 2019
N, 100, 0.41648732419645107, 69.7403527367, 36.2710633636, 2.17160706849, -1.88943037932, 0.618953567928, 361, 2019
E, 100, 0.9774930025157857, 111.298382587, 150.857496161, 0.778620430144, -0.645841762103, 1.25742039189, 361, 2019
