Chan, Phase Shift, Correlation, ptp-data, ptp-synthetic, rat, phasem, phasestd, DOY, Year
Z, 100, -0.2934382764555237, 357.1976298, 90.6995643036, 3.23470559883, 1.15797159522, 0.790778702668, 1, 2019
N, -100, -0.7207272509253452, 94.6966578078, 13.4003038014, 6.24079238377, -0.553866044765, 1.99309633966, 1, 2019
E, -100, 0.3102932036455226, 249.668367239, 37.126919831, 5.56535060093, 0.953231233308, 0.299240816206, 1, 2019
Z, 100, -0.6599068670167142, 478.124836615, 149.106503863, 3.1587517204, -0.842508670879, 3.11166553608, 4, 2019
N, -100, -0.885936116100099, 158.570905715, 18.0529965912, 7.99296910352, 3.5384702419, 0.0214993112218, 4, 2019
E, -100, 0.3344652138431419, 394.375980469, 52.6917031468, 7.31965467621, 1.21233406639, 0.0122324327952, 4, 2019
Z, 100, -0.811239082679694, 295.124410691, 160.695900597, 1.71759413369, -0.411206197449, 2.97301743434, 7, 2019
N, -100, -0.8657480883500981, 173.321029868, 21.5334852924, 7.82600472143, 3.65236192085, 0.229520706799, 7, 2019
E, -100, 0.07010390839934096, 276.549386507, 53.499367158, 4.79308222138, 1.65634075142, 0.171078837186, 7, 2019
Z, 100, -0.9103224509351925, 401.943913852, 127.203987368, 2.96463028958, -0.544369824346, 3.35949444503, 10, 2019
N, -100, -0.9124516302071087, 149.722660895, 18.2166530472, 8.00876556741, 0.391431408018, 3.16464168876, 10, 2019
E, 100, -0.03659727843886275, 369.434988606, 41.1847410967, 8.2393761871, 1.36191898363, 0.287654051232, 10, 2019
Z, 100, -0.9121375199019359, 395.00718287, 65.945025834, 6.31316970671, -0.16247205858, 2.88873482493, 13, 2019
N, -100, -0.8308124333068709, 159.491206086, 11.7754378397, 16.7418413173, 4.0429937379, 0.535047624144, 13, 2019
E, 100, -0.040704585931541665, 296.209448427, 24.2607328083, 12.2633864263, 1.57346088744, 0.0113433211761, 13, 2019
Z, 100, -0.45199191068459893, 295.252246022, 90.8420629135, 3.09181444342, 2.2057914329, 0.164779284531, 16, 2019
N, -100, -0.8972679180801474, 106.583820725, 14.9566654972, 7.93723810184, 0.0980832806137, 3.46451898756, 16, 2019
E, -100, 0.41790851973884163, 211.82495047, 37.5601913263, 5.1322253805, -1.94170970242, 3.21851745794, 16, 2019
Z, 100, -0.19593479004625647, 318.087107439, 172.424686386, 1.87398385031, -1.36696116807, 3.11202146654, 19, 2019
N, -100, -0.8806714941809678, 119.026891842, 21.8787063038, 5.05553288599, 3.5534350561, 0.0935872040188, 19, 2019
E, -100, 0.6053617614423593, 257.993950796, 61.1384701713, 4.39843780422, 0.908991746058, 0.00275687591154, 19, 2019
Z, 100, -0.7665087331054043, 291.454668676, 190.653832281, 1.25213496154, -0.000447445707825, 2.58741441692, 22, 2019
N, -100, -0.46701578830428087, 139.998979899, 23.6259885938, 5.11227276818, 1.28785195425, 2.66480256981, 22, 2019
E, -100, 0.09403293613429826, 285.110699086, 60.7864767027, 4.17755655346, 1.72645849237, 0.28300056291, 22, 2019
Z, 100, -0.951550439154392, 362.282535988, 112.602748577, 3.06363003186, -0.382241543777, 3.33211252367, 25, 2019
N, -100, -0.8418955113944413, 132.657358172, 20.136134845, 7.81482242329, 3.77964111962, 0.183348154989, 25, 2019
E, -100, 0.06980398115976955, 276.067389957, 31.8178519751, 7.8027290272, 1.04863200723, 0.513279616998, 25, 2019
Z, 100, -0.28130187136532847, 521.797181302, 62.1995925886, 9.49364354461, 1.78851070032, 0.114266015059, 28, 2019
N, -100, -0.8246476679848883, 175.100236892, 12.9735008019, 17.1786485471, -0.358395870864, 3.76614569627, 28, 2019
E, -100, 0.5083917268432375, 361.213514732, 27.9781717262, 13.4569886556, -2.18945362015, 3.05178850654, 28, 2019
Z, -100, 0.17926408961074264, 474.260534795, 123.964496069, 3.65427527825, -1.93318837302, 3.38246101244, 31, 2019
N, 100, -0.892609344090649, 138.811824742, 14.0210034753, 10.6994043669, 2.62924224902, 0.454964691962, 31, 2019
E, -100, 0.8187782380021603, 258.125908712, 44.1286497697, 5.50880250266, 0.422196513193, 0.199377762824, 31, 2019
Z, 100, -0.3735450572974084, 233.169023198, 145.250037479, 1.62265447179, -1.13799234792, 3.04971368977, 34, 2019
N, -100, -0.8582752276182585, 77.1415707403, 16.4714909824, 4.08465396183, 0.46756345693, 3.00355891869, 34, 2019
E, -100, 0.49057086815481965, 248.243609022, 48.8190454093, 5.04954557039, 1.0540089723, 0.0151098025612, 34, 2019
Z, 100, -0.5275102494464613, 168.151674321, 122.789315158, 1.27411609432, -1.03383172394, 3.22221297125, 37, 2019
N, -100, -0.49751256431439944, 91.2845572489, 19.3658136794, 4.57307141238, 1.39884572529, 2.34046795884, 37, 2019
E, -100, 0.3685595693161397, 149.832902136, 39.6895948744, 3.57251243348, 1.23520060981, 0.0260725042764, 37, 2019
Z, -100, -0.7590143099128169, 507.428769569, 66.8331777096, 8.14696147058, 0.687068691399, 2.49507309403, 40, 2019
N, -100, -0.6381710418536226, 174.858492281, 14.51060784, 14.957843447, 1.23738737899, 2.56917176904, 40, 2019
E, 100, -0.19753774735507668, 383.082201474, 19.9798940459, 20.0556664833, -1.1260784222, 3.44092213522, 40, 2019
Z, -100, 0.2653320981873364, 576.076307068, 56.1781405669, 12.434652803, 0.889654214433, 0.443400238103, 43, 2019
N, -100, -0.7702817441642583, 209.004070352, 10.7802467447, 24.2464292086, -0.379486274507, 3.78791819741, 43, 2019
E, -100, 0.8732708086877561, 376.769598121, 23.8880498314, 16.1680464831, 0.194159739562, 0.267646849014, 43, 2019
Z, -100, 0.4561204415688553, 395.264672667, 132.29918649, 2.68978675823, 0.7417796137, 0.400343112774, 46, 2019
N, 100, -0.8121897931500135, 106.955449875, 16.6560386244, 5.68430684144, 2.06252676875, 0.875025904845, 46, 2019
E, -100, 0.7602624007274301, 226.377469656, 47.3652321091, 4.53388873469, 0.605858734049, 0.0765640605339, 46, 2019
Z, 100, -0.0294066776682031, 541.662747621, 170.185477884, 2.86948644933, -1.78220461621, 3.51816442263, 49, 2019
N, -100, -0.8781501085666871, 146.159679045, 18.0180105009, 6.84208792454, 3.19220343899, 0.301197680304, 49, 2019
E, -100, 0.6215522594227689, 352.881006002, 55.133075687, 5.50598085169, 0.602595721028, 0.353152080408, 49, 2019
Z, 100, -0.9142915991939647, 560.179253536, 117.149142939, 4.9267901795, -0.240428253226, 2.96115749764, 52, 2019
N, -100, -0.820904270768636, 190.32490434, 21.7698959078, 11.1001021325, 3.65501790143, 0.404468931066, 52, 2019
E, -100, 0.015545942846856066, 381.819419952, 32.1789833151, 12.0192384266, 1.62329855956, 0.11376210546, 52, 2019
Z, -100, 0.4196354646132417, 531.194863283, 38.189370104, 16.6213900911, 0.547555559049, 0.697189966325, 55, 2019
N, 100, -0.8318818363619358, 147.65579188, 16.1146330401, 11.6320964212, 0.364236812113, 2.51064049259, 55, 2019
E, -100, 0.9213042493926344, 294.205585407, 17.1541562571, 15.6439003645, -2.82219204991, 3.16615620405, 55, 2019
Z, -100, 0.7165718425203877, 456.664685828, 98.513505782, 4.51097700758, 0.61197602194, 0.190159247254, 58, 2019
N, 0, -0.7306584133043015, 105.681920167, 10.5874909106, 11.542378343, 2.33236058725, 0.775563640324, 58, 2019
E, -100, 0.9684091120621984, 226.586003199, 34.7235921604, 6.21169795941, 0.127581922113, 0.0960140619564, 58, 2019
Z, -100, 0.5674031283614, 152.22985629, 119.381642816, 0.962870538674, 0.0444650419728, 0.91697912191, 61, 2019
N, 100, -0.4759924092145015, 95.8192384041, 10.4439237334, 9.15633069724, 1.96916440382, 0.186033337493, 61, 2019
E, 100, 0.9804580473897619, 76.0822582216, 39.3521941948, 1.91703087585, -0.0403522362888, 0.0255879638968, 61, 2019
Z, 100, -0.3619256415011757, 177.325940719, 100.782251524, 1.59930070059, -1.26591984684, 3.30829233023, 64, 2019
N, 100, -0.38293468624079857, 71.8256918743, 13.7060235528, 4.66516110551, 1.99994278953, 0.258200038335, 64, 2019
E, 100, 0.8709209394337452, 103.632162183, 32.4859571892, 2.60298675538, -0.263007379757, 0.36731478231, 64, 2019
Z, -100, -0.5191041293032029, 1595.12930517, 52.6937871232, 30.4494775955, 1.02920301736, 2.30935292455, 67, 2019
N, -100, 0.0561756871288834, 341547.630509, 16.2467423076, 27102.9950235, 2.27134958222, 1.21071479113, 67, 2019
E, 100, 0.3065211520746934, 8392.70549484, 13.2039925101, 616.112367852, -0.499544992486, 0.748229145714, 67, 2019
Z, 100, 0.5774258189133317, 2085.18982663, 46.1233926496, 41.0785349416, -0.411803421928, 0.808917423758, 70, 2019
N, -100, 0.70409180391575, 443846.310554, 11.4041535, 45578.0078781, 0.162394718978, 0.0273182045015, 70, 2019
E, 100, -0.47384660716408267, 11620.4442746, 17.2439085447, 500.74780951, 1.99748230171, 0.471282488593, 70, 2019
Z, -100, 0.6384541073398572, 599.647649234, 107.970899992, 5.43477605222, 0.822627534054, 0.0774631231119, 73, 2019
N, 100, -0.7471350427483738, 148.383189571, 13.0793607907, 13.3178157674, -0.535554518766, 3.43737291701, 73, 2019
E, -100, 0.9817093307814531, 382.683478062, 38.4314616733, 9.27102116223, -0.0115155855993, 0.142502936934, 73, 2019
Z, -100, 0.44039218155231324, 407.490688217, 139.15536035, 2.76994775348, 1.15679155385, 0.0651646765441, 76, 2019
N, 100, -0.9368196467957138, 83.6422828023, 12.5519678099, 6.40430824365, 2.80347033391, 0.195074296963, 76, 2019
E, -100, 0.9163404076058489, 250.872922454, 45.0456909124, 5.35180816141, 0.439084686589, 0.0629681180244, 76, 2019
Z, 100, -0.3783113981357584, 239.881196028, 101.629566388, 2.25080560249, -0.937341457629, 2.9719496671, 79, 2019
N, -100, -0.8588601324602985, 98.859429561, 11.9982286157, 9.90176732044, 0.359602433624, 2.68878475041, 79, 2019
E, -100, 0.5886752374167362, 162.858133832, 29.5875278118, 4.37740898161, 0.844070171602, 0.0973827731775, 79, 2019
Z, 100, 0.6594449346934027, 335.479607172, 39.0839492232, 8.73262110598, -0.498513745253, 0.119576521205, 82, 2019
N, 100, -0.432238060850726, 69.4711541399, 21.6293797224, 3.84454950002, 0.638616509248, 1.74334122352, 82, 2019
E, 100, 0.8160194459531129, 209.041453622, 15.0167758661, 12.7702405219, -0.525411336844, 0.140683051735, 82, 2019
Z, -100, 0.9557737508136115, 451.717737979, 100.74609726, 4.22789862604, -0.12521825176, 0.269827307676, 85, 2019
N, 100, -0.5960167458881263, 88.2555463828, 11.9084581077, 7.42493663718, 2.07067579973, 0.370058063386, 85, 2019
E, 100, 0.7249140168901921, 271.77743205, 36.5359119556, 6.82367357291, 2.34721456912, 3.20422529564, 85, 2019
Z, -100, 0.44495447728181853, 284.52033788, 111.103197049, 2.0088619529, 1.65666988027, 0.740143689012, 88, 2019
N, -100, -0.7857906453177538, 73.6848480545, 7.74360893154, 10.6603995801, 0.468758986881, 3.29481348598, 88, 2019
E, -100, 0.8444077422143352, 205.555251937, 37.3181139356, 4.49986318012, -2.46796055045, 3.66858412691, 88, 2019
Z, -100, 0.0074141498155767364, 390.210639784, 84.698968015, 4.04130358044, -1.69478322375, 3.32141250885, 91, 2019
N, 100, -0.9697164677055289, 142.174506666, 5.4076065687, 26.4722069816, 0.12210703533, 2.96758111208, 91, 2019
E, -100, 0.8607418287674952, 248.392178859, 26.7444774076, 8.38499522156, 0.424559330595, 0.105735540925, 91, 2019
Z, 100, -0.691316670718664, 421.585112241, 32.63216789, 17.2111285902, -0.351377535643, 2.7087969391, 94, 2019
N, 100, -0.5152492697850739, 166.84498761, 12.1765124355, 22.319113871, 0.107637253098, 2.12816160307, 94, 2019
E, -100, 0.5972605769998386, 279.917608834, 8.52618720993, 41.7916647936, 1.19349364544, 0.736015405753, 94, 2019
Z, 100, 0.6104282577495079, 296.420120116, 62.2016264863, 4.47091430793, -1.03203463165, 0.424871603323, 97, 2019
N, 100, -0.02957590259566739, 142.403017979, 15.1908454621, 12.3964787445, 2.00103776433, 0.61946708182, 97, 2019
E, 100, 0.27545007927961046, 124.017503776, 23.1810705033, 4.52670555368, -1.64550018555, 0.44963899344, 97, 2019
Z, 100, 0.9914900324239762, 294.134636014, 121.151126655, 2.25823006629, -0.114169068403, 0.0396746688481, 100, 2019
N, -100, 0.12200790076944042, 17.5391386172, 13.8138945461, 0.839454368344, -0.741310585489, 2.32786665692, 100, 2019
E, 100, 0.758753681304654, 181.034102277, 43.435870933, 4.01862287066, -0.732179748536, 0.0338079726917, 100, 2019
Z, -100, 0.7734950675748865, 317.254078718, 135.884075159, 2.09977063451, 0.793908906848, 0.194567149194, 103, 2019
N, 100, -0.9745093461844796, 75.3796455739, 11.3159510573, 6.7181626095, 0.0651975881488, 3.07084967933, 103, 2019
E, -100, 0.9329650723436106, 204.07856364, 46.5718740328, 3.80448263878, 0.25479855764, 0.251637404829, 103, 2019
Z, -100, 0.5388378135186218, 241.045297967, 94.8514380688, 2.43320721363, -2.23341654489, 3.27033303864, 106, 2019
N, 100, -0.8377575308067227, 109.235113032, 4.47436964384, 25.7328664768, -0.553082634604, 3.35096190904, 106, 2019
E, -100, 0.8316874068506854, 151.657459338, 28.1594879673, 4.75616663143, -2.75087823641, 2.91614032402, 106, 2019
Z, 100, 0.7250937256674397, 269.785901131, 47.3742554353, 6.24985083717, -0.704056797636, 0.303412920431, 109, 2019
N, 100, -0.3998351682544238, 82.4791199912, 15.3638492772, 7.69997274145, -0.103112525837, 2.21322813122, 109, 2019
E, 100, 0.6462597787318944, 135.183157907, 20.4845467348, 6.31143892229, -1.06929472442, 0.236463067606, 109, 2019
Z, 100, 0.9233054898803641, 299.023442113, 123.915611925, 2.44849152271, -0.385508460999, 0.00722639836442, 112, 2019
N, -100, 0.610356154007074, 69.1227485076, 20.845161682, 4.93514379325, 0.923692451306, 0.595068233878, 112, 2019
E, 100, 0.6652082628814979, 103.95344137, 43.6024750953, 2.3086284846, -0.859891573177, 0.0530049314031, 112, 2019
Z, -100, 0.6972442072757207, 243.457995372, 134.312678351, 1.47241992285, 1.42407398472, 1.20413876155, 115, 2019
N, -100, -0.38527309860836295, 74.7618809189, 10.1644694317, 7.72589122465, 0.544856556631, 2.87511759135, 115, 2019
E, -100, 0.6781180758157588, 153.893166774, 48.8334266185, 2.90992728371, 0.817829926703, 0.586356666272, 115, 2019
Z, -100, 0.8569894413780373, 460.85322555, 98.3756430615, 4.06928416674, 0.321892850959, 0.25515864937, 118, 2019
N, 100, -0.1204723114608277, 108.237325075, 6.2589508051, 14.7225208891, 1.2844827918, 0.651278062256, 118, 2019
E, 100, 0.8816017053319124, 240.732189515, 34.1906730083, 6.52355930669, 2.58755145588, 3.24355354415, 118, 2019
Z, -100, 0.697624160805223, 306.153235729, 41.0061609902, 9.25446228406, -2.20918857696, 2.67054970756, 121, 2019
N, -100, 0.14923033675674, 115.214821781, 6.46637230574, 18.7004191539, -1.71412444997, 3.09704200723, 121, 2019
E, 100, 0.6532636748547892, 186.374314028, 13.2795036797, 16.8228606364, 2.73035247321, 2.70209932725, 121, 2019
Z, 100, 0.9194416506525824, 435.357202864, 74.3266383946, 5.38070417982, 2.97986109526, 2.88560480016, 124, 2019
N, 100, -0.08256352212871511, 102.969117599, 12.9278290224, 8.50179316171, -1.09375778795, 2.858650435, 124, 2019
E, 100, 0.1911608106753026, 301.376469363, 29.4677688403, 9.85870866028, -1.38361080906, 0.0236572562772, 124, 2019
Z, 100, 0.7870403697523987, 381.428158675, 144.752001433, 1.89525746315, -0.841015085254, 0.678942433434, 127, 2019
N, 100, -0.5157165897122594, 98.8448089369, 17.2237459844, 5.78512902605, -1.24704976176, 3.35815769256, 127, 2019
E, -100, -0.2987524847723613, 247.791970471, 50.8050947338, 3.68155454176, 0.883312797292, 3.6644516673, 127, 2019
Z, -100, 0.9715349012000566, 417.072157513, 161.777800208, 2.41994815963, -0.0146573124897, 0.184360563799, 130, 2019
N, -100, 0.09467718032126905, 56.828985718, 14.5043667041, 2.82424949922, -0.0490853681007, 1.53320987396, 130, 2019
E, 100, 0.7430344502742129, 242.920117371, 57.7803721305, 4.07636251364, -0.560297279317, 0.168071166254, 130, 2019
Z, -100, 0.8934386892531411, 426.657181707, 114.04061595, 3.42072387369, 0.350070316393, 0.150264445226, 133, 2019
N, 100, -0.4040790482894362, 91.1973015378, 6.88558636473, 13.551221365, -1.11826587482, 3.12751721644, 133, 2019
E, 100, 0.8907364856705666, 252.510222168, 38.7632032367, 5.47319992962, -0.584263678361, 0.287675000409, 133, 2019
Z, 32, 0.6897692322751587, 308.697640192, 47.2852843761, 8.23886052307, -1.09930648145, 1.10982826847, 136, 2019
N, -100, 0.26976346384798017, 119.463607367, 11.2059954567, 8.452366365, 0.95342461547, 0.437418550379, 136, 2019
E, 100, 0.49655724116696137, 220.851384, 23.3422416852, 11.3643312569, -1.52430579633, 0.818109821365, 136, 2019
Z, 100, 0.9570265348516771, 240.087525959, 133.793605962, 1.60790183434, 3.15435248005, 2.9314045064, 139, 2019
N, -100, -0.08487158812536216, 39.8618179495, 19.2265069545, 1.75224600579, 0.833835671198, 2.94182578956, 139, 2019
E, 100, 0.7519046075774485, 121.536869322, 47.1356683702, 2.40279622751, -0.627428264265, 0.122049264877, 139, 2019
Z, 100, 0.9594920719091358, 299.074458563, 163.473196189, 1.68155900514, -0.22768362172, 0.156822480706, 142, 2019
N, 100, -0.7324704315217873, 14.9902314099, 16.95280971, 1.19918149109, -0.0894131462615, 2.83430255881, 142, 2019
E, 100, 0.6018542282665426, 123.117588494, 57.0978835895, 1.90984700796, -0.878248368677, 0.00180172839959, 142, 2019
Z, 100, 0.9434604904318432, 289.651353845, 130.620792402, 2.14076441482, -0.172728538885, 0.108456547676, 145, 2019
N, 100, 0.05420584610984537, 25.1772525199, 9.34092927524, 1.68697006302, 1.68138684872, 1.77589556828, 145, 2019
E, 100, 0.6115675043128791, 137.222629878, 48.4901527046, 2.56950633775, -0.966409852865, 0.146020398088, 145, 2019
Z, -100, 0.8408936079565215, 111.862995316, 71.6560592017, 1.45552848933, 0.754977964136, 0.687431936817, 148, 2019
N, -100, -0.08986106434261464, 20.9170467871, 8.72574639283, 1.14616634416, -1.92085030469, 0.555656287436, 148, 2019
E, 100, 0.04931464058306045, 50.0316801829, 26.5027602733, 1.21736284316, 0.37182640201, 1.14817272184, 148, 2019
Z, 100, 0.6863917701211303, 176.43180472, 69.7345131426, 2.71755495009, 2.15294396723, 3.46987716134, 151, 2019
N, -100, 0.6433682403330643, 61.2745133188, 13.8792060777, 4.57414868239, -2.37843049255, 3.21331080234, 151, 2019
E, -100, -0.22851235542178525, 88.4038358092, 29.8315949143, 3.09913070726, -2.11642048911, 0.440704361797, 151, 2019
Z, 100, 0.871357857764369, 209.728179998, 150.529306983, 1.18489812858, 3.08189180829, 2.76044160159, 154, 2019
N, -100, 0.7972514335049617, 45.7455760132, 19.309602197, 1.62078382077, -1.70510744907, 2.20002927533, 154, 2019
E, 100, 0.7514054858324986, 79.7142164755, 53.7974207204, 1.2899757131, -0.281060652658, 0.308952700428, 154, 2019
Z, -100, 0.47483413308226957, 253.719831061, 189.606558368, 0.980349145737, -1.41413968686, 3.89777743752, 157, 2019
N, -100, 0.5614604295475919, 150.749930528, 19.0462332176, 6.85705639027, -1.52555787167, 2.16094575642, 157, 2019
E, -100, 0.3927039787660651, 248.204458668, 65.0545246992, 2.9915387036, -1.14707879544, 2.0111775743, 157, 2019
Z, -100, 0.6460081810040782, 714.639400425, 144.985100791, 4.72857659999, 0.785123123662, 0.0266888545107, 160, 2019
N, -100, 0.8693522573889252, 335.968627905, 9.95438580952, 37.7182240432, -0.207358767317, 0.281306549808, 160, 2019
E, -100, 0.5189064208896662, 467.345383665, 53.480054435, 8.43892781331, 1.01407696229, 0.0283946083843, 160, 2019
Z, 100, 0.8290183245383547, 112.539634343, 59.0869575621, 2.04763271936, 1.40232770479, 1.55507824046, 163, 2019
N, 100, 0.3850590602306793, 20.0407835126, 12.5914140159, 1.21590015992, -1.56769149244, 1.11005071217, 163, 2019
E, -100, 0.5163444190448063, 260.371693212, 23.85094042, 10.9009598257, -0.02774140257, 0.490052095828, 163, 2019
Z, 100, 0.7794275124944975, 105.552526917, 122.666853805, 0.848664895732, 2.40053503714, 3.4922465671, 166, 2019
N, -100, 0.5000272950543523, 52.5106661127, 18.3796961928, 2.15832442348, 0.458351153041, 0.659524471166, 166, 2019
E, 100, 0.8259423746024827, 64.6445207107, 45.624956376, 1.36816166201, -0.57709880503, 0.0968942612336, 166, 2019
Z, -100, 0.7114632561252884, 148.505736608, 172.183593126, 0.819474820471, -2.56813067651, 3.03580849403, 169, 2019
N, -100, -0.9048259197836626, 39.0494213942, 18.6644669155, 2.14065051039, 0.136800910106, 3.31037015148, 169, 2019
E, 100, 0.866059262846123, 133.241335019, 57.8063088436, 1.81462258919, -0.662907318485, 0.411667190203, 169, 2019
Z, -100, 0.9839484780267739, 524.124179429, 155.993645828, 3.28184542308, 0.145878803364, 0.0930902863708, 172, 2019
N, -100, -0.5496511306891998, 53.3579399995, 11.830334214, 5.38487962056, 0.409617589737, 2.95168678971, 172, 2019
E, 100, 0.5312541872105115, 176.942095489, 56.2084192699, 2.95435225398, -0.796646666963, 0.29828505164, 172, 2019
Z, -100, 0.9678354205399847, 201.584084652, 99.7094296604, 2.03144032529, 0.222173072013, 0.0816617260453, 175, 2019
N, -100, 0.22946581719922315, 58.9874164699, 8.502981336, 8.16846753759, -1.77056746818, 3.13571123, 175, 2019
E, 100, 0.6690616655274056, 112.466390286, 39.8371576216, 2.88258918608, -0.858791183651, 0.0259743437087, 175, 2019
Z, -100, 0.6796893579639212, 186.107914332, 54.049777756, 4.53445772055, 0.340307237544, 0.288935473905, 178, 2019
N, -100, 0.9431648079606332, 65.7263086562, 13.51830155, 4.08808592642, 0.0765023866583, 0.204439816604, 178, 2019
E, 100, 0.8826173459852046, 98.673255225, 25.4598787058, 4.85579286557, -0.486279023558, 0.243395255632, 178, 2019
Z, 100, 0.7746154631557186, 258.052334248, 131.715452909, 1.75161740661, 2.1824811896, 3.62374899744, 181, 2019
N, 100, 0.8478976019599584, 32.9655446796, 20.4354491176, 1.46769562353, -0.240313330067, 0.135128233369, 181, 2019
E, 100, 0.21248681045678053, 105.615831122, 49.7293989373, 1.76638579729, -1.95573766217, 0.673369335388, 181, 2019
Z, -100, 0.9838219332314758, 348.631262062, 194.532895695, 1.80969814583, 0.0771391610845, 0.106897527292, 184, 2019
N, 100, -0.16854812280897344, 37.6738987823, 21.3759607216, 1.56303392522, -0.913595130257, 2.58638781982, 184, 2019
E, 100, 0.6087323179270132, 165.317857633, 65.2706105158, 2.58086150032, -0.949018456511, 0.0747950996175, 184, 2019
Z, 100, 0.8062658510069193, 299.412669144, 173.967329618, 1.40099714849, -0.753531965776, 0.40803911542, 187, 2019
N, -100, 0.5438813421507857, 50.2716270533, 16.3595198612, 3.38783511935, 0.926359120455, 0.134668623505, 187, 2019
E, 100, 0.2497817192720092, 76.4169991547, 61.1427149518, 1.03818858049, 0.850970156693, 1.5050301177, 187, 2019
Z, -100, 0.5725667196952283, 323.199103552, 82.3249168525, 4.82775436833, 1.17143715255, 0.707415102913, 190, 2019
N, -100, 0.081634289782581, 64.7179139006, 9.92628206822, 6.29125618685, -1.59242039359, 2.93927521998, 190, 2019
E, 100, 0.7087662773988777, 260.667928242, 35.1853859164, 9.33484732717, -0.0980987114448, 0.572864923724, 190, 2019
Z, 100, 0.4853654632054325, 248.824452032, 99.2889507773, 2.04084187226, 1.33771758271, 3.96625764452, 193, 2019
N, 100, 0.9971356042142521, 64.7194652748, 20.1303181438, 3.2618922756, 0.0199055429177, 0.0553965384738, 193, 2019
E, -100, -0.5534765547991767, 175.631926956, 39.176412688, 3.54725878991, -0.00495457481267, 3.87501500746, 193, 2019
Z, 100, 0.9298528768385756, 237.131358208, 156.732629236, 1.54320730116, 2.76536494628, 3.21530895603, 196, 2019
N, -100, 0.916306636535936, 58.5976800933, 18.5931840217, 2.91072217305, 0.319459060273, 0.114818022623, 196, 2019
E, 100, 0.7028390918819376, 80.917407933, 53.7099686423, 1.35426120221, -0.807747047205, 0.277746856988, 196, 2019
