Chan, Phase Shift, Correlation, ptp-data, ptp-synthetic, rat, phasem, phasestd, DOY, Year
Z, 100, 0.9783976280053062, 101.85705759, 81.316225529, 1.17982323502, 0.973106126453, 2.5902480743, 1, 2019
N, -100, 0.9606188661458601, 109.120622197, 69.1045422826, 1.74028980854, 0.0605738887093, 1.30409980227, 1, 2019
E, -100, 0.8752720379236184, 84.6917249477, 54.8426439582, 1.60073120545, -0.109404841147, 0.909230923711, 1, 2019
Z, -100, 0.963281087927536, 151.254040885, 116.906535245, 1.22326494294, 0.0329720039684, 0.148045463401, 4, 2019
N, -100, 0.9883668813346403, 184.548476019, 95.9215665734, 1.84708882154, 0.0968157406187, 0.0419173793168, 4, 2019
E, -100, 0.15795909352023427, 47.7519511937, 74.3289363889, 0.635384275067, 1.00090900471, 1.64833734554, 4, 2019
Z, -100, 0.9541296830158633, 144.812156303, 126.844016598, 1.10152951658, -0.0131967296098, 1.33666063478, 7, 2019
N, -100, 0.9911486100382108, 193.686262963, 105.229170581, 1.78796350086, 0.126436600354, 0.0703668829467, 7, 2019
E, 100, -0.6214479883197714, 70.8991041015, 79.2151431563, 0.74417403855, -2.66930570825, 2.62038005454, 7, 2019
Z, -100, 0.9778735088538952, 95.5277198699, 107.09548406, 0.950149511213, -0.0832775842009, 0.191037156458, 10, 2019
N, -100, 0.9753406433830978, 151.284551535, 91.5414862786, 1.61513504917, 0.346895575385, 0.0955797223795, 10, 2019
E, -100, -0.8142519800017652, 102.887504245, 66.9832338543, 1.66669615414, -0.893391610845, 2.93204729289, 10, 2019
Z, 100, 0.9030362058357777, 69.5966597061, 67.6606539676, 1.02383925222, 0.0221740571673, 2.35261537027, 13, 2019
N, -100, 0.9362315304993333, 142.574699962, 63.3602911079, 2.11555427405, -0.295363121401, 1.24345535104, 13, 2019
E, -100, -0.0833379310313305, 177.444333402, 44.6667840245, 3.47392617979, -0.287743503932, 3.13702541968, 13, 2019
Z, -100, 0.9834982631227154, 101.744395658, 63.5431313604, 1.66868339539, 0.384556013949, 0.275716477276, 16, 2019
N, -100, 0.9085980485707473, 79.6477985155, 53.1584312355, 1.72790000499, 0.307524475699, 0.235148861072, 16, 2019
E, 100, 0.915621238956032, 90.3602913264, 46.5397511858, 1.97806574845, -0.569794292806, 1.07907142542, 16, 2019
Z, -100, 0.9763867574380775, 142.110713061, 120.749683944, 1.20621115054, 0.386330410342, 0.145121938277, 19, 2019
N, -100, 0.9695565867167365, 162.320947076, 98.9987184191, 1.65199784842, 0.362279089564, 0.14861476929, 19, 2019
E, -100, 0.8087094031017814, 58.5896324629, 81.0409960307, 0.788926773745, 0.0870519926834, 1.48810514253, 19, 2019
Z, -100, 0.9526493628031898, 143.77946559, 150.095652355, 0.933247942178, 0.159971997259, 0.11543718224, 22, 2019
N, -100, 0.9702496499885406, 215.235176382, 130.273449457, 1.6759480215, 0.214035457245, 0.0987039897762, 22, 2019
E, -100, -0.6409763623363882, 68.4263629974, 96.6793471921, 0.560089591785, -0.28168475943, 1.18281651858, 22, 2019
Z, -100, 0.9734933906651315, 110.882960541, 125.863959216, 0.941316412257, 0.178699991501, 0.197023288398, 25, 2019
N, -100, 0.9714340804335847, 217.244824072, 118.422539426, 1.85442310625, 0.262472434797, 0.0717348013513, 25, 2019
E, -100, -0.37412449867775044, 89.0929500867, 80.2458311187, 1.18968592976, -0.721689434862, 2.86122307761, 25, 2019
Z, 100, 0.6954735351738593, 53.1609952309, 67.5240491031, 0.892436087392, -0.31269815673, 0.276534934425, 28, 2019
N, -100, 0.9015313197969066, 135.248501369, 72.6447806287, 1.75922969321, 0.177152849526, 0.110094148023, 28, 2019
E, 100, 0.2299035738455674, 124.568016785, 46.1725090943, 2.45970441727, 0.0907357169993, 2.95311108732, 28, 2019
Z, 100, 0.8811776288813004, 118.010749014, 76.6660898583, 1.36055006416, 2.10339600088, 1.75555349288, 31, 2019
N, -100, 0.9211680560265832, 92.6461912954, 62.7894553047, 1.6837849307, -0.146387941021, 1.75211147435, 31, 2019
E, 100, 0.9302933594063617, 52.332804603, 50.1299786556, 1.046768376, 0.0482176529587, 0.20648950843, 31, 2019
Z, -100, 0.9700448323203156, 138.179670422, 118.402998203, 1.22962263991, 0.341283895675, 0.0771577467488, 34, 2019
N, -100, 0.9626431547517419, 166.02110686, 95.4502106654, 1.70428105415, 0.174310243287, 0.067189501982, 34, 2019
E, -100, 0.6106327252368803, 63.7816764112, 74.7596192299, 0.888803446935, -0.963469286633, 2.48953559173, 34, 2019
Z, -100, 0.9919173790129096, 139.031182157, 133.735988275, 1.01249089014, 0.208951732217, 0.126051597456, 37, 2019
N, -100, 0.9503296035630845, 186.365697813, 109.383302298, 1.70148771304, 0.376406298247, 0.14907327145, 37, 2019
E, 100, -0.6159793899722179, 47.1461822846, 83.4776816788, 0.463024851114, -2.97296911469, 2.59935360816, 37, 2019
Z, -100, 0.8968815974862405, 97.5745754765, 115.836057019, 0.844029787775, -0.29267913015, 0.280721288422, 40, 2019
N, -100, 0.9473311344957714, 165.167371331, 98.2149083699, 1.66578831808, 0.360854103712, 0.074737251561, 40, 2019
E, -100, -0.7952419749191068, 126.110387164, 72.4334396466, 1.61271910802, -1.05841529883, 2.95374501586, 40, 2019
Z, 100, 0.15788607499019805, 23.9102484651, 71.3491806022, 0.361039123587, -0.338189186547, 0.567824529284, 43, 2019
N, -100, 0.9071400321222973, 109.535244899, 67.0144594951, 1.62150651753, -0.12653061981, 1.87417227502, 43, 2019
E, -100, -0.09082026929154004, 122.644233604, 46.0351388107, 2.61174178522, -0.156252296016, 3.1461387674, 43, 2019
Z, 100, 0.956574451800637, 99.3668313572, 70.8687611428, 1.31659463766, -0.0298005051371, 1.28660531592, 46, 2019
N, -100, 0.9355424663127653, 92.3912673259, 57.4623524917, 1.58211669606, -0.0878029034235, 1.30805261261, 46, 2019
E, -100, 0.88555930886452, 103.716050473, 50.5640579036, 2.36792824577, -0.43695256973, 0.925034664481, 46, 2019
Z, -100, 0.9584839060501164, 182.273137799, 138.901217844, 1.28275940124, -0.564839187146, 0.477791154705, 49, 2019
N, -100, 0.9584502893614845, 182.656159648, 114.128785966, 1.61302417378, 0.386835881064, 0.0989711678523, 49, 2019
E, -100, 0.27394160709112364, 75.3027746729, 92.3513823028, 0.90829606555, 0.514274072987, 2.0502772944, 49, 2019
Z, -100, 0.9624659391506327, 182.53225798, 163.72335153, 1.13078857515, -0.000127452323226, 0.199197345578, 52, 2019
N, -100, 0.9791162731308026, 245.034056669, 142.530884662, 1.72655484234, 0.168538186141, 0.0770117293176, 52, 2019
E, -100, -0.8732220987463558, 84.2686202014, 104.452752657, 0.656939291376, -1.16312675869, 2.35039885239, 52, 2019
Z, 100, 0.9576782953170686, 108.716203067, 122.825861826, 0.893577582226, -0.328730288176, 0.220255658443, 55, 2019
N, -100, 0.946318439288158, 207.485343475, 115.361361527, 1.79029661816, 0.442817741863, 0.162584340447, 55, 2019
E, -100, -0.40679163484477315, 135.525884942, 77.3751604539, 1.47628305396, -0.629917764319, 2.6831563707, 55, 2019
Z, 100, 0.6297901204409833, 50.6810298121, 53.0378501303, 1.03844684898, 0.114607825113, 0.412709714862, 58, 2019
N, -100, 0.9228120062119087, 118.86942881, 56.6795244097, 2.03297250463, 0.269359332214, 0.0651762620035, 58, 2019
E, 100, 0.5773745084465356, 108.641335122, 35.2617244591, 2.96818870942, 0.67246439819, 3.02905255174, 58, 2019
Z, -100, 0.9936741361633145, 87.5464298669, 84.9044823764, 1.03859878905, -0.968067597052, 2.44104058425, 61, 2019
N, -100, 0.9867594318700288, 91.1270245714, 67.0913902799, 1.39229847488, -2.5819335368, 2.90833503153, 61, 2019
E, 100, 0.28059448537581183, 53.7076817964, 54.3529703849, 1.07579554561, -0.748152888788, 0.932234175691, 61, 2019
Z, -100, 0.984602335468039, 128.37989711, 129.468066611, 1.00068490466, 0.273847776143, 0.0851361285162, 64, 2019
N, -100, 0.9951409288225843, 164.411705595, 103.27414153, 1.51833723535, -0.218104369821, 1.34532550865, 64, 2019
E, -100, -0.9440993722749339, 84.023150906, 81.8302084567, 0.80682032928, -2.97527559244, 1.50111633527, 64, 2019
Z, -100, 0.8175859568081945, 632.193749541, 142.897390951, 3.38051143579, -0.302315668704, 0.50725064226, 67, 2019
N, 100, -0.7236301835505274, 206194.496057, 116.681081578, 1292.21378328, -1.2393660852, 2.8682007502, 67, 2019
E, 100, -0.7576514549703465, 5053.7308459, 89.5712403149, 40.0932196392, -0.883187958729, 2.02372023804, 67, 2019
Z, -100, 0.7546078660636198, 716.4877309, 116.987577317, 5.75117941031, 0.586145435098, 0.22049881406, 70, 2019
N, -100, -0.843042150475133, 239212.211103, 100.649587386, 2149.43383737, 1.4633525018, 2.58880035471, 70, 2019
E, -100, -0.865744857157048, 5996.49062679, 73.1150344334, 75.6768309019, -1.27229979057, 2.8227219288, 70, 2019
Z, 100, 0.3640225352196046, 33.4974682897, 62.3028738417, 0.553434844904, -0.917690021226, 0.458823984843, 73, 2019
N, -100, 0.91763068000397, 110.911278002, 61.0132339825, 1.65299459054, -0.226180596099, 1.26553742351, 73, 2019
E, 100, 0.022867590990112152, 95.278831263, 39.5643700989, 2.12407227243, -0.712273379023, 2.96764682003, 73, 2019
Z, 26, 0.9849327369586158, 126.231525382, 95.8274993903, 1.488991591, -0.450304883228, 1.26963554299, 76, 2019
N, -100, 0.9185649867567389, 108.548299898, 75.990305811, 1.48841703446, 0.312829989482, 1.25734410284, 76, 2019
E, -100, 0.7738122599363016, 74.9254768136, 65.4259868339, 1.31518336664, -0.48342278165, 0.924559742865, 76, 2019
Z, -100, 0.9821085118413806, 176.107556411, 160.040768524, 1.05111050362, -0.308653205201, 0.259695754857, 79, 2019
N, -100, 0.9735706286172175, 217.938234467, 132.683348515, 1.59422762093, 0.197645991171, 0.0680296326893, 79, 2019
E, 100, -0.34222723891604045, 43.7917626713, 104.265550349, 0.458706565875, -0.303789611383, 2.84597859827, 79, 2019
Z, -100, 0.9903938280386193, 160.458069211, 162.501833084, 0.970898282126, -0.101463748654, 0.098272383368, 82, 2019
N, -100, 0.9789537851711833, 246.446433332, 141.921524899, 1.77121757967, 0.209830571741, 0.0531317359413, 82, 2019
E, -100, -0.5240096649101575, 85.8425770061, 102.894547804, 0.74729475562, -1.25743910464, 1.41189845151, 82, 2019
Z, -100, 0.9632384583935196, 85.5955173265, 103.005719347, 0.851430380265, 0.0817369667695, 0.164335899134, 85, 2019
N, -100, 0.9625317560678439, 181.053990484, 97.3075375152, 1.8723849594, 0.249666872382, 0.0918695370852, 85, 2019
E, -100, -0.49706388054707207, 97.7599638457, 64.5121498551, 1.61790031531, -0.562475796484, 3.0715094351, 85, 2019
Z, 100, 0.8188860969905807, 92.3308852604, 38.9774529193, 2.06652549872, -0.68830760687, 0.384046458999, 88, 2019
N, -100, 0.9371769966879444, 77.301437329, 38.4843194677, 1.85034244409, 0.171401556979, 0.134845539779, 88, 2019
E, 100, 0.6435136303843431, 96.7934619084, 27.7746070225, 3.45236026397, -1.40923660323, 0.583483638299, 88, 2019
Z, -48, 0.9458916573210577, 135.452351753, 97.9864209669, 1.40349005223, -1.24512219455, 0.877745841162, 91, 2019
N, -100, 0.9685926669150337, 109.117815356, 76.8202638203, 1.35775436827, -2.0594874988, 2.80134125472, 91, 2019
E, -100, 0.5782608550737528, 50.7583629628, 62.6907516339, 1.13561215484, 1.25752698527, 0.461126760514, 91, 2019
Z, -100, 0.9672794541960016, 168.459238038, 139.16708744, 1.25561224426, 0.00243033190091, 0.140180726747, 94, 2019
N, -100, 0.9549463663592616, 191.002885563, 111.153957354, 1.60298135523, -0.0391854680372, 1.3364460778, 94, 2019
E, -100, 0.14154740460247264, 54.6753153058, 88.2705205401, 0.588167302925, -3.23129808961, 2.78561107462, 94, 2019
Z, -100, 0.9616344092697557, 153.465661402, 143.366354291, 1.04664808466, 0.314148834082, 0.144221910477, 97, 2019
N, -100, 0.958714286159133, 212.432261031, 118.834687728, 1.83690371506, 0.256160400134, 0.0798466097281, 97, 2019
E, -100, -0.8062406884661455, 36.1546528923, 90.2945980302, 0.302651628442, -1.53515513729, 1.70523993972, 97, 2019
Z, -100, 0.9742332200635226, 70.0128334701, 104.393581912, 0.59869428275, 0.455778135057, 0.224343264614, 100, 2019
N, -100, 0.9634015767925383, 160.957742609, 93.6039793224, 1.70013149629, 0.306274735666, 0.0860810588992, 100, 2019
E, -100, -0.6126040380759726, 58.756280052, 65.7240137697, 0.947407322546, -1.65236239279, 2.53951769569, 100, 2019
Z, -100, 0.9545552324622095, 84.8218065218, 47.0045791137, 1.69337026024, 0.435919781081, 0.232751991399, 103, 2019
N, -100, 0.9448443429685942, 91.4880910163, 49.0446766691, 1.67746784971, 0.0642965222417, 0.154648126943, 103, 2019
E, 100, 0.6620336680355818, 91.9804372136, 36.2830870754, 2.35457285647, 0.663105242761, 3.09826766524, 103, 2019
Z, -100, 0.9820147918995246, 145.097856921, 122.045355828, 1.36742861603, -0.781187398131, 2.20359458439, 106, 2019
N, -100, 0.9725208878429787, 157.943023579, 98.5431015315, 1.50248285987, -1.94930201467, 2.92476758411, 106, 2019
E, 100, 0.8017393862754373, 77.6048563377, 81.2212987398, 0.87300985266, -0.479117844963, 0.553320206113, 106, 2019
Z, 21, 0.9871269529630972, 162.088173075, 163.196244487, 1.02689296986, -0.40290103677, 0.310202009057, 109, 2019
N, -100, 0.9673057980624821, 217.97711678, 136.943823137, 1.58862964921, -0.038956237353, 1.33970711338, 109, 2019
E, -100, -0.27985885674089445, 41.3518813532, 104.591423519, 0.358070907229, -1.79447897251, 1.47513143194, 109, 2019
Z, -100, 0.9288813933746292, 123.443077514, 141.05693617, 0.850464901435, 0.06845788265, 0.190064367373, 112, 2019
N, -100, 0.9657420509962445, 221.964771732, 124.210117386, 1.81530209561, 0.129295709635, 0.0621617198473, 112, 2019
E, 100, 0.019070373274142252, 93.3420783819, 89.2900567836, 0.957371617155, -1.06528818264, 1.34196010615, 112, 2019
Z, 100, 0.3396624805397568, 36.2673170629, 78.9745091708, 0.506063681111, -0.504334040064, 2.36659305123, 115, 2019
N, -100, 0.901752729914475, 117.404921002, 74.7305688418, 1.53918674596, -0.72300944761, 2.85844076806, 115, 2019
E, -100, -0.23902013771907427, 54.7400042861, 49.5023415804, 1.20720857714, -0.518266632148, 3.14312796687, 115, 2019
Z, 100, 0.672035260746144, 85.8256500565, 51.6219376839, 1.7748774685, 0.468908264421, 2.72084356091, 118, 2019
N, -100, 0.919274482320861, 70.7785473775, 42.4247554634, 1.68437025967, 0.486109136633, 0.183636139753, 118, 2019
E, -100, 0.9692541037102335, 54.8324639181, 35.8935147388, 1.7269619013, 0.00733072912676, 0.151829974832, 118, 2019
Z, -100, 0.967852479308646, 141.104758569, 107.09326943, 1.24823128269, -0.610254527187, 0.43508199633, 121, 2019
N, -100, 0.9051972339638239, 151.570885319, 84.4833153874, 1.73145243814, 0.506927978954, 0.170178796254, 121, 2019
E, -100, 0.5202978777974354, 71.9976375969, 69.3729208548, 1.01326699591, 0.941474135956, 1.370532288, 121, 2019
Z, -100, 0.9552073458980586, 154.621700242, 140.036572693, 1.00316217835, 0.14779797098, 0.137024113439, 124, 2019
N, -100, 0.9720417580832977, 156.144434464, 113.726536524, 1.44268186971, 0.0249783043867, 1.36183859848, 124, 2019
E, 100, -0.8953080202120711, 92.7341407591, 89.7267512877, 0.911394465878, -2.19873786118, 2.87124090027, 124, 2019
Z, -100, 0.9708202743035449, 130.074086044, 132.680248105, 1.00474544959, 0.101030926274, 0.12213250284, 127, 2019
N, -100, 0.9921089669484627, 169.438394035, 113.71647343, 1.56114716417, -0.0222860493846, 0.068158724775, 127, 2019
E, -100, -0.8327387726323388, 72.8964983526, 84.4643994914, 0.957790987779, -0.760456822632, 2.92097470046, 127, 2019
Z, -100, 0.8418420076418782, 124.510326771, 86.0381350613, 1.42982076686, 0.396501017093, 0.242254799721, 130, 2019
N, -100, 0.9369436047537211, 142.584548914, 81.7848986072, 1.63407314506, 0.220203840265, 0.141339367591, 130, 2019
E, 100, 0.040900488480431346, 67.7206418867, 55.1023843401, 1.24994635204, 0.069815682722, 2.84721187648, 130, 2019
Z, 100, 0.9285002255831469, 107.483497923, 72.3920118792, 1.43001378934, 1.1193412688, 0.674938188014, 133, 2019
N, -100, 0.8402299277858591, 132.572177896, 62.0329892891, 1.90066937181, 0.500745204143, 0.522432177227, 133, 2019
E, 100, 0.7833131007259552, 59.85946411, 51.9360797561, 1.45793464614, -0.317529095189, 0.404816835775, 133, 2019
Z, -100, 0.9816840362256999, 165.947287897, 130.626624421, 1.41637898287, 0.183438345553, 0.174863317769, 136, 2019
N, -100, 0.9374504230846131, 185.635050534, 107.77537161, 1.65332292935, -2.63078728678, 2.69858385605, 136, 2019
E, 100, 0.8095468676615197, 71.9778942476, 85.629237037, 0.995717567482, 2.59059252722, 2.69695481071, 136, 2019
Z, -100, 0.9946084611784048, 138.745211563, 146.878442353, 0.882790133062, -0.404416760917, 1.30136560388, 139, 2019
N, -100, 0.9635702134617943, 203.398324824, 124.473492576, 1.6366329664, 0.0401776517237, 1.35658103471, 139, 2019
E, -100, -0.10888954582911603, 24.5162448811, 93.3737290531, 0.231069156923, -1.79665811518, 2.78359990591, 139, 2019
Z, -100, 0.9623759231921024, 134.680453053, 116.043533827, 1.21549393932, -0.106164640733, 0.195225668237, 142, 2019
N, -100, 0.9783271257402897, 180.720698176, 102.270056899, 1.75974080466, 0.128932102231, 0.0429345704027, 142, 2019
E, -100, -0.34512707348934774, 58.7945535592, 73.8002018634, 0.799094929866, -1.37549976122, 1.32076101307, 142, 2019
Z, 100, 0.9257962409944469, 32.4673266831, 65.1485407457, 0.439078749428, -0.628984908137, 0.39683409042, 145, 2019
N, -100, 0.9806358340006812, 98.101740184, 60.8900311865, 1.67621805668, -0.230369816287, 1.91932785472, 145, 2019
E, -100, -0.28279929938875153, 68.0477287102, 41.4175042173, 1.35983474575, -1.08772997767, 3.0055307214, 145, 2019
Z, -100, 0.9444506013817063, 66.9415042873, 60.3098479276, 1.22151671699, 0.759384853208, 0.48434206088, 148, 2019
N, -100, 0.9329363184612515, 95.2894224898, 49.8113534955, 1.9896268328, 0.0404676028944, 0.427238533619, 148, 2019
E, 100, 0.93762865840662, 45.4363640098, 42.5014871482, 1.26339108694, -0.517642324823, 0.978239286648, 148, 2019
Z, -100, 0.9838424142918488, 129.459567916, 108.748678926, 1.21707157008, -2.19885504423, 2.9088383912, 151, 2019
N, -100, 0.9389233698494167, 143.047462503, 87.2543364003, 1.70413958784, -1.51726963282, 2.79142930983, 151, 2019
E, -100, 0.946433994339436, 54.2620793092, 71.7576342779, 0.899817743393, 0.00394634664928, 1.18812404762, 151, 2019
Z, -100, 0.9970713846793933, 150.902607248, 134.408243024, 1.06996682435, 0.00691481465298, 0.0713183204783, 154, 2019
N, -100, 0.951282860564566, 166.305620585, 112.102263861, 1.53355592967, 0.0438164942446, 1.34513069704, 154, 2019
E, 100, 0.7104944621627141, 33.5491709065, 86.9321025687, 0.478608374151, -3.28103559618, 2.48706456431, 154, 2019
Z, -100, 0.9474427041276767, 122.274611031, 120.628126685, 1.02230114792, 0.319351231558, 0.16727416609, 157, 2019
N, -100, 0.9569562641351624, 210.166212917, 107.704278519, 1.88019967574, 0.085051832603, 0.62419932589, 157, 2019
E, -100, -0.16221970697857369, 172.421811275, 77.9374826891, 1.67873784001, -0.713469629004, 1.52068789571, 157, 2019
Z, -100, 0.43432321941591684, 42.9882208838, 78.5503997553, 0.427669432941, -0.700296653013, 2.39919448118, 160, 2019
N, -100, 0.9660160852025195, 288.991044784, 77.3511339948, 3.19712117696, -0.235518814425, 0.203552791245, 160, 2019
E, 100, 0.23208969031638912, 264.865911928, 51.4299846606, 4.34729802607, -0.116581934379, 3.24891566126, 160, 2019
Z, 100, 0.9702108453404171, 98.7489185549, 84.4685951263, 1.01299834808, 0.868852096897, 0.960869562937, 163, 2019
N, -100, 0.9611076146678705, 131.732796717, 73.092928097, 1.80411225423, 0.174776822392, 0.455101750946, 163, 2019
E, 100, 0.4839820055058881, 117.079042346, 58.6029765498, 2.11410030695, -1.57496312714, 0.941091816432, 163, 2019
Z, -100, 0.9842515460369099, 142.47411146, 121.848945932, 1.32744196341, 0.336929829831, 0.263262779107, 166, 2019
N, -100, 0.9535827433172559, 146.114128766, 101.667369232, 1.4473495517, 0.283738405786, 0.110641278639, 166, 2019
E, 100, 0.5491746568468509, 60.7627405582, 79.0590562278, 0.809846358466, -0.198629936987, 2.12059966932, 166, 2019
Z, -100, 0.9628579612541308, 127.043943872, 128.880774888, 0.98000840878, 0.138995489255, 1.38423306819, 169, 2019
N, -100, 0.9355476851423804, 184.467501548, 109.1675754, 1.55911279787, 0.199531235944, 0.126542905629, 169, 2019
E, 100, 0.5360584873621946, 33.5215046159, 81.586295636, 0.39998323377, -0.338430575791, 1.28118602623, 169, 2019
Z, -100, 0.8894448144173588, 123.874224169, 103.476067558, 1.23300102648, -0.128994633697, 0.286741604857, 172, 2019
N, -100, 0.9651934578212114, 140.804996032, 90.2591337428, 1.62373839931, 0.373371937584, 0.181483728418, 172, 2019
E, -100, -0.3567514544625551, 66.9442830799, 65.9184292709, 0.978569673832, -1.61699715067, 0.402756776124, 172, 2019
Z, 100, 0.7415269825274776, 48.0463533936, 65.1589463657, 0.706911886502, -1.27675204302, 0.433913322705, 175, 2019
N, -100, 0.9222208959097761, 127.985326084, 59.2394086414, 2.13368420069, 0.111538855232, 1.37566617602, 175, 2019
E, -100, -0.10336415874452225, 55.124381391, 42.1882573703, 1.17045997234, -0.955817307942, 2.92321420462, 175, 2019
Z, 100, 0.9611648412251156, 66.2511804646, 62.3071746209, 1.27890899984, -0.733051758656, 0.642441812299, 178, 2019
N, -100, 0.9359976587970419, 90.9999427465, 52.6780723851, 1.71144018325, 0.342328167988, 0.175704047153, 178, 2019
E, 100, 0.6720126966301152, 45.0332596039, 45.1574790439, 1.18763470229, -1.57755509227, 0.950391815759, 178, 2019
Z, 100, 0.9640175346533522, 120.971426564, 107.694586111, 1.09818058747, -0.867984169166, 0.475592328844, 181, 2019
N, -100, 0.9394465329452802, 127.3101622, 88.105024623, 1.45163583934, -1.8243768843, 2.81214811461, 181, 2019
E, 100, 0.5682372746160945, 29.118804859, 72.2070109967, 0.420060345844, 0.844815721767, 3.19668729907, 181, 2019
Z, -100, 0.9987854708239763, 130.606657279, 133.496792234, 0.975879821835, 0.0329190721492, 0.032615408129, 184, 2019
N, -100, 0.9598488185909451, 179.759387856, 114.083629053, 1.5790332933, 0.0940988317744, 0.102221276792, 184, 2019
E, 100, 0.17922893467302592, 60.9425007785, 86.9068648567, 0.683300250676, -1.04265213771, 1.35792471869, 184, 2019
Z, 100, 0.9825189369778371, 134.176532361, 120.175308823, 1.20197271333, -0.228365520418, 0.190523169081, 187, 2019
N, -100, 0.9398332723299458, 178.696141687, 110.149708413, 1.5642278572, 0.355841916281, 0.0294286429965, 187, 2019
E, 100, 0.30960560027260925, 54.5313198479, 78.2784818712, 0.744933728954, -1.20238462304, 1.27667916708, 187, 2019
Z, 100, 0.7940121264594087, 62.8923875365, 81.4242018291, 0.82152555975, -0.985311520611, 0.342779873422, 190, 2019
N, -100, 0.9751546335145375, 123.526817706, 80.3741503933, 1.53553680898, 0.251877540169, 0.0749376673705, 190, 2019
E, -100, -0.2083608002767711, 77.4532731942, 53.8525953723, 1.29962704083, -0.719186828475, 2.92750015144, 190, 2019
Z, 100, 0.9907415755696841, 107.409295642, 80.1081642339, 1.21463412223, 0.0592875520718, 0.253155451513, 193, 2019
N, -100, 0.9471799660981217, 108.681931676, 69.2430907328, 1.81516682624, -0.0861646674261, 1.29030133955, 193, 2019
E, 100, 0.7799750875568284, 51.1880020756, 54.5646159531, 0.975663097015, -0.862729517843, 0.882802053171, 193, 2019
Z, -100, 0.9829892267407386, 142.610757373, 114.351785836, 1.32759424723, 0.376206185519, 0.184569221453, 196, 2019
N, -100, 0.9733175173758817, 163.631782123, 94.7020815818, 1.69973552156, 0.157992022048, 0.068088407386, 196, 2019
E, 100, 0.8664695506537332, 43.0841802786, 73.2572709835, 0.716943320754, 2.66541292676, 2.95949356099, 196, 2019
