Chan, Phase Shift, Correlation, ptp-data, ptp-synthetic, rat, phasem, phasestd, DOY, Year
Z, -100, 0.03257355883987593, 3.45245259164, 84.8516435203, 0.0378976858373, -2.70851863124, 2.38194442376, 1, 2019
N, -100, -0.1738447972860666, 3.54244724467, 49.1466845981, 0.0645610468585, -1.25006900561, 1.61317286865, 1, 2019
E, 100, 0.15881524724667367, 0.0913171738917, 43.0466707854, 0.00191946109876, -0.242049294604, 1.05249591733, 1, 2019
Z, -100, 0.7090677330312024, 1.44713601121, 123.546791371, 0.0119217472222, -0.400845109281, 0.578739637694, 4, 2019
N, -100, -0.5553207493031466, 1.75395035396, 72.1129575547, 0.023940061078, -1.90093966006, 2.67635834056, 4, 2019
E, 100, -0.8930251879050704, 0.132666937146, 75.2080015852, 0.00151947595293, -2.44136414561, 2.42112194297, 4, 2019
Z, 100, -0.047483860291312914, 0.790450424972, 134.526884894, 0.00541053588769, 0.0664945163792, 3.34713421888, 7, 2019
N, 100, 0.4505168020624529, 0.700439450471, 85.9079342646, 0.00904759745918, -1.6754500886, 1.42470252334, 7, 2019
E, 0, -0.4124803013260742, 0.122170687484, 89.1475811558, 0.00130335134767, -1.60107879415, 2.51801598328, 7, 2019
Z, -100, -0.11613724943532021, 3.11571464918, 113.573682803, 0.0234925850174, -1.66862869241, 0.577719467619, 10, 2019
N, -100, 0.09007097651664404, 3.35169338555, 81.1015201109, 0.0350031692461, 0.0161035437579, 3.04644852903, 10, 2019
E, 100, -0.1720473380216506, 0.0682422493666, 79.6183893906, 0.000891300994789, -1.55801318655, 2.66994133022, 10, 2019
Z, 100, -0.3628793043628897, 5.30965049493, 72.3486757859, 0.0630682250653, 2.00433539824, 0.384217365769, 13, 2019
N, 100, 0.4034607874268818, 5.79030021487, 60.6928868158, 0.0815917118897, 2.18943481252, 3.00561101762, 13, 2019
E, -100, 0.7541140791726058, 0.212858276482, 51.5095226017, 0.00404035402493, 0.437875236869, 0.324686201407, 13, 2019
Z, -100, 0.32176709374820317, 3.64140506284, 65.6402188966, 0.0505283369898, -3.26749016923, 2.701916303, 16, 2019
N, -100, -0.4856623476616938, 3.79293612681, 46.5578555655, 0.0703316242756, -1.46047373634, 2.24074864618, 16, 2019
E, -100, -0.22018668566706973, 0.0967663965189, 30.6333752361, 0.0034560633737, -1.09045659544, 0.790411444228, 16, 2019
Z, -100, -0.48742963272761664, 1.37833509616, 127.186066958, 0.0111183916009, -1.18625275362, 2.56159359713, 19, 2019
N, -100, 0.5253811486054307, 1.49267852017, 78.1851992333, 0.0191966551377, 0.0397297928887, 0.7187690954, 19, 2019
E, -100, -0.7717398275907938, 0.0590514600543, 73.2216370319, 0.000969632502676, -2.11259996852, 2.58460747782, 19, 2019
Z, -100, 0.4475552166693577, 1.90434586218, 160.390992168, 0.0108903350594, 1.03426837501, 2.51731641969, 22, 2019
N, -100, -0.5016454043828512, 2.21384687156, 101.746443527, 0.0197307806432, -2.09584449621, 1.61637739182, 22, 2019
E, -100, -0.10669863098655015, 0.150937119266, 98.5781036152, 0.00154884489544, -1.42009252959, 0.590108197868, 22, 2019
Z, -100, -0.017567874337285152, 1.65047189621, 135.709680042, 0.0104652968638, -1.45667082064, 0.509068612754, 25, 2019
N, 100, -0.014779124509655288, 1.96844653519, 93.5080158458, 0.0181739440181, 0.23518697228, 2.99563122759, 25, 2019
E, -100, -0.1368719978703392, 0.200576897084, 87.5901284706, 0.00228482733948, -1.48719156319, 2.5992418816, 25, 2019
Z, 100, -0.6900333066650691, 3.36756502821, 74.0162814075, 0.0388615597527, 2.50032396668, 0.350314875799, 28, 2019
N, 100, 0.6671731950531781, 3.69486417198, 59.1405711026, 0.0535727763755, 2.58927986939, 2.97115670622, 28, 2019
E, -100, 0.7108095475675243, 0.411700355135, 47.5256888993, 0.00824043507584, 0.192182279975, 1.42275016233, 28, 2019
Z, -100, 0.14661635098615672, 2.45111774137, 79.1782739891, 0.0295171866566, 0.309743252995, 1.98397358688, 31, 2019
N, -100, -0.3044343896391422, 2.98450338298, 43.8670516423, 0.0594016791799, -0.376268167611, 2.43581259077, 31, 2019
E, -100, -0.5062864015838429, 0.0754741618734, 41.1759258849, 0.00188965776094, 2.11137412933, 2.98808681602, 31, 2019
Z, 100, -0.17860675339060528, 0.522174270389, 124.935382215, 0.00437272474196, -1.18386239244, 2.5723130324, 34, 2019
N, 100, 0.31614056578514277, 0.82818517452, 72.6445372802, 0.0102660459942, 0.423370232004, 1.13456107321, 34, 2019
E, -100, -0.3207307411763979, 0.117322109109, 77.7316413837, 0.00172010921027, -2.35270459624, 2.55725223979, 34, 2019
Z, 100, 0.7832380969396989, 0.179176627283, 141.358571347, 0.00111561029184, -0.447026124948, 1.28942968588, 37, 2019
N, 100, -0.6026544821287159, 0.267954786103, 89.970110649, 0.00304107402151, 1.1269356759, 2.96578563953, 37, 2019
E, 100, 0.23820837120335878, 0.0872595372231, 95.4553546421, 0.000901608126236, 0.88477483106, 1.02155546681, 37, 2019
Z, 100, -0.2362888023611023, 0.513000951241, 122.966023874, 0.00422744394251, -1.08873555803, 0.859132067256, 40, 2019
N, -100, 0.36464934341733596, 0.455715558951, 86.3245513215, 0.00553556872524, 0.420381566059, 3.42789738456, 40, 2019
E, 100, 0.5950557929943315, 0.0970558103003, 87.3912716016, 0.0011344110833, -0.0978370580675, 2.40299291386, 40, 2019
Z, 100, 0.2429333952739149, 2.96160068815, 76.5438429775, 0.0331128856867, -0.957109575573, 0.384157523526, 43, 2019
N, 100, -0.3461227566728127, 3.3296223517, 62.835072866, 0.0449759516584, 0.827255851247, 2.74773440511, 43, 2019
E, 100, 0.1556529509351932, 0.0926166918436, 55.8798844803, 0.00182075726385, -0.788444626333, 2.42862071385, 43, 2019
Z, -100, -0.17740431681807403, 6.42145011546, 71.5709649899, 0.0848166799591, -1.66124858193, 1.46504478703, 46, 2019
N, -100, 0.32719313429539193, 7.03744013861, 46.4609965589, 0.127360899923, -3.11377663258, 2.70681997826, 46, 2019
E, 100, -0.2956557388484349, 0.225535860863, 34.5660440213, 0.00666320939968, 0.0669971994753, 2.86742146332, 46, 2019
Z, -100, 0.5111195062569577, 1.4274154876, 147.589917227, 0.00959339344909, 0.114636638061, 1.20601049118, 49, 2019
N, -100, -0.6330863906979183, 1.57824274793, 87.5110316215, 0.0180578003157, -1.63340974704, 2.62013264765, 49, 2019
E, -100, -0.6092334594267069, 0.121531259469, 86.3341730019, 0.0015439525807, -1.28877256328, 1.65192076852, 49, 2019
Z, -100, -0.6764088058492623, 1.27880370339, 175.138769159, 0.00649960369793, -2.09120605103, 1.16213850602, 52, 2019
N, -100, 0.4356395873013626, 1.28793904513, 108.913443605, 0.0100389381357, 0.220302194519, 2.77350474108, 52, 2019
E, -100, -0.5193141813770774, 0.0388482181658, 110.865683078, 0.000313852333667, -0.970578202788, 2.70882811209, 52, 2019
Z, 100, 0.12361038739910753, 8.47639147696, 133.181984509, 0.0546690585638, -1.37305847875, 0.42159338613, 55, 2019
N, 100, -0.16807240480570254, 9.3265221707, 91.3637912496, 0.0870112807887, 0.325532118107, 2.94232082701, 55, 2019
E, -100, -0.7950261548759715, 0.321876164286, 89.8080148938, 0.00325211486497, -1.22753322154, 2.61550098156, 55, 2019
Z, -100, 0.7636070587870155, 0.522470759438, 57.0907633994, 0.0102317219876, 0.661162206792, 0.526948844993, 58, 2019
N, -100, -0.7029911348553219, 0.544131398483, 49.5170476723, 0.013047963753, 1.95940285353, 2.95891709429, 58, 2019
E, -100, -0.47726409666606123, 0.038432016413, 40.1459755466, 0.000765626335096, -0.0605125282014, 3.07600432052, 58, 2019
Z, -100, 0.27469458110780104, 0.425790449227, 87.4477899952, 0.006342327487, -1.66801712787, 3.04319157292, 61, 2019
N, -100, -0.680363429815348, 0.455362314643, 46.0710460759, 0.0120598136706, -1.34497916846, 1.57786413108, 61, 2019
E, 100, -0.8050152100031209, 0.0643705755915, 49.3520164716, 0.00149269537319, 0.127644444109, 2.83428677841, 61, 2019
Z, -100, 0.30159983141873653, 2.08079565593, 136.585662589, 0.0142500697969, 0.533181613819, 1.58146253323, 64, 2019
N, -100, -0.3290149455276423, 2.22410999466, 79.693457705, 0.0263553161663, -1.53083002491, 2.61767816211, 64, 2019
E, 100, -0.9461243126986906, 0.0950340847396, 88.1505574013, 0.00125170091772, 0.00716359414962, 2.63904759315, 64, 2019
Z, -100, -0.5930392568043731, 2.93560547755, 151.437711283, 0.0172240252177, -2.05975680936, 1.15385751217, 67, 2019
N, -100, 0.5612065172651565, 2.87580536203, 96.5986322342, 0.0261508875707, 0.215963670485, 2.76930659839, 67, 2019
E, -100, -0.8419348692106865, 0.104164251859, 104.275726075, 0.0011353381966, -1.97532622735, 2.54885925327, 67, 2019
Z, 100, -0.20356966084990832, 1.08494475661, 125.555117888, 0.00770211143754, 1.02609241237, 0.540302971812, 70, 2019
N, -100, -0.017795857330952906, 1.20399795575, 88.2575954434, 0.0117824557573, 1.76043883217, 3.13796023191, 70, 2019
E, -100, -0.2281980030988431, 0.0944106303164, 90.1256137794, 0.00107701680886, -0.0117294004109, 3.06705221247, 70, 2019
Z, -100, -0.6789046086347967, 0.262101782913, 67.31653367, 0.00366885793382, 1.36975154164, 1.05489137627, 73, 2019
N, -100, 0.19268397194468811, 0.419657112528, 57.3284429114, 0.00739160102434, 1.58112987603, 2.88082725447, 73, 2019
E, 100, -0.6193741329788389, 0.0876923969878, 49.7002735336, 0.00172404109155, 1.97148757635, 2.07361372246, 73, 2019
Z, -100, 0.15914132761827693, 0.303632527019, 97.7628043105, 0.00312159014482, -2.07583491639, 2.32841779481, 76, 2019
N, -100, -0.3673428050878266, 0.21651260223, 56.3715569678, 0.00468509262627, -0.731631555622, 1.3210205447, 76, 2019
E, -100, -0.2896108418098187, 0.0563462247431, 52.7163490812, 0.00107989040017, -0.0550115330141, 2.77562184124, 76, 2019
Z, 100, -0.6240149740212092, 3.45212396334, 170.10151777, 0.0192618785937, -1.56231394169, 2.65607003164, 79, 2019
N, 100, 0.6137406180411201, 3.66288019189, 99.4429288267, 0.0347461268711, 0.301441459091, 1.69608848257, 79, 2019
E, -100, -0.11618392448314196, 0.178061340432, 103.836889774, 0.00168657128704, -1.11504367958, 1.70808105167, 79, 2019
Z, -100, -0.4544067313489591, 0.809962587578, 174.672932116, 0.0043190600674, -1.73749575366, 0.623062809534, 82, 2019
N, -100, 0.6936776700952678, 0.768422465381, 109.141224793, 0.00680712954199, -0.147382031294, 3.1141641951, 82, 2019
E, 100, 0.7642959590848752, 0.0749348068215, 114.307689802, 0.000745014668073, -0.145617875606, 0.659442534579, 82, 2019
Z, 100, 0.13401579799439642, 1.30765228752, 113.418303567, 0.00987466554024, -1.25428250586, 0.367093973825, 85, 2019
N, 100, -0.15156324419113676, 1.05622401654, 80.2614370711, 0.0112666429763, 0.474793949583, 2.91402505199, 85, 2019
E, -100, 0.8991546726851567, 0.111498477698, 79.1937415756, 0.00108245258728, -0.211802148597, 0.779459024393, 85, 2019
Z, 100, -0.5835574936486908, 4.3683765258, 39.6863006495, 0.0803967557262, 1.30635656839, 2.62027170282, 88, 2019
N, 100, 0.6553242163772435, 4.60046284988, 38.1364655996, 0.0992614278583, -0.614691201695, 1.21275234867, 88, 2019
E, -100, -0.1490097208186063, 0.0486015179408, 27.03037284, 0.00202602558047, 1.16823727615, 2.9864672796, 88, 2019
Z, -100, 0.4428244722981652, 2.19192069372, 101.158705342, 0.0223355157498, -0.29625994398, 1.14582131194, 91, 2019
N, 100, -0.33701800470754095, 2.25740064549, 54.7148747813, 0.0409001667624, -2.20183692289, 2.41085543626, 91, 2019
E, 100, 0.22585756861763567, 0.0469815019757, 61.0940430255, 0.00106304211599, -0.798723060957, 0.647184562007, 91, 2019
Z, 100, -0.5642401710252012, 4.80320634408, 146.581259182, 0.0302503232506, -1.26795667569, 2.55967960498, 94, 2019
N, 100, 0.5585941675030535, 5.18538889835, 87.7618832153, 0.0554311366531, 0.314499428453, 1.15699636546, 94, 2019
E, 100, 0.5930534179251877, 0.0855760413701, 96.7406730928, 0.00104873287069, -0.461081937135, 2.87365829911, 94, 2019
Z, -100, 0.39851256733356055, 3.27722025846, 152.487684331, 0.0184352345947, 0.989234266149, 1.10469926945, 97, 2019
N, -100, -0.32904639421506104, 3.65060114458, 99.4174521888, 0.0320996070657, 0.942391565921, 3.17021046466, 97, 2019
E, -100, 0.7368478937595113, 0.0551232471156, 105.613768201, 0.000633796142611, 0.505665937154, 1.54176721809, 97, 2019
Z, -100, -0.20244284820408706, 2.67817866318, 114.441098266, 0.0196008440778, 1.49356498043, 3.24269244784, 100, 2019
N, -100, 0.1205212920148599, 2.7864679627, 82.5308593988, 0.0285032239183, 1.42834395013, 0.429879907544, 100, 2019
E, 100, 0.8760083158151801, 0.120353318559, 81.2101412989, 0.00152176668953, -0.137725916995, 0.354818922298, 100, 2019
Z, 100, 0.7824533973278435, 1.22573541229, 49.9123220156, 0.0184420649605, -0.364692013247, 0.200129152099, 103, 2019
N, 100, -0.7961838745767641, 1.37476832528, 47.2502866308, 0.0245058469808, 1.26514979604, 2.86276859044, 103, 2019
E, 100, 0.6284068070768453, 0.0957561705272, 34.0433820576, 0.00286101613849, -0.453959116567, 1.2716586382, 103, 2019
Z, -100, 0.5817029835068968, 0.345888819103, 126.651486756, 0.00304131452453, 0.000364270026069, 2.21706342563, 106, 2019
N, -100, -0.35326663286279597, 0.329942052242, 71.2857966539, 0.00591083834596, -2.77747257941, 2.37787706751, 106, 2019
E, -100, -0.3417329216767866, 0.0581157960399, 72.9539087744, 0.00104650878226, 0.942895085513, 2.81871522229, 106, 2019
Z, -100, 0.40186759438994263, 1.44126320571, 173.69824428, 0.00773272149624, 0.303937246028, 1.11800666147, 109, 2019
N, -100, -0.25737718305326085, 1.43796733665, 102.639125207, 0.013057687171, -1.31506538627, 2.57239664181, 109, 2019
E, -100, -0.24528829050088774, 0.0730548423766, 109.397710322, 0.00063212116435, -0.914241706725, 3.09359862334, 109, 2019
Z, -100, -0.670568090277553, 1.28869552198, 153.699517668, 0.00719965596358, -2.11319077014, 0.515510484434, 112, 2019
N, -100, 0.5841367155452398, 1.45964745668, 98.5164510273, 0.0128002891875, -0.102723867872, 2.79801092239, 112, 2019
E, -100, 0.582839591461432, 0.0917935042171, 102.534299834, 0.000865145146337, -0.0227281938298, 0.478574625379, 112, 2019
Z, 100, 0.25908669885597096, 1.74673896175, 88.0401184924, 0.0167679445897, -1.20118998895, 0.296242961266, 115, 2019
N, 100, -0.2375927128794938, 1.78017467683, 65.9962228385, 0.0229430032985, 0.503338634057, 2.85686505755, 115, 2019
E, 100, 0.824804345306403, 0.0882227746034, 61.6412116114, 0.00145954058744, -0.032951353106, 1.1826223985, 115, 2019
Z, -100, 0.3584749295657966, 0.584345171842, 52.8067515825, 0.0106706280189, -0.792238018871, 2.44551407569, 118, 2019
N, -100, -0.8175498205424211, 0.54240807802, 32.8881500674, 0.0136891107755, 0.683431079468, 3.23975674285, 118, 2019
E, -100, -0.5923609846403041, 0.0677109058541, 24.2347042527, 0.00261240532929, 1.10120429772, 3.14470262259, 118, 2019
Z, 100, -0.5806250487798311, 0.614005428763, 110.663325961, 0.00634849406222, -2.18583410784, 2.67206691209, 121, 2019
N, 100, 0.39534040754733163, 0.759133205705, 63.5635912188, 0.0129155566635, -1.16567268697, 0.526949334923, 121, 2019
E, 100, -0.272635755935785, 0.0594271830718, 68.5100186949, 0.00084002481712, -1.69417903464, 2.55057839384, 121, 2019
Z, 100, -0.09327194675647656, 0.406118637326, 147.915601768, 0.00297229241533, 0.746102510837, 2.11940557595, 124, 2019
N, 100, 0.5650571263834638, 0.339144364558, 92.0635636488, 0.00394443823707, -0.880559855215, 2.3053323251, 124, 2019
E, 100, -0.06378592396949209, 0.0815896403031, 97.7960471941, 0.000862730132201, 0.0479057961795, 2.41400535018, 124, 2019
Z, -100, -0.6249256583372185, 2.43943689455, 142.978862524, 0.0146091550117, -1.91193010192, 1.15025369841, 127, 2019
N, -100, 0.4763199268702789, 2.46858906358, 95.9590035186, 0.0222938552774, -0.436999435315, 3.07673563107, 127, 2019
E, 100, 0.5335456072634404, 0.200923196879, 97.2256689557, 0.00192669146623, -0.667834547173, 1.13347533469, 127, 2019
Z, 100, 0.6584167172344484, 0.698939166231, 96.5086946628, 0.00659486354334, -0.673615169067, 0.359360393718, 130, 2019
N, 100, -0.5550292491791985, 0.664939860213, 72.6279840447, 0.0079913834672, 0.812195760686, 3.24644654354, 130, 2019
E, -100, 0.5784287762836232, 0.0830672091952, 64.5485421813, 0.00121396145276, 0.294564629442, 0.330446258764, 130, 2019
Z, 100, 0.397130545212637, 0.490931431505, 75.1698538428, 0.0074459010596, 0.709315950519, 2.8273887882, 133, 2019
N, 100, -0.41783880435638726, 0.449612689608, 47.2931342074, 0.0108902954164, -1.48919451169, 2.67211122327, 133, 2019
E, 100, 0.09347589991142027, 0.0604191979232, 34.1734763105, 0.00191862546216, 1.41966059866, 3.05701243904, 133, 2019
Z, 100, -0.35134289193613494, 1.02114500344, 137.228712292, 0.0071254047407, -1.82218351221, 2.52745132556, 136, 2019
N, 100, 0.26531440421983743, 0.982612341635, 78.4541867124, 0.0127751651694, -0.599462414021, 0.826587123792, 136, 2019
E, 100, -0.055141451768428114, 0.0442133824018, 81.0888110096, 0.000655351925843, -0.920684070991, 0.961526167168, 136, 2019
Z, -100, -0.8274472641712627, 0.997887564234, 156.877632472, 0.00593437502054, -1.00731764732, 2.54097910678, 139, 2019
N, 100, 0.8391323542822174, 1.11928240367, 95.2905459322, 0.0110965716477, 1.21989775236, 2.2678772002, 139, 2019
E, 100, 0.5216344822377749, 0.124981834825, 100.219276395, 0.00112198103358, -0.592401543064, 2.37723660481, 139, 2019
Z, -100, -0.21004683086310963, 0.309790799525, 127.956857888, 0.00280349118135, -0.776846887229, 0.7601340476, 142, 2019
N, -100, 0.3842266977325045, 0.353578548721, 85.1949713696, 0.00458559477007, 0.365162717814, 3.40174950571, 142, 2019
E, -100, 0.9175931066258188, 0.110461456974, 85.2126553315, 0.00132126451578, 0.300040947422, 0.314820779773, 142, 2019
Z, 100, -0.37977526437802206, 1.50439312938, 72.0228129871, 0.0171307252798, 0.746644476049, 2.87053751735, 145, 2019
N, 100, 0.3984402736071938, 1.65822012328, 57.1853200359, 0.0247716960801, -0.814389785067, 0.46315018782, 145, 2019
E, -100, 0.04224783357641146, 0.109470180377, 48.9015657853, 0.00240452519526, 2.19536318276, 1.08056897846, 145, 2019
Z, -100, 0.42374926544375785, 3.36977574741, 62.533629613, 0.052086140863, -3.36916166894, 2.70222243462, 148, 2019
N, -100, -0.6348062386356232, 3.41497772949, 40.7946257823, 0.0739375642253, -1.90034297808, 1.93032125964, 148, 2019
E, 100, -0.3739464955029529, 0.396363098744, 30.8569853371, 0.012901522395, -0.2170339283, 3.17481303504, 148, 2019
Z, 100, -0.27771196418681593, 0.433391718819, 113.15005629, 0.00437588281878, -1.39035879706, 2.5873312118, 151, 2019
N, 100, 0.23893449441217407, 0.429808766789, 69.0433007537, 0.00662307977457, -0.165926873646, 0.873013035002, 151, 2019
E, -100, -0.6940165911440918, 0.0858886742397, 69.5206109311, 0.00145773266555, -1.39128742717, 1.39609401997, 151, 2019
Z, -100, 0.23218782116346107, 2.18156719075, 143.043553321, 0.0139354292227, 0.631717876756, 1.08522464837, 154, 2019
N, -100, -0.2918749201350004, 2.17594611155, 91.9144982171, 0.0215632518791, -1.10864175031, 2.51212382662, 154, 2019
E, 100, -0.17024146127415646, 0.291464511688, 92.0092924096, 0.00282600745823, -2.61712047194, 2.54956349981, 154, 2019
Z, -100, -0.6652849354191361, 1.22662853733, 132.345567551, 0.00824084334491, -1.79799395401, 1.46987295921, 157, 2019
N, -100, 0.5845058473665803, 1.27013798325, 90.6073949551, 0.0124730666485, -0.347410471507, 3.02214355202, 157, 2019
E, -100, -0.4623728466737017, 0.0998269653145, 85.709900764, 0.00135629972569, -0.565246370501, 1.26946699264, 157, 2019
Z, 100, 0.16820055335991846, 0.627508226915, 86.5450387321, 0.0067211785371, 1.01569476033, 2.70933499407, 160, 2019
N, 100, -0.3117134621196843, 0.709884678058, 66.3363118445, 0.00875125112943, -0.676446468914, 1.09982140659, 160, 2019
E, 100, 0.8757105388220393, 0.0496863525041, 52.4970775182, 0.000967798220505, 0.828341925929, 2.87498647391, 160, 2019
Z, -100, 0.3920248285060381, 2.12508839497, 88.5273285266, 0.0232986284141, -0.0260526804744, 1.7223198834, 163, 2019
N, -100, -0.602483041484576, 2.03805327815, 53.9507587277, 0.0342812607902, -0.340447728805, 2.71140342658, 163, 2019
E, 100, -0.17919350630431627, 0.070461389586, 43.5331214259, 0.00179655489699, 0.561821683793, 2.32601689813, 163, 2019
Z, 100, -0.4190329485898598, 1.3813529448, 128.882958501, 0.0105976554665, 1.48646498692, 1.55737224695, 166, 2019
N, 100, 0.3528968205574114, 1.38532257552, 75.2580552779, 0.0176729662604, 0.627958221361, 2.77897697831, 166, 2019
E, -100, -0.31365364266091544, 0.0982227738865, 76.2827795255, 0.00139164467336, -1.71404310647, 1.44471253079, 166, 2019
Z, 100, -0.9047662544725218, 0.636208909103, 138.065326488, 0.00459471457247, 2.0336333552, 2.5390071014, 169, 2019
N, -100, 0.8500803046277082, 0.598017182894, 86.1124583317, 0.00698342988152, 1.47818118567, 2.52622294134, 169, 2019
E, 100, 0.2459233927756688, 0.155217680228, 88.4079360452, 0.00167988445957, -1.43839426812, 0.450158393838, 169, 2019
Z, -100, 0.07740634600033655, 2.43756753126, 113.990596744, 0.0173448835744, 1.17533994944, 0.512107321466, 172, 2019
N, -100, -0.15805875348814466, 2.25088495282, 77.9992500767, 0.0236014696259, 1.2855956835, 3.27565307518, 172, 2019
E, 100, -0.23555695365563603, 0.349045831294, 75.7083400952, 0.00389932957605, 1.53117024466, 1.56751952138, 172, 2019
Z, 100, 0.4191144139111237, 2.02952570181, 70.1732608171, 0.0243259089901, 2.59247214169, 2.98142494722, 175, 2019
N, 100, -0.5376812819119539, 2.0463121446, 56.7199526795, 0.0315972073701, 2.00998299761, 0.359389304906, 175, 2019
E, -100, 0.7616129218548349, 0.471186133116, 46.9066641828, 0.00877316760302, 0.459986165283, 1.16292538297, 175, 2019
Z, -100, 0.3981309877552186, 1.44911368703, 65.0641842556, 0.0231763195477, -2.85918227407, 2.54870088225, 178, 2019
N, -100, -0.5331702259470074, 1.29210860637, 46.0688225059, 0.027128527463, -1.66473236815, 1.50651839471, 178, 2019
E, 100, -0.7249245296557592, 0.196257256106, 32.0220508908, 0.00609460501032, 0.381230373604, 3.18776924171, 178, 2019
Z, 100, -0.38617884753759046, 1.61532932535, 112.886505241, 0.0140671428607, 0.617129840421, 2.30488453977, 181, 2019
N, 100, 0.42983070233141935, 1.57566959944, 71.4038165525, 0.0209349072075, -0.744199093847, 1.24953568456, 181, 2019
E, -100, -0.6835929162283749, 0.288287050715, 66.800884423, 0.00455190597737, -1.99292460514, 1.70859693931, 181, 2019
Z, -100, -0.7693150806801263, 1.73902103199, 142.994848139, 0.0111592902632, -1.03949541262, 2.54882513687, 184, 2019
N, -100, 0.7409921405101463, 2.0384445191, 92.6536451866, 0.0206424883793, 0.561595131216, 1.18246567463, 184, 2019
E, -100, -0.14776546334857119, 0.279011223271, 88.3721447436, 0.00284026735417, -1.00784940742, 1.74428274277, 184, 2019
Z, 100, -0.10739241034849764, 1.52476187666, 132.750872251, 0.00952066971194, 1.13625564105, 0.574364339259, 187, 2019
N, 100, 0.058698193984420985, 1.3572930687, 89.8880647336, 0.0126898919892, 1.52673357173, 3.22481249067, 187, 2019
E, -100, -0.12875942574094404, 0.272823156583, 82.2422838099, 0.00337781826769, 0.768129902119, 2.21889092254, 187, 2019
Z, 100, -0.6009673276294942, 3.14021007635, 87.1309550016, 0.0298356562337, 0.983821065444, 2.74002756867, 190, 2019
N, 100, 0.5740400520234766, 3.35334420943, 65.4764238117, 0.0437159002102, -0.59634352302, 0.391320407851, 190, 2019
E, -100, -0.48825283144169573, 0.433915971978, 52.0052207696, 0.00713039732359, -2.02082539869, 1.16680303176, 190, 2019
Z, 100, 0.11520214969954219, 0.948236062534, 83.9946315033, 0.0102640982495, -1.03835076112, 1.28501537439, 193, 2019
N, 100, -0.22199078062736266, 0.724360603398, 50.7534714172, 0.0137726033064, -2.31702112299, 2.54911469868, 193, 2019
E, -100, 0.2724886115633028, 0.159409859582, 41.4652264931, 0.00404290796122, -0.721901933976, 0.773361769342, 193, 2019
Z, 100, -0.6720153276196807, 1.28912220457, 121.294768029, 0.0101615799927, -1.76051570369, 2.70317109145, 196, 2019
N, 100, 0.6273950561700272, 1.53431665018, 71.0888335401, 0.020821832424, -0.340603987927, 1.23336199535, 196, 2019
E, -100, -0.8569311081517185, 0.162163605743, 72.3392340578, 0.00243775034511, -0.473929191959, 2.68796299798, 196, 2019
Z, 100, -0.8203970589940678, 0.359637871211, 133.364532183, 0.00251314732247, -1.30190672574, 1.63146232703, 199, 2019
N, 26, 0.9737052582025544, 0.356887696817, 84.0139550081, 0.00379855363932, -0.142385389027, 2.72331231231, 199, 2019
E, -100, -0.27969041082569823, 0.051855042095, 86.6646815872, 0.000570399314109, -0.955807062218, 2.97884614245, 199, 2019
Z, -100, -0.9029050443631245, 0.511827987758, 114.420957447, 0.00423220157489, 1.24547057512, 2.88374155882, 202, 2019
N, -100, 0.7463872724593129, 0.497465324557, 79.0745652042, 0.00721976789629, 0.409123716261, 1.35776135036, 202, 2019
E, 100, 0.8868264987532988, 0.0592185782713, 77.8586914624, 0.00067601338654, -0.37518987425, 0.303724960003, 202, 2019
Z, 100, 0.21136799676927168, 1.16966607703, 73.5790212501, 0.0145720165474, 2.58576763906, 2.96499956612, 205, 2019
N, 100, -0.19766322389700008, 1.10284567682, 59.5114087469, 0.0176349516349, 1.88811356909, 0.318335120382, 205, 2019
E, 100, 0.38267014767507795, 0.0459239386238, 51.0271845541, 0.00108271470134, 1.64018295445, 2.83165809232, 205, 2019
Z, -100, 0.8309333399615491, 0.548839885994, 64.2160138606, 0.00869840172884, 0.343159225137, 0.504649940916, 208, 2019
N, -100, -0.9738792487540482, 0.413319123083, 46.3261068116, 0.00927307446722, -0.742117835728, 2.78535255593, 208, 2019
E, 100, -0.5728109817258613, 0.0722705909554, 30.1849354769, 0.00272109614205, 0.386653959775, 3.31118438056, 208, 2019
Z, 100, 0.4756341756010804, 1.1714388253, 123.057412984, 0.0092782336053, -0.0465882635221, 1.67459953455, 211, 2019
N, 100, -0.5016677597578513, 1.33200389749, 76.4539458777, 0.0170258497504, -2.12544801939, 2.64502362122, 211, 2019
E, -100, 0.6815544753367878, 0.087993090073, 71.0088166735, 0.00153062534885, -2.67126341492, 2.48960213275, 211, 2019
Z, -100, -0.9437148200650174, 0.609577346113, 157.555483502, 0.00404054720472, 1.50326818221, 2.98904392876, 214, 2019
N, 100, 0.9481320844317989, 0.477547396867, 99.7293726244, 0.00505208830066, 0.456571535645, 1.75022537952, 214, 2019
E, -100, -0.028280535242324142, 0.150085363929, 96.9657503656, 0.00153477236196, -0.915799340466, 1.31740417404, 214, 2019
Z, 100, -0.3842603262923278, 1.77923519648, 139.642186843, 0.0112874562766, 0.25065075013, 3.04208890475, 217, 2019
N, 100, 0.40399308643792076, 1.93883807754, 92.8343692403, 0.0185729550841, -1.40052941592, 0.558247173046, 217, 2019
E, -100, -0.4293263167301934, 0.310530853243, 87.8882041725, 0.00319436574986, -1.51125673441, 2.62934971344, 217, 2019
Z, 100, 0.8287707407671235, 1.71884444455, 76.067718451, 0.0201444146313, -0.468731459481, 0.217054688531, 220, 2019
N, 100, -0.7380376189153165, 1.46322817355, 59.5391137978, 0.021937291249, 1.15738810405, 2.70514636364, 220, 2019
E, -100, 0.8087329742618291, 0.207891133477, 48.4393574538, 0.00425470952532, -0.737787835983, 3.24293762944, 220, 2019
Z, -100, 0.1050674947658491, 1.4879328974, 83.6268742711, 0.0164530667054, -2.67680836393, 2.45913404243, 223, 2019
N, -100, -0.31551350987739835, 1.63377095833, 46.6231002339, 0.0304434284866, -1.34379535796, 1.38715800175, 223, 2019
E, 100, -0.33531919663635146, 0.218446044701, 43.6510947122, 0.0052390516222, 1.66660114692, 1.51302141688, 223, 2019
Z, 100, -0.5638320979388848, 1.80035365779, 127.574835675, 0.0132610068691, -1.16024585338, 2.55959517132, 226, 2019
N, 100, 0.555466620865102, 2.00750720051, 74.2240562021, 0.0258089660113, 0.169157751791, 1.23582740873, 226, 2019
E, -100, -0.27243621704532633, 0.278979689816, 79.2913142948, 0.00344484715871, -1.15267875137, 1.45063107909, 226, 2019
Z, 100, -0.25560351245535023, 0.89501414693, 140.648102845, 0.00616428959632, -0.0129441422229, 3.42294186223, 229, 2019
N, 100, 0.032856754601424835, 0.970696442991, 89.0067881339, 0.010195737882, -1.78888421538, 1.13855560067, 229, 2019
E, 100, -0.17237208144133942, 0.0890998048489, 94.64362751, 0.000781602284292, -2.3433705714, 2.45320096069, 229, 2019
Z, -100, -0.1924942222222752, 2.13174412432, 118.816188893, 0.0153874036912, -1.52241392948, 0.503440796051, 232, 2019
N, -100, 0.07343646876401681, 2.19243464789, 82.8431084946, 0.0230706756336, 0.208694385298, 3.02211456266, 232, 2019
E, 100, 0.7961627819378111, 0.210417538328, 83.8695593396, 0.002313121047, -0.243399947688, 0.398530361619, 232, 2019
Z, 100, -0.4971201220277128, 0.900771905601, 69.1069248661, 0.0123404209466, 1.94484967135, 0.312304470576, 235, 2019
N, 100, 0.5122657161728076, 0.956717489646, 58.3292002646, 0.0158545535107, 2.53855514075, 2.96155412871, 235, 2019
E, -100, -0.8525354989687886, 0.150621002402, 50.8712057909, 0.00270702629379, -1.16917621329, 2.59518126535, 235, 2019
Z, -100, -0.0255638930871781, 3.08398085165, 76.0465972748, 0.0399392397382, -1.16657733757, 1.7864102664, 238, 2019
N, -100, 0.21301118433666316, 3.02173542862, 48.5373063711, 0.0540968563874, -3.03398383031, 2.68455332286, 238, 2019
E, -100, 0.12101014274493693, 0.330942697318, 38.3672807561, 0.00939988187526, -1.53356342096, 0.948286037339, 238, 2019
Z, 100, -0.6685193613525718, 0.985960106459, 150.063549737, 0.00642524575459, 1.65208963473, 1.76198312629, 241, 2019
N, 100, 0.4907812045372574, 0.988166993737, 89.6826303969, 0.0105595326349, 1.02992202432, 2.78766304253, 241, 2019
E, -100, -0.3158357203989902, 0.0898553173091, 88.9499685133, 0.00102684721123, -0.4547533073, 2.49001992253, 241, 2019
Z, -100, -0.4823420328816071, 5.53494342537, 175.341633501, 0.0275568122743, -1.84796514375, 1.1567515105, 244, 2019
N, -100, 0.49739654236311037, 5.72763453707, 108.904796161, 0.0463653892115, -0.224401134525, 3.37377162988, 244, 2019
E, 100, 0.3933530830912115, 0.685130857302, 111.229113904, 0.0055680873781, -0.840977223333, 1.16246757203, 244, 2019
Z, 100, 0.13167775805495613, 2.01123197552, 130.180877401, 0.0133640410725, -1.14460130287, 0.450299406064, 247, 2019
N, 100, -0.16084268377806044, 1.99054279938, 88.8026124702, 0.019686542893, 0.575916595626, 2.99362442152, 247, 2019
E, 100, 0.7040705566920239, 0.280569566545, 86.4765964489, 0.00289111490386, 0.200811911292, 1.14241561415, 247, 2019
Z, 31, -0.6155192319349905, 3.50783750384, 49.8635706571, 0.0549789953751, 1.36211120219, 2.62131208988, 250, 2019
N, 100, 0.6722384824261832, 3.55675076798, 45.8231342132, 0.0658616069848, -0.664186867896, 1.21660932036, 250, 2019
E, -100, -0.7743569263996725, 0.551763855827, 33.8270004257, 0.01437314718, -2.55133164012, 0.2796575825, 250, 2019
Z, -100, 0.2384052500631197, 1.00965642773, 97.1792955254, 0.0111601516678, 0.934578942511, 1.438442217, 253, 2019
N, -100, -0.42292420039815426, 0.89885534084, 51.6045349995, 0.0183506046462, -0.591967733693, 2.75793107239, 253, 2019
E, -100, -0.23134240222463903, 0.197492001769, 56.1603499634, 0.00365343177902, -1.77830748893, 1.7994507051, 253, 2019
Z, -100, 0.4402290844495128, 1.38662560217, 140.705571373, 0.0100694879784, 0.937360735976, 1.91877579418, 256, 2019
N, -100, -0.3734567442118695, 1.25814776458, 82.7167514112, 0.0160532637964, -1.45430014624, 2.58192921117, 256, 2019
E, 100, -0.3321126547082538, 0.183955094778, 91.772393389, 0.00209775655009, 0.60436295285, 1.52332277865, 256, 2019
Z, -100, 0.048048960449817664, 1.36757571761, 147.724035657, 0.00832453652399, -0.0693564037139, 3.37908018909, 259, 2019
N, -100, -0.033564805723625524, 1.50888709645, 95.1796332235, 0.014469736144, -1.73869666709, 1.11391007779, 259, 2019
E, 100, -0.6822506872454887, 0.0883269023421, 102.596208392, 0.000813406920094, -2.11035211425, 2.53441425746, 259, 2019
Z, -100, -0.5534395220463185, 0.694408427397, 115.061240186, 0.00563525908351, -1.43433724818, 1.46787288971, 262, 2019
N, -100, 0.4476014219394325, 0.732521605662, 82.8283549387, 0.00812894639543, 0.366907446019, 2.73584771345, 262, 2019
E, 100, 0.10788252524171842, 0.07814385059, 83.617733176, 0.00078232451272, 1.19110451033, 1.03658236751, 262, 2019
Z, 100, -0.3484054304790033, 1.583126621, 53.1176937404, 0.0237495823931, 2.08309218664, 0.390174233603, 265, 2019
N, 100, 0.33623635458288703, 1.60909224655, 50.8286956785, 0.0257006318304, 2.62462305909, 2.95476858992, 265, 2019
E, -100, 0.43638182577232804, 0.102537804739, 41.0919132662, 0.00264367593585, 1.83873406291, 1.86857743961, 265, 2019
Z, 100, 0.22903703163365874, 3.6802425713, 106.67420826, 0.034602040855, -0.710889129533, 1.69728785275, 268, 2019
N, 100, -0.041578393395452974, 3.91883398916, 61.622652443, 0.0602430921934, -2.98461055001, 2.44333348596, 268, 2019
E, 100, -0.022505895544887876, 0.196798555245, 59.8109779068, 0.00375743755496, -1.33771822189, 2.08226978317, 268, 2019
Z, 100, -0.7244872477996652, 1.43313687203, 175.921671654, 0.00790508121774, -1.4384149749, 2.65160275353, 271, 2019
N, 100, 0.6975114589473362, 1.55351911332, 103.618950645, 0.0145695887257, 0.151966222795, 1.260445283, 271, 2019
E, 100, -0.5951913643858097, 0.0257625037465, 108.731608974, 0.000231103707357, -1.495154314, 2.8299217146, 271, 2019
Z, -100, -0.5499531644967728, 3.59573792126, 173.493353392, 0.0176345665487, -2.30475808904, 0.518870195313, 274, 2019
N, -100, 0.5198512075564312, 3.56073525222, 108.956263596, 0.0279442387495, -0.0115459638813, 2.47431301857, 274, 2019
E, 100, 0.2975200580004746, 0.197080126545, 113.641454319, 0.00151126551811, -0.554183535507, 1.64019387621, 274, 2019
Z, -100, 0.8520132251311032, 0.81596562571, 100.739849413, 0.00721925209672, 0.0880411147506, 0.283547881716, 277, 2019
N, -100, -0.7101960614997773, 0.768167502305, 75.0427168284, 0.00877290807147, 1.37465105368, 3.11255087548, 277, 2019
E, -100, 0.8249964621606307, 0.117187684831, 71.5180164102, 0.00164035090895, 0.274548640499, 0.840173764888, 277, 2019
Z, -100, -0.32544161632929525, 3.49341107302, 51.4318699409, 0.0626243041388, -1.81263480186, 2.08838580039, 280, 2019
N, -100, 0.6407710665942764, 3.68005964878, 32.8111344725, 0.0873010391536, -0.69003640658, 1.66739796421, 280, 2019
E, -100, -0.5875211163159938, 0.149783154054, 22.8313472265, 0.0058063389377, -2.34570435572, 0.481219436933, 280, 2019
Z, 100, 0.3327363710298191, 2.65799354351, 112.15487709, 0.0223886184201, -0.51000347605, 1.16123812547, 283, 2019
N, 100, -0.20135571891628196, 2.97328600955, 61.0142522753, 0.0466571678444, -2.51555661378, 2.58235938541, 283, 2019
E, 100, 0.1859877666535376, 0.0488822904382, 69.1639146676, 0.00092082487138, -2.95861310526, 2.81069193376, 283, 2019
Z, 98, -0.6007991008315045, 5.91300118715, 149.009297275, 0.036023393451, -1.33504509646, 2.58856450082, 286, 2019
N, 100, 0.5674733124339737, 6.19182055942, 90.3098684854, 0.0632563089615, 0.527643134147, 1.61942279906, 286, 2019
E, -100, -0.06327303068625645, 0.378380401739, 100.140368364, 0.00349453280905, -1.07724835425, 1.73227947548, 286, 2019
Z, -100, -0.35063283133292006, 1.91668067215, 145.486157187, 0.0116589132349, -1.36843099264, 1.12613026706, 289, 2019
N, -100, 0.3208812167544082, 1.99310950506, 96.5901925261, 0.0180391309867, 0.146942828188, 3.18749117393, 289, 2019
E, 100, 0.4603433881889475, 0.0419832277096, 102.506128474, 0.000455514365118, -0.718728993127, 1.02869979836, 289, 2019
Z, -100, 0.014867951724119033, 2.81268075016, 99.420470634, 0.0239865235732, 0.0217947534458, 3.00074643513, 292, 2019
N, 100, 0.1468457635116441, 3.00291435294, 76.4089096226, 0.0333607025272, -1.43151948434, 0.452204632244, 292, 2019
E, 100, -0.5982487333986267, 0.303663993583, 73.3281576953, 0.00365876822093, -2.04055691756, 2.7520509301, 292, 2019
Z, 100, 0.563974874564329, 3.14379528693, 53.7148411065, 0.0515494709577, -0.927374213972, 1.56356363733, 295, 2019
N, 100, -0.6991957377437246, 3.10746966577, 41.8731965365, 0.0579247259734, 0.969088829404, 2.78197455933, 295, 2019
E, -100, 0.6970656253484296, 0.344932044829, 24.8451748251, 0.011639232288, -1.10940917907, 2.82157602635, 295, 2019
Z, 100, 0.2686753617074628, 3.83567424329, 136.174304374, 0.0267648633461, 0.539875038287, 2.63153618904, 298, 2019
N, 100, -0.14628419461951941, 3.77823542598, 77.2085132736, 0.0460709686253, 0.196332291297, 2.18881719393, 298, 2019
E, -100, -0.201163900760089, 0.16130487815, 80.2841357534, 0.00201035267842, -0.208427117738, 1.67637025551, 298, 2019
Z, 100, -0.5686188390147785, 1.8720908741, 178.798551787, 0.00927907297043, -0.603070882225, 2.86211690905, 301, 2019
N, 100, 0.6355836473836607, 1.95839601855, 106.557369215, 0.0168021170561, 1.04582710334, 2.28087240583, 301, 2019
E, 100, -0.1655877819303718, 0.0490079993444, 113.518329786, 0.000456965574287, -0.530820897138, 2.80086992652, 301, 2019
Z, -100, 0.39193726954257097, 0.687074747946, 148.21751477, 0.00400989188095, 0.435854942337, 0.453525517764, 304, 2019
N, -100, -0.06517116664953256, 0.562696847413, 97.5965650007, 0.00516833387103, 1.07353835622, 3.17054291656, 304, 2019
E, -100, 0.4059250208443145, 0.134909363514, 99.7354381662, 0.00132052784905, 0.581302492046, 1.72381390814, 304, 2019
Z, 100, -0.1428160992287074, 0.888248542098, 71.2402466168, 0.0105646303559, 1.49594712721, 0.474163071314, 307, 2019
N, -100, -0.15562461989646714, 0.912795549578, 60.5285118584, 0.0121858349929, 2.1727921813, 2.98232632422, 307, 2019
E, 100, -0.4487329428943523, 0.143608421186, 52.7117714575, 0.00240990805245, -1.58289079932, 2.67588873472, 307, 2019
Z, -100, -0.06219416664637331, 1.18228376798, 63.3401780224, 0.0182339324148, -1.30616562835, 1.94241567033, 310, 2019
N, -100, 0.4239862408508945, 1.04266913211, 35.1499851083, 0.0246227564518, -3.67077374188, 2.82312455879, 310, 2019
E, 100, -0.5557331125251851, 0.0871920124605, 32.1299794907, 0.00284616646294, 1.06621361465, 3.0811298764, 310, 2019
Z, 100, -0.449220207403568, 1.50757541671, 118.23672683, 0.0123592279116, -2.14680711986, 2.66746365144, 313, 2019
N, 100, 0.3719941246623627, 1.73346288965, 67.8640803994, 0.0252881713851, -0.748959742285, 1.21501678229, 313, 2019
E, -100, 0.12206737758625187, 0.165949686113, 74.7906076905, 0.00193202084364, -0.710825731473, 2.03387786627, 313, 2019
Z, -100, 0.5332572767241076, 2.55023129059, 147.160092623, 0.01559476249, 0.322114654232, 1.12104386943, 316, 2019
N, -100, -0.4091245086719237, 2.72385003141, 92.5088974947, 0.0265416622303, -1.27518086229, 2.55718005974, 316, 2019
E, -100, 0.12152011566090838, 0.0942673460857, 98.8732608546, 0.000984078808252, 0.937402306202, 0.367250742411, 316, 2019
Z, -100, 0.4208691794101112, 3.96646599315, 134.015952485, 0.0256956071907, -0.290300263225, 3.34830888069, 319, 2019
N, -100, -0.3379551313311056, 4.25766826535, 92.9063109244, 0.0392822420701, -2.10430014901, 0.579054403514, 319, 2019
E, 100, 0.42195476397010495, 0.0625825949846, 93.2236785383, 0.000658310297589, 0.115595704268, 2.46603725372, 319, 2019
Z, 100, 0.44021189864220517, 0.268334002226, 81.4866547083, 0.00384511513871, -0.28339120367, 0.52545672292, 322, 2019
N, 100, -0.9231406807379587, 0.274970662446, 68.0543928985, 0.00437662111672, 1.09208549384, 2.99409872491, 322, 2019
E, 100, -0.49128667280833416, 0.0692518479807, 58.0942325363, 0.00122461687771, 1.23706461646, 1.55739807353, 322, 2019
Z, -100, 0.41916840267329813, 4.18853789816, 79.6788293843, 0.0499162820198, -3.28862117851, 2.66146840608, 325, 2019
N, -100, -0.5360720839386479, 4.44526457497, 48.7939757488, 0.0777283124311, -0.211764223218, 3.02164006517, 325, 2019
E, -100, -0.026658258910303823, 0.195111481887, 38.0309957997, 0.00549586047514, -1.85144112835, 1.01808101385, 325, 2019
Z, 100, -0.4566066405053996, 2.86117103211, 143.343179886, 0.0185962924897, -2.05714334143, 2.57377551756, 328, 2019
N, 100, 0.3565559731618651, 3.14889319606, 82.2268651925, 0.0354015168454, -0.528962905343, 1.20795547405, 328, 2019
E, -100, -0.7832811206851306, 0.164632956524, 85.4881968205, 0.00210244440128, -2.01620955722, 1.80380093429, 328, 2019
Z, -100, 0.5841483100403413, 2.51981775466, 159.755367483, 0.0139372011527, 1.65690775431, 2.64873057464, 331, 2019
N, -100, -0.5590228137315199, 2.56023842919, 97.7175503218, 0.0231832813714, 2.39784110376, 1.53371424273, 331, 2019
E, 100, -0.5287575234559397, 0.0870778439084, 102.232396435, 0.000948466084876, -2.56832707168, 2.76124927011, 331, 2019
Z, 100, -0.38447423406902287, 0.519817544104, 121.627182897, 0.00438316637521, -0.180936967734, 3.32464011112, 334, 2019
N, 100, 0.2289102448777942, 0.60122925373, 84.6893527015, 0.00750026767966, -1.58870585426, 0.437974656762, 334, 2019
E, 100, -0.1563685187673287, 0.0941824913221, 82.4533506817, 0.00113794677728, -2.26648812424, 2.75712276907, 334, 2019
Z, 100, 0.4913967165308779, 2.65638539347, 60.0547741289, 0.0380345307049, -0.815851408634, 0.317503817292, 337, 2019
N, 100, -0.4864495485262156, 2.45554030672, 53.903385221, 0.0382927569814, 0.796976772849, 2.83544966948, 337, 2019
E, -100, 0.7886646586523675, 0.150734816357, 42.7765216759, 0.00350480055301, 0.354213702197, 0.3562089236, 337, 2019
Z, -100, -0.3493293259836404, 2.14422116345, 65.8612978206, 0.0308516114934, -0.25546577476, 2.72724663871, 340, 2019
N, -100, 0.5027639705736531, 2.05755609777, 40.8440985372, 0.0441121541437, -0.0508357329326, 0.629138172061, 340, 2019
E, -100, 0.3042689466686396, 0.0601519693301, 33.7477569445, 0.00233679963638, 0.371070129346, 1.3866070886, 340, 2019
Z, 100, 0.37796702445923974, 4.1104399358, 114.461390192, 0.0334359871807, -0.299153842302, 1.63926797427, 343, 2019
N, 100, -0.31544141300563394, 4.26707804017, 69.6780572791, 0.057132626884, -2.34546279294, 2.59930946174, 343, 2019
E, -100, -0.7278130051358835, 0.165541172335, 71.2414561631, 0.00263278121292, -2.22384827556, 1.43387479579, 343, 2019
Z, -100, -0.6189098706139671, 4.25884821701, 140.702867663, 0.027750885695, -1.31323531323, 2.59898249701, 346, 2019
N, -100, 0.6081756029943901, 4.56342211542, 91.279874726, 0.0457764112214, 0.412219132316, 1.16056898266, 346, 2019
E, 100, -0.29901131503720485, 0.184736702347, 91.6261254553, 0.00189686561429, -2.69016327498, 2.60468851061, 346, 2019
Z, -100, 0.5040249608984859, 1.37962402072, 125.890011768, 0.00955005681935, 0.151374810447, 0.496206227112, 349, 2019
N, -100, -0.3821221593029103, 1.44121789025, 89.5856751734, 0.0135555574296, 0.997248115483, 3.18254863907, 349, 2019
E, 100, 0.13451940007420357, 0.163364050292, 83.961375593, 0.00178835036275, 0.370393063655, 2.80641687119, 349, 2019
Z, 100, 0.03530125519818613, 0.478246529688, 78.8961344855, 0.00545777881575, 1.91211124149, 2.49674172924, 352, 2019
N, 100, -0.07601438478278501, 0.41061804069, 65.7011881681, 0.00604917885532, 0.724856874404, 1.16334507342, 352, 2019
E, 100, -0.3741996540836906, 0.0890024242657, 50.6171301599, 0.00183053405965, 1.06712990891, 1.34313528269, 352, 2019
Z, -100, 0.2865136656749593, 1.93863522422, 87.4615409538, 0.0206969279727, -2.92890688785, 2.57454102722, 355, 2019
N, -100, -0.31843856627084977, 2.16441487131, 53.1692654723, 0.0371764180634, -1.46651571644, 1.90236036234, 355, 2019
E, 100, 0.3891674271691914, 0.215578427997, 42.7251792022, 0.00549856704301, -1.24626659463, 0.622924708902, 355, 2019
Z, 100, 0.3783043083329968, 2.88873120164, 131.765953844, 0.0200320388949, -0.377122702667, 1.21095927584, 358, 2019
N, 100, -0.32178287127983846, 3.14443511559, 76.4143905802, 0.0375740060345, -2.15928696482, 2.65053496893, 358, 2019
E, 100, -0.009179227247104368, 0.0601682337108, 77.6079160764, 0.00078628382588, -1.38831546656, 2.28336338734, 358, 2019
Z, 100, 0.23827203148986717, 1.18243780654, 141.987253093, 0.00717593612056, 1.53496738988, 2.613259346, 361, 2019
N, 100, -0.4185275746380858, 1.22209198913, 88.695165184, 0.0120133084776, 1.98984372401, 2.01701847157, 361, 2019
E, -100, 0.01736559848129111, 0.146492821721, 90.7837142033, 0.00128536861206, -1.42676415578, 2.8036280196, 361, 2019
Z, -100, -0.5836093231825481, 2.00428207537, 112.918917075, 0.0155335668076, 1.66345079701, 3.22466708877, 364, 2019
N, -100, 0.4933590488961406, 2.14258571437, 79.8716782386, 0.0227728906136, 1.00236934402, 0.474897731062, 364, 2019
E, 100, -0.41243965068579097, 0.267053192556, 77.0164643527, 0.00337155758309, 1.56956582352, 1.33781406806, 364, 2019
