Chan, Phase Shift, Correlation, ptp-data, ptp-synthetic, rat, phasem, phasestd, DOY, Year
Z, 100, 0.6363146967351568, 8277.69156777, 62.4699580351, 136.980677591, -1.03582648673, 0.199338484278, 1, 2019
N, -100, -0.4415673361516686, 3872.22555864, 47.0770195039, 87.6094251759, 0.844779905335, 2.85084622541, 1, 2019
E, -100, -0.9573591426215048, 1861.66266741, 16.3382713335, 118.608495003, -0.09903924126, 3.28802963442, 1, 2019
Z, 100, 0.7213407217775054, 9496.19258048, 103.184036498, 87.0297591864, -0.771029662592, 0.0194242850012, 4, 2019
N, -100, -0.42380285405473705, 4600.90110479, 82.8928055119, 53.6031864835, 1.04437780277, 3.01146757999, 4, 2019
E, -100, -0.9497927961775715, 2574.53053533, 31.8225161727, 73.2710564701, 0.331440838404, 2.92048997825, 4, 2019
Z, 100, 0.9052595088387838, 10489.8372265, 114.615445251, 87.8675884336, -0.243640494094, 0.196671661166, 7, 2019
N, -100, -0.016097503949602385, 4740.89079385, 90.4352894015, 49.9127562588, 1.57066249632, 3.14319225461, 7, 2019
E, -100, -0.7931329420863182, 3276.65164946, 36.9671561468, 85.8291133533, 0.818104146603, 2.82016428508, 7, 2019
Z, 100, 0.9466934465346059, 10933.902503, 99.0618997519, 110.858067121, 0.175936151498, 0.323463085699, 10, 2019
N, 100, 0.3626927794083478, 4769.49688118, 72.7049055007, 63.6553722466, 1.96913057365, 3.16543323716, 10, 2019
E, -100, -0.6562927082464033, 3135.11108924, 27.9981366625, 122.292919001, -2.0862971549, 0.229803427634, 10, 2019
Z, 100, 0.901132055494821, 15769.7663092, 55.9001647793, 338.937177245, -3.09604321039, 2.72727841228, 13, 2019
N, 100, 0.38116403275056887, 7265.49904775, 42.4824576953, 185.339036014, 2.27015166224, 3.53591262645, 13, 2019
E, -100, -0.4599916799651856, 4802.04716615, 17.2990580022, 416.94541524, 1.63586349936, 3.94925433398, 13, 2019
Z, 100, 0.2615533846432701, 10029.0448322, 61.9299323285, 166.305918765, -1.73002450098, 0.47647020503, 16, 2019
N, -100, -0.6342136878413148, 4823.52552922, 43.969786465, 112.99936319, 0.327360979587, 2.6078250304, 16, 2019
E, 100, -0.7349779904981222, 2294.30593547, 16.7625386162, 132.8069062, 1.91999359439, 0.78703894883, 16, 2019
Z, 100, 0.4065406937680257, 13218.6556453, 117.914192348, 106.071424017, -1.22127735309, 0.110767606512, 19, 2019
N, -100, -0.5344004376101735, 5769.77778336, 92.2293018061, 60.2540329843, 0.88700809261, 2.96639920489, 19, 2019
E, 100, -0.9818287207927199, 3839.76513901, 34.1030956409, 101.246267307, -0.0803330497292, 3.09097637798, 19, 2019
Z, 100, 0.8383106832342851, 12562.0588441, 135.391279901, 87.7375499543, -0.470572971575, 0.0982209943761, 22, 2019
N, 100, 0.10543030708404777, 4469.82852887, 105.66715345, 39.5114251694, 1.73085748897, 3.20704213693, 22, 2019
E, -100, -0.8976694137447854, 3115.47123704, 45.5097466021, 67.1977056422, 0.497421359467, 2.98183223428, 22, 2019
Z, 100, 0.980237136941015, 8271.13090121, 102.627874696, 84.6182164117, -0.065269010401, 0.102261003864, 25, 2019
N, 100, 0.1704644980950427, 3629.83035449, 64.8717845589, 52.9423525739, 1.70597448993, 3.09732204805, 25, 2019
E, -100, -0.5970076408323596, 1568.91296372, 29.533797218, 59.4212054555, 1.0021488894, 3.25096273648, 25, 2019
Z, 100, 0.6851785589084206, 10014.5944453, 41.4142492307, 283.349463642, -0.92502882908, 0.331223358659, 28, 2019
N, -100, -0.1516863275668464, 3846.83845325, 29.9723116814, 145.314804322, -1.93291112433, 0.288900222164, 28, 2019
E, -100, -0.5670466687059879, 1947.67734433, 14.6254912864, 193.309271523, 0.227804565315, 3.77217745168, 28, 2019
Z, 100, 0.16786605824982317, 16092.7786364, 83.973118421, 185.934546367, -1.57937396667, 0.281045593776, 31, 2019
N, -100, -0.6633201356431424, 6646.05406519, 67.4431264735, 98.4168636883, 0.734171780803, 2.9763258135, 31, 2019
E, 100, -0.8430035648097982, 3710.76544788, 22.0538244287, 162.426027204, 2.47759287114, 0.261848584078, 31, 2019
Z, 100, 0.7159016560050993, 13489.5399849, 99.3797517619, 127.672416891, -0.731197549776, 0.02884204704, 34, 2019
N, -100, -0.43681060689476825, 6449.48481996, 81.6667564861, 74.9756364421, 1.11624268559, 3.12084805548, 34, 2019
E, -100, -0.966091537433755, 2111.75189995, 31.9813661633, 63.9281733624, 0.21823810829, 3.02715270537, 34, 2019
Z, 100, 0.9053147114558938, 12879.4188641, 93.0717763316, 135.910795877, -0.263293444899, 0.159884033769, 37, 2019
N, -100, -0.04055833816688688, 6642.02875956, 69.4523346724, 90.638188761, 1.55649163181, 3.15493986302, 37, 2019
E, -100, -0.7417581312800128, 2810.88984867, 30.3556716764, 93.0868263657, 0.908527404237, 2.83402308651, 37, 2019
Z, 100, 0.9062571113928887, 12312.2967332, 67.4181892197, 220.471998812, -2.92194369819, 2.70514071206, 40, 2019
N, 100, 0.2623402960758876, 6407.81279158, 39.96779267, 165.389176254, 1.99893392195, 3.35563823688, 40, 2019
E, -100, -0.3445282722250793, 3320.13310084, 18.9367311037, 228.520583631, -1.50970091941, 0.51710167362, 40, 2019
Z, 100, 0.1773822988693499, 9964.92327079, 35.8184004056, 321.919397196, -2.32146625537, 0.968652533551, 43, 2019
N, -100, -0.7361564881707887, 5473.43906058, 24.3278503262, 257.531022674, -0.228619908932, 2.32319633634, 43, 2019
E, 100, -0.0507792568959864, 2823.04967089, 11.9838107348, 312.122247506, 1.54165229505, 0.941185853037, 43, 2019
Z, 100, 0.22998515900508146, 13000.9775469, 89.6483592396, 140.33933478, -1.3264975945, 0.0189023483372, 46, 2019
N, -100, -0.6011822248941805, 6034.44094452, 68.1179854029, 87.4237991685, -2.1947597053, 0.00745449816596, 46, 2019
E, 100, -0.8904375366069806, 3500.88494146, 24.3032656718, 142.10042649, -0.462627557787, 3.15534267673, 46, 2019
Z, 100, 0.45631001578783026, 15328.6832039, 115.029268843, 122.232670713, -1.16374164729, 0.135766052571, 49, 2019
N, -100, -0.5828527742697226, 8239.29372213, 93.3833062552, 84.3830765549, 0.89015050075, 3.03563693276, 49, 2019
E, 100, -0.9236685339529653, 3599.97718482, 35.8467347658, 86.8480708594, 2.79257991873, 0.0742767883644, 49, 2019
Z, 100, 0.8912855829303645, 10834.3294314, 98.3047994844, 115.494994166, -0.0384260405314, 0.306008932565, 52, 2019
N, -100, -0.11096247978092633, 5665.08112847, 64.5439003024, 84.6556897081, 1.56331151128, 3.24531295522, 52, 2019
E, -100, -0.6132100276895963, 2400.39215433, 35.7929602291, 74.3400638427, 1.13307639408, 2.61348026976, 52, 2019
Z, 100, 0.30475064471972135, 11678.7175901, 45.8080755604, 419.05202678, -2.52669860487, 1.7209709813, 55, 2019
N, -100, -0.6391589455478505, 6400.46501458, 16.5630556326, 470.142735173, 2.10609050151, 1.21725847549, 55, 2019
E, 100, 0.08695152452808357, 3325.96539769, 18.1713546042, 365.717805975, -3.80171082808, 2.05110786475, 55, 2019
Z, -100, -0.23378087626697977, 12547.7168205, 64.1657753545, 190.723225882, -1.89188720686, 0.121822194119, 58, 2019
N, -100, -0.9853142548869013, 7160.22212978, 52.5015568478, 132.367763855, 3.18760503595, 0.0872115307624, 58, 2019
E, 100, -0.3195062788995795, 3760.87315674, 16.8948524538, 210.689411103, -1.27752965217, 3.34464949464, 58, 2019
Z, 100, 0.23042399748744297, 13824.773608, 80.572361161, 164.217463448, -1.34925271629, 0.0385268359146, 61, 2019
N, -100, -0.7912986142968484, 7635.03898112, 66.6907471345, 109.418417773, 0.619765693122, 3.07903298148, 61, 2019
E, 100, -0.9317586917937397, 3750.14834911, 21.6684619922, 159.977062313, -0.284264838523, 3.11072386799, 61, 2019
Z, 100, 0.6681679347206247, 14558.568417, 71.4654363043, 196.680931125, -0.736793286713, 0.102285888606, 64, 2019
N, -100, -0.4735815659767224, 7935.58813115, 57.5222976387, 130.99624397, 1.09530892289, 3.1443471324, 64, 2019
E, -100, -0.9353627315120032, 3779.34535619, 26.7135727099, 148.804141734, 0.349316942136, 2.91927645163, 64, 2019
Z, 100, 0.8108225066257378, 12950.7007363, 56.7598944434, 277.048974814, -3.00545846429, 2.63828415619, 67, 2019
N, 100, 0.1332924721025975, 6895.2585573, 29.8758527528, 230.693080889, 1.95503096074, 3.44085292163, 67, 2019
E, -100, -0.5789032153651146, 3680.07969573, 20.2523488138, 233.294567199, 1.18353169869, 2.64133838915, 67, 2019
Z, -100, -0.2603262807979185, 13943.3329508, 29.0697357516, 605.130857102, -0.252102578112, 4.20590735699, 70, 2019
N, 100, -0.46726901042968505, 7891.39043108, 20.0727746237, 457.490031568, 1.65621208795, 0.628858164123, 70, 2019
E, -100, 0.3869031017489575, 3450.52438427, 11.2185940756, 429.933673864, -2.83032717197, 3.41962688327, 70, 2019
Z, -100, -0.5610903153640623, 13404.3777691, 69.0832950251, 193.403566132, 0.846297089727, 3.29520886443, 73, 2019
N, 100, -0.9247914789248836, 7136.36449587, 54.8547486742, 125.950158181, 2.70573288076, 0.0989081795019, 73, 2019
E, 100, -0.0717972148639644, 3281.90524079, 20.2769979884, 150.052894952, -1.59357025831, 3.32663368341, 73, 2019
Z, -100, -0.1429116674099592, 13592.8876561, 93.6979221136, 135.477195932, -1.76773743429, 0.123076764564, 76, 2019
N, -100, -0.9544554924299791, 7344.18655378, 75.6848083868, 91.802445982, 0.187412432441, 3.02675375897, 76, 2019
E, 100, -0.7480151078384104, 3637.89006375, 24.952409051, 136.05840766, -0.734058392464, 3.21156290972, 76, 2019
Z, 100, 0.567764703736454, 9834.81332037, 72.7903885766, 138.775832989, -0.667883583898, 0.249030582408, 79, 2019
N, -100, -0.5018694484993451, 5407.5972647, 56.6997531734, 91.9120596065, 1.10008463163, 3.19225712601, 79, 2019
E, 100, -0.8346490120565851, 2704.46572551, 31.6748619714, 100.019986914, 0.327848045408, 2.77161476796, 79, 2019
Z, -100, 0.09004888505050093, 14875.6448142, 45.5142461858, 635.361799437, -3.27895878456, 1.70402120699, 82, 2019
N, 100, -0.08819010605652777, 8111.72779382, 20.8766922436, 453.828384132, 1.19619488057, 0.716936531438, 82, 2019
E, -100, -0.19892296966990186, 4483.79442757, 17.4068104562, 496.838671129, 1.12842567358, 2.17528259833, 82, 2019
Z, -100, -0.8895047755453172, 14712.6728049, 60.8600752604, 248.493253545, 0.0364685938057, 3.47358703848, 85, 2019
N, 100, -0.5833477756179124, 8837.86903412, 55.4362540926, 154.254113354, 2.11351360519, 0.106836357469, 85, 2019
E, -100, 0.5620470753221188, 3972.74024134, 17.8603218145, 193.989553925, 0.707531769944, 0.242795110288, 85, 2019
Z, -100, -0.565952281287679, 16306.4215539, 72.8827329291, 210.967122886, 1.02136793425, 3.07102329579, 88, 2019
N, 100, -0.9707146284587687, 8289.55597629, 62.3482436221, 124.750781152, 3.09733151351, 0.0936610443967, 88, 2019
E, 100, -0.30835937280571446, 4173.77652042, 19.4042245593, 189.471972901, -1.19318683604, 3.05887439421, 88, 2019
Z, -100, -0.11558284944117171, 15576.8287949, 58.3726211192, 257.898229348, -1.63894709299, 0.0126173620595, 91, 2019
N, -100, -0.935748715516704, 8937.14694545, 48.6345405902, 180.002611737, 0.370842391148, 3.1623277857, 91, 2019
E, 100, -0.7786694214084405, 3589.09125751, 17.4349113974, 202.665442988, -0.512886391987, 2.99496310177, 91, 2019
Z, 100, 0.4451603426772852, 13696.8615144, 32.9598266891, 531.889083934, -0.429277793643, 0.598293403448, 94, 2019
N, -100, -0.5903605414419976, 7790.47480666, 20.4713763088, 425.787280055, 1.07434467557, 3.48251649681, 94, 2019
E, 100, -0.6800494350326121, 3429.5096857, 19.3331682917, 258.878442277, 0.467699733148, 2.55076292615, 94, 2019
Z, 100, -0.5797621956303948, 14667.4448853, 41.227874877, 389.405057598, -0.888895744119, 3.70654511197, 97, 2019
N, -100, 0.20272965569668586, 8122.8142635, 31.3054128466, 267.20828398, 1.04049048035, 0.39630582082, 97, 2019
E, -100, 0.44393198421118163, 3471.2801374, 10.9605234038, 373.085412654, -0.0751057320736, 0.701409599317, 97, 2019
Z, -100, -0.9361465072421863, 12413.1489742, 74.3445992553, 172.947111157, 0.0475140034331, 3.32501181388, 100, 2019
N, 100, -0.4626838286335636, 5947.47243172, 63.6495168147, 86.2937809999, 1.9620832067, 0.120682257275, 100, 2019
E, -100, 0.44581646665321023, 3007.10628834, 22.3101354431, 124.886098711, -2.10627959063, 3.13389537384, 100, 2019
Z, -100, -0.8080403968028149, 14731.1379111, 88.3737734848, 150.686283628, 3.58537126904, 0.219975891279, 103, 2019
N, 100, -0.8820920866002556, 8720.96760553, 75.1324874499, 110.685139397, 2.60415466566, 0.077941722756, 103, 2019
E, -100, 0.4317233358303638, 4030.37462615, 24.9835555889, 140.062843269, 1.00923952924, 0.279173452434, 103, 2019
Z, 100, 0.017441603010945116, 9925.59474077, 66.3293342185, 153.578466652, -1.26824790098, 0.373364684061, 106, 2019
N, -100, -0.920192130957406, 5737.19269037, 52.9869852705, 110.519379412, 0.43348992488, 3.39406411918, 106, 2019
E, 100, -0.5518787159152498, 1904.57450148, 19.2271836047, 93.3762682425, -0.305634371328, 2.55834389109, 106, 2019
Z, 100, -0.5360858404405778, 13089.9228305, 34.1554722214, 455.18499793, -0.967713228974, 4.02717882346, 109, 2019
N, -100, 0.11169639196134079, 7145.40105314, 26.3163681592, 304.13570347, 0.65790109084, 0.852467273503, 109, 2019
E, 100, -0.16950741125538088, 3066.54263884, 21.0697944985, 262.19532666, 0.302314358618, 1.85109193984, 109, 2019
Z, 100, -0.8996239492335448, 17567.6189904, 77.4928184231, 236.313052822, -0.489875040634, 3.41913536041, 112, 2019
N, 100, -0.28110100563019796, 9204.49358151, 68.873417094, 128.550889286, 1.84254397275, 0.0106948900494, 112, 2019
E, -100, 0.7190911336476112, 4664.62932556, 20.2846899607, 246.991906745, 0.513180475586, 0.298708022173, 112, 2019
Z, -100, -0.9380593141731564, 14254.5457992, 82.5592748584, 167.40056129, 0.255734047216, 3.21661943752, 115, 2019
N, 100, -0.5799526827665124, 9174.09349639, 76.7659905177, 115.964021321, 2.19031359779, 0.00992671076293, 115, 2019
E, -100, 0.5707237162603082, 3393.82047112, 24.6485420944, 124.052249206, 0.885743150405, 0.0599328731824, 115, 2019
Z, -100, -0.700407168386267, 13322.3238292, 66.5626192738, 200.865343307, 0.855546330357, 3.06598695794, 118, 2019
N, 100, -0.8952474894202868, 8070.5915905, 56.3926688002, 142.689892159, 2.79970818785, 0.111429510606, 118, 2019
E, -100, 0.1200577495886527, 3207.71016452, 18.2873343102, 167.447504151, -1.61851965993, 3.08116125966, 118, 2019
Z, -100, -0.6176168998032147, 12834.510359, 34.5390239167, 480.588143708, 1.320336052, 2.52767850358, 121, 2019
N, 100, -0.8760396561349431, 8641.99947631, 24.6438236683, 424.676389825, 3.23566116563, 0.487272419396, 121, 2019
E, 100, -0.280372589522439, 3312.9545345, 13.1275239804, 358.474038236, -0.644663997444, 2.4416073225, 121, 2019
Z, 100, -0.7358453910063628, 12031.9732058, 51.2190042925, 252.444694644, -1.04451974915, 3.69939362224, 124, 2019
N, -100, 0.3674465663490255, 8374.28206459, 38.2148302946, 228.500508117, 0.817664075108, 0.425084900947, 124, 2019
E, -100, 0.4780613281641153, 3170.74236555, 12.9892447458, 286.761762106, 2.67976780287, 2.14435720114, 124, 2019
Z, 100, -0.9514802819697266, 12688.3350828, 92.0157886687, 139.562312733, -0.335391530345, 3.31771008774, 127, 2019
N, -100, 0.010884799335200862, 8259.37516042, 76.8663126897, 102.17830892, 1.53868072319, 0.0388145555873, 127, 2019
E, -100, 0.7396063615376152, 3166.86825474, 24.8011453461, 132.133810678, 0.572145846987, 0.155870963213, 127, 2019
Z, -100, -0.9314102951083283, 13319.6570448, 100.021399095, 131.058466731, 0.280058609396, 3.21533467668, 130, 2019
N, 100, -0.4896317841382286, 9623.13516797, 90.3268567892, 100.364555519, 2.10452667887, 0.0293753228431, 130, 2019
E, -100, 0.623641392935562, 3577.37358517, 29.701685514, 112.54059539, 0.819229182827, 0.0927641106031, 130, 2019
Z, -100, -0.6839446378888406, 14036.0379427, 76.2900497546, 190.5482781, 0.950079486201, 2.93137494647, 133, 2019
N, 100, -0.8323031106427164, 9195.40621329, 64.8453923129, 148.241963364, 2.69334552732, 0.16830842807, 133, 2019
E, -100, 0.33777202263245737, 3552.98487146, 21.1662767447, 161.866938617, -1.80917721147, 2.97947564514, 133, 2019
Z, 100, -0.9014908772063949, 6469.9249694, 100.094519456, 56.2227806539, 0.325121960175, 2.59427641363, 154, 2019
N, -100, 0.08747830887601461, 2800.77938054, 80.2938382304, 28.9374014686, -1.18274187814, 2.59969167886, 154, 2019
E, -100, 0.8416975402423248, 1067.88392798, 25.6044705257, 39.3732493268, 2.4837315913, 2.35965369083, 154, 2019
Z, -100, -0.9944362498932989, 13122.3973367, 117.937983693, 113.689601072, -0.0101682382047, 3.21287861578, 157, 2019
N, 100, -0.09998216101776945, 7137.62558734, 103.593703444, 65.0639528408, 1.71567925534, 0.0683660623573, 157, 2019
E, -100, 0.8327050100094053, 2200.44355148, 31.9625278846, 69.0542916239, -2.55469624741, 3.15932042907, 157, 2019
Z, -100, -0.9336032411607159, 13123.5240061, 88.8992548486, 148.819768258, 0.40637605447, 3.06911910111, 160, 2019
N, 100, -0.4885632048873978, 7629.05509712, 84.3504416281, 90.9642592995, 2.20141223182, 0.169468265104, 160, 2019
E, -100, 0.8003109351687946, 2654.59262537, 27.0111589245, 93.8660380722, 0.635638934831, 0.0945692369869, 160, 2019
Z, 100, -0.7986458125066047, 5059.58527161, 84.2192057735, 60.9598952227, -0.922883781936, 3.52208654884, 166, 2019
N, -100, 0.38517915086776094, 2629.46778442, 68.7157704421, 41.8255940056, 1.06328559591, 0.144872318282, 166, 2019
E, 100, 0.8629396083366597, 903.098236167, 21.0681020096, 45.3031965862, 2.29291414837, 2.35313997848, 166, 2019
Z, -100, -0.9958098149041829, 12592.6466922, 94.1418593153, 132.695372107, 0.0917464738776, 3.11150973063, 172, 2019
N, 100, -0.2125317231375863, 6462.10053254, 88.7598091379, 69.5750739738, 1.94261852223, 0.205359516802, 172, 2019
E, -100, 0.8972906806284573, 2566.06162849, 26.8563615181, 93.2082341593, 0.470921714056, 0.0653354121132, 172, 2019
Z, -100, -0.9643558883799708, 12268.6756084, 61.311962336, 204.213800675, 0.36918692693, 2.92715299277, 175, 2019
N, 100, -0.42048501811272554, 8101.28293141, 57.2251466082, 146.311789704, 2.22208256435, 0.260736198501, 175, 2019
E, -100, 0.85699222096134, 2925.429109, 20.284156826, 139.999564677, 0.549397504113, 0.237661071363, 175, 2019
Z, 100, -0.754043051413771, 12343.338005, 39.018312463, 338.672657251, -0.797292589941, 3.28329292118, 178, 2019
N, -100, 0.2977687979444359, 8893.54501343, 26.7764311816, 388.205983677, 0.811280095152, 0.395154456513, 178, 2019
E, 100, 0.9291290612283926, 3452.84463241, 13.402409969, 291.874040176, 0.0354270729785, 0.305732234188, 178, 2019
Z, 100, -0.8832184435449444, 6635.74687003, 90.8410652257, 66.5640804235, -0.18067258532, 2.83776088428, 181, 2019
N, -100, 0.5967310425046294, 3426.37693712, 70.0786918595, 46.8212185225, 0.690699634918, 0.234187128571, 181, 2019
E, 100, 0.7618588982070411, 1622.34748582, 23.7559345538, 55.3183173737, 1.80809699672, 2.21565373651, 181, 2019
Z, 100, -0.9097948525414246, 12316.7003119, 125.760458362, 99.8782137851, -0.492748788454, 3.25496612306, 184, 2019
N, -100, 0.4107635534753273, 6917.6747468, 106.263975787, 60.2904674564, 1.19712729617, 0.0561094288058, 184, 2019
E, -100, 0.9782617826569558, 2253.9528817, 32.225882032, 74.6582054375, 0.0982543122267, 0.0858971380844, 184, 2019
Z, 100, -0.9804238926146126, 10958.6016415, 103.042698508, 104.778309829, -0.0246593054779, 3.16343713537, 187, 2019
N, 100, -0.09660703843991389, 6388.99760551, 98.9431144586, 60.1053115489, 1.68982920084, 0.0242432622433, 187, 2019
E, -100, 0.8908714743806541, 2629.76464306, 28.632128784, 88.3428264157, 0.360131717866, 0.0561875743677, 187, 2019
Z, -100, -0.9793010299959624, 8842.22350388, 47.53951449, 201.910527917, 0.317178751264, 2.90674542381, 190, 2019
N, 100, -0.4201194362115003, 4351.96918003, 46.6432880636, 103.409824297, 2.29850775584, 0.333394056253, 190, 2019
E, 100, 0.9706233202351268, 1986.11667386, 22.3115309497, 97.8684573276, 0.02697195697, 0.130547912838, 190, 2019
Z, 100, -0.7126127761627963, 10309.9256065, 69.8334628087, 160.23691894, -0.940616002084, 3.35550264745, 193, 2019
N, -100, 0.7092953414458556, 5628.65466584, 54.4807905448, 104.89967294, 0.686203955673, 0.122567802698, 193, 2019
E, 100, 0.919128392711307, 1782.25359266, 18.6023169557, 98.1658860745, -0.262607139585, 0.0786702294707, 193, 2019
Z, 100, -0.7450256483115419, 12545.3460517, 104.514344665, 116.90179977, -0.772758231563, 3.20505667392, 196, 2019
N, -100, 0.648448540359778, 8337.19343101, 88.8567748903, 89.3918876217, 0.823729161164, 0.0731179648051, 196, 2019
E, 100, 0.9238731800478238, 2828.17871339, 25.6806575778, 117.811809518, 2.63989954986, 2.9232937054, 196, 2019
Z, 100, -0.9238488542182738, 11138.3724696, 99.455786204, 110.69089717, -0.335832329769, 3.13308378355, 199, 2019
N, -100, 0.12080831081652983, 7870.34886319, 90.589575826, 83.7286487266, 1.56169643608, 0.127874169641, 199, 2019
E, -100, 0.9810720715024671, 3106.66247404, 25.2446413566, 129.977171733, 0.0150730945604, 0.109454575409, 199, 2019
Z, 100, -0.9687255670698323, 11707.9902537, 66.6772308107, 170.940428882, -0.310976733615, 3.29225175941, 202, 2019
N, 100, -0.1162044645519675, 8625.6711136, 66.9144562577, 120.299435104, 1.65161811642, 0.0410005279798, 202, 2019
E, 0, 0.9693232818250487, 3265.91410396, 19.4624543866, 153.598059693, -0.0393888718229, 0.0650906584513, 202, 2019
Z, 100, -0.9340303984736168, 9747.86329601, 31.322545146, 323.43887771, 0.406257827898, 2.61562695433, 205, 2019
N, 100, -0.44283831359317605, 4618.4304274, 28.6875977546, 194.474524109, -0.512288617067, 2.50368095061, 205, 2019
E, 100, 0.8852300607242399, 1289.40930523, 16.4270766641, 87.0151333609, 0.307795674827, 0.429901360823, 205, 2019
Z, 100, -0.5126032199421258, 12452.7996409, 68.9861673353, 192.755968749, -1.21880699487, 3.39521318853, 208, 2019
N, -100, 0.8772896045674872, 6647.52385053, 50.4812291693, 133.557509067, 0.379719253927, 0.156242552153, 208, 2019
E, 100, 0.7955802591994187, 2026.80514627, 19.0939294036, 105.844141262, -0.561166455828, 0.0636087889641, 208, 2019
Z, 100, -0.7077555190463907, 10900.9317846, 115.032821414, 90.1412316384, -0.86546828663, 3.26992696977, 211, 2019
N, -100, 0.6645892956522618, 6912.23450481, 93.1317510761, 67.9655440563, 0.702098199708, 0.173225023356, 211, 2019
E, 100, 0.8809093162363272, 2762.82443046, 29.9352670974, 93.0458152823, 2.53328875449, 2.97219959713, 211, 2019
Z, 100, -0.9770695832682318, 10934.9673998, 110.739115337, 99.6406173038, -0.159941346907, 3.1401586026, 214, 2019
N, -100, 0.08238201477988423, 6732.59226357, 101.306359757, 63.6994080925, 1.54074894423, 0.0522937972469, 214, 2019
E, -100, 0.9574753002443118, 2456.95098147, 27.6209359266, 93.32201921, 0.0084533673632, 0.2215868308, 214, 2019
Z, 100, -0.9602249632516041, 8614.09605352, 46.6521734705, 196.33021387, -0.122345138756, 3.17853878841, 217, 2019
N, 100, -0.3337529536151204, 4824.30061663, 60.9783229059, 89.7736636278, 2.27903223294, 0.378977547909, 217, 2019
E, -100, 0.8934898065740444, 1821.8025738, 14.5829537147, 130.079143636, 0.381397169228, 0.249486210066, 217, 2019
Z, 100, -0.2830730457475703, 12354.3530151, 51.2848265201, 244.78146109, -1.40172286727, 3.29193786501, 220, 2019
N, -100, 0.9082254812363572, 8116.85667496, 37.8282921267, 240.235558679, 3.11346987377, 2.77421676117, 220, 2019
E, 100, 0.6317625695229636, 2962.62717607, 23.3699709389, 157.43594228, -0.450447191388, 0.443096659269, 220, 2019
Z, 100, -0.49863248771946744, 11960.8867318, 89.4976348685, 129.750827186, -1.11465911346, 3.24132703903, 223, 2019
N, -100, 0.8620516103099569, 8097.3648617, 74.5818649895, 98.4307988728, 0.402137848694, 0.137936658611, 223, 2019
E, 100, 0.782554703464634, 3396.84179083, 23.3740498988, 142.433875159, 2.4321549713, 3.0972475212, 223, 2019
Z, 100, -0.9170980053473098, 10545.0810217, 92.658066451, 105.149035801, -0.217809545265, 3.00111034277, 226, 2019
N, -100, 0.1342290687309331, 5952.59592723, 81.3593029751, 68.2547024327, 1.48108014886, 0.0324288338572, 226, 2019
E, -75, 0.9145882014573318, 2498.31813527, 22.3356373727, 105.755424843, 2.73104209538, 2.710820334, 226, 2019
Z, 100, -0.9782111813555624, 11491.8463564, 63.7352677686, 182.632925291, -0.216114467311, 3.26016753022, 229, 2019
N, 100, -0.018223818284294768, 6091.39038762, 64.3880787865, 90.2272663762, 1.67563319387, 0.108647791339, 229, 2019
E, -100, 0.9604824164764131, 1990.29120922, 15.846917187, 134.099775906, 0.132623418969, 0.144089563136, 229, 2019
Z, 100, -0.8497564328813249, 11203.3054982, 20.777385125, 623.302479197, -0.31858151876, 2.88427004899, 232, 2019
N, 100, -0.2589639783085594, 6229.91120881, 32.348796275, 231.453377072, 2.1795636003, 0.499158530608, 232, 2019
E, 100, 0.7658810938370161, 2112.52704329, 9.36337783905, 261.761953816, -0.120151600308, 0.497666527203, 232, 2019
Z, -100, 0.046957670294221224, 10766.1807731, 47.4699546656, 209.953403574, -1.50634136173, 3.01481844935, 235, 2019
N, -100, 0.984229814920449, 5938.64187093, 33.0832515626, 189.86281667, 3.04197655927, 3.00131113784, 235, 2019
E, 100, 0.35552865432803726, 2095.36695488, 17.0042010171, 128.088204165, -0.722473399397, 0.478514936741, 235, 2019
Z, 100, -0.2115409351220796, 13577.9501785, 92.7886876352, 140.403088321, -1.46340449074, 3.29718607079, 238, 2019
N, -100, 0.964139226197541, 8497.12586931, 73.4385630881, 110.333460044, 0.140571429806, 0.125785551742, 238, 2019
E, 100, 0.5879168926706041, 3130.63401211, 25.9072064253, 113.807878938, 2.11839309923, 3.03598375152, 238, 2019
Z, 100, -0.6972636465023976, 13577.7008429, 104.213803539, 126.422377477, -0.786526872936, 3.14448706354, 241, 2019
N, -100, 0.6783374577450555, 8611.72090796, 89.6350177822, 89.3477109037, 0.832292873011, 0.00330191139299, 241, 2019
E, 100, 0.978455109198024, 3549.49973403, 25.7204854977, 141.006701229, -0.225629864819, 0.0845960170842, 241, 2019
Z, 100, -0.8997902828192708, 10040.8650891, 49.0558829739, 217.909135226, -0.195843216652, 3.06800540514, 244, 2019
N, -100, 0.037906391973106114, 6369.43355281, 60.7629999888, 106.653150935, 1.74258088011, 0.214613458543, 244, 2019
E, -100, 0.7507548615009514, 2522.37936969, 10.0731812574, 300.620147504, 0.255305034146, 0.361487031263, 244, 2019
Z, -100, 0.5498373772828364, 12083.2227821, 39.4895298685, 284.15998513, -2.14174833753, 3.12026385441, 247, 2019
N, 100, 0.5685960741297634, 7355.59037166, 28.7295418706, 299.035833416, 2.07367286499, 2.58241207171, 247, 2019
E, 100, 0.13202725331555318, 2703.70239747, 16.4375529086, 212.786909716, -1.08667419814, 0.371805727889, 247, 2019
Z, -100, 0.11276005615343682, 11391.8981454, 77.5309640936, 131.723648397, -1.87707490725, 3.42346600967, 250, 2019
N, 100, 0.9343164082389434, 6608.90103195, 62.47186466, 91.0046352808, -0.249653863583, 0.246519861075, 250, 2019
E, 100, 0.4412890906464853, 2642.53048753, 24.1579405563, 101.610010955, 1.9438495289, 3.02746021801, 250, 2019
Z, 100, -0.5674519450658928, 10463.1122927, 79.0832915376, 128.055483788, -1.08076449331, 3.32629312493, 253, 2019
N, -100, 0.8165788749837142, 5707.22427275, 69.4301136778, 78.1844029817, 0.613177321417, 0.0195717678336, 253, 2019
E, 100, 0.9051560306466984, 1631.68271171, 19.74281818, 87.1154820924, 2.62399597772, 2.95513590584, 253, 2019
Z, 100, -0.9498257276513025, 9814.88857827, 54.1708494438, 179.849814666, -0.112323226978, 2.99752207633, 256, 2019
N, -100, 0.16904647949891677, 5110.31549995, 52.9289492265, 88.156348438, 1.57846233191, 0.16864875626, 256, 2019
E, -100, 0.8317224864707657, 1348.0726592, 11.5621669403, 120.65114217, 3.08138356382, 2.653801985, 256, 2019
Z, 100, -0.2736738096258985, 12761.69494, 8.35172263808, 2180.69381585, -0.694837390021, 2.33840373635, 259, 2019
N, 100, -0.41080286862829685, 7064.87762331, 27.0185724201, 321.784110305, 2.46979354184, 0.561820064592, 259, 2019
E, -100, -0.5059108807120826, 1880.88090371, 5.48420422005, 1035.97044819, 1.3761495971, 1.90265056949, 259, 2019
Z, -100, 0.9073656677093905, 13626.5985672, 44.3307081959, 279.754201699, 0.433520645474, 0.0170501784555, 262, 2019
N, 100, 0.3422377854801072, 8333.6747135, 31.0233565412, 278.426639543, 1.69809892408, 2.78286546832, 262, 2019
E, -100, -0.5262300837661603, 2563.78849974, 13.010967016, 187.323349232, 1.01070780663, 3.11360589144, 262, 2019
Z, -100, 0.5393319647381164, 10318.7703659, 80.8956321929, 110.884171916, -2.32399662973, 3.37633529335, 265, 2019
N, 100, 0.8326678638852895, 6690.94323631, 61.9287045115, 93.5561700303, 2.44768007119, 2.83994469801, 265, 2019
E, 100, 0.17045739301881713, 2138.44698548, 23.2531849361, 76.4193691264, 1.56533398967, 2.90296860006, 265, 2019
Z, 100, -0.3028016395260441, 10566.5485291, 89.5585720356, 117.594757251, -1.30157013652, 3.21231023058, 268, 2019
N, -100, 0.9337581829486052, 5662.0637002, 76.1107880599, 71.3534968519, 0.378786062369, 0.0445719597812, 268, 2019
E, 100, 0.8136703199770738, 1876.28330589, 24.295269782, 80.5747520949, -0.615293752853, 0.00233288834401, 268, 2019
Z, 100, -0.7190021663177741, 9870.99182334, 48.682747126, 212.984773756, -0.330426105186, 2.78174751481, 271, 2019
N, -100, 0.5119401303794202, 5967.36205186, 51.3906625226, 120.931802438, 1.22940142285, 0.30727098804, 271, 2019
E, -100, 0.8038137037428155, 2172.54631448, 7.7248573298, 364.615562236, 0.128035504012, 0.270643423396, 271, 2019
Z, -100, 0.9797644217759098, 10826.8006666, 45.0081163002, 221.98916184, -0.0370265414998, 0.105693062624, 274, 2019
N, -100, -0.10375537812512578, 6268.74354838, 35.8092940801, 181.31069626, 1.06874562399, 2.56989176963, 274, 2019
E, -100, -0.8684089900501398, 2285.87409409, 17.4194774315, 126.861281248, 3.58511258246, 0.0186903154095, 274, 2019
Z, -100, 0.628637370678655, 10799.1963206, 88.383220593, 113.478723413, -2.11396467565, 2.94883708456, 277, 2019
N, 100, 0.8510302800150606, 4662.30660179, 65.8800248597, 68.2144833866, -0.510049957169, 0.000539345298622, 277, 2019
E, 100, 0.1960374712231625, 1556.97360412, 24.8703629918, 53.1599059266, -1.42447111972, 0.110267738185, 277, 2019
Z, -100, 0.07329464094730162, 10498.8281585, 78.341180833, 132.36832279, -1.58569879117, 3.10224254648, 280, 2019
N, -100, 0.9666255533166447, 5497.25941256, 67.5517535425, 75.0944617524, 0.141352386542, 0.0495733043501, 280, 2019
E, 100, 0.6829412264590072, 1553.38220354, 22.2873993027, 71.4826802882, -0.735190636099, 0.0841824928433, 280, 2019
Z, 100, -0.4528073917809419, 9812.9282041, 46.5148748176, 216.952706854, -1.06937496906, 3.14441381684, 283, 2019
N, -100, 0.7375221391262868, 4672.17108331, 45.5633571766, 102.911141653, 0.811559118544, 0.100718434081, 283, 2019
E, 100, 0.8408879987025785, 1309.67377096, 9.97970866194, 138.203406562, -0.605949300867, 0.233176263331, 283, 2019
Z, 100, 0.704036195496133, 11109.1152404, 14.3844961895, 1018.92477998, -1.1682738408, 1.16227112491, 286, 2019
N, 100, -0.08358022148312842, 6068.38451118, 16.0423800085, 592.557113197, 1.83639083413, 0.805484993648, 286, 2019
E, -100, -0.8205999825294987, 2147.2123018, 11.632605737, 269.405140589, 0.544542529445, 2.62322547927, 286, 2019
Z, 100, 0.9937172170436454, 10130.7826943, 58.4506911068, 162.404190874, -0.0459258246634, 0.00923179698509, 289, 2019
N, -100, -0.09058156680026168, 5653.48826216, 43.6243151062, 129.29961596, 1.28755126642, 2.87798398954, 289, 2019
E, -100, -0.8514785158746639, 2353.35792293, 19.5148131785, 112.444375206, 0.597484829164, 3.07574517662, 289, 2019
Z, -100, 0.9293456994206514, 10925.1629353, 93.8614744608, 109.858541953, 0.382465248251, 0.0147733541244, 292, 2019
N, 100, 0.4098924691185014, 6242.15257941, 69.8812321796, 85.0269712666, 1.90140509165, 3.01211232754, 292, 2019
E, -100, -0.46110489928734866, 2272.63478112, 26.3903120779, 83.3375114904, 1.06527174902, 3.07944054581, 292, 2019
Z, -100, 0.5230952096910866, 10633.5308914, 93.3012536245, 109.144434768, -2.05005642773, 3.05513460425, 295, 2019
N, 100, 0.8966580061470801, 6448.98758543, 76.0091262794, 78.074104167, -0.419041058246, 0.0172055203376, 295, 2019
E, 100, 0.3298586797047013, 1909.81073724, 26.82233189, 63.954391928, -0.996427214158, 0.205962609316, 295, 2019
Z, 100, -0.128353123102222, 8811.08603258, 50.483609387, 193.855284694, -1.08942193448, 2.76100475696, 298, 2019
N, -100, 0.9088392771512086, 4220.30805668, 51.1403974919, 89.7803840568, 0.433245363736, 0.269993107032, 298, 2019
E, 100, 0.8544786840874297, 1831.73769181, 11.1440242373, 186.660144452, -0.137251792828, 0.33293591086, 298, 2019
Z, 100, 0.9603465315411721, 8386.84414048, 53.9561314829, 158.255289256, -0.331400760107, 0.21787476193, 301, 2019
N, -100, -0.007077593912990982, 3478.65749433, 41.8648843635, 92.1242944712, 1.12161530056, 2.62468824178, 301, 2019
E, -100, -0.7784797247081165, 1186.88498442, 22.3580766557, 50.5140299254, 0.670837563091, 3.02560722332, 301, 2019
Z, -100, 0.9646081931995254, 9832.59273424, 106.384339566, 86.8102301876, 0.302594151079, 0.0844216722093, 304, 2019
N, 100, 0.30969343283755296, 4628.93345929, 80.9145206298, 54.4060738065, 1.77129365238, 2.96992671753, 304, 2019
E, -100, -0.15104861309939963, 1642.40995592, 32.984093749, 47.1139458487, 1.63880720184, 2.86934243928, 304, 2019
Z, -100, 0.699732725997308, 10723.7461694, 104.222968599, 100.856521746, -2.20178363314, 2.91066057863, 307, 2019
N, 100, 0.8416198635052248, 5139.12292963, 80.7502274065, 61.637185887, 2.65288658714, 3.24925552765, 307, 2019
E, 100, 0.34839538931753106, 2215.96856602, 28.5164529385, 80.4685458401, -0.981626483477, 0.257676174384, 307, 2019
Z, -100, 0.47768399745557394, 8152.51592758, 60.6035644631, 137.516094559, -1.93029482823, 2.99317698801, 310, 2019
N, 100, 0.9399348014964358, 4228.2362428, 56.1756787445, 74.7963335951, -0.236119429396, 0.101817416747, 310, 2019
E, 100, 0.49361751611605836, 1746.21516216, 16.7521803285, 101.293337166, 2.14832923671, 3.14676643906, 310, 2019
Z, -100, 0.8533478430140697, 9537.32502645, 21.7362708828, 552.488955235, -0.853172478843, 0.936405492369, 313, 2019
N, 100, 0.5315605792130461, 4441.64435324, 21.0413498912, 272.792299951, 0.361873681771, 1.21455347896, 313, 2019
E, -100, -0.6181896141763837, 1921.38416267, 7.04407419209, 281.37781407, 1.07895372367, 2.82046241794, 313, 2019
Z, 100, 0.8968545141643585, 8743.3816367, 69.7872038285, 120.166927771, -0.531990282791, 0.106898499055, 316, 2019
N, -100, -0.2224054896323751, 4128.13815454, 52.2468207814, 78.6666433847, 1.09825339485, 2.8317534897, 316, 2019
E, -100, -0.9111950000588946, 1751.97624763, 24.8521471932, 65.5189897801, 0.475641717152, 2.98545394176, 316, 2019
Z, -100, 0.9766154962856658, 6188.00321492, 111.078426626, 51.4049346095, 0.174860325553, 0.146212973289, 319, 2019
N, 100, 0.241822660702179, 2846.45242352, 84.6184424282, 29.6106278806, 1.55901602767, 2.79826283054, 319, 2019
E, -100, -0.5115207818250889, 1000.7455429, 34.3557760573, 26.4163856191, 1.24254724721, 2.89924292263, 319, 2019
Z, -100, 0.8599571584360717, 12267.3414978, 117.700110066, 100.617050326, 0.652106862411, 0.288396269022, 322, 2019
N, 100, 0.8034127439931495, 4977.5037113, 89.5521150402, 52.277582601, -0.489583854329, 0.183703981839, 322, 2019
E, -100, -0.20983379278919725, 3915.33936154, 32.6213435031, 119.117084039, -1.6115720237, 0.255659955301, 322, 2019
Z, -100, 0.7632936040221742, 11911.1808624, 71.0664004606, 178.472705288, -2.35133767899, 3.04225969367, 325, 2019
N, 100, 0.8399714171690608, 5292.73959157, 63.3943347245, 85.7788452026, -0.402142431115, 0.182287025592, 325, 2019
E, -100, -0.13362795670368904, 2963.69042941, 20.9215119119, 139.415185061, 1.44545642235, 3.13418377898, 325, 2019
Z, 100, 0.8254072338213497, 12683.6149168, 53.001672924, 268.982708721, -0.79440544868, 0.347109748734, 328, 2019
N, 100, 0.015887935515575553, 5184.42668933, 38.7505558679, 147.094225381, 0.710882179984, 2.22649176861, 328, 2019
E, 100, -0.7955780319963658, 4110.79517697, 14.6615685392, 267.64937814, -0.0499688694429, 2.72148782953, 328, 2019
Z, 100, 0.8905525633634565, 14920.6855891, 111.976026072, 124.041372009, -0.501047131922, 0.05489222602, 331, 2019
N, 100, 0.6747277696812582, 6634.21777784, 89.0031765413, 71.0650929946, -0.839817107788, 0.0166382355411, 331, 2019
E, 100, -0.4545376902024847, 14492.1541055, 38.3564422347, 334.423352612, 2.07803076635, 0.0717600548543, 331, 2019
Z, -100, 0.9618283964099172, 11750.5787019, 128.301457071, 87.5914969385, 0.303027261785, 0.257804365912, 334, 2019
N, 100, 0.2556824027201257, 5639.28349907, 97.0951005775, 53.8837827813, 1.86906894312, 3.18531337555, 334, 2019
E, -100, -0.5353448909909075, 2209.85233153, 37.5216374741, 54.7037381224, 1.28500767241, 2.76462193712, 334, 2019
Z, -100, 0.9106517102323903, 13919.0310275, 92.8753495321, 157.467996126, -2.58584767292, 2.90161975749, 337, 2019
N, 100, 0.6698691720073299, 7004.74978414, 73.8676629587, 94.6259797789, 2.46257007981, 3.32730476299, 337, 2019
E, -100, -0.250733155431875, 3460.79916051, 25.5030472181, 153.787368272, -1.54711602035, 0.329389245269, 337, 2019
Z, 100, 0.9513151357919871, 14727.3678255, 38.0373309887, 457.439152818, -2.84691661409, 2.79872116287, 340, 2019
N, 100, 0.549807993057693, 8028.16859312, 39.4635876721, 234.489522096, -0.613246575869, 0.435530488345, 340, 2019
E, -100, -0.6572560384772094, 4254.6378676, 9.67766293294, 559.666864535, 1.36019948598, 3.888670698, 340, 2019
Z, 100, 0.5581955416023808, 13541.8135799, 66.9840667347, 204.591906891, -1.22642271512, 0.335397675616, 343, 2019
N, -100, -0.5130380097333341, 7102.34347836, 48.6977102653, 153.832570142, 0.665771505258, 2.7442292239, 343, 2019
E, 100, -0.8586635090229962, 2908.53123668, 19.1860944926, 131.147323238, 2.53321584754, 0.130706470605, 343, 2019
Z, 100, 0.8683068966659243, 11650.5926272, 116.041251775, 95.1124430536, -0.536564861647, 0.0460648016585, 346, 2019
N, -100, -0.3762020382264667, 5714.35626031, 90.1382535149, 60.8018247577, 1.04288887192, 2.95271098423, 346, 2019
E, -100, -0.9639153456975121, 2089.18654246, 37.2784501156, 51.5265758057, 0.19156703213, 3.08842722525, 346, 2019
Z, 100, 0.9860786296875991, 12218.9980076, 135.698029299, 86.3808485944, -0.0187823043509, 0.0789961574048, 349, 2019
N, 100, 0.11894400755271835, 5844.33613758, 104.087396403, 52.8820439398, 1.67321870176, 3.1189524871, 349, 2019
E, -100, -0.6839579428530441, 2627.97202307, 40.7633138618, 62.7598689909, 0.897883493465, 3.04129404587, 349, 2019
Z, -100, 0.9570607781419787, 10469.0666889, 103.705139388, 101.163456281, -2.80044388586, 3.03226303759, 352, 2019
N, 100, 0.47879643721330367, 5472.2561875, 78.9828114066, 66.0792352236, 2.08573799776, 3.18016085876, 352, 2019
E, -100, -0.3914063526853721, 2231.31029513, 29.1250821166, 84.4850009726, 1.25013169356, 3.32040679739, 352, 2019
Z, 100, 0.8433101600627729, 8518.28283138, 43.0815374626, 232.618564941, -0.912190101903, 0.649399266754, 355, 2019
N, 100, 0.046993069734604674, 2552.80144916, 34.8797436191, 89.9234522495, -0.465523271224, 1.08990411075, 355, 2019
E, -100, -0.8056057196969735, 745.043324982, 11.2978254161, 63.1457410854, 2.12402523239, 1.03220088282, 355, 2019
Z, 100, 0.8139510984287008, 10993.3464208, 103.132376666, 99.7789427509, -0.511321148486, 0.143935680313, 358, 2019
N, -100, -0.2834415752817107, 4555.49605344, 81.8262320976, 52.7177070211, -1.83899241597, 0.0110693725667, 358, 2019
E, -100, -0.8493735209354296, 2308.9042948, 30.0206968436, 65.6146411354, 0.415915116374, 2.69524391424, 358, 2019
Z, 100, 0.8681234273693224, 13629.6071561, 130.149941691, 100.567208952, -0.520738503592, 0.033019354038, 361, 2019
N, -100, -0.12311094977272959, 5423.50468582, 104.075231809, 51.4398928761, 1.41135526374, 3.07254307566, 361, 2019
E, 100, -0.9674971991486477, 2680.97732967, 42.6249859066, 57.0253654467, 3.08809913222, 0.0759961688377, 361, 2019
Z, 100, 0.9783291477977605, 14076.9376031, 116.129044068, 121.155833398, 0.15869313367, 0.187416995009, 364, 2019
N, 100, 0.19608439905356304, 6826.99883945, 87.1130277456, 76.0431771873, 1.82821996452, 3.2337069996, 364, 2019
E, -100, -0.7298271848207251, 2060.047384, 32.9859653716, 62.8505567635, 0.795557661174, 3.18143254549, 364, 2019
