Chan, Phase Shift, Correlation, ptp-data, ptp-synthetic, rat, phasem, phasestd, DOY, Year
Z, 100, 0.9652225610779028, 94.396787837, 97.7779517246, 0.895713257177, -0.108052435646, 0.133773402157, 1, 2019
N, -100, 0.6132770140760914, 19.6135001579, 6.38833764792, 4.26956593206, 1.68991426535, 0.916745729173, 1, 2019
E, 100, 0.9821824686121174, 51.6940600501, 43.408592902, 1.22097405495, 2.83757372205, 2.91450165516, 1, 2019
Z, 100, 0.9674139369722425, 156.583068439, 157.619879773, 0.953648587893, -0.0663505249044, 0.0404137147612, 4, 2019
N, -100, 0.7652597327438282, 20.1442833677, 7.43462857838, 2.83107989206, -0.0269207527114, 0.56010102246, 4, 2019
E, -100, 0.9802273455564765, 64.064355929, 67.1105274596, 1.02571501038, 0.0706259553051, 0.108223141177, 4, 2019
Z, -100, 0.9860448602286443, 167.743182754, 167.28872419, 0.975379622564, 0.170715620931, 0.166004980488, 7, 2019
N, -100, 0.9496640514253069, 23.3010532115, 8.53063686407, 2.67816283121, 0.103321725453, 0.0821402904209, 7, 2019
E, -100, 0.9753291627602075, 59.6122652659, 71.1943700289, 0.801724372964, 0.102982765859, 0.011905147552, 7, 2019
Z, 100, 0.864330263160297, 109.626847023, 131.83437218, 0.740261924679, 0.00991277149694, 0.372942623842, 10, 2019
N, 100, 0.4919399003248686, 16.5386488971, 6.76357628485, 1.9090209805, -0.89927253962, 0.530997882211, 10, 2019
E, -100, 0.9937264994617696, 68.9586204622, 57.5994021277, 1.17427619346, 0.109920222721, 0.0768964498705, 10, 2019
Z, 100, 0.7455088196236231, 62.8583783038, 71.9101527643, 0.638190308694, -1.02070188248, 0.527347903024, 13, 2019
N, -100, 0.5759161008721856, 17.4851799336, 5.14975466229, 3.12208070849, -2.07633616587, 3.50900597345, 13, 2019
E, 100, 0.8832300285726975, 41.3276856332, 33.6234225648, 1.18417911707, -0.497356530774, 0.06262365942, 13, 2019
Z, 100, 0.9299671754352029, 70.1523917543, 92.0955565308, 0.666850544883, -2.71396417915, 2.62092900386, 16, 2019
N, -100, 0.9140551580987547, 18.930698061, 5.99275974386, 2.94084869695, -3.00154753063, 2.87447737357, 16, 2019
E, -100, 0.982565526964813, 35.307864546, 42.0489274717, 0.864355671615, 0.0969310631884, 0.0411763873103, 16, 2019
Z, -100, 0.9975017938461144, 168.822207212, 178.400276791, 0.956933574955, 0.0541780986388, 0.0035000409604, 19, 2019
N, -100, 0.8154254446858716, 30.8433980492, 9.61747740651, 3.33571778403, -2.53906433629, 3.13246342805, 19, 2019
E, -100, 0.9994055991908314, 53.844705186, 76.6895104843, 0.704581138611, 0.0172411410051, 0.0131607710136, 19, 2019
Z, -100, 0.9627654496179884, 162.972858284, 193.119635491, 0.840966269017, 0.209851260014, 0.0711621512915, 22, 2019
N, -100, 0.8871000880058125, 35.9333442047, 10.5052218315, 3.38133803114, 0.237690790023, 0.236973432926, 22, 2019
E, 100, 0.9929702246507437, 63.3031875214, 82.3175193097, 0.752013879509, 0.0408324915065, 0.104776757577, 22, 2019
Z, 100, 0.9317286778693343, 109.214297902, 108.226678194, 1.04698039556, -0.352275019838, 0.0167999409737, 25, 2019
N, -100, 0.8738215084490136, 21.4446718747, 7.19613993552, 3.28544358079, 0.0703586598604, 0.0116144813942, 25, 2019
E, 61, 0.9984578413855784, 43.8818643938, 47.7529425485, 0.916408739887, -0.0272401273062, 0.0199120139069, 25, 2019
Z, 100, 0.6335776872276601, 79.5572664072, 66.4185813118, 0.907364330697, -2.18049342648, 1.87390907346, 28, 2019
N, 100, 0.7877971440022704, 12.9797210374, 5.73943282089, 2.23769453657, -0.636191587507, 0.134233141291, 28, 2019
E, 100, 0.9905929088300606, 32.0468767767, 31.1475454102, 1.0784171707, -0.23563464503, 0.205401683035, 28, 2019
Z, -73, 0.9951839751333446, 128.48400619, 129.826914213, 0.950076258519, -0.0257609867831, 0.0512983193424, 31, 2019
N, -100, 0.8640843386733692, 20.3016770256, 6.0762486916, 3.52121910163, -2.60875101879, 3.28573687215, 31, 2019
E, -100, 0.9983450708235163, 52.4434259503, 57.2033306175, 0.907571824347, 0.0697852596783, 0.0361588493355, 31, 2019
Z, 100, 0.9591663905105491, 114.97927352, 151.930399736, 0.711159873686, 0.0158902402766, 0.0615303175155, 34, 2019
N, 100, 0.9450477603335059, 21.0970862405, 7.47503528516, 2.79799231515, -0.37286736399, 0.37835944888, 34, 2019
E, -100, 0.9984562407769352, 64.2187316366, 64.0238533024, 1.0106007357, -0.0270058910691, 0.0545681667952, 34, 2019
Z, 100, 0.962162769695789, 149.91070483, 127.716916471, 1.08769094536, -0.267073444113, 0.20997686819, 37, 2019
N, 100, 0.9283931587967859, 11.6894084189, 6.31147261993, 1.77365152592, -0.18114515366, 0.220486513765, 37, 2019
E, -100, 0.9614463497541987, 54.1337232695, 54.2569513505, 0.97659349508, 0.12632760048, 0.168222668459, 37, 2019
Z, -100, 0.7247399377825998, 76.5109937898, 68.9208883414, 1.18918914286, 0.887482128085, 0.384774827939, 40, 2019
N, -100, 0.44132037065740287, 3.8548878757, 6.74769304447, 0.652492687524, 1.00612681026, 0.312748383448, 40, 2019
E, -100, 0.7818730294723891, 26.6892547346, 30.6295508617, 0.867292901487, 0.735894252836, 0.0697821138006, 40, 2019
Z, 100, 0.6655216156289557, 81.7022428332, 54.4903822139, 1.63894099298, -1.3145454491, 0.564638283228, 43, 2019
N, -100, 0.5516360240612053, 13.5378774057, 7.28697762189, 1.99846802212, 1.29062888609, 0.375551768026, 43, 2019
E, -100, 0.9756357136883729, 40.7239047204, 26.1177537446, 1.7563709745, -0.125271498948, 0.176992372893, 43, 2019
Z, -100, 0.8843312088751637, 129.164604005, 135.613901387, 0.92384546853, 0.537174670263, 0.113959201868, 46, 2019
N, -100, 0.44519303762380463, 79.2075223826, 7.79223161323, 9.2510473672, 1.21875747461, 0.159473433626, 46, 2019
E, -100, -0.010812346085480883, 25.2278418716, 59.7388888619, 0.232971402996, 1.76201592882, 2.2042857258, 46, 2019
Z, -100, 0.782982102241321, 138.067037969, 173.562628658, 0.827470545055, 0.307977301427, 0.00165447855706, 49, 2019
N, -100, 0.2510492443056378, 41.9649125113, 9.29016756112, 5.04906466012, -1.99100927598, 2.90212141016, 49, 2019
E, 100, 0.44460581757567097, 52.7477617063, 73.5017444542, 0.510224310517, -0.0907054682609, 0.942524386342, 49, 2019
Z, 100, 0.9073894638975116, 81.2399378226, 112.572466971, 0.735358747678, 0.0891094754228, 0.278819311138, 52, 2019
N, -100, 0.23624041673196267, 38.5239910497, 6.50647429878, 6.00523224022, -1.98287565632, 2.86534947821, 52, 2019
E, 100, 0.7086072690169288, 52.0549176385, 46.7982838511, 1.24803538272, -0.602979557714, 0.259676381783, 52, 2019
Z, 100, -0.13816370973977374, 33.5904674716, 38.7073719733, 1.12028968527, 1.29981956324, 0.63797032159, 55, 2019
N, -100, 0.7590842842502828, 63.3850412965, 9.85952656615, 10.4354633182, 0.358368286289, 0.518472730614, 55, 2019
E, 100, -0.6776520565405897, 50.2182140343, 18.9304259121, 3.41870376094, -1.09409745404, 2.40899830178, 55, 2019
Z, -100, 0.8436213500233646, 51.1531153947, 102.993279601, 0.453037285643, 0.25050581059, 0.348535507733, 58, 2019
N, 100, 0.9726143141119911, 61.0891447953, 6.95472802412, 9.45560505862, 0.133852428907, 0.19087490531, 58, 2019
E, 100, -0.5177103900201766, 26.0461740224, 46.205199693, 0.475699538758, -1.28795826239, 2.76308035014, 58, 2019
Z, -100, 0.8911469063398629, 51.3204807894, 124.469315905, 0.42560391937, 0.395632410213, 0.00208509976756, 61, 2019
N, -100, 0.89646685394595, 62.9600529209, 6.00833622616, 10.6862023952, -2.74707948167, 3.05286770733, 61, 2019
E, -100, -0.8188776514388851, 20.876344389, 53.3748173428, 0.34763704742, 0.640960706722, 3.2182204689, 61, 2019
Z, 100, 0.9793692371466449, 37.2046173943, 105.677062763, 0.354111350985, -0.0559942656522, 0.150652401982, 64, 2019
N, -100, 0.7764482900233798, 56.9397572093, 4.89756824283, 11.8950728627, -2.66612157606, 2.89778007111, 64, 2019
E, -100, -0.26482506919133775, 38.1620640083, 43.8414890078, 0.88760884372, -1.71510858629, 0.154194270401, 64, 2019
Z, 100, 0.24571611593660733, 25.6129036507, 53.0032953848, 0.589695490028, -1.28937287599, 0.279164938113, 67, 2019
N, 100, 0.6550539035358591, 48.0429078965, 5.01911210918, 14.4591096654, -0.167319867754, 0.442339329126, 67, 2019
E, -100, -0.18617035734680737, 54.3070370923, 20.9436741498, 3.08621874049, -1.63922357209, 0.194767200169, 67, 2019
Z, -100, 0.2954081618331543, 80.9341531724, 42.5387268119, 1.73964546475, 1.15800532224, 0.191314399386, 70, 2019
N, 100, 0.5890287263234218, 39.6394879777, 9.95261259314, 5.21998683256, -0.730104454329, 0.219370643705, 70, 2019
E, 100, -0.0836884590940666, 34.5008815238, 19.4550568399, 1.72863712077, -1.74261724484, 2.88155163958, 70, 2019
Z, -100, 0.8547206168594773, 87.5111521073, 109.253241385, 0.777639865415, -2.60674702923, 3.12553456499, 73, 2019
N, 100, 0.9156372579434422, 58.1333182578, 9.73632743854, 6.34995974716, 0.150647921018, 0.36574546792, 73, 2019
E, 100, -0.13136737000192455, 44.8904594532, 48.8766080753, 0.903982375745, -1.55402755706, 2.96144772189, 73, 2019
Z, -100, 0.8627696806609925, 102.593239568, 142.401336074, 0.710071378864, 0.407455674917, 0.15923036485, 76, 2019
N, -100, 0.9929604503457717, 77.6334253495, 7.95763932629, 9.88767390623, 0.0179214332895, 0.0518902842152, 76, 2019
E, -100, 0.2330439028937789, 21.1755355394, 61.3688070841, 0.246111867184, 1.06295392952, 0.11764491334, 76, 2019
Z, 100, 0.5992272674257709, 71.8535931172, 99.164479781, 0.615842570062, -0.959641650362, 0.0709960960751, 79, 2019
N, -100, 0.8840368493010659, 41.0805648555, 5.54436216996, 7.28035433131, -0.0117860758056, 0.363761220536, 79, 2019
E, 100, 0.7048367681726636, 38.9900444769, 39.9110218772, 1.10005115539, -0.698651612552, 0.206893674031, 79, 2019
Z, -100, 0.6658676743666969, 88.9560867243, 44.3058640845, 2.40492549065, 0.626821871508, 0.336477596055, 82, 2019
N, 100, 0.22346229261014353, 22.7060916529, 7.21395228989, 4.7557976949, -0.325794173929, 0.979709490812, 82, 2019
E, -100, 0.035480989387801476, 43.4736883676, 18.3967378094, 2.61722591287, 1.43052880492, 0.184486489066, 82, 2019
Z, -100, 0.8467401286753163, 135.097895197, 106.21945316, 1.25475179127, 0.456802849376, 0.138517736591, 85, 2019
N, 100, 0.6983407266727618, 49.217553637, 12.5971803473, 5.16928693914, -0.290758599851, 0.461116839089, 85, 2019
E, 100, -0.08262921635790951, 65.2102375966, 47.0241565989, 1.30678463283, -1.56023714415, 3.02092070237, 85, 2019
Z, -100, 0.5908169624446301, 68.5794233961, 116.864616026, 0.523847547633, -2.12613920866, 3.03177001676, 88, 2019
N, 100, 0.9708295629531146, 49.9349433776, 7.4098814251, 6.73818533279, -0.0733899245892, 0.0759954304429, 88, 2019
E, 100, -0.7318704749173606, 47.5061615156, 50.8962810158, 0.808995848812, -0.625983477475, 3.17950753512, 88, 2019
Z, -100, 0.15847552531943793, 57.5429167303, 88.7563654376, 0.490202230212, 1.05622492941, 0.606556667341, 91, 2019
N, -100, 0.9296406551776548, 53.9265728621, 3.91308975914, 15.4925667568, 0.204456270503, 0.088565357268, 91, 2019
E, -100, -0.8577728568885147, 51.8131634062, 37.0573756912, 1.20681966912, 0.136000420932, 2.76608722518, 91, 2019
Z, 100, -0.7295623789086492, 98.652792601, 35.4323154446, 2.45725921097, -0.597544669713, 3.23434260531, 94, 2019
N, 100, 0.03155184273671519, 34.1343620359, 1.6270603528, 29.6664607877, -1.29604362468, 0.426471982823, 94, 2019
E, 100, 0.018823613536808143, 76.0835392798, 10.95612862, 8.44701232202, -1.37336859158, 0.328441256643, 94, 2019
Z, -100, 0.9390560443679159, 114.168780192, 62.4818538697, 1.91280835015, 0.25234411661, 0.112386534247, 97, 2019
N, 100, 0.17901466565696897, 13.8211721987, 8.3316123558, 1.7901926813, -1.43940325103, 0.0410134065633, 97, 2019
E, -100, 0.09756812323224884, 26.7906003542, 26.9311119759, 1.039871863, 1.52020418964, 0.0601399852872, 97, 2019
Z, -100, 0.7725263209283572, 138.215525285, 122.901255853, 1.05814771827, 0.76997516641, 0.137943558387, 100, 2019
N, 100, 0.8258908418127805, 19.3353677152, 13.2392994269, 1.88462991409, -0.194787274531, 0.379352407065, 100, 2019
E, -100, 0.2188393836883899, 48.5141930779, 54.4235718393, 0.802485760458, -1.86177814159, 3.01058802729, 100, 2019
Z, -100, 0.15034117518634996, 360.797873687, 141.192282743, 2.31504968287, -1.58256855859, 2.93292506544, 103, 2019
N, 100, 0.8766454396528054, 26.2029604086, 10.4011928652, 2.86280774729, -0.363311915474, 0.180933541957, 103, 2019
E, -100, -0.7605970396693722, 38.2049003688, 61.3706608776, 0.475345679202, -2.29455991029, 0.807448926424, 103, 2019
Z, 100, -0.234457268668586, 234.568900028, 93.4609405566, 2.52805865764, -1.28880206015, 3.09448597539, 106, 2019
N, 0, 0.9813452389155447, 44.2803181771, 5.03846113226, 9.00430045476, 0.150562158987, 0.125336234351, 106, 2019
E, -100, -0.7160444098205722, 98.0463614974, 39.3544588626, 2.71068672162, 0.910050165793, 3.43904431252, 106, 2019
Z, -100, 0.8194120178473022, 152.35780463, 56.6459345145, 3.05910253082, -0.52276448987, 0.632790245288, 109, 2019
N, -100, -0.6085730163415022, 27.7847566225, 2.75656207244, 13.1183263132, -2.47221105563, 0.137313115799, 109, 2019
E, -100, 0.5664606632096818, 78.6444079378, 23.4706792736, 3.87810212234, 0.632048759835, 0.411444807323, 109, 2019
Z, -100, 0.9637922883135509, 213.739828412, 130.34977298, 1.65037815861, 0.219189686194, 0.046454506666, 112, 2019
N, 100, 0.3602394888956388, 29.5226998974, 11.7675574852, 3.19785127606, -1.10851264472, 0.141706081989, 112, 2019
E, -100, 0.805223423226029, 65.0472414657, 58.5387421229, 1.08149615769, 0.547033620625, 0.148672422195, 112, 2019
Z, -100, 0.9164533503993613, 157.805624588, 142.609272695, 1.07515269003, 0.430451256891, 0.0215268608999, 115, 2019
N, 100, 0.8445723295732338, 31.5085449759, 13.0475799915, 3.03852824434, -0.101790995979, 0.422553836703, 115, 2019
E, -100, 0.7611501784918749, 38.6120602092, 62.5284969936, 0.563975564451, -2.51376966925, 3.01221012939, 115, 2019
Z, -100, 0.05295199761175961, 176.494472504, 105.316239014, 1.32693091432, -0.563326405214, 2.06492660337, 118, 2019
N, 100, 0.8479307553222166, 38.119691529, 6.24885830479, 6.29482379333, -0.507982321308, 0.0780262028517, 118, 2019
E, 100, -0.6041255094768505, 43.4742846393, 44.9601083466, 0.763933863522, 0.518703585384, 4.14385075135, 118, 2019
Z, 100, -0.1656551048425006, 293.52255535, 43.8866217329, 7.715387751, -1.25961138523, 2.79691065314, 121, 2019
N, 100, 0.32939029477015486, 17.6153751859, 1.80738050339, 11.4876240496, -1.65604985358, 0.52411200178, 121, 2019
E, 100, -0.824822116797377, 85.6558916552, 17.3129138461, 5.978259178, -0.0281669537613, 3.68429044157, 121, 2019
Z, -100, 0.8346150541316866, 179.918945035, 77.0467143552, 2.41217422246, 0.51771988896, 0.067004600064, 124, 2019
N, 100, 0.7449293416004221, 14.6530009641, 5.32867821982, 2.13857327998, -0.741290259387, 0.174901369069, 124, 2019
E, -100, 0.7511088181217358, 57.2741490795, 33.513752129, 1.80088098303, 0.540314614959, 0.212628516154, 124, 2019
Z, -100, 0.9596404395980838, 185.81427367, 147.519455457, 1.27357422203, 0.201093809487, 0.0908636100837, 127, 2019
N, 100, 0.9551084156826517, 18.1459595974, 11.7811218703, 1.74921313998, -0.0818845931162, 0.0853816219813, 127, 2019
E, -100, 0.7160780300394972, 67.9821311126, 65.9995718907, 0.946382883507, 0.612037915952, 0.218441694926, 127, 2019
Z, -100, 0.931370516969711, 192.892275848, 168.381806033, 1.11493444311, 0.372232161638, 0.00419634542739, 130, 2019
N, -100, 0.9692649913817244, 19.2710599683, 14.952337387, 1.30897949471, 0.15293348384, 0.0449799217664, 130, 2019
E, -100, 0.6920507094271477, 58.4621957659, 74.1206034976, 0.810162860283, -2.33418126926, 3.15707436121, 130, 2019
Z, -100, 0.8045180745249216, 113.345966837, 117.559271037, 0.933671313729, -2.37605879496, 2.86353222794, 133, 2019
N, -100, 0.4395046750632249, 21.0523696541, 8.27060254635, 2.62355393198, 1.37868451003, 0.430020260524, 133, 2019
E, 100, -0.04223011089460391, 35.616346371, 50.6463111124, 0.573430097934, 0.634585854184, 4.30312129562, 133, 2019
Z, -100, 0.9186067473522412, 69.967548696, 56.4784754005, 1.17086688846, 0.655656245686, 0.358252137825, 136, 2019
N, 100, 0.06264226993989887, 21.2036784629, 2.94956460041, 11.3833729694, -1.42233290192, 0.347451906022, 136, 2019
E, -100, 0.22355921260714914, 50.9017054324, 24.3654431268, 2.51105109372, 0.444509192086, 0.860827051179, 136, 2019
Z, -100, 0.9708723304918808, 242.558423548, 142.18243282, 1.68007334894, 0.112080709758, 0.0637627659669, 139, 2019
N, 100, 0.9512410385106035, 30.9884181221, 7.54196988233, 3.66346065077, -0.0790742058428, 0.145155738654, 139, 2019
E, -100, 0.5996094533952709, 53.8635455929, 63.0260292439, 0.80352181807, 0.871252229962, 0.051158094132, 139, 2019
Z, -100, 0.9457119466426385, 237.306293624, 169.365624654, 1.14030833922, -0.236165907861, 0.338132717843, 142, 2019
N, -100, 0.8157734382519771, 17.354964941, 13.7137890876, 1.06960523645, 0.0967231168608, 0.522490606726, 142, 2019
E, 100, -0.05922462941117426, 107.116773204, 76.6005283876, 1.32289330413, 1.67757995182, 0.0547642328111, 142, 2019
Z, -100, 0.8876795853925326, 157.081457028, 138.961884207, 1.08268518927, 0.368904145048, 0.134457611057, 145, 2019
N, -100, 0.7171981323511624, 16.2487971292, 11.7175457505, 1.54305891902, 0.814898531842, 0.079436778783, 145, 2019
E, 100, -0.008140312343578556, 73.9042933586, 60.9015636666, 1.11332014393, -1.73298871756, 2.88527714695, 145, 2019
Z, -100, 0.5770726757852225, 84.3797377421, 75.8945550441, 1.12219921225, -1.79993262507, 2.71322846983, 148, 2019
N, 100, -0.28885927474899575, 16.0560659307, 3.95454573531, 4.3563494396, -0.634743876332, 2.58884720824, 148, 2019
E, 100, -0.275252855958744, 57.6084159793, 32.8016249501, 1.94411673839, -0.884254241133, 3.58994552981, 148, 2019
Z, -100, 0.9399125138406007, 139.228068329, 73.1489414033, 2.13958499222, -0.118648944325, 0.348708843086, 151, 2019
N, -100, 0.5841162218469761, 24.346364335, 5.14551384405, 4.33443068671, 0.782813392775, 0.123053357233, 151, 2019
E, -100, 0.7742851523982985, 71.0116023378, 32.1407179256, 2.3900815875, 0.531836904996, 0.149829823706, 151, 2019
Z, -100, 0.9936564250165976, 201.784315918, 155.68340038, 1.3117900462, 0.0821366882794, 0.0297004275419, 154, 2019
N, -100, 0.7913463261604419, 38.9550222659, 9.80689315857, 3.84716220635, 0.695555474928, 0.0806177903826, 154, 2019
E, -100, 0.9254858302269745, 82.7944077052, 68.507706671, 1.21354232186, 0.327323554173, 0.0888534316696, 154, 2019
Z, -100, 0.974614174289759, 244.43030867, 192.620925952, 1.22965627283, 0.19343550703, 0.0408286249254, 157, 2019
N, -100, 0.744099079120295, 31.1783149446, 14.56280197, 1.86345618954, 0.55304782793, 0.233585067504, 157, 2019
E, -100, 0.9409177018812899, 81.1973628696, 87.0757253784, 0.896264445918, 0.322423155723, 0.0441565973156, 157, 2019
Z, -100, 0.9319722589835773, 200.536885577, 153.811738494, 1.31556042332, 0.374440015301, 0.00886701630721, 160, 2019
N, 100, -0.5865963631675917, 29.4673094236, 14.4045500893, 2.21517985469, -0.25616584902, 2.53269886559, 160, 2019
E, -100, 0.6755865205863756, 60.8401524407, 66.5444290936, 0.8611504211, -2.25756862886, 3.17777743176, 160, 2019
Z, -100, 0.7584806645894925, 263.41698907, 55.5456860457, 5.47329632722, -1.59534520058, 2.10457684854, 163, 2019
N, 100, -0.6960487380303858, 47.8720436317, 3.3733201761, 20.5906233261, 0.492610292383, 2.09083141003, 163, 2019
E, -100, 0.09362201935152252, 55.1258261714, 23.9131732493, 2.53668050111, 0.143971357665, 1.41182518677, 163, 2019
Z, 100, 0.9932643681635034, 160.910009551, 134.153023737, 1.23094676401, -0.132031349602, 0.0821949119988, 166, 2019
N, -100, 0.9157027880944906, 57.7007927892, 6.72240683551, 7.67621659217, 0.366269495587, 0.0415954395772, 166, 2019
E, -100, 0.8554638761741807, 62.0099309705, 58.120942051, 1.10229680431, 0.451673441472, 0.103045163186, 166, 2019
Z, -100, 0.992432947180049, 187.841427006, 178.109136677, 1.01187453674, 0.132405503739, 0.0494941825058, 169, 2019
N, -100, 0.5883242522480191, 31.269030749, 10.8391486596, 2.48673885287, 0.693610698324, 0.308926757248, 169, 2019
E, -100, 0.6121014611491894, 87.680201453, 80.5807376008, 0.950193446084, 1.11703370653, 0.294620474803, 169, 2019
Z, -100, 0.9550000580438146, 189.638644048, 162.341684748, 1.18562743531, 0.343755658584, 0.0753049640059, 172, 2019
N, 100, -0.49387662926390113, 60.6902258764, 13.539612651, 4.96162125841, -0.487661526303, 2.5926398017, 172, 2019
E, -100, 0.3071632690154316, 134.549667569, 73.7231500632, 1.79132251153, 1.27836941594, 0.00153200383539, 172, 2019
Z, 100, 0.9478876635517652, 137.022510305, 108.185016046, 1.11672126708, 2.86961593046, 2.82961661033, 175, 2019
N, 100, -0.5098796166269296, 71.7695533939, 9.66293646581, 9.37736117435, 2.56772468464, 0.51002573887, 175, 2019
E, -100, 0.2729702448011815, 78.8931777653, 46.9716640844, 1.44849133694, -2.09717034171, 2.79806360639, 175, 2019
Z, -100, 0.750640543524838, 96.4542489036, 56.5748198143, 2.02574321468, 0.448336242705, 0.183461057788, 178, 2019
N, -100, 0.5860773656494096, 31.6293597246, 3.86685222403, 8.39025413853, -0.0295644762392, 0.723571164839, 178, 2019
E, -100, 0.43262882145490816, 49.0795898284, 25.396756567, 2.4668800979, 0.578332165353, 0.487724351982, 178, 2019
Z, -100, 0.9587375145836806, 214.17891566, 138.919510244, 1.61735735933, 0.190025041839, 0.0590165649497, 181, 2019
N, -100, 0.929233503791922, 31.410081692, 8.65753513714, 3.63083617866, 0.32054012119, 0.122950269101, 181, 2019
E, -100, 0.810184231989013, 86.5611837426, 59.943442215, 1.35304807275, 0.769151360366, 0.224703010436, 181, 2019
Z, 100, 0.9717580746560214, 429.717450912, 199.604548918, 2.07796714135, -0.0625147396593, 0.151348416027, 184, 2019
N, -100, 0.8467661131135508, 35.5605932592, 12.5073042542, 2.64763650533, 0.554607912452, 0.0146763759919, 184, 2019
E, -100, 0.8039532891721262, 127.031396768, 89.2797210283, 1.39482728222, 0.632578038985, 0.0189377257635, 184, 2019
Z, 100, 0.9083496335667381, 425.713053414, 177.881749465, 1.89030101732, 2.64428251226, 2.8027336255, 187, 2019
N, -100, 0.12577288227928368, 37.6687005261, 16.1737342024, 2.25422648841, 1.50667190571, 0.00152009277217, 187, 2019
E, -100, 0.655291502668262, 99.5657115606, 81.4832087643, 1.17471736973, 0.859375720658, 0.0303641545457, 187, 2019
Z, -100, 0.8804335863602953, 115.977173596, 86.9992525462, 1.3330198414, -2.24330379073, 2.67279909405, 190, 2019
N, 100, -0.5912410509012411, 42.5497265937, 11.2001315077, 5.24067682958, -0.0087023360845, 2.35505098497, 190, 2019
E, -100, 0.20681478907628625, 46.5019583263, 37.266922268, 1.33565283415, 2.11996734115, 0.728373983204, 190, 2019
Z, 100, 0.896021858875345, 152.026685517, 109.355834873, 1.35818173512, -0.659496668163, 0.397284967578, 193, 2019
N, -100, 0.7377798726770692, 55.5317192635, 4.88240228494, 10.9609501471, -2.69036026829, 3.2752607356, 193, 2019
E, -100, 0.6424752523772479, 67.7247807472, 47.8341824741, 1.4355225819, 0.838316163018, 0.0287551647755, 193, 2019
Z, -100, 0.9838223840368101, 227.053819071, 166.249283884, 1.35550063213, 0.214367206319, 0.109031768914, 196, 2019
N, -100, 0.6988703875551792, 66.6049575271, 9.60103425091, 6.19859862, 0.754069921697, 0.0727370656288, 196, 2019
E, -100, 0.7906787846687948, 70.0060774343, 72.9197456463, 0.906041126871, 0.473557944988, 0.233755616025, 196, 2019
Z, -100, 0.9870933840237872, 288.62717498, 164.986420131, 1.66088152797, 0.0547792957802, 0.0841998371527, 199, 2019
N, -100, 0.6276655075195566, 54.1091359248, 11.1085019296, 4.92993389476, 0.92864874683, 0.112205696976, 199, 2019
E, -100, 0.5463820522633724, 55.4703240009, 76.1219752834, 0.691980823645, 1.0039892479, 0.00469307023884, 199, 2019
Z, -100, 0.8551306466411027, 142.674536559, 123.033950314, 1.12969628944, 0.736682575776, 0.29304726254, 202, 2019
N, -100, 0.33575193592956243, 25.3877266604, 12.2979504971, 2.41417446958, 1.87487216726, 0.686875427538, 202, 2019
E, -100, 0.35770407209575417, 81.0443900294, 55.6524141264, 1.4073860972, 1.42607961795, 0.320286588438, 202, 2019
Z, -100, 0.8943398555822032, 118.280420866, 58.9650127468, 2.45261012897, -2.44466642998, 2.6857586472, 205, 2019
N, -100, 0.4760389651276544, 18.2788280993, 7.19996256072, 3.79604815061, 1.66536265935, 0.684605374814, 205, 2019
E, -100, 0.7016759501893577, 50.8979945378, 25.1119021154, 2.17314887927, 1.03830828567, 0.255791785494, 205, 2019
Z, 100, 0.9437271925884407, 105.821278549, 102.595480776, 0.974275756529, -0.271688956622, 0.00758667693738, 208, 2019
N, 100, 0.9403920577987489, 26.3842899854, 6.11583297099, 4.23093304599, -0.235015642153, 0.0784729356743, 208, 2019
E, -100, 0.9697126569749374, 79.5578851857, 45.979299438, 1.85511809655, -0.085703094432, 0.241922791908, 208, 2019
Z, -100, 0.9900215779815724, 207.710975717, 178.344204809, 1.18655254766, 0.11432744538, 0.00391567398458, 211, 2019
N, 100, 0.9690204750252336, 25.9728830317, 10.9035410027, 2.33539725417, -0.236807875021, 0.0338340912916, 211, 2019
E, -100, 0.9404070419425694, 79.0675902208, 77.3237592582, 0.975074454221, 0.322115713261, 0.0170982901064, 211, 2019
Z, -100, 0.9921304584740296, 231.213319079, 182.564537664, 1.22465409755, 0.0589082047175, 0.0485921268436, 214, 2019
N, -100, 0.7520078600777824, 34.6574181243, 12.9337190053, 2.59320036845, 0.788320825411, 0.119573798982, 214, 2019
E, -100, 0.6346016234351074, 112.227183406, 84.8443473607, 1.27373492762, 0.944177393622, 0.0781274011155, 214, 2019
Z, -100, 0.9539987519834976, 148.630124497, 106.261455804, 1.39176858652, 0.303504136318, 0.00474045861178, 217, 2019
N, -100, 0.5465907966259028, 29.9993444319, 15.8718150932, 2.19604713705, 1.22942853519, 0.254552282645, 217, 2019
E, -100, 0.5206235834971383, 83.1842449158, 48.4848618962, 1.87849296156, 1.10623632184, 0.103179873408, 217, 2019
Z, 100, 0.9605358145780254, 120.166692338, 78.2028558806, 1.68059759084, -0.264012775886, 0.200440303718, 220, 2019
N, -100, 0.09716371361747364, 21.3422742284, 5.75638221272, 6.62895463469, 2.86179091578, 1.62399976652, 220, 2019
E, -100, 0.9477278254295537, 78.5762287157, 35.8134714881, 2.35330697252, -0.230855126179, 0.36089932817, 220, 2019
Z, 100, 0.9926608639000971, 173.025218386, 139.932595119, 1.20850629922, -0.104621964318, 0.00163822589929, 223, 2019
N, 100, 0.9377762382234274, 34.6679230165, 7.44533467586, 4.20920202693, -0.233407985523, 0.160256002776, 223, 2019
E, -100, 0.9436953677173109, 95.0329835449, 60.254709187, 1.47910430852, 0.260148693355, 0.0757004179776, 223, 2019
Z, -100, 0.9810717130069141, 238.468145171, 148.899758863, 1.55961537111, 0.231491184369, 0.0722887831086, 226, 2019
N, 100, 0.8239095968678858, 34.290382252, 9.30696063771, 3.00505313344, -0.641764998342, 0.212029867697, 226, 2019
E, -100, 0.8004670066248417, 68.6960490985, 66.8621408204, 1.03748625146, 0.674847808991, 0.0376376060757, 226, 2019
Z, -100, 0.9502101265738925, 190.279571957, 115.203682334, 1.66411987269, 0.385778883298, 0.131441649983, 229, 2019
N, -100, 0.9890745492190154, 30.5470046112, 9.9198739289, 3.37689956378, 0.174258486629, 0.106804784036, 229, 2019
E, -100, 0.6816384030242306, 60.297520644, 55.3511949457, 1.06402276323, 0.882621121452, 0.065562559806, 229, 2019
Z, -100, 0.925335605356434, 104.663186442, 60.5517122272, 1.9103505834, -2.66315625534, 2.94580928233, 232, 2019
N, -100, 0.7796024708969951, 21.091515277, 10.2054896703, 3.1255094738, 0.783728955181, 0.458329842461, 232, 2019
E, -100, 0.45697950185113667, 32.4498720939, 28.263024618, 1.17215427029, 0.206345488474, 0.979403280358, 232, 2019
Z, 100, 0.8065190121238828, 98.2898531479, 68.3869100058, 1.48767550395, 2.28001935336, 3.42073423182, 235, 2019
N, 100, 0.4132501405802699, 13.583830749, 4.61270980161, 4.13585056125, 2.40007740886, 2.08515473833, 235, 2019
E, -100, 0.93693127811441, 62.7792026104, 32.2208291709, 2.13470096788, -0.177674055493, 0.352162083719, 235, 2019
Z, 100, 0.9788011592979571, 181.641397736, 141.412759338, 1.22663772085, -0.101962574626, 0.0385634360914, 238, 2019
N, 100, 0.9632056214053657, 27.9409080401, 8.00086232286, 3.37262915953, -0.276479699145, 0.00719288141436, 238, 2019
E, -100, 0.9600955763554796, 82.1352944606, 61.140575135, 1.3529553757, 0.132801284277, 0.15455094637, 238, 2019
Z, -100, 0.9979720073834616, 243.940298866, 163.34261039, 1.46920527263, 0.0685463841901, 0.0086523271947, 241, 2019
N, -100, 0.9806304181017325, 27.8914734061, 11.0950057785, 2.39227029721, 0.0573149123565, 0.0235150449403, 241, 2019
E, -100, 0.8266918045027803, 72.2386019667, 72.3719065327, 0.929552243851, 0.647501767608, 0.0893650133416, 241, 2019
Z, -100, 0.9797682486326296, 169.306062455, 100.896584829, 1.62793546031, 0.121172133675, 0.0211022358674, 244, 2019
N, -100, 0.5988967472050467, 25.3042547026, 12.1107291112, 2.34926391624, 1.19027533503, 0.27652814803, 244, 2019
E, -100, 0.5335290319989107, 51.9192719549, 52.8019390562, 0.835104653059, 0.840768450035, 0.393739211889, 244, 2019
Z, 100, 0.18201892157928487, 96.0074992035, 58.9675891243, 1.91390368331, 1.38788293974, 3.77250393514, 247, 2019
N, 100, -0.14033415631391452, 39.3270354516, 12.372393997, 4.94790856948, -0.0655413805824, 2.06174865756, 247, 2019
E, -100, 0.6952019645015558, 55.2597433222, 27.7523337438, 2.30193908422, 0.323245488223, 0.523650194478, 247, 2019
Z, -100, -0.4816814500942737, 120.867456907, 115.706687273, 0.639219836543, 3.37854299155, 0.84780320449, 250, 2019
N, 100, 0.2281243927435455, 25.6239858596, 5.25787482305, 4.04299889839, 1.58002223698, 2.94778688981, 250, 2019
E, -100, 0.9316702448914734, 52.7082557849, 50.6545420551, 1.0762646481, 0.311516030542, 0.0842013691265, 250, 2019
Z, 100, 0.9741726056112655, 103.737536571, 125.673825117, 0.843351599256, -0.0046883104714, 0.136641919001, 253, 2019
N, 100, 0.9081491182236819, 19.6190483472, 7.70728936602, 2.4254564321, -0.0154420429601, 0.363802073948, 253, 2019
E, -100, 0.8228659453941242, 53.6892891692, 53.7655013543, 1.02407484884, 0.650253954036, 0.066772984511, 253, 2019
Z, -100, 0.9076231233070318, 122.109966305, 94.465067854, 1.25480570871, 0.495793576931, 0.195138745297, 256, 2019
N, 100, 0.7726500137479081, 19.8510255759, 7.13350479206, 2.77300099971, -0.731228037827, 0.0869413360158, 256, 2019
E, -100, 0.7114144550436232, 48.9400197232, 45.3555097052, 0.908958187965, 0.578323865386, 0.291747405768, 256, 2019
Z, -100, 0.37108744953500516, 137.585282593, 44.3422140038, 4.02284138364, 1.29740299137, 0.484897133297, 259, 2019
N, -100, 0.6563722042551027, 5.97335994045, 7.81904758786, 1.00233335678, 0.521208237351, 0.687811235691, 259, 2019
E, 100, -0.30426581436850314, 32.8795951898, 25.9828775725, 1.4638943063, 3.19214501597, 0.975673823242, 259, 2019
Z, 100, 0.10962352770935521, 97.0820536403, 61.903329336, 1.52416810189, 1.07379384176, 3.75570880642, 262, 2019
N, 100, 0.10202493409686797, 18.6845834604, 7.46889950099, 5.16499266472, 0.634575831117, 2.14513501183, 262, 2019
E, -100, 0.830190492114957, 62.6957586107, 27.4995785847, 2.36978216697, 0.282162119808, 0.279088416776, 262, 2019
Z, 100, 0.7660361714929588, 128.80298305, 117.489144358, 1.01093835846, 2.52472719159, 3.08874030098, 265, 2019
N, 100, 0.8111108201845234, 27.3982465329, 6.18728938678, 4.69529213276, -0.536650204083, 0.304433649009, 265, 2019
E, -100, 0.8468794165418627, 75.2353019179, 52.4986625467, 1.43764586083, 0.443743993874, 0.16157527786, 265, 2019
Z, 100, 0.9143633259307185, 173.621679867, 138.234071836, 1.19950895194, -0.336947103707, 0.041078442842, 268, 2019
N, -100, 0.979955248310126, 31.5060072491, 8.52500688792, 3.4698869711, 0.0845320557508, 0.0177315350983, 268, 2019
E, -100, 0.8365257063138005, 58.7192586301, 58.0805547244, 0.972931005769, 0.476765667515, 0.142190004121, 268, 2019
Z, 0, 0.9633302160704971, 133.028734215, 85.9070160483, 1.64658328583, 0.107594340733, 0.129185105547, 271, 2019
N, -100, 0.8886258214714382, 29.464605946, 9.327556489, 3.5142900649, 0.483820011657, 0.144899899651, 271, 2019
E, -100, 0.5042916188523541, 28.4705038201, 43.5624730867, 0.566439284074, 0.819104550024, 0.456342160331, 271, 2019
Z, 100, 0.4274832940515648, 98.2711215386, 71.0717101479, 0.872491985404, 2.43639368887, 1.84302811756, 274, 2019
N, 100, -0.050585834949051486, 19.732431031, 9.95834595564, 2.67513787659, 1.88574998601, 0.023751002353, 274, 2019
E, -100, 0.9032086269616758, 43.1033274041, 28.7453073195, 1.61181905731, -0.124364612139, 0.357218529443, 274, 2019
Z, -100, 0.8265411915370525, 198.761662116, 120.775154333, 1.39234495464, 0.624896285993, 0.464777717071, 277, 2019
N, -100, 0.4264344676903307, 22.6920386568, 7.17145724329, 3.82068832321, 0.0802487121021, 0.0723517211846, 277, 2019
E, -100, 0.6191526055833382, 86.6797930475, 53.113460507, 1.31901109981, -2.02738079858, 2.70889352435, 277, 2019
Z, -100, 0.9273074649850764, 372.250793199, 118.052299691, 3.1941902615, -0.0217611441207, 0.0299587579827, 280, 2019
N, -100, 0.6893566603836934, 37.9232571255, 5.92678465787, 4.80831368503, 0.392705915434, 0.473451705781, 280, 2019
E, -100, 0.6087916888693681, 144.97142804, 50.0565743373, 2.643809329, 0.788432020747, 0.172197610097, 280, 2019
Z, 100, 0.6878438711956685, 247.694722389, 79.9465290269, 2.59657531539, -0.918294607026, 0.297022612025, 283, 2019
N, -100, -0.927347821334272, 8.90507703463, 6.69005140343, 1.42366796909, -3.14809335992, 0.108626963381, 283, 2019
E, -100, 0.8444886925173442, 66.0128104995, 34.4138131141, 1.71229409423, 0.473092665597, 0.131682621564, 283, 2019
Z, -100, 0.2688542283640678, 106.384023924, 25.932189914, 4.83633214038, 2.24933876629, 1.75043085756, 286, 2019
N, -100, -0.14391626215034373, 29.6856696078, 4.49284287483, 12.0677635455, -2.30385471291, 1.25433377599, 286, 2019
E, -100, 0.24551570913096765, 36.9401452793, 18.9789788209, 2.86917914169, -0.477405768881, 1.63311856584, 286, 2019
Z, 100, 0.7046831646112584, 70.8541155198, 84.5445759863, 0.919358838983, -0.965883836237, 0.364657673293, 289, 2019
N, -100, 0.46759102764783556, 20.0950450401, 5.48167645161, 4.14144409137, -0.0137689658548, 0.32697442959, 289, 2019
E, 100, 0.9570965869384493, 64.0408170493, 34.7252456986, 1.82049709586, 2.81347339477, 3.01821741527, 289, 2019
Z, 100, 0.9575581068402704, 115.056525941, 130.909822386, 0.790309727418, 0.0508475228989, 0.258892373296, 292, 2019
N, -100, 0.803915643548933, 15.5864501335, 7.04072474869, 2.54011477577, 0.114106753513, 0.298245790084, 292, 2019
E, -100, 0.9843060501242138, 71.3296140107, 57.1235495644, 1.21071036254, -0.0219908684616, 0.109894962714, 292, 2019
Z, 0, 0.9885704366287248, 173.6436642, 135.472917325, 1.32134266722, -0.0625089500258, 0.0927643278024, 295, 2019
N, 100, 0.7568396420229659, 9.63906194674, 7.20706200872, 1.34439664125, -0.633117223451, 0.17963160741, 295, 2019
E, -100, 0.9586759949696096, 76.6339132923, 58.5589392063, 1.29396932242, 0.312030173524, 0.0376079837457, 295, 2019
Z, 0, 0.963738465530971, 122.298588641, 85.3136521815, 1.59732045483, 0.0136520689277, 0.156856760929, 298, 2019
N, -100, -0.05526271518057197, 17.7839406711, 8.77623882802, 2.54800056679, -1.67310116888, 0.441150198226, 298, 2019
E, -100, 0.8658940387017741, 61.9190626639, 34.2059450264, 1.97137476189, 0.626511198612, 0.285264147621, 298, 2019
Z, -100, 0.9097416217526473, 82.2271409114, 85.1766718844, 1.01908853853, 0.0566487280177, 0.11829406279, 301, 2019
N, 100, -0.03211660210300839, 19.4671070586, 5.90858688096, 5.77205667935, -2.11850500571, 1.75897633086, 301, 2019
E, 100, 0.7838405501244076, 34.1474765061, 34.4294474619, 0.996191908928, 0.029205447316, 0.700802313861, 301, 2019
Z, 100, 0.941556226562307, 112.410022318, 150.885899689, 0.69798680094, -0.0244648484599, 0.226758624926, 304, 2019
N, 100, 0.7730048082825473, 33.3186020543, 7.61029440511, 4.78129308121, -0.0149100599521, 0.284522223752, 304, 2019
E, 100, 0.9867831395508845, 77.2366873193, 63.6938881055, 1.1504518571, -0.0903096025945, 0.0302306217333, 304, 2019
Z, 100, 0.768976922288086, 142.257684587, 142.581349599, 1.03157507926, -0.672730355886, 0.0352683826561, 307, 2019
N, -100, 0.9077438585149987, 18.7561279148, 7.02021086798, 2.66925769965, 0.291387114746, 0.0297924757454, 307, 2019
E, -100, 0.9961596797684079, 80.8104036823, 62.6508001471, 1.28480224517, 0.0945736628908, 0.0112135141844, 307, 2019
Z, 100, 0.7651219614921458, 72.2745102406, 95.8803840684, 0.756412021255, -0.572183223265, 0.114478325683, 310, 2019
N, -100, 0.6446619577778564, 9.96180289435, 5.56269850096, 1.72338169577, 0.934967653739, 0.0872060900819, 310, 2019
E, -100, 0.9962172461518906, 51.4005011178, 40.2819597678, 1.29826927479, 0.060483753031, 0.0173192089727, 310, 2019
Z, 100, 0.7153039979933298, 35.6453143815, 39.280641507, 0.88689130311, -0.448408059919, 0.380547668114, 313, 2019
N, -100, 0.5648276539950631, 12.6452533654, 5.58780854439, 2.7924001198, -0.410284819745, 1.44302640159, 313, 2019
E, 100, 0.921067773985334, 32.0393133108, 16.6470835751, 1.9419837137, 0.3282322512, 0.703221180103, 313, 2019
Z, 100, 0.5329547258680102, 203.498511498, 102.520094764, 1.33151568614, -1.55756687106, 1.11247665791, 316, 2019
N, -100, 0.7571220069234862, 27.8243790291, 5.7850398148, 5.61375773424, 0.0653777303131, 0.542808877369, 316, 2019
E, 100, 0.9702189435984827, 43.5982185228, 42.728632047, 1.0784456459, 2.8008522416, 2.89652287053, 316, 2019
Z, -100, 0.9646756266153598, 179.667724571, 160.00931488, 1.22175197234, 0.127888521723, 0.114018909444, 319, 2019
N, -100, 0.9011173470063885, 26.1994093476, 8.72352840856, 2.80334503701, 0.238151803184, 0.0770751832721, 319, 2019
E, -100, 0.9709851785052263, 70.9657812539, 67.810808984, 1.02493847406, -2.87264199343, 3.10425155156, 319, 2019
Z, 100, 0.9663979699619073, 170.101359842, 161.310414272, 0.980304331065, -0.245127265134, 0.228276816607, 322, 2019
N, -100, 0.8905977237225283, 28.9516313441, 8.56605571324, 3.35073177724, 0.243688231645, 0.0990936903903, 322, 2019
E, -100, 0.9710266895451859, 73.3824681867, 71.2240012184, 0.998409624191, 0.179300248279, 0.0874380309088, 322, 2019
Z, 100, 0.0227107843096608, 119.93996693, 104.74424434, 0.744377921388, 2.12071326217, 2.6010292482, 325, 2019
N, -100, 0.746321225481011, 34.4531004708, 6.5825709852, 4.03419648613, 0.394269261294, 0.32910300545, 325, 2019
E, 0, 0.9917748252348194, 41.418322823, 44.5360800455, 0.968798694405, 0.0643260635498, 0.0743894994341, 325, 2019
Z, -100, 0.9383523208987917, 122.663523683, 82.6146832713, 1.37977289135, -2.72783171847, 2.74890416351, 328, 2019
N, -100, 0.2823105859265111, 13.3955502824, 8.20171938776, 2.59472599184, -1.29617186064, 2.13022741192, 328, 2019
E, -100, 0.9762915760289004, 37.6689914539, 35.2930196393, 1.05642320853, 0.276320188121, 0.0850670860948, 328, 2019
Z, 100, 0.9491566445102806, 158.210810974, 168.273151931, 0.902649208122, -0.312999327353, 0.343857185362, 331, 2019
N, 100, 0.9705733135320389, 30.6333835538, 7.72826795125, 4.12469193189, -0.153528540279, 0.202141395395, 331, 2019
E, -100, 0.9830800405253856, 69.2467666897, 70.736046321, 1.00866896697, 0.0898443998972, 0.105633187535, 331, 2019
Z, 100, 0.9039554983229513, 180.545390727, 176.32884544, 0.956961085308, 0.107574823317, 0.22140353958, 334, 2019
N, -100, 0.7149996867369771, 24.8354364728, 9.04356690415, 2.62789019231, -0.111846615131, 0.158431152523, 334, 2019
E, -100, 0.980862423163351, 72.1729414126, 76.8688085628, 0.926042191098, 0.23552458434, 0.0788263760192, 334, 2019
Z, 100, 0.8557225180822152, 80.0457944344, 128.200767308, 0.546206165956, -0.141022225344, 0.344591290378, 337, 2019
N, -100, 0.844180817157483, 20.1541403874, 6.69816197896, 2.74855785219, -0.0600672676674, 0.325644111261, 337, 2019
E, 0, 0.9990564276768458, 55.8402601077, 57.4280764145, 0.978919399389, 0.0228625765158, 0.0282219135799, 337, 2019
Z, 100, 0.20203970088034115, 36.2133051229, 66.6363993892, 0.336330068397, 1.19890847166, 1.84065805664, 340, 2019
N, -100, 0.8595481072517202, 23.1415874367, 5.06461020816, 4.95074723689, 0.668458972209, 0.284637072305, 340, 2019
E, -100, 0.9432382035073636, 27.152752068, 30.020448449, 0.767821276645, -0.537469660422, 0.66921723352, 340, 2019
Z, -100, 0.9737105404151039, 118.581616557, 98.5217225241, 1.17190189735, 0.213295002453, 0.197695251624, 343, 2019
N, -100, 0.9103222686793273, 20.366146629, 5.73476953733, 3.65917332955, 0.0701273168863, 0.318827444673, 343, 2019
E, -100, 0.995145859432006, 41.2411525489, 42.8299322998, 0.986122718744, 0.0394598353293, 0.0579734560913, 343, 2019
Z, 100, 0.9678088052666926, 175.747927239, 172.398035436, 0.987449703674, -0.273091547525, 0.176059557729, 346, 2019
N, -100, 0.9361485487525109, 28.8983773954, 9.33971618912, 3.26773020041, 0.290696672098, 0.0605256141181, 346, 2019
E, -100, 0.995671481235351, 69.5062728496, 73.0724615928, 0.953161604786, 0.0304796960346, 0.0536865510619, 346, 2019
Z, -100, 0.9516285410265516, 132.534233678, 191.336500407, 0.624203824194, 0.254720939, 0.244363005754, 349, 2019
N, -100, 0.898807189753776, 31.1464443569, 10.324765634, 3.08218489987, -0.109319840127, 0.280914028867, 349, 2019
E, -100, 0.9760105568519739, 66.6800264201, 82.8897590196, 0.742246167945, 0.182345766271, 0.0979238739686, 349, 2019
Z, -100, 0.9216257333379507, 273.479959105, 134.0660395, 1.58656539122, -0.0723720852688, 0.322628189886, 352, 2019
N, -100, 0.9504054845226431, 16.9186365379, 7.61806208537, 2.14481495212, 0.153569217156, 0.224347321146, 352, 2019
E, -100, 0.8231587778199161, 77.1794399008, 60.0959453008, 1.40261467732, 0.626682357595, 0.0572903104252, 352, 2019
Z, -100, 0.7467518561526358, 92.2601356333, 67.9305910385, 1.86685321561, -0.198938175625, 0.435055029004, 355, 2019
N, -100, 0.6143814131211727, 15.8062303881, 6.24953930979, 2.79748761678, 1.61211595631, 1.00790897191, 355, 2019
E, 100, 0.9922865410099228, 41.4656293012, 30.9934833902, 1.34122412455, -3.07915110955, 2.96879328632, 355, 2019
Z, -100, 0.6938407819110515, 151.415547266, 158.85130076, 0.949056515734, 0.559183156636, 0.0848226494287, 358, 2019
N, -100, 0.9699260839774834, 23.678356515, 6.98150643021, 2.66599626253, 1.36501096948, 1.39450147257, 358, 2019
E, 100, 0.926889113917588, 53.7937694534, 67.8474089916, 0.686105428488, 0.234486261493, 0.390460507864, 358, 2019
Z, 100, 0.9516264232072035, 218.071152407, 192.482006395, 1.04755109974, -0.356224379759, 0.29234861295, 361, 2019
N, -100, 0.9407109891315291, 25.0956951833, 9.65382445523, 2.7014565975, 0.242058854845, 0.148799258536, 361, 2019
E, -100, 0.9770747038338374, 81.463934174, 81.2688870232, 1.02406129065, 0.1479568147, 0.0773258334873, 361, 2019
Z, 100, 0.9911292108222101, 179.447738361, 156.523574894, 1.15314917242, -0.109317213638, 0.105542386671, 364, 2019
N, -100, 0.9478301873725631, 23.799551331, 8.07127848092, 2.932052603, 0.23586351513, 0.0212198730416, 364, 2019
E, -100, 0.9656185259486704, 68.3728295055, 68.2037101828, 1.00696554873, 0.281307832232, 0.0131876466544, 364, 2019
