Chan, Phase Shift, Correlation, ptp-data, ptp-synthetic, rat, phasem, phasestd, DOY, Year
Z, 100, 0.9957374959813998, 61.067581873, 59.1120280009, 1.08684992256, -0.0703170836398, 0.0742254300493, 1, 2019
N, 27, 0.9993200032141357, 40.3958562346, 38.9399530143, 1.00918616474, 0.0161555532842, 0.0277410622398, 1, 2019
E, -100, 0.9958393584946744, 49.5742230972, 53.2336089162, 0.949143172489, -0.406553594189, 1.83174400847, 1, 2019
Z, -26, 0.9666997830680454, 84.7285122852, 86.0586401808, 0.83768106466, 0.74161363575, 1.37362530707, 4, 2019
N, -100, 0.9980098674106308, 57.5136532505, 57.0778138007, 1.0594447027, -0.269478809161, 1.32995144338, 4, 2019
E, -100, 0.9959478725978254, 68.0045864211, 76.0649009122, 0.896336321518, -0.461752161463, 1.30373792129, 4, 2019
Z, -100, 0.9842120328471964, 91.5060841648, 93.165988865, 1.05470452269, 0.345881788125, 0.149145635489, 7, 2019
N, -100, 0.9967337461305832, 59.8665840226, 62.3537138617, 0.937684037104, -0.0383338883978, 0.0585976163305, 7, 2019
E, -100, 0.99535319261704, 69.2460405063, 82.787907098, 0.791501273541, 0.221117959219, 0.115537130044, 7, 2019
Z, -100, 0.8427757311882559, 77.7292531166, 78.3343168343, 1.08736227422, 1.11988032538, 0.633450951111, 10, 2019
N, -100, 0.9978795621754065, 49.2844916403, 53.0536476427, 0.926906116694, -0.124298115254, 0.103542699548, 10, 2019
E, 100, 0.9950503520203553, 54.7260586475, 70.7083547496, 0.719365568552, -0.158023622492, 0.130636365975, 10, 2019
Z, 0, 0.9948137128289194, 44.2479125209, 50.3583572103, 0.906894936616, -0.138334453521, 0.0985622052268, 13, 2019
N, 43, 0.9989548457754615, 33.2565616242, 33.9710453606, 0.958936177992, 0.0553435625325, 0.0318955983092, 13, 2019
E, 100, 0.9984767352033929, 36.9613963769, 46.0300072213, 0.801303337007, -0.0929291890195, 0.0340164987396, 13, 2019
Z, -100, 0.9536954967678515, 49.1435471363, 49.1235902756, 1.16019168232, 0.562633079631, 0.36336187813, 16, 2019
N, 100, 0.9973900869791045, 32.6642652781, 31.6271247634, 1.00131193849, -0.0835420000963, 0.0900688914126, 16, 2019
E, 34, 0.995304116314365, 43.031036576, 44.5062630687, 0.892947899964, -0.0134696908765, 0.136725880886, 16, 2019
Z, 0, 0.9980270504719094, 96.2698977353, 95.7020968684, 1.01366537787, -0.142082439667, 0.111072638894, 19, 2019
N, -100, 0.9994325154460515, 59.8473606103, 62.1237882705, 0.975796865886, -0.00360592196899, 0.0499052218573, 19, 2019
E, -100, 0.9994636861409139, 78.5294781743, 83.4684072685, 0.943890843239, 0.0436597910862, 0.0061522857687, 19, 2019
Z, -100, 0.9758193035835473, 117.635712026, 118.781164426, 1.111431071, 0.36629566654, 0.189756144028, 22, 2019
N, 0, 0.9996980358522465, 73.111574517, 77.8007300837, 0.930582609203, -0.0335961542565, 0.0218842167532, 22, 2019
E, -100, 0.996201906345021, 94.1971717779, 105.088897988, 0.901394443149, 0.102367149499, 0.0425461597632, 22, 2019
Z, -100, 0.9924744634771072, 93.0273967595, 98.508583481, 0.955235242883, -0.0665025212576, 0.079457358367, 25, 2019
N, -100, 0.9987924459781694, 63.0183837169, 65.6425475894, 0.960389181487, -0.026167273987, 0.0356127172836, 25, 2019
E, -100, 0.9978765866098743, 72.6711312433, 88.9915825799, 0.804146130807, -0.471835941845, 1.86705887983, 25, 2019
Z, -100, 0.9261071830711265, 83.1781311197, 52.6417624281, 1.54108860448, -1.01528157285, 2.37336909716, 28, 2019
N, -100, 0.9938205340062025, 31.9733053007, 34.3821973591, 0.93007813035, 0.0419430977458, 0.0483594982538, 28, 2019
E, 100, 0.9810872454847959, 33.3840348986, 47.652234716, 0.75667732833, 0.109959420029, 0.142598335502, 28, 2019
Z, 100, 0.9879353165583652, 58.3347033116, 54.8831236756, 1.00603085977, 0.309680063033, 0.258368788214, 31, 2019
N, 100, 0.9974102664284482, 36.4160177307, 36.3374015985, 0.988761894694, -0.134972424229, 0.0920396724223, 31, 2019
E, -100, 0.9991831385890505, 47.3013424869, 49.1783602175, 0.97569804115, -0.0701901132016, 0.0874183259754, 31, 2019
Z, -100, 0.9824363261996379, 88.065392753, 87.2343471223, 0.875007929475, 0.322813659267, 0.604004390071, 34, 2019
N, -59, 0.9998974075173506, 57.4124982675, 57.9789422746, 0.985476269365, -0.0309906487572, 0.0276868495374, 34, 2019
E, -100, 0.99802391071095, 68.9782547161, 76.8586997871, 0.902421384699, 0.0115116162008, 0.0414829159357, 34, 2019
Z, 12, 0.9718698139969003, 92.717940712, 98.8285075538, 0.880442322293, -0.957688061892, 1.17712460847, 37, 2019
N, -100, 0.9994289317024896, 64.3776821524, 66.0338099929, 0.984203868652, 0.047863429041, 0.0157199831991, 37, 2019
E, -100, 0.9981603858499629, 73.4069021785, 87.8590212856, 0.876583492975, -0.0227211164503, 0.0662835700515, 37, 2019
Z, -100, 0.9576540269983549, 75.9491735974, 86.4486024835, 0.897461068456, 0.508689050239, 0.180206298585, 40, 2019
N, -100, 0.9981300747044178, 55.4446591507, 57.9573948852, 0.947208919468, -0.0326332030077, 0.0386523217794, 40, 2019
E, 66, 0.999448217344203, 62.4102148574, 77.571904241, 0.775641396648, -0.0467467011219, 0.0540101732923, 40, 2019
Z, -100, 0.9761826774666392, 49.9224784783, 54.9836072847, 0.937355379061, -0.0728363586327, 0.125089203387, 43, 2019
N, -100, 0.988584120488687, 29.8303603745, 36.296597526, 0.821466952614, 0.0948324283204, 0.0728057423802, 43, 2019
E, 100, 0.9800332800593587, 39.6287731147, 49.9003356891, 0.823302531451, -0.0143286167152, 0.110639377774, 43, 2019
Z, 100, 0.495278096044358, 81.2769314384, 54.8636797073, 1.31924259249, -1.16484391834, 0.422148294653, 46, 2019
N, 100, 0.286141578157009, 85.7002917497, 35.2707047961, 1.93733011991, -0.0926457841518, 0.583247499982, 46, 2019
E, 100, 0.9328153693229259, 130.681452644, 49.5106533654, 2.25707592591, -0.314040784384, 1.68358555942, 46, 2019
Z, 14, 0.9445891998201909, 147.268530101, 110.293377389, 1.6179592996, -0.14574629098, 0.491649581885, 49, 2019
N, 100, 0.9862879201876583, 80.0995396847, 71.8381758501, 1.18837216201, 2.39959357898, 2.82412878355, 49, 2019
E, -100, 0.9504666737901113, 99.4541133753, 96.097276537, 1.19634935564, 0.0653647621488, 1.35192619784, 49, 2019
Z, -100, 0.986100850963074, 130.581965792, 127.795355204, 1.08723549658, 0.254676654972, 0.0881864386638, 52, 2019
N, -100, 0.9975739280898535, 94.4676481578, 84.1381815315, 1.12069829555, -0.0113753971456, 0.0400689503403, 52, 2019
E, -100, 0.9441533854152029, 94.2327533858, 113.233303084, 0.860125673573, 0.322034708543, 0.0973219812103, 52, 2019
Z, -100, 0.9789731118756723, 82.5034191386, 94.1352225335, 0.867872309074, 0.331196251844, 0.165254670831, 55, 2019
N, -100, 0.9950649905055364, 66.3458021544, 62.4982341401, 1.07718471274, 0.0825207284301, 0.0341313176684, 55, 2019
E, -100, 0.9238166143436606, 55.0230496217, 85.0670810499, 0.618101205024, -1.01628246382, 2.80578423772, 55, 2019
Z, 100, 0.8172311831126915, 20.6593460359, 38.6749546443, 0.560831770271, -0.478532551625, 2.10955614297, 58, 2019
N, -100, 0.8987146674096969, 25.4309404502, 25.0162282396, 0.953741832994, 0.237325701463, 0.156804085346, 58, 2019
E, 100, 0.38296546694820655, 42.3151122275, 35.3114442838, 0.8684921982, 0.0845880161914, 1.35716631851, 58, 2019
Z, 100, 0.9756225077376014, 68.8770477744, 61.3304934453, 1.16616208168, -0.622296627102, 0.269157960999, 61, 2019
N, 100, 0.9538445495079144, 43.3090555673, 40.7118710705, 0.992807343776, -0.150834934248, 1.28468295652, 61, 2019
E, -100, 0.9781850888971882, 84.3220251469, 54.3885493681, 1.66817513472, -0.20944514818, 0.245376673882, 61, 2019
Z, -37, 0.999598614484519, 105.017360578, 96.2953062538, 1.10279054129, 0.543903292836, 1.85128805089, 64, 2019
N, 100, 0.9943949717241234, 71.3610044992, 63.9317816115, 1.09658562746, -0.210556555105, 0.0889524971322, 64, 2019
E, -100, 0.9228287320789736, 100.673176984, 84.708137475, 1.25545536628, -0.0206723150994, 1.31715652889, 64, 2019
Z, -100, 0.9978415422877672, 117.381681509, 107.57746876, 1.0937907551, -0.00426496517097, 0.0416745693268, 67, 2019
N, 100, 0.9982096346728371, 75.8580880493, 71.42373465, 1.06175211885, -0.0847959654405, 0.0131496776435, 67, 2019
E, -100, 0.9097974204551164, 93.2512258056, 95.1459311132, 1.02046821964, 0.452790661306, 0.0772789327992, 67, 2019
Z, 100, 0.9526611798660571, 102.839913132, 90.2105949553, 1.21806915537, -0.50464759963, 0.297754277506, 70, 2019
N, -100, 0.9966215615230948, 62.0607083135, 59.5336329648, 1.04135019773, -0.0798069658173, 0.0638700918531, 70, 2019
E, -100, 0.8918991525419392, 68.6863759521, 80.1523079543, 0.866554512352, 0.561449432007, 0.259454976451, 70, 2019
Z, -100, 0.9157794563377135, 43.7632548925, 49.640910353, 0.86363227074, 0.314833238551, 0.122470300833, 73, 2019
N, -100, 0.9773472390659134, 30.8892877893, 31.7247600695, 0.95864002357, 0.122280483273, 0.0773195876031, 73, 2019
E, 100, 0.3698270186423486, 36.4632991853, 44.8347174736, 0.609532759126, -0.095055006169, 1.03958281893, 73, 2019
Z, 100, 0.9748176436111594, 80.5812194564, 74.1746019451, 1.07021955168, -0.668013444108, 0.38570486885, 76, 2019
N, 100, 0.9908609184830925, 42.9148576504, 48.1314297716, 0.843269468853, 0.456663475428, 1.1740979187, 76, 2019
E, -100, 0.9695363012090308, 97.1818689888, 65.6617302173, 1.55060873474, 1.8260965566, 2.64969372957, 76, 2019
Z, -100, 0.9922085231386063, 130.376713244, 124.837160569, 0.960122359145, -0.273454144947, 0.268873376189, 79, 2019
N, 75, 0.9992960988555167, 79.9611430815, 81.8158162926, 0.952372696228, -0.0381071073683, 0.0315530975328, 79, 2019
E, -100, 0.9778294215772568, 106.660024962, 109.419757354, 1.06723925544, 0.144808306904, 0.120274097491, 79, 2019
Z, -100, 0.9902909260378585, 126.2914038, 124.641040174, 1.02813577699, 0.0693647095395, 0.0498200779522, 82, 2019
N, -12, 0.9996549359812361, 82.2390485974, 82.4730112962, 0.995088239349, -0.00422102654797, 0.0202650406392, 82, 2019
E, -100, 0.9485733501790715, 94.2563219972, 110.323926127, 0.859654265833, 0.296047396438, 0.0806479006192, 82, 2019
Z, -100, 0.9516761545015149, 65.7508092149, 78.3395331326, 0.84319924129, 0.392259194288, 0.172190289159, 85, 2019
N, -100, 0.9916447528767981, 55.4464201793, 51.2057371363, 1.08406719464, -0.0364086370104, 0.0479143812911, 85, 2019
E, -100, 0.7050379997167374, 34.4158506375, 70.0112426414, 0.467713990932, -0.925923688496, 2.87330699287, 85, 2019
Z, 100, 0.8494757786023485, 32.7605990991, 26.3074825231, 1.15865198303, -0.706192244906, 2.67754189345, 88, 2019
N, 100, 0.7575624908696437, 17.5606392489, 17.4233400848, 0.858354857787, 0.168571664674, 1.49041678988, 88, 2019
E, 100, 0.705266385824954, 55.6579685209, 24.877534937, 1.63484804223, 1.55999643057, 2.79421327318, 88, 2019
Z, 100, 0.9827455670439975, 86.3687185758, 71.6752645376, 1.32338257608, -0.504726164186, 0.274575079749, 91, 2019
N, 100, 0.9784706435797954, 56.3513861268, 47.5282988624, 1.12962959197, 1.23417434826, 2.75923879958, 91, 2019
E, -100, 0.9079142008900646, 105.411369042, 63.5216055306, 1.74082926886, 0.126327869711, 0.199220565875, 91, 2019
Z, -100, 0.9789939137388913, 121.969150745, 104.8454558, 1.33835514419, -0.106579261399, 1.39282554878, 94, 2019
N, -30, 0.9994407716521664, 69.7658630371, 69.3045024274, 1.03395555413, -0.0607722012677, 0.0533479981981, 94, 2019
E, -100, 0.8699664878311264, 97.4221237974, 92.2242759022, 1.15559236952, 0.224176418637, 1.36089580235, 94, 2019
Z, 100, 0.9960681095009596, 110.928924441, 110.462708508, 0.98710721815, -0.142691417928, 0.0551836568959, 97, 2019
N, 0, 0.99962717934382, 70.2641571529, 72.6758155236, 0.968684575249, -0.0565682518411, 0.0362232800935, 97, 2019
E, -100, 0.9687953157054336, 82.9819504288, 97.3213765343, 0.890806676047, 0.275216749383, 0.0938222799939, 97, 2019
Z, -100, 0.9711590028188222, 85.3907612783, 83.8660328305, 1.03943495798, -0.280488052443, 0.179153840822, 100, 2019
N, -100, 0.9961253691295152, 54.3196154836, 54.1291602798, 0.986103843561, 0.012838380474, 0.027860589477, 100, 2019
E, -100, 0.7741194545321604, 42.5484912765, 73.6164583587, 0.552079577365, 0.13312812114, 1.42479212402, 100, 2019
Z, -100, 0.2999602738854266, 58.8454153644, 37.8619262239, 1.23055359555, 0.131079351177, 1.22953729581, 103, 2019
N, 100, 0.9175166545947078, 24.4688481522, 23.3551779269, 0.858734196, 0.263545011457, 0.353537091533, 103, 2019
E, 100, 0.6073132641721585, 73.693924401, 34.1008992797, 1.42972209088, -0.222035077726, 2.21073461309, 103, 2019
Z, 100, 0.8557059096775517, 94.2068066232, 93.7436868812, 1.07054878234, -0.336084223396, 2.30342991877, 106, 2019
N, 100, 0.9951212481670649, 66.3544789218, 61.3023499727, 1.08540623114, 0.183404094019, 1.32470609708, 106, 2019
E, -100, 0.9533320723189316, 128.690034594, 82.7035939145, 1.67999827581, 0.021937061468, 0.268870466546, 106, 2019
Z, 52, 0.9993711430200317, 109.780609332, 124.41956792, 0.905807120513, 0.242412318408, 1.34508348502, 109, 2019
N, 100, 0.999788892758163, 84.3365470259, 82.0308869341, 1.02883455514, -0.0599734301481, 0.0292376929833, 109, 2019
E, -100, 0.9471037981204613, 115.339434995, 109.803385534, 1.10634829196, 0.24798044796, 0.124729935577, 109, 2019
Z, -100, 0.9970875452763877, 105.547046013, 107.769135236, 0.991088369732, 0.0823798048034, 0.0217970787799, 112, 2019
N, 0, 0.9984121247869986, 72.0409210038, 70.7238347055, 1.01430534405, -0.0722164779498, 0.0417963652106, 112, 2019
E, -100, 0.9228287275814953, 82.6615043366, 94.3459253195, 0.895073431594, 0.520959050753, 0.0873505083721, 112, 2019
Z, 0, 0.9822402353459161, 71.7126922876, 60.0862165496, 1.1889516775, -0.15218466111, 0.0980694761292, 115, 2019
N, -100, 0.993492742365101, 36.5480268564, 38.0276951382, 0.955366341448, -0.013253343119, 0.0334685603735, 115, 2019
E, -100, 0.7807369838635478, 34.4153839416, 52.5902724725, 0.627709933338, -0.930344453097, 2.83622500614, 115, 2019
Z, 100, 0.5661170926232613, 41.2957342647, 36.175467136, 1.02346506965, -3.26516511776, 2.39071682544, 118, 2019
N, 100, 0.9686672134665214, 28.30084455, 23.9235649358, 1.07488026562, 0.220200741411, 1.05595637866, 118, 2019
E, 100, 0.8417607876193842, 74.9733125124, 33.4312816048, 2.03783058776, 1.90395374915, 2.44702068957, 118, 2019
Z, 100, 0.8651222917023611, 87.1889123817, 79.4828144615, 1.08412070107, -0.414465094429, 2.48254790062, 121, 2019
N, 100, 0.9957640462052058, 61.9524658578, 52.4935353052, 1.17320591293, -0.188032798809, 0.114022750761, 121, 2019
E, -100, 0.9628878500930345, 126.233552021, 70.4594647457, 1.85050445788, 0.0564875202932, 0.164617073007, 121, 2019
Z, 100, 0.992225527024078, 115.177869222, 107.760232814, 0.995067791233, -0.0244542445904, 1.41193228292, 124, 2019
N, -100, 0.9993065697093588, 73.1207123633, 70.7732884306, 1.06566903545, 0.0395195380294, 0.0325240866267, 124, 2019
E, -100, 0.934395635100774, 110.94826372, 94.6737433035, 1.27483846558, -0.0317999436253, 1.31994602566, 124, 2019
Z, -100, 0.9924177680387153, 109.479816791, 105.636086467, 1.06193232129, -0.0699605729485, 0.126038133936, 127, 2019
N, -100, 0.9991011366358911, 67.0672096116, 68.4471905577, 0.981834042944, -0.00871150639781, 0.0472910566135, 127, 2019
E, -100, 0.7459223583364951, 89.7744002275, 92.172451061, 1.00003972051, 0.527149152928, 0.157859394118, 127, 2019
Z, 100, 0.9858897384904639, 66.4795409517, 71.9951303436, 0.834290492255, -0.145404883697, 0.0653529194483, 130, 2019
N, 100, 0.9981551920719002, 41.7054354444, 44.8855970841, 0.924218318243, -0.0342306559517, 0.0185235479067, 130, 2019
E, -100, 0.65078748425626, 27.1872198721, 62.3501297996, 0.448444022642, -0.559715958685, 3.2572455738, 130, 2019
Z, 100, 0.9692135846164452, 57.2895918409, 55.6461064805, 1.13755932893, -2.55290202637, 2.92333008662, 133, 2019
N, 100, 0.9853041978516768, 42.9374439354, 35.9864505324, 1.20713853427, 0.0252311078185, 0.0855331563532, 133, 2019
E, 100, 0.9096591095344714, 100.823569943, 50.5601862847, 1.6273211506, 0.351890811189, 1.14150968032, 133, 2019
Z, 100, 0.9992209218905014, 99.7158210721, 98.4518970527, 1.01307081916, -0.0776922117385, 0.0255235083401, 136, 2019
N, 100, 0.9984882052097185, 68.7098657172, 64.8387259168, 1.11108713337, -0.114328986161, 0.0816345500665, 136, 2019
E, -100, 0.9630749997955187, 111.006281994, 87.1572670514, 1.43457928795, 0.0757884464784, 0.234099790454, 136, 2019
Z, -14, 0.9959916623349248, 110.339733435, 110.154737766, 0.960247559143, -0.177134523404, 0.116801356868, 139, 2019
N, -100, 0.9975314445767961, 77.4695937881, 72.7125656671, 1.05750466803, -0.0531560760932, 0.0518469930514, 139, 2019
E, -100, 0.8823392186083744, 98.3024654838, 97.2773845021, 1.03796666697, 0.239645635001, 0.130734129919, 139, 2019
Z, -100, 0.8738948294930384, 111.069410204, 88.9076626391, 1.23351423149, 0.639193452332, 0.20975241444, 142, 2019
N, -100, 0.9794195270707875, 54.2228757402, 57.4806358995, 0.943697195168, 0.107883641093, 0.115279948298, 142, 2019
E, -100, 0.0996775861488325, 76.8470515731, 76.8746482627, 0.989726310503, 0.643227378207, 1.21184429615, 142, 2019
Z, -100, 0.7895559715352455, 24.7346179132, 48.75091955, 0.554116226517, 1.25915877387, 0.498741678003, 145, 2019
N, 100, 0.9803559801157995, 22.8604157114, 30.494598171, 0.677538811816, 0.202424787356, 0.192030144632, 145, 2019
E, -100, -0.5740307511829803, 29.6579594943, 42.532549848, 0.836978759371, 0.623782771724, 3.09022795748, 145, 2019
Z, 100, 0.956515592278144, 42.5454274469, 43.9300420283, 0.991828206463, 0.413384793042, 0.575922916702, 148, 2019
N, -100, 0.9967430289637808, 31.592650217, 28.8747291364, 1.0782054499, 0.123396582699, 0.0583662656843, 148, 2019
E, 100, 0.8369536024352521, 88.3404417366, 40.0383008416, 2.13635782917, 2.24673168446, 2.52183445546, 148, 2019
Z, 100, 0.9968089616419211, 88.5903498193, 82.9521196079, 1.05794685241, -0.217297947661, 0.0796533826713, 151, 2019
N, -100, 0.9932189740540508, 46.8626127977, 54.3696960791, 0.89823997489, -0.198343658272, 1.332623046, 151, 2019
E, -100, 0.9778806840135986, 118.853037662, 73.1906775963, 1.63085829522, -0.0891162959737, 0.163241898591, 151, 2019
Z, -100, 0.9991180331090342, 114.438069667, 106.015860749, 1.0992334161, 0.0463426858649, 0.0330890849858, 154, 2019
N, -100, 0.999724499646236, 64.7313362025, 69.0362884101, 0.926807081886, 0.0823704918052, 0.0482509563432, 154, 2019
E, -100, 0.9390235856237259, 104.844801148, 92.9935018598, 1.19894433104, 0.283449419888, 0.139386386499, 154, 2019
Z, -100, 0.9933103792561181, 100.838392951, 99.0819029624, 0.988120880251, -0.0882118313929, 0.0711318255018, 157, 2019
N, 100, 0.9976099071928022, 59.1465722873, 63.1417641658, 0.935112513166, -0.0387375173176, 0.0314833651633, 157, 2019
E, -100, 0.9107331009394591, 79.6992065318, 85.4597489254, 0.95796158721, 0.294669551971, 0.132341807538, 157, 2019
Z, 100, 0.9473717471313465, 48.045411625, 64.6375560076, 0.74803711399, 0.514988120467, 0.456153448429, 160, 2019
N, 100, 0.9777199779563481, 44.9886296102, 40.1165824598, 1.10723321558, -0.21095384576, 0.0483525304836, 160, 2019
E, 100, 0.38221870868321267, 28.5742365486, 56.7516121396, 0.542484890868, 0.589569107599, 0.606966815921, 160, 2019
Z, 100, 0.7337318587305524, 40.595016289, 62.8789959599, 0.630957683858, -0.991607442132, 0.531489615791, 163, 2019
N, -100, 0.9756476483920556, 50.1188437897, 41.2190551999, 1.23421862485, -0.307083382236, 1.05588564311, 163, 2019
E, 100, 0.8727347280184954, 89.5992193569, 56.764381144, 1.44086994253, 2.66736472746, 2.72734203501, 163, 2019
Z, 100, 0.9981043701409028, 96.5198251112, 90.185934683, 1.07162826872, -0.200151135727, 0.104603863933, 166, 2019
N, -100, 0.990111973070647, 56.6677969088, 59.6956286142, 0.985894813749, -0.137946656894, 1.30916462467, 166, 2019
E, -100, 0.9737910433507883, 112.110994057, 79.9690689581, 1.38705756519, -0.0384183102789, 0.174589799023, 166, 2019
Z, 100, 0.9955692587423512, 98.8031711903, 96.2056918533, 0.986061920156, -0.149445758023, 0.0734260072709, 169, 2019
N, 100, 0.994320846347621, 58.935470126, 63.1780963487, 0.903343966968, -0.20108931723, 0.119315376513, 169, 2019
E, -100, 0.8310078750737792, 90.2633100375, 84.6166813011, 1.05629166248, 0.26145743454, 0.14259503821, 169, 2019
Z, -100, 0.8853339955363432, 82.0889240147, 79.1164185938, 1.07146389679, 0.274826397148, 0.16381848361, 172, 2019
N, 100, 0.8940880659267393, 35.6776286355, 50.8629600773, 0.736300712592, -0.191870784127, 0.211064493442, 172, 2019
E, -100, 0.042498639620474746, 89.2199246802, 68.3851850828, 1.28158539476, 1.21806902791, 0.143257942151, 172, 2019
Z, 100, -0.0843435161644124, 45.0507253359, 47.8542375863, 0.89023745441, 1.18676868291, 0.444760060451, 175, 2019
N, 100, 0.7793473856771976, 42.0868750807, 30.620028904, 1.13047545601, -1.19880894523, 0.541361145825, 175, 2019
E, -100, -0.7013713264371846, 34.6797444473, 42.395629734, 0.907621445185, 0.55105892812, 3.13968064174, 175, 2019
Z, 100, 0.9714445544744204, 56.7741430913, 47.2998997965, 1.35614246777, 0.469151885263, 0.422883366889, 178, 2019
N, -100, 0.9759347000245575, 33.2923017479, 30.7522911042, 1.20717633948, -0.556687326588, 0.908085232493, 178, 2019
E, 100, 0.841030447102159, 60.4125808917, 42.8377526663, 1.36735892544, 2.22038347668, 2.51221559153, 178, 2019
Z, -100, 0.9886156426974012, 102.929599816, 84.4642370985, 1.07906762102, 0.442317784475, 0.397515294498, 181, 2019
N, -100, 0.9935839627236027, 53.0731735418, 54.9457259391, 0.928031707235, -0.0557021142053, 1.36073573644, 181, 2019
E, -100, 0.9701114648563786, 103.335207158, 74.162285645, 1.29110686591, 0.0351436319622, 0.110768592492, 181, 2019
Z, -100, 0.9462459180853902, 90.788893551, 106.867478485, 0.858391286406, -0.162295613062, 1.31011126607, 184, 2019
N, 19, 0.998567803177494, 61.6581165616, 69.1816788898, 0.909284866083, 0.0443142115453, 0.0543942710293, 184, 2019
E, -100, 0.8849689983037003, 113.889631114, 93.741265313, 1.23552980776, 0.333609944763, 0.215419212817, 184, 2019
Z, -100, 0.8760743030922244, 71.7879169829, 99.3255667601, 0.635903146968, 1.21082481944, 0.804157485598, 187, 2019
N, 100, 0.9749619813030702, 53.8470708895, 62.8410035163, 0.827943908346, -0.130683248804, 0.115480545329, 187, 2019
E, -100, 0.6780782730630666, 64.827563037, 85.6100883505, 0.740382749163, 0.38540040203, 0.211224931567, 187, 2019
Z, -100, 0.9887166384552264, 41.0149906803, 63.3929311281, 0.622993987563, 0.425760128701, 0.147647161956, 190, 2019
N, 100, 0.9778563579792159, 51.150394315, 40.6092704676, 1.19492036502, -0.361954880532, 0.202821874185, 190, 2019
E, 100, 0.05943231954392218, 41.9109575285, 56.8025240214, 0.553409598706, 0.580066307075, 3.03833329736, 190, 2019
Z, 100, 0.9430863853909189, 63.6140104151, 57.745277869, 1.02462996036, -0.675015390349, 0.419418192734, 193, 2019
N, -100, 0.953365290901347, 48.7495767806, 38.1902485899, 1.28616644411, -0.149490393099, 1.05592911341, 193, 2019
E, 100, 0.9186262112833453, 95.9305905138, 52.1565295952, 1.76963732624, 2.08830233787, 2.72937285239, 193, 2019
Z, 100, 0.9819867087912355, 84.5020048561, 84.1986764233, 1.07331535668, -0.0682454684897, 0.161532165354, 196, 2019
N, -100, 0.9398443546800662, 42.5903523482, 55.811205435, 0.854873307392, -0.385804594622, 2.03120943959, 196, 2019
E, -100, 0.9806139625335398, 107.008215054, 74.5229726633, 1.56046008975, -0.252288215706, 1.32087574712, 196, 2019
Z, 100, 0.9754127303849187, 109.52578467, 93.0089251237, 1.1238046191, -0.216384380841, 0.0481177399893, 199, 2019
N, -100, 0.9919787291743284, 52.6201217457, 61.1253320596, 0.846762062548, 0.176778540293, 0.0572410791183, 199, 2019
E, -100, 0.9370332013857945, 84.4893606037, 81.7074909574, 1.03681536708, 0.233427143445, 0.101955746798, 199, 2019
Z, -100, 0.9795653557039238, 85.4701339401, 80.0628851117, 1.0608626007, -0.0863986285343, 0.122498238414, 202, 2019
N, 51, 0.9993659610753982, 46.8093569547, 51.9427131315, 0.906537208032, -0.0135623019271, 0.0285944897446, 202, 2019
E, -100, 0.6091266465423573, 52.4272718844, 69.7791796378, 0.742397291363, 0.359672507971, 0.280408173178, 202, 2019
Z, -100, 0.9554180755886773, 54.2843002363, 51.6237005962, 1.08178440984, 0.324308608546, 0.177676940151, 205, 2019
N, 100, 0.9975381057807748, 29.1524013538, 33.3517065851, 0.843534945327, -0.0522815337242, 0.0848758984275, 205, 2019
E, 100, 0.7191582234336087, 22.0618319683, 45.8711837658, 0.482644618666, 0.430600734828, 3.21674660929, 205, 2019
Z, 100, 0.9345971416007923, 51.1665765333, 48.4326237688, 0.893537870244, 0.0938712301072, 0.239051619553, 208, 2019
N, -100, 0.9915661439739991, 32.754170482, 31.1746744602, 0.984816444824, -0.169389981652, 0.294519166421, 208, 2019
E, 100, 0.9113314394040919, 61.6558564241, 43.7641725497, 1.34488099707, 2.62832303086, 2.61984933123, 208, 2019
Z, -100, 0.9892708041266294, 94.4832747314, 92.7855968187, 0.922096340409, 0.376146045045, 0.330316456189, 211, 2019
N, -100, 0.9992793194076025, 61.9496326728, 60.212517974, 1.03051678931, 0.142896694143, 0.0728008326299, 211, 2019
E, -100, 0.975102797004456, 87.1691614558, 80.908574051, 1.10276835863, -0.014692538375, 0.10625249269, 211, 2019
Z, -100, 0.9942532773713199, 120.423491846, 117.529813291, 1.07667558736, 0.163600948193, 0.0729438329123, 214, 2019
N, -100, 0.9964729267848313, 74.1291209277, 75.918429874, 0.957655463532, -0.08516116945, 0.0895315977293, 214, 2019
E, -100, 0.8069730848452593, 119.23347378, 102.94006503, 1.14935901147, 0.321812671908, 0.179898854577, 214, 2019
Z, -100, 0.9860619448444707, 89.4880392815, 101.945155446, 0.888200459047, 0.290079193809, 0.132561460906, 217, 2019
N, -100, 0.9938564610474399, 51.8512953278, 65.2165118744, 0.825177709197, 0.212815487254, 0.101500591532, 217, 2019
E, -100, 0.7835517315904003, 62.772750333, 88.8207018087, 0.732949312275, 1.0999451265, 0.380390694663, 217, 2019
Z, 100, 0.9786537549000619, 54.8337640561, 53.0242263783, 1.06558314261, -0.620609301061, 1.78063650483, 220, 2019
N, 100, 0.9933813136514865, 34.1584787259, 34.8114737315, 1.02482965314, -0.0301345898651, 0.0860616093216, 220, 2019
E, 100, 0.7012055893826084, 42.3159037803, 47.9307778884, 0.820227208559, -0.282923359402, 0.464554522457, 220, 2019
Z, 100, 0.9859183513090288, 66.3873634213, 57.7469241205, 1.11226043844, -0.309408194661, 0.148490045257, 223, 2019
N, 100, 0.9966414837796863, 43.8277150962, 38.3245441739, 1.13439788999, -0.117881161161, 0.131521396432, 223, 2019
E, -100, 0.981332860070039, 90.2075764571, 51.6431694599, 1.66883530246, -0.236787474094, 0.272678954161, 223, 2019
Z, 100, 0.9965170411873009, 110.433202099, 89.1601717995, 1.16472057226, 0.44274252503, 1.88067273102, 226, 2019
N, -100, 0.9968814880595476, 62.7478136982, 59.092591912, 1.14073640724, -0.193341716497, 1.32641820185, 226, 2019
E, -100, 0.9461640074693046, 89.8977909374, 78.6893312789, 1.25735491988, -0.097237924282, 1.3166095851, 226, 2019
Z, -68, 0.9959546323624089, 98.628000237, 99.1448248537, 0.990871587582, -0.140885449611, 0.0806114215224, 229, 2019
N, -100, 0.9993689668235874, 70.0428331243, 65.2226057586, 1.08521529733, 0.0439062474098, 0.0174148068744, 229, 2019
E, -100, 0.8875828257336179, 85.4115407316, 87.0818836929, 1.00086275937, 0.359728049091, 0.113979613302, 229, 2019
Z, -100, 0.9925820069471443, 80.5380632269, 84.5239577381, 0.95393965381, -0.00819812791153, 0.0653536761487, 232, 2019
N, -100, 0.9973662678206349, 57.8708570851, 55.1187192673, 1.05075350592, 0.0480135176956, 0.0218427514939, 232, 2019
E, -100, 0.9146635200445521, 53.8163723371, 74.1197449455, 0.741151862082, 0.72733719675, 0.281827224347, 232, 2019
Z, -100, 0.9714845634393239, 35.8185370664, 49.9000414602, 0.721628928926, 0.371325842161, 0.113515049227, 235, 2019
N, -100, 0.9941051533605859, 36.4522445404, 32.4166768956, 1.16023896758, -0.00682215566825, 0.0843883613223, 235, 2019
E, 100, 0.42041556481254416, 29.586308729, 44.8740064129, 0.547292690491, 0.0539143234093, 0.775181501788, 235, 2019
Z, 100, 0.9588607820660916, 73.2916575351, 58.1943081993, 1.19593262029, -0.693670566714, 0.40018972142, 238, 2019
N, 100, 0.9971074942523444, 41.6656930016, 37.5587649665, 1.07490566342, -0.0676885669078, 0.0832379117752, 238, 2019
E, 100, 0.9659352714670981, 67.53252778, 52.2745526589, 1.37287206998, 2.41916249978, 2.75833545981, 238, 2019
Z, -10, 0.9955231055518837, 126.943234359, 111.965154651, 1.18336244597, -0.135146180253, 0.157338998364, 241, 2019
N, -29, 0.9999088497452334, 75.6345282248, 72.9150969187, 1.03396717514, -0.00631812527707, 0.0204454721174, 241, 2019
E, -100, 0.9335096762513493, 113.219640583, 97.7920154741, 1.12601947263, -0.222136091549, 1.28515570577, 241, 2019
Z, -100, 0.9922942868149449, 131.830849583, 128.539006969, 1.07113409525, 0.184604780371, 0.0648753979618, 244, 2019
N, -52, 0.9998317629415057, 82.2996398976, 83.415708022, 1.00166144149, 0.0105119729344, 0.0115436695093, 244, 2019
E, -100, 0.878096479214124, 102.481469649, 112.442477186, 0.951444416009, 0.482084522061, 0.175539635309, 244, 2019
Z, 100, 0.9974750269765115, 94.1163970008, 91.7464288201, 1.05158541859, -0.135256169793, 0.0807994658884, 247, 2019
N, -100, 0.993629620774679, 62.0405671227, 59.9281840997, 1.01760137586, 0.07764770398, 0.0457684978637, 247, 2019
E, -100, 0.974207525071248, 55.0759251525, 81.4734108122, 0.673402404908, -1.02886948437, 2.81529453698, 247, 2019
Z, -100, -0.20208647296185997, 40.5223205516, 32.9552282757, 0.885202503184, -0.826628507151, 2.57111349284, 250, 2019
N, 100, 0.9059939976256821, 19.5708239227, 22.2852180691, 0.708266938685, -0.44581218108, 0.491012902106, 250, 2019
E, 100, 0.9010806318769762, 42.9236381137, 29.9807455025, 1.21367713546, -0.40112994747, 0.359075126251, 250, 2019
Z, 100, 0.8605482549671585, 64.2333405338, 68.1515760007, 0.806351271762, -0.907996702315, 2.44066786329, 253, 2019
N, 100, 0.9986474955217974, 47.6983728082, 45.2380130519, 1.04311965409, -0.112321943888, 0.03332577504, 253, 2019
E, -100, 0.9528932566569596, 73.1533688883, 60.5494051693, 1.26337256475, 0.119776989404, 0.141054183219, 253, 2019
Z, -100, 0.9926382681558152, 105.618480989, 99.586111295, 1.04634881927, 0.15435095481, 1.35419928302, 256, 2019
N, -68, 0.9990061428020114, 68.9635445426, 65.8924009529, 1.08291463335, -0.0635537954793, 0.0621742068842, 256, 2019
E, -100, 0.9392698880136869, 79.9260464263, 87.8310861391, 0.991234667813, 0.0384658857874, 1.34471383834, 256, 2019
Z, -100, 0.9922614737149275, 109.685305011, 105.880267019, 0.972619563358, -0.42004797754, 1.26614390113, 259, 2019
N, -100, 0.9995535721676694, 71.6726308495, 69.5584250405, 1.02399445384, -0.0199786152776, 0.0194638564748, 259, 2019
E, -100, 0.9695475272023414, 70.941111049, 93.0540736992, 0.777721508797, 0.236271233882, 0.0672831836748, 259, 2019
Z, -100, 0.9648392378377473, 83.7015350742, 83.1676591153, 1.02225987799, 0.26879267633, 0.107672253726, 262, 2019
N, -100, 0.9985368260017508, 54.5861847838, 54.5056710026, 1.00450878392, -0.0326167903488, 0.0499398065289, 262, 2019
E, -100, 0.9920657988041394, 45.0721808458, 73.4499580222, 0.596527753158, 0.240179353109, 0.126914157619, 262, 2019
Z, -100, 0.7597154918149793, 18.3217290858, 39.4222620431, 0.551670296017, 1.40288039082, 0.635491378862, 265, 2019
N, 100, 0.9835429615343063, 23.589127544, 25.9940445274, 0.994582827262, -0.0189000191918, 0.101072301453, 265, 2019
E, 100, 0.7984967833312652, 34.3425456661, 36.2546018104, 0.859487598976, -0.555020658925, 0.385710869119, 265, 2019
Z, 100, 0.9614021279890809, 85.3672118164, 80.5258952595, 1.186069178, -0.638175020217, 0.366784551518, 268, 2019
N, -100, 0.9946540765443503, 55.8898406891, 52.377708641, 1.10139258504, -0.000728978896082, 0.0924850172068, 268, 2019
E, -100, 0.9723643506101096, 76.9288387891, 71.5667859465, 1.16892129025, 0.085299367676, 0.179438716128, 268, 2019
Z, -100, 0.9985649803505141, 134.449036846, 128.497878919, 1.07635403577, 0.0273229398522, 0.0496096338988, 271, 2019
N, -100, 0.99429961123539, 85.7141756951, 84.1360396226, 1.03445447048, -2.23832978806, 3.01052327831, 271, 2019
E, -100, 0.9741615453116453, 95.9744326983, 112.922438986, 0.885809319115, 0.209654887875, 0.0897161030596, 271, 2019
Z, -100, 0.9803618596571144, 132.256742379, 123.577063102, 1.12972304907, 0.266741470748, 0.092303513995, 274, 2019
N, -100, 0.9964606695037693, 77.8635517929, 81.1911952576, 0.947571479871, 0.0136167016566, 0.0522263619526, 274, 2019
E, -100, 0.9895267940229945, 85.5670997336, 108.297642427, 0.798286533945, 0.215575828569, 0.0266353636262, 274, 2019
Z, -100, 0.3973599399566745, 51.9493052084, 68.2001157228, 0.814195776717, 1.05164916319, 0.448697075068, 277, 2019
N, 100, 0.9761941735758471, 41.5960098976, 46.1712326293, 0.903266424239, -0.0920895179136, 0.12802650663, 277, 2019
E, 100, 0.7782287506877604, 38.503382017, 62.7516943492, 0.646801266749, -0.242907884712, 0.304139118269, 277, 2019
Z, 100, 0.901481470777054, 101.114826512, 35.0034297223, 2.92350538922, -0.0265521693305, 0.215519416288, 280, 2019
N, 100, 0.9660501991516413, 27.6749670614, 23.2770195822, 1.42372268984, -0.435376540596, 0.160779735986, 280, 2019
E, -100, 0.9354709619672292, 63.7956117178, 32.4279068397, 1.75234485717, 0.155335546963, 1.68417655234, 280, 2019
Z, 100, 0.9328826700291072, 144.184258387, 79.6822151328, 2.01148540137, -0.39306223356, 0.363373924618, 283, 2019
N, -100, 0.9913548636209769, 54.7969621378, 52.7344479742, 1.14761696882, -0.20522924737, 0.176550146815, 283, 2019
E, -100, 0.9010128147157443, 81.0335985939, 70.6259878037, 1.29682833604, 0.350070599985, 0.272912677421, 283, 2019
Z, -100, 0.9156368326866205, 126.11891517, 107.267336173, 1.14416799817, -0.680287080313, 2.25770828531, 286, 2019
N, -100, 0.9854249759808443, 63.8702327735, 70.6738255748, 0.963977617086, 0.165492880773, 0.0705575237871, 286, 2019
E, -100, 0.9528676744714931, 69.7513782267, 94.351437385, 0.787720150589, 0.182270908573, 0.109150723155, 286, 2019
Z, -55, 0.9904828421785521, 111.862233651, 105.910049871, 1.03138730028, -0.251719688273, 0.138811520207, 289, 2019
N, -100, 0.9982626248310509, 72.5870164194, 69.5929995114, 1.02362961585, -0.054540710352, 0.0573025319735, 289, 2019
E, -100, 0.9688411825672448, 68.0638362715, 93.0295108339, 0.746293411688, 0.310117274495, 0.0646248771417, 289, 2019
Z, -100, 0.9636639536517733, 66.4526259341, 72.5311305313, 0.930898600514, 0.399040187946, 0.160058402347, 292, 2019
N, -100, 0.9987720783981017, 48.1369534241, 48.1334086137, 1.00086907511, -0.0297632450408, 0.0312462387679, 292, 2019
E, 100, 0.9931242473610642, 42.1704907427, 65.1266666371, 0.628576903254, 0.104828875113, 0.0886914098413, 292, 2019
Z, 100, 0.9620245130289519, 47.7135531593, 40.9278033077, 1.38726622507, 0.30195940185, 1.33378141988, 295, 2019
N, 100, 0.9752157286688111, 27.485115021, 26.2276159992, 0.919282237483, -0.101039879164, 0.217722511007, 295, 2019
E, 100, 0.9766577148934826, 47.4802122298, 37.504532141, 1.12070332695, 0.193029868527, 1.14963725036, 295, 2019
Z, 100, 0.9968870159995048, 104.345094793, 100.134883048, 0.983149953109, 0.0404861990151, 0.129005598472, 298, 2019
N, 100, 0.9987663901320227, 69.8147507284, 65.551019056, 1.06698748228, 0.194774403944, 1.34359776984, 298, 2019
E, -100, 0.9824818045406494, 91.147720547, 88.6562084465, 1.05337487471, 0.125570314961, 0.0821001532678, 298, 2019
Z, -100, 0.9971555012536061, 128.616013505, 127.353677016, 1.04870583908, 0.353376715302, 1.32714740089, 301, 2019
N, -53, 0.9996227569767999, 88.7393496364, 83.8859291882, 1.04818493882, -0.0507902784379, 0.0372020344883, 301, 2019
E, -100, 0.9835628595522966, 100.915480314, 112.448373731, 0.917883660018, 0.192146647405, 0.0842632094943, 301, 2019
Z, -100, 0.9802677539115666, 99.1622218685, 102.34806312, 1.00879923669, 0.299485258637, 0.0736600510723, 304, 2019
N, -100, 0.9983647281479113, 71.5531540124, 68.7326638042, 1.02987073373, -0.0310014022696, 0.0341780015225, 304, 2019
E, -100, 0.9866676699433596, 70.3613363886, 90.9605035001, 0.773990370531, 0.249322515571, 0.0628795776524, 304, 2019
Z, -100, 0.9303774812601192, 46.3015544732, 46.8178870688, 1.02567430108, 0.236551863862, 0.154616874271, 307, 2019
N, -100, 0.9907095843707698, 29.8193562455, 33.0203716793, 0.891665921932, 0.0813320559139, 0.0460638163766, 307, 2019
E, 100, 0.9477366926708385, 26.5772409509, 44.7967878804, 0.613242255937, -0.118498620963, 0.119860187236, 307, 2019
Z, 100, 0.8707920644521808, 43.5190145915, 44.169176545, 1.06186962095, -2.54135878453, 2.44403869776, 310, 2019
N, 100, 0.9717111894699485, 27.7340941049, 29.2192463415, 0.949513799956, -0.490437189081, 0.22653867194, 310, 2019
E, -100, 0.9900925643093539, 44.5288100607, 40.4715967434, 1.13325255228, -0.0104662547644, 1.35181675355, 310, 2019
Z, 100, 0.9970336582781736, 89.8408655602, 85.4453670649, 1.01088397239, -0.190531919121, 0.0938775506271, 313, 2019
N, 100, 0.999007477865972, 56.9013108924, 56.2389458591, 0.993441407066, -0.0661138438631, 0.0291798833058, 313, 2019
E, -100, 0.9881334202079203, 72.0441226793, 75.6071832536, 0.979905470065, 0.130062438108, 0.0410607791697, 313, 2019
Z, 100, 0.854699337730638, 99.8234960826, 107.754936461, 0.953464769451, -1.09583276817, 1.86488113407, 316, 2019
N, -100, 0.9988565915888046, 72.3812740095, 70.6578798877, 1.05066823645, 0.0202085808279, 0.04456774154, 316, 2019
E, -100, 0.9954574618716217, 81.5939475596, 94.6792128355, 0.886832014996, 0.0217904258053, 0.0667785257239, 316, 2019
Z, 0, 0.9915469808553777, 93.7941049984, 98.6129789624, 1.00170373678, -0.180940810612, 0.12750839456, 319, 2019
N, -100, 0.9994749650728832, 62.8763032708, 65.0129665056, 0.949473977179, 0.0159398457334, 0.0177597885406, 319, 2019
E, -100, 0.9944592782738426, 70.5431777581, 87.141152415, 0.817088532812, 0.139490082986, 0.0284825853898, 319, 2019
Z, 100, 0.9826704754565756, 59.3856646831, 59.8234304011, 1.04758656308, -0.296002928908, 0.158566167377, 322, 2019
N, 99, 0.9981744522656026, 37.6784723965, 40.3150361741, 0.942472979089, 0.028041058838, 0.0428911327323, 322, 2019
E, -100, 0.9963582232448243, 41.7443365404, 55.1487537969, 0.767556335607, -0.15962252122, 1.3545244472, 322, 2019
Z, 100, 0.516937525338341, 95.9377353651, 58.4916580347, 1.69174605325, -1.07153648702, 1.88598543379, 325, 2019
N, -100, 0.9885756677021748, 35.9926933484, 38.0115974166, 1.09369710719, 0.151148094203, 0.201774981711, 325, 2019
E, -100, 0.9866351138941738, 47.7751473248, 53.1096866826, 0.998636863719, -0.564378622644, 1.21727450214, 325, 2019
Z, -100, 0.9176209727615486, 104.674046093, 102.083021632, 1.03361266955, 1.12795146191, 1.04144803083, 328, 2019
N, -20, 0.9979867721298035, 67.6131995218, 67.2595142865, 1.03861464662, -0.115167652011, 0.095684810353, 328, 2019
E, -100, 0.9947420239277077, 77.4373069101, 90.4857194026, 0.83891181809, -0.00846069753616, 0.0685190535185, 328, 2019
Z, -100, 0.9970660117991903, 108.781717321, 111.028794145, 0.961749192272, -0.174159215087, 0.126529373474, 331, 2019
N, -100, 0.9992559120076218, 71.9197416994, 73.8243354526, 0.968702594859, 0.0796287162604, 0.0250834479895, 331, 2019
E, -100, 0.9957919933215763, 82.5498420056, 98.4402133999, 0.847819010305, 0.074091209058, 0.0429176204752, 331, 2019
Z, -100, 0.9266683844979902, 83.1965368571, 82.4113689401, 1.08131718173, 0.580491487357, 0.163959765973, 334, 2019
N, 100, 0.9990175827893305, 53.3003613745, 56.3398864394, 0.936860689723, -0.109478293618, 0.0560018749546, 334, 2019
E, -100, 0.997262776551572, 59.1239559538, 74.5000973632, 0.768798677395, 0.126792436289, 0.0656037876797, 334, 2019
Z, -100, 0.48714861732240133, 29.2283832902, 39.6371492306, 0.787623977451, 1.96569899234, 0.724888490121, 337, 2019
N, 100, 0.9966930354605815, 28.1290229202, 27.8291643998, 1.01860935941, -0.145878166302, 0.036135963346, 337, 2019
E, 100, 0.9942345732534428, 31.3041336379, 37.7590447708, 0.813872297692, -0.161392636419, 0.0455119192743, 337, 2019
Z, 100, 0.9152550588935862, 57.6018919178, 47.0274425331, 1.27804998902, -0.841293853282, 0.5068653488, 340, 2019
N, 100, 0.9982252688154013, 30.6083660344, 30.8251801841, 0.97856881091, -0.0441983018839, 0.0365182825525, 340, 2019
E, -24, 0.9973370444193215, 43.4166346061, 42.747597557, 1.04345111731, -0.136932807687, 0.138349286508, 340, 2019
Z, 100, 0.9981814837291382, 90.3569442939, 84.475482032, 1.08573984222, -0.118173441277, 0.084990082975, 343, 2019
N, -100, 0.9994722238392758, 53.9480647547, 55.1828169959, 0.998520849425, 0.00800127377619, 0.0347106291112, 343, 2019
E, -100, 0.9973725614686078, 67.37687028, 74.5251774807, 0.919347773342, 0.0795549567586, 0.0229467953476, 343, 2019
Z, -100, 0.9893878794031847, 106.102462822, 104.396395438, 1.1428512048, 0.423084527298, 1.31630493733, 346, 2019
N, -100, 0.9994505330037918, 65.4528310972, 68.1834939714, 0.938784247928, 0.0101849580124, 0.0328649788152, 346, 2019
E, -100, 0.9995710121883158, 79.4902000309, 91.713844605, 0.874660160775, 0.0159742072525, 0.0179884008437, 346, 2019
Z, -100, 0.9814261833083848, 82.1077708594, 93.0104887931, 0.88130037491, 0.393744328315, 0.128263853577, 349, 2019
N, -47, 0.999820567525569, 61.5192643865, 61.6631889863, 0.995560144264, -0.00334103061564, 0.00852837401631, 349, 2019
E, -100, 0.9974511156301356, 67.762921497, 82.9209516691, 0.773638250385, 0.117473427208, 0.0839486348307, 349, 2019
Z, 100, 0.8081588623763599, 144.205837297, 58.77458119, 2.30935021502, -0.430349960742, 0.272414500663, 352, 2019
N, -57, 0.9921653504006296, 33.8323469409, 39.040654719, 0.875162442042, 0.169320501109, 0.135092848182, 352, 2019
E, -100, 0.9796805569328526, 48.715292546, 54.0346212925, 0.970335371222, 0.298409362225, 0.219932533554, 352, 2019
Z, 100, 0.832861836328304, 70.7546683046, 61.505760913, 1.2206335577, -1.27267775741, 0.723622219965, 355, 2019
N, -100, 0.9976807302550962, 44.0886536476, 40.3366916884, 1.10500938349, 0.0149629806819, 0.162104876854, 355, 2019
E, -100, 0.985738651181665, 55.3908502182, 55.5692486114, 1.04512389331, -0.0845009193204, 0.382785092898, 355, 2019
Z, 28, 0.9440622540498474, 140.075513508, 91.6378461328, 1.72470414032, -0.152674410297, 0.451017804136, 358, 2019
N, -100, 0.9978426367029068, 58.2518565822, 60.6901972896, 0.926042630715, 0.156746073416, 0.120711573887, 358, 2019
E, -100, 0.9807475405399816, 69.3065848389, 81.0173997786, 0.903116510735, 0.330085557256, 0.137081816251, 358, 2019
Z, 100, 0.9702181272479424, 94.7449595288, 97.6621649049, 0.891042162264, -0.703143437415, 0.342768761181, 361, 2019
N, -100, 0.9990404844299314, 64.0319540875, 65.3611091808, 0.98842745899, 0.0292801221499, 0.0258741934934, 361, 2019
E, -100, 0.9993130794896787, 73.5355365606, 86.8216245136, 0.865868467832, -0.0261222620988, 0.0486751984449, 361, 2019
Z, 66, 0.9874029698287187, 70.9951595717, 76.8892123335, 0.957841270171, -0.295033249468, 0.234158404968, 364, 2019
N, -100, 0.9991641281246334, 51.5226028656, 52.3463685101, 0.974563958451, 0.0484539637358, 0.0263618153139, 364, 2019
E, -40, 0.9996258243002943, 58.9144014685, 69.7608059084, 0.846769140687, 0.0437510577115, 0.0256436866957, 364, 2019
