Chan, Phase Shift, Correlation, ptp-data, ptp-synthetic, rat, phasem, phasestd, DOY, Year
Z, 100, 0.9970615445690587, 81.3968565704, 82.5764279385, 0.964415310587, -0.102497355129, 0.0478568451311, 1, 2019
N, -36, 0.9993565171624982, 25.7703935147, 38.9766331642, 0.644337222431, -0.00244807488905, 0.0886840798959, 1, 2019
E, 100, 0.907815687584644, 48.920196511, 61.5630418643, 0.811406258853, -0.517381520549, 0.135979470858, 1, 2019
Z, 0, 0.9993580906637082, 116.901972292, 120.041381929, 0.9726350409, -0.0760531619808, 0.0527155506553, 4, 2019
N, 100, 0.9972343789881151, 34.6905079348, 56.3127614933, 0.596750087792, -0.0278578287313, 0.0684495129973, 4, 2019
E, 100, 0.9382431236759465, 83.3170261939, 91.0849824635, 0.902869200477, -0.466674767199, 0.167225819995, 4, 2019
Z, -100, 0.9990829661950238, 123.707867103, 131.886700735, 0.933352627699, 0.0255091628639, 0.0193400376049, 7, 2019
N, 57, 0.9991344600295228, 40.1960505341, 60.8678355748, 0.656882838668, -0.0644649484178, 0.0293443980519, 7, 2019
E, 100, 0.9659963187511755, 90.5882390569, 102.270985151, 0.882848936729, -0.376453271539, 0.101901898727, 7, 2019
Z, -100, 0.9993504466918312, 99.8213947553, 113.087386064, 0.894295843562, 0.021402301244, 0.0164918089397, 10, 2019
N, -100, 0.998405629162977, 35.0803905942, 51.3167151845, 0.681458642766, 0.0288399875177, 0.0240937915451, 10, 2019
E, 100, 0.9719116515508525, 76.5331544832, 89.6610083377, 0.870984219187, 0.0389454641073, 1.34141319676, 10, 2019
Z, -100, 0.997664297848191, 63.1059689215, 73.1455826691, 0.874792922718, 0.0691114012108, 0.0657637898365, 13, 2019
N, -100, 0.9929174873780389, 22.3016593162, 32.8483730682, 0.665966485755, 0.0345776752466, 0.0388365261935, 13, 2019
E, 100, 0.9647094670038058, 47.7007332489, 59.9415742026, 0.799595316509, -0.230138768287, 0.0961371115282, 13, 2019
Z, 100, 0.9964011029878251, 63.796278937, 68.1420657125, 0.913272277299, -0.0561180970262, 0.0314261402702, 16, 2019
N, -100, 0.9966353674971197, 16.8198771636, 31.0463083411, 0.559627415288, 0.0384675510591, 0.0926477783154, 16, 2019
E, 100, 0.9026458196647157, 43.9007513111, 51.1022327272, 0.829236792639, 0.177469960056, 1.83253158314, 16, 2019
Z, 100, 0.9999300174936243, 125.70543996, 132.27462383, 0.955956117574, -0.0348993729146, 0.0214992927308, 19, 2019
N, -29, 0.9998360763817069, 35.9818267223, 60.6125794149, 0.589752491365, -0.0151887751294, 0.0216833054475, 19, 2019
E, 100, 0.9329359270198856, 88.6587012847, 97.4971070789, 0.896750618426, -0.384323264056, 0.154505833284, 19, 2019
Z, -100, 0.9997395385957644, 156.56326674, 166.392944261, 0.937094955628, 0.00146120101587, 0.0125291097322, 22, 2019
N, 72, 0.9990323902004894, 46.7272034043, 75.4073868166, 0.600634873339, 0.0271749899311, 0.0559354031515, 22, 2019
E, 100, 0.9566559480056314, 112.468394734, 126.418950156, 0.896928348418, -0.411273652238, 0.0925577273593, 22, 2019
Z, -100, 0.9995903847976213, 127.706154253, 141.705615803, 0.903960285949, 0.0201189268355, 0.0157249923671, 25, 2019
N, 72, 0.9985154745709264, 42.0569371325, 63.3033163754, 0.668932428294, -0.09735493009, 0.0337873741938, 25, 2019
E, 100, 0.9712164676800447, 93.6044411331, 110.931612516, 0.858875494977, -0.23225373492, 0.0409693528158, 25, 2019
Z, -22, 0.9984735787828487, 65.6105391626, 74.715953884, 0.875039555741, 0.0413873578697, 0.0266879063391, 28, 2019
N, -100, 0.9945297133045501, 21.9872961539, 33.8901655889, 0.64530789539, 0.0590827897517, 0.0426155872774, 28, 2019
E, 100, 0.9575571036941954, 48.8006956455, 61.1040362729, 0.791107232778, -0.247884416004, 0.109491903104, 28, 2019
Z, 100, 0.9952530530926287, 73.6132610426, 76.8044435613, 0.94930822701, -0.125026758139, 0.0333917635797, 31, 2019
N, -100, 0.9953017395209465, 20.4084322712, 36.5396760746, 0.553581257237, 0.168857131132, 0.118281756214, 31, 2019
E, 100, 0.9057282462123344, 48.6313415448, 56.3224482237, 0.838745358577, -0.199214613272, 1.34688837333, 31, 2019
Z, -10, 0.9999217392396894, 116.838382584, 121.58279056, 0.961787496673, -0.00927504900078, 0.0097988666717, 34, 2019
N, -57, 0.9996749072538703, 34.1002740963, 57.0689696244, 0.58671263081, 0.00325470959097, 0.0264139745581, 34, 2019
E, 100, 0.9420493693853867, 83.0538937669, 92.2225150591, 0.890641356713, -0.379041532014, 0.0740758805168, 34, 2019
Z, -100, 0.999850136102373, 131.734224589, 139.24537481, 0.944503044288, 0.0129100363567, 0.0066852073582, 37, 2019
N, 100, 0.9979777890714621, 39.9519919716, 64.3833891273, 0.618096490013, 0.000574678508054, 0.0459205620992, 37, 2019
E, 100, 0.9593624755186645, 94.1997688042, 108.178600089, 0.878212855661, -0.451935614258, 0.164979714522, 37, 2019
Z, -100, 0.9987696443557806, 114.630559683, 123.027187776, 0.937466969265, -0.00660270979024, 0.0291350015618, 40, 2019
N, 100, 0.9982200713129492, 37.1536198737, 56.0593732338, 0.65646383159, -0.138316459575, 0.0533221896604, 40, 2019
E, 100, 0.9731167134481432, 83.5037095213, 97.3594714478, 0.869185575675, 0.0509425373539, 1.33272649163, 40, 2019
Z, -100, 0.9983953387728101, 67.0757091063, 77.935639075, 0.864290999138, -0.186918097302, 1.3389110931, 43, 2019
N, -100, 0.9636257801241159, 22.5747466787, 34.9572026309, 0.621336035301, -0.100793797652, 0.103943155714, 43, 2019
E, 100, 0.9536705012361762, 51.4345170886, 63.6042169579, 0.832455914835, -0.22687104255, 0.0904213593342, 43, 2019
Z, 100, 0.998811943633682, 73.640777425, 76.3166645101, 0.949530439998, -0.0779579941071, 0.0451298018011, 46, 2019
N, 100, 0.9748700972718695, 21.1070421381, 34.9319717845, 0.538117137741, 0.396426957891, 1.52756066913, 46, 2019
E, 100, 0.9290602948806913, 47.2148494243, 55.4633896533, 0.860640743873, 0.0646155769637, 1.34022659674, 46, 2019
Z, -4, 0.999909811148669, 144.413197297, 152.025681526, 0.94975693704, -0.0251164310819, 0.0226848813152, 49, 2019
N, 6, 0.9998993455850365, 43.4285271903, 69.9497708273, 0.62945144757, -0.00891305380376, 0.00931479329703, 49, 2019
E, 100, 0.9376571641397522, 100.012104433, 112.577922466, 0.881460429558, -0.416546312424, 0.157983734962, 49, 2019
Z, -100, 0.9994004846867867, 168.723618341, 179.571876859, 0.937528682046, -0.0185342560293, 0.0272713565085, 52, 2019
N, -53, 0.9992924265071923, 55.9172520452, 81.7813192466, 0.660983414164, 0.0300355857071, 0.04081628652, 52, 2019
E, 100, 0.9480772114373344, 112.109085932, 136.999729983, 0.838502533882, -0.461294415506, 0.155871607913, 52, 2019
Z, -100, 0.9989954572480091, 122.039118965, 133.671042569, 0.921568934279, 0.0263699123528, 0.0223722894342, 55, 2019
N, -100, 0.9997367185798751, 40.3959283984, 60.6400609819, 0.669989846932, -0.0106233674044, 0.0126852041204, 55, 2019
E, 100, 0.9710523934714247, 90.171308024, 107.327095331, 0.852606618782, -0.227595179336, 0.0230834879823, 55, 2019
Z, 100, 0.9935213734049481, 43.3869237703, 54.4731015681, 0.812998138056, 0.034423909568, 0.0469558370823, 58, 2019
N, -100, 0.9864597669556419, 17.8283575275, 24.8578824331, 0.699018275234, 0.144713871433, 0.0473680379354, 58, 2019
E, 100, 0.9740674689803774, 33.487876985, 45.5229954439, 0.733760621783, -0.0498066973729, 0.0693613729891, 58, 2019
Z, 100, 0.9993015406595425, 82.8957659971, 85.6058088635, 0.978260603003, -0.104956486514, 0.0654805537543, 61, 2019
N, -100, 0.998606528887836, 24.4375151195, 40.7531121006, 0.59913053043, 0.0855396781437, 0.0443821000218, 61, 2019
E, 100, 0.9209714334977709, 56.7989535722, 62.4565066464, 0.88333226986, -0.170040388829, 1.3546739582, 61, 2019
Z, -54, 0.9999169178809119, 126.681153205, 133.889146348, 0.943164150771, -0.00680509843175, 0.00927439603771, 64, 2019
N, -100, 0.9996794079583616, 39.2039585204, 62.7134114838, 0.616787225485, 0.0310782956363, 0.0221298264825, 64, 2019
E, 100, 0.9488077992537174, 91.4731126061, 101.90920555, 0.896203499031, -0.360080492692, 0.033585237116, 64, 2019
Z, -100, 0.9997785636943171, 141.437633658, 150.408041674, 0.940529514914, -0.00336232992732, 0.0139203485461, 67, 2019
N, 0, 0.9993310420795668, 44.9938420517, 69.4541651767, 0.645228894389, -0.036273433706, 0.0295194146377, 67, 2019
E, 100, 0.9590243736927783, 103.643590487, 116.790955294, 0.897623915503, -0.429442659166, 0.155478354945, 67, 2019
Z, -100, 0.9995605475732501, 119.067704164, 125.899549837, 0.945059345722, 0.0210972121312, 0.0113600054988, 70, 2019
N, -100, 0.9975845947132448, 40.3673592621, 57.3615032279, 0.697999769064, -0.0187812880915, 0.0449910824102, 70, 2019
E, 100, 0.9583454591694972, 89.0230808772, 100.189833075, 0.893974742781, 0.0105856277061, 1.33008532296, 70, 2019
Z, -100, 0.9976398824620352, 58.9994874022, 68.3823040883, 0.863069995073, -0.535652921357, 1.84307252794, 73, 2019
N, -100, 0.978649852398689, 20.7760394076, 30.4297766059, 0.665708413532, 0.077469964862, 0.0707577909471, 73, 2019
E, 100, 0.9719983801635796, 44.7876548295, 56.1454829525, 0.786509753083, -0.243004058845, 0.102157509564, 73, 2019
Z, 100, 0.9988126729667497, 97.985073101, 103.072598678, 0.952646644444, -0.100533829829, 0.045427627476, 76, 2019
N, 100, 0.9967581676322277, 28.6783087736, 47.6818372942, 0.576808091649, 0.00204426190566, 0.151060291141, 76, 2019
E, 100, 0.9122574801600996, 58.7519672064, 73.9613882226, 0.770013552121, -0.221879554186, 1.35442134053, 76, 2019
Z, -41, 0.9999218466783937, 164.556782075, 172.743365938, 0.948228885947, -0.0069229572043, 0.011411153358, 79, 2019
N, 13, 0.9996979048287845, 50.2873422787, 79.8749584257, 0.62197837941, -0.000226441707598, 0.0211257615723, 79, 2019
E, 100, 0.940588907209859, 114.159970608, 129.448421091, 0.853240117999, -0.360663411418, 0.0772689889955, 79, 2019
Z, -100, 0.9997115853412187, 162.92767881, 174.736334075, 0.932785604615, 0.00666099798334, 0.00789172270595, 82, 2019
N, -48, 0.999715252400846, 52.0650139052, 80.377545039, 0.643998542152, -0.0314903675529, 0.0273512006116, 82, 2019
E, 100, 0.9551469573089449, 116.836990162, 135.060791116, 0.870641536326, 0.153425863549, 1.9305170783, 82, 2019
Z, -100, 0.9988570317060569, 99.9621851494, 107.841367979, 0.927201684769, 0.0405683160242, 0.0121812605786, 85, 2019
N, -24, 0.9996260507683219, 32.5612584542, 49.793092875, 0.660638474159, 0.00272240138279, 0.019996084043, 85, 2019
E, 100, 0.9470359746918012, 73.3153944104, 89.3227746952, 0.818687282203, -0.297635845638, 0.0360133232259, 85, 2019
Z, 100, 0.988278875472086, 35.3689418316, 36.8619288549, 0.853109960503, -0.0201103768398, 0.0553727983701, 88, 2019
N, -100, 0.9635894548741637, 10.6673070112, 17.9281967869, 0.586714545008, 0.198557283145, 0.163604527941, 88, 2019
E, 100, 0.8902207776993506, 23.085153555, 28.4261331324, 0.795537027766, -0.446005926512, 0.128817886755, 88, 2019
Z, 100, 0.9987854422957002, 100.563054367, 99.9080921314, 1.00203672366, -0.0961781253902, 0.0497756768532, 91, 2019
N, 100, 0.9793366934127773, 27.0717927836, 47.2392257117, 0.5559015355, 0.242757415061, 1.34193398755, 91, 2019
E, 100, 0.912414414163358, 67.1541470705, 73.9561455341, 0.903747275907, -0.129709149475, 1.34651280925, 91, 2019
Z, -3, 0.9999409425810231, 141.34470182, 145.436213403, 0.973577860191, -0.0148409864282, 0.00942209760181, 94, 2019
N, 100, 0.9992743966575117, 41.1899001862, 67.7181976862, 0.594979631525, -0.0562862939508, 0.0234744045, 94, 2019
E, 100, 0.9436575676562252, 99.3791350661, 111.152028396, 0.88738618427, -0.33428873315, 0.0413494812796, 94, 2019
Z, -100, 0.9995611536278155, 147.416643396, 153.266851332, 0.959641437473, 0.0140461045596, 0.0154445822789, 97, 2019
N, 100, 0.998931128079814, 44.5646651837, 70.5055549844, 0.62747896422, -0.0777974482831, 0.0408553477066, 97, 2019
E, 100, 0.9596230576201856, 109.9519858, 119.256359693, 0.923776824256, -0.440017346306, 0.164250498637, 97, 2019
Z, -100, 0.9980723628154974, 105.381190548, 113.896690316, 0.918835564476, 0.054276016185, 0.0154222651135, 100, 2019
N, -100, 0.9993342450479553, 34.5616309777, 51.8600385548, 0.680858130186, 0.00849213110365, 0.0233694763497, 100, 2019
E, 100, 0.9748794663040636, 79.8784631153, 91.735074142, 0.867315630707, -0.230810197459, 0.0298714600146, 100, 2019
Z, 100, 0.9891375246860182, 47.8156489807, 51.95851194, 0.847286306042, 0.0648344288051, 0.080206407571, 103, 2019
N, -100, 0.9740373035747087, 15.5148686837, 22.5379699397, 0.640291886252, -0.725648923365, 2.23461786617, 103, 2019
E, 100, 0.905597044689214, 30.7129113253, 41.2771335038, 0.726469986744, -0.220918194586, 0.135324413315, 103, 2019
Z, 100, 0.9997580559918905, 126.250378726, 130.287819269, 0.974198773503, -0.0852132708209, 0.0432993535694, 106, 2019
N, 100, 0.9996437094020263, 36.7608766133, 60.5792355187, 0.605117405092, -0.0207115294167, 0.0549841667225, 106, 2019
E, 100, 0.9205322156204397, 86.6820778707, 95.1670660545, 0.893362379379, -0.0979756321322, 1.33433730248, 106, 2019
Z, -100, 0.9998831922946678, 166.590802952, 172.956063685, 0.959720452629, 0.00583751748235, 0.00873623040335, 109, 2019
N, -100, 0.9976829315914562, 47.201781539, 80.3546828733, 0.584214467895, -0.000840954093189, 0.0478529435031, 109, 2019
E, 100, 0.9422379923509865, 124.814254646, 131.531020699, 0.923922169313, -0.343782024995, 0.0599546857329, 109, 2019
Z, -100, 0.9992489828514348, 138.985268308, 147.891617576, 0.941700524134, 0.0105747136298, 0.013825563824, 112, 2019
N, -100, 0.9941195254706257, 37.0760724372, 69.018102822, 0.546908606641, -0.086710668965, 0.100577334673, 112, 2019
E, 100, 0.9552715089887025, 113.82830449, 116.867405547, 0.980263272368, 0.78481234435, 2.56663821541, 112, 2019
Z, -100, 0.9934725401378687, 69.4165539462, 78.8453568905, 0.86866053935, 0.0841655956815, 0.0301239397652, 115, 2019
N, -100, 0.9880768514823339, 26.3086957884, 37.086893751, 0.698654428698, 0.0146119856201, 0.0465760526603, 115, 2019
E, 100, 0.9832744437145153, 57.8204981808, 67.5956719312, 0.838187048066, -0.200902581631, 0.0393660307523, 115, 2019
Z, 100, 0.986811933285445, 51.2898639338, 50.4336009309, 0.933116767935, -0.181415520018, 0.143769029014, 118, 2019
N, 100, 0.9536320734607691, 13.8190076747, 24.0961259659, 0.516967417749, 0.0200656248703, 0.128310924512, 118, 2019
E, 100, 0.7905828948361272, 36.4525123387, 37.7894542944, 0.823882765625, 0.0980294565641, 1.69540950009, 118, 2019
Z, 100, 0.9998818349516049, 108.104632796, 110.890837369, 0.981445686166, 0.00664921788284, 0.0158007255328, 121, 2019
N, 100, 0.9986961414094551, 30.1765877377, 51.9098035114, 0.579706702324, 2.52027774332, 3.02824281114, 121, 2019
E, 100, 0.908816640039779, 78.2747387923, 82.8160581574, 0.946258261953, -0.0924083813705, 1.33546469541, 121, 2019
Z, -25, 0.9998868733466155, 142.295997095, 149.38076082, 0.947089719144, -0.0145625168307, 0.0120234777925, 124, 2019
N, 100, 0.9983302079231118, 44.5625522761, 68.9875254946, 0.628237485105, -0.0413426949709, 0.0306304025811, 124, 2019
E, 100, 0.9499963611623319, 102.763385774, 114.10257612, 0.895607951616, -0.352251587739, 0.0398678308409, 124, 2019
Z, -100, 0.9992583281462646, 135.604498988, 144.205379062, 0.941179351349, 0.0188377731465, 0.0159437922983, 127, 2019
N, 100, 0.9992555212333887, 43.4888338147, 66.1615235994, 0.657498813324, -0.0704345280111, 0.0402199809289, 127, 2019
E, 100, 0.9687364665448492, 102.125472552, 112.672586179, 0.904691020991, -0.393247042818, 0.149555518708, 127, 2019
Z, -100, 0.9982347659394558, 84.8751306845, 94.0924081843, 0.903127199101, 0.060809473058, 0.014328310797, 130, 2019
N, -100, 0.9985870930047337, 29.3554333054, 42.8266999824, 0.686867081995, 0.0311335568343, 0.0129793353819, 130, 2019
E, 100, 0.9824575857629407, 64.6104492703, 77.0408162079, 0.830757059936, -0.182632021931, 0.0173031977434, 130, 2019
Z, 100, 0.9970650024346339, 72.4885166765, 76.9448085418, 0.913757448812, -0.0179569168157, 0.0279310258841, 133, 2019
N, -100, 0.9978984077078826, 19.5340558336, 35.5239411055, 0.566460137661, 0.0391017008398, 0.0477923900063, 133, 2019
E, 100, 0.8955980289579718, 47.1676627272, 57.3646564336, 0.793191137982, -0.101251837577, 1.31838900098, 133, 2019
Z, 100, 0.9996799034972379, 132.596187255, 137.09760239, 0.972922731252, -0.0713956852202, 0.0439695007861, 136, 2019
N, 100, 0.9981311383162239, 38.0271649053, 64.0556831737, 0.573745511071, 0.0211331455793, 0.0841647540962, 136, 2019
E, 100, 0.9185102532248892, 93.9140416833, 102.276936401, 0.901871784085, -0.10059647531, 1.33999958694, 136, 2019
Z, -57, 0.9999160440146115, 144.25150892, 152.600405043, 0.943108586439, -0.00583466085586, 0.0077032120159, 139, 2019
N, 90, 0.9997657819314891, 45.2597243033, 71.4812256792, 0.630674739914, -0.0487102967451, 0.0191700403686, 139, 2019
E, 100, 0.9499862677741855, 106.724349173, 117.587302422, 0.902441718852, -0.344571295136, 0.0268684338937, 139, 2019
Z, -100, 0.99899034548272, 111.356964088, 118.621656849, 0.943461005018, -0.00371039508181, 0.0250265710506, 142, 2019
N, 0, 0.9991487803663185, 37.0792828497, 56.125936081, 0.657518976064, -0.02614055123, 0.0305052138214, 142, 2019
E, 100, 0.9656633508842907, 85.3863865366, 95.9957696705, 0.890557392249, 1.0862411573, 2.77544749316, 142, 2019
Z, -100, 0.9986715754469062, 55.1870033898, 63.5521621235, 0.876570703917, 0.0929902176807, 0.0361275425433, 145, 2019
N, -100, 0.9868644866515146, 21.7198752328, 29.7968822066, 0.72713232262, 0.0926759458831, 0.049464393741, 145, 2019
E, 100, 0.9765749831585291, 42.7216519396, 54.4224932093, 0.793543576565, -0.157270727875, 0.0746882293528, 145, 2019
Z, 100, 0.9972726536121728, 56.0676427012, 61.1734838571, 0.904321041225, -0.0532386997547, 0.0387427061624, 148, 2019
N, 100, 0.998171946425955, 16.8865345787, 28.6127269398, 0.581223243199, 0.0174628489845, 0.0371298969781, 148, 2019
E, 100, 0.9109815429610005, 36.1107759958, 46.5457452781, 0.793321652505, 0.68634057212, 2.4561632376, 148, 2019
Z, 100, 0.9986451676065057, 112.120102251, 115.501793006, 0.955780300926, -0.0747651534273, 0.0311893985133, 151, 2019
N, -46, 0.9998479063473813, 31.1633566975, 53.381067647, 0.588496995585, 0.0237989421959, 0.0186925716593, 151, 2019
E, 100, 0.8897024660426402, 78.7806516797, 86.4779493763, 0.877119181104, -0.0709572364489, 1.31875079023, 151, 2019
Z, 0, 0.9998941067519207, 139.470864611, 146.119287321, 0.950471176043, -0.0296725922134, 0.0178657935734, 154, 2019
N, 100, 0.9996961039753046, 41.6394909809, 66.950971622, 0.611965486469, -0.0282204842616, 0.0183787851237, 154, 2019
E, 100, 0.9451212722599287, 103.058009339, 111.711607054, 0.910314005624, -0.354937515778, 0.0394451792371, 154, 2019
Z, -100, 0.9993318490209355, 126.281378099, 132.455211261, 0.953144140922, 0.00158286294611, 0.0156109448148, 157, 2019
N, 100, 0.9982995349954974, 39.1479908101, 60.8329388011, 0.649922417716, -0.057110377312, 0.0322013341985, 157, 2019
E, 100, 0.9643970999500452, 96.6143059916, 104.183199729, 0.926348727854, 0.807602563445, 2.56312546008, 157, 2019
Z, -100, 0.998220510284819, 74.3693395628, 85.9768564448, 0.876251802408, 0.10867114528, 0.0635854682326, 160, 2019
N, -100, 0.9635230588386337, 30.2125135143, 38.4601562565, 0.751775429181, -0.0230939099266, 0.150083232934, 160, 2019
E, 100, 0.9628341584519083, 55.4437519123, 69.112332005, 0.810295388301, -0.201429182612, 0.0867615835101, 160, 2019
Z, 100, 0.9982971918615959, 81.5527847374, 87.7980781082, 0.911294173629, -0.0530533469033, 0.0264349906952, 163, 2019
N, -100, 0.9824214526985761, 22.917607939, 40.9403451415, 0.536371533421, 0.383755129122, 0.199570217994, 163, 2019
E, 100, 0.9157504537595176, 55.1143822262, 65.7713407241, 0.870758725941, 2.45002785238, 2.99137553997, 163, 2019
Z, 78, 0.9999079619057842, 120.52920519, 125.777104042, 0.956779551201, -0.0412447745911, 0.023869242672, 166, 2019
N, 100, 0.9987774530062604, 35.1800240034, 59.0464729161, 0.59132350538, -0.00514042551375, 0.0327233328475, 166, 2019
E, 100, 0.9347252270448556, 88.6567675451, 94.9254823786, 0.912774099112, -0.328308430792, 0.138797983842, 166, 2019
Z, -100, 0.9996668437000421, 126.84396158, 131.785580511, 0.954023729082, -0.000183501336715, 0.0138305405936, 169, 2019
N, 100, 0.9800425269970658, 43.4112260681, 62.188888459, 0.671743288295, -0.109639136349, 0.105510967635, 169, 2019
E, 100, 0.9786946963174671, 103.70623106, 102.909932045, 0.977170869012, -0.302962848622, 0.0690599091419, 169, 2019
Z, -100, 0.9996198709869916, 98.3686385919, 105.041416687, 0.943794917156, 0.0188370064202, 0.0203749961967, 172, 2019
N, -100, 0.9990065157315979, 34.9076444474, 49.5943105603, 0.702749786902, 0.0228021147051, 0.0227258916981, 172, 2019
E, 100, 0.9800047232310392, 73.8182550169, 85.4882296522, 0.850543720526, 0.0597228752685, 1.3589648951, 172, 2019
Z, -100, 0.9994131764334205, 59.7458104216, 64.9304922706, 0.90292318394, 0.0313370454933, 0.0217877661793, 175, 2019
N, -94, 0.9985724963288583, 20.0230730726, 29.8709782133, 0.685020916629, 0.0785413856938, 0.0573509494667, 175, 2019
E, 100, 0.9647548672129863, 40.748328511, 53.6657479072, 0.745028129511, -0.228438563918, 0.0829242119303, 175, 2019
Z, 100, 0.9954739177617293, 60.8158544995, 65.8597154804, 0.910087538989, -0.049149399842, 0.07197108981, 178, 2019
N, -100, 0.9945932543866622, 16.2798041559, 30.1214264186, 0.559683210411, 0.106091711464, 0.140201468128, 178, 2019
E, 100, 0.896796207384757, 39.883637155, 50.4374689224, 0.785369243399, 0.450564099676, 2.19716194262, 178, 2019
Z, 100, 0.9993360437485918, 116.211832312, 117.220705237, 0.982340410911, -0.0923543666616, 0.0549268040708, 181, 2019
N, 100, 0.998579028925518, 32.2013441753, 53.6585787964, 0.599133331487, -0.0487830831176, 0.0556335687039, 181, 2019
E, 100, 0.9137151856578071, 85.1079116419, 87.3026872078, 0.944002462057, -0.0672056486179, 1.3278765946, 181, 2019
Z, -100, 0.9998347045130149, 142.167211931, 146.410166718, 0.971158699008, 0.00263789955124, 0.0159607830953, 184, 2019
N, 100, 0.9995141248237803, 44.7156833223, 67.0085846676, 0.65907777202, -0.0491600053659, 0.022824100242, 184, 2019
E, 100, 0.9604642927825903, 105.006926489, 112.061838713, 0.939156219775, -0.32773697019, 0.0410684049602, 184, 2019
Z, -100, 0.9986617933010072, 122.273414232, 131.892392088, 0.934936575911, 0.0231699598329, 0.0349820839849, 187, 2019
N, 0, 0.9994130096016111, 40.4582740592, 60.5859123481, 0.670796592885, -0.0512314507106, 0.0306958538631, 187, 2019
E, 100, 0.9758117630049006, 91.9479112656, 103.866180972, 0.880588689202, 0.00704305337314, 1.35782415294, 187, 2019
Z, 39, 0.9992012863964358, 73.919152328, 88.1956684408, 0.846357982929, -0.259012170601, 1.29382331918, 190, 2019
N, -100, 0.987303235337847, 26.5589918073, 39.3797658101, 0.667665365697, 0.14385696732, 0.0520379488517, 190, 2019
E, 100, 0.9572824829381823, 50.5709545673, 69.3995337974, 0.734004203243, -0.233489013057, 0.126865732418, 190, 2019
Z, 100, 0.9977331179919685, 78.2729974188, 81.1357916186, 0.941163020897, -0.0523002026205, 0.041219982544, 193, 2019
N, 0, 0.9982050604196621, 21.323553264, 38.2474994977, 0.556155964597, 0.0384177055319, 0.104024010089, 193, 2019
E, 100, 0.8881328917389163, 54.3156438114, 60.7946799777, 0.881200794181, -0.231072041682, 1.28835018534, 193, 2019
Z, 100, 0.9997351194405875, 114.095536165, 116.996085815, 0.961755525218, 0.53382546277, 1.85792999704, 196, 2019
N, 32, 0.9998479564134166, 33.2885024191, 55.1352353224, 0.613993610671, -0.0174574094713, 0.0168373729816, 196, 2019
E, 100, 0.9295555067223987, 83.4704583302, 88.694979997, 0.918401996998, -0.341905387122, 0.133140374771, 196, 2019
Z, -100, 0.9994809841204049, 122.859274245, 127.1277059, 0.962740056445, -0.0145830699399, 0.0223019747141, 199, 2019
N, 77, 0.9997950681076035, 38.6619252524, 59.8721456143, 0.646644040571, -0.0239331207404, 0.0147455470287, 199, 2019
E, 100, 0.9589671156229923, 92.7037118294, 99.7697037934, 0.915754803859, -0.397708693456, 0.111937101752, 199, 2019
Z, -100, 0.9990517022998272, 99.5137401512, 107.754654934, 0.927503986768, 0.0344493986643, 0.0232480913483, 202, 2019
N, -62, 0.999506831700201, 33.7744129767, 50.5194859717, 0.684194971564, -0.0212815366059, 0.0223042062576, 202, 2019
E, 100, 0.9780277131263195, 77.2103180798, 87.0928551503, 0.898746504927, -0.220369003571, 0.047972896654, 202, 2019
Z, -100, 0.9986263959143739, 59.6427504469, 71.3998001236, 0.840973979593, -1.10128789728, 2.44496298889, 205, 2019
N, -100, 0.9906487312082631, 22.8250057188, 32.4454104084, 0.703388543212, 0.0866151762903, 0.0284562459715, 205, 2019
E, 100, 0.982464678256627, 47.9804733009, 58.047398401, 0.818948042007, -0.111434903402, 0.0920143149336, 205, 2019
Z, 100, 0.9949270355117663, 64.1624526979, 67.3850008669, 0.911033366808, -0.0476935829284, 0.0610564072516, 208, 2019
N, -100, 0.9906341029894973, 16.3688964313, 30.4972671736, 0.567872097237, 0.16387370284, 0.154146471943, 208, 2019
E, 100, 0.8625340328472827, 43.2343843635, 50.7122795684, 0.795022226581, 1.53724722923, 2.9080984145, 208, 2019
Z, 44, 0.9997549644487609, 124.051294085, 128.106194424, 0.960623897204, -0.0498089913239, 0.0366244372864, 211, 2019
N, 100, 0.9980552654143636, 37.7094536243, 58.6675822318, 0.632492066595, 0.556211050178, 1.84560194137, 211, 2019
E, 100, 0.9329580217138433, 90.4707119478, 94.5820800971, 0.934898805741, -0.349638559709, 0.131965038275, 211, 2019
Z, -100, 0.9997156166307859, 153.65247875, 160.140042563, 0.959560967156, -0.0116140747508, 0.020053963232, 214, 2019
N, 100, 0.9997930294781147, 47.1648848491, 73.7828265011, 0.641321857396, -0.0378835082759, 0.0133018580936, 214, 2019
E, 100, 0.9587374450904911, 114.194346604, 122.968167198, 0.926191083647, -0.385812566438, 0.0858767404479, 214, 2019
Z, -100, 0.998697140745997, 127.176055195, 136.491138387, 0.938322417964, 0.0259251293957, 0.0274968517371, 217, 2019
N, -100, 0.9991059164714842, 42.379653231, 63.0916709984, 0.673407355421, -0.00595617723144, 0.0248630946351, 217, 2019
E, 100, 0.975577536845877, 95.164665528, 108.642716207, 0.876235312177, -0.250697099907, 0.0348563852295, 217, 2019
Z, -100, 0.9977747790909571, 66.4992398356, 76.1245204255, 0.872237113763, -0.218643559715, 1.31517187271, 220, 2019
N, -100, 0.9889611185652096, 22.7297141615, 34.0430669773, 0.655450354933, -0.165530964659, 1.34688172227, 220, 2019
E, 100, 0.9651261518140912, 47.7434243212, 60.8986066084, 0.771452196284, -0.250916506856, 0.110796396176, 220, 2019
Z, 100, 0.9967674017975252, 79.5233132803, 80.9730028937, 0.94890071989, -0.0305907235768, 0.0543624283344, 223, 2019
N, 61, 0.998354068562715, 22.0525022451, 38.5102053075, 0.582292537144, -0.25298561376, 1.31966333308, 223, 2019
E, 100, 0.8745671900177192, 55.1219822629, 59.438520871, 0.891018963698, -0.148368898112, 1.31809657767, 223, 2019
Z, 88, 0.9996901778644474, 119.230445264, 123.413855616, 0.960798914037, -0.0685130351227, 0.0371799360841, 226, 2019
N, 94, 0.9999414809203179, 36.1491767891, 58.1719229127, 0.619273982729, -0.0216146437328, 0.00694251273182, 226, 2019
E, 100, 0.9356377498346308, 89.9124128195, 93.9353394177, 0.933133463934, -0.362694738212, 0.0778928906989, 226, 2019
Z, -84, 0.9995563187513391, 131.30585526, 135.846862167, 0.966788688285, -0.0291676595686, 0.0264962049016, 229, 2019
N, 100, 0.9996002515205349, 40.9275388679, 63.6683837581, 0.638542754857, -0.0562449957882, 0.0283037713378, 229, 2019
E, 100, 0.959049264033796, 99.7525230086, 106.603708173, 0.93835871267, -0.428162103086, 0.151700266026, 229, 2019
Z, -100, 0.9989917585799709, 108.934130396, 115.254659985, 0.951157484506, 0.0225236301915, 0.0229665530318, 232, 2019
N, -9, 0.9994762389287027, 35.6640607563, 53.3927630386, 0.666992377002, -0.0144505568052, 0.0158081322927, 232, 2019
E, 100, 0.9762234964038946, 84.7122008934, 92.4773782023, 0.911229609714, 0.0561616294668, 1.33474614946, 232, 2019
Z, -100, 0.9956349019920989, 66.9215289562, 70.4798247667, 0.947293680529, -0.244559015166, 1.33493573877, 235, 2019
N, -100, 0.9957664779109222, 19.0965554495, 31.4419647873, 0.596874310156, 0.0607786649572, 0.0681591440807, 235, 2019
E, 100, 0.9574899101651978, 46.406780521, 57.5524934871, 0.799041821526, -0.288349682995, 0.122856544931, 235, 2019
Z, 100, 0.9953844517707132, 78.0428751792, 81.1009200792, 0.923449994419, 0.0251661019516, 0.0724246076382, 238, 2019
N, -100, 0.9966941002396775, 21.026519101, 37.1107237604, 0.585633999014, 0.0574439495709, 0.089078744354, 238, 2019
E, 100, 0.8694974257828502, 50.2162109251, 59.0321472476, 0.81324508178, 1.13518365526, 2.68476827016, 238, 2019
Z, 27, 0.9998033049037806, 146.567572745, 154.017810747, 0.944879841364, 0.850028910597, 2.21011152134, 241, 2019
N, 100, 0.9998105246421962, 44.1866544762, 70.9760016301, 0.618342423855, -0.0384624256161, 0.017736407789, 241, 2019
E, 100, 0.9408957258349571, 105.835680151, 114.541538616, 0.895927802676, -0.334486256782, 0.120942476767, 241, 2019
Z, -100, 0.999607254210081, 165.388153134, 175.185042085, 0.942008928986, -0.00416152415292, 0.0165989672608, 244, 2019
N, 69, 0.9998038572755985, 52.2611642182, 81.3247368636, 0.643937547328, 0.258104184277, 1.34363325375, 244, 2019
E, 100, 0.9661851832788569, 124.564314985, 135.259015299, 0.918722079584, -0.386345478333, 0.128231157774, 244, 2019
Z, -100, 0.9988053217096768, 116.271985012, 125.889243018, 0.928805700378, 0.0209566068609, 0.02651179901, 247, 2019
N, -100, 0.9989007857120877, 38.8908404242, 57.9761039907, 0.673184573986, -0.00585944062914, 0.0228574390813, 247, 2019
E, 100, 0.9799140426800997, 88.0294443326, 102.028148632, 0.861130484736, -0.20357365529, 0.0247515902475, 247, 2019
Z, 100, 0.9887476338535175, 44.0666891585, 49.9278269599, 0.91565269464, 0.0593696147091, 0.0801630108706, 250, 2019
N, -100, 0.9702879675757383, 13.6211657254, 22.0452828276, 0.569650953608, 0.0755268045415, 0.0580296007869, 250, 2019
E, 100, 0.8639515489791192, 29.2688834716, 41.6653537785, 0.740162889182, -0.321934968253, 0.163248499893, 250, 2019
Z, 100, 0.9990912659057011, 93.8142476476, 95.0202184886, 0.976317925481, -0.100792737022, 0.0523164878411, 253, 2019
N, 100, 0.999386061877121, 26.91820679, 45.1578553477, 0.587912589425, -0.0223587094223, 0.0304450370414, 253, 2019
E, 100, 0.9035256793531271, 66.9947340144, 69.9699832977, 0.944046494492, -0.139478212415, 1.33627057619, 253, 2019
Z, -32, 0.9997631025939484, 132.927438397, 137.673310244, 0.959998875429, -0.0378669392086, 0.0262361765437, 256, 2019
N, 80, 0.999914106854272, 40.9665770865, 64.6341395206, 0.628646076146, -0.0190238035821, 0.00489398378237, 256, 2019
E, 100, 0.9489405471526211, 100.540555304, 105.47150557, 0.945213280891, -0.354429428964, 0.0370848267228, 256, 2019
Z, -100, 0.9992186768457447, 140.21202899, 145.640789391, 0.959572750022, -0.0204763796968, 0.029945249011, 259, 2019
N, 100, 0.9996073032732103, 43.6158471606, 67.7047162216, 0.641487411503, -0.0586422257057, 0.0310753192668, 259, 2019
E, 100, 0.9692294212944572, 108.45644994, 114.152839307, 0.944674715344, -0.394618672764, 0.148459454943, 259, 2019
Z, -100, 0.9979153667252174, 107.360365428, 115.263927918, 0.935671219244, 0.0210806194505, 0.0262485516283, 262, 2019
N, 0, 0.9998244528242465, 35.5792956314, 52.5128513067, 0.679631726368, -0.0193810194212, 0.011681288934, 262, 2019
E, 100, 0.9846597514608145, 82.5761360657, 92.2363763396, 0.897918374774, 0.0757036482452, 1.33670060649, 262, 2019
Z, -100, 0.9887866772045459, 51.2916264753, 58.3700376196, 0.8794120578, -0.500135961323, 1.83755785791, 265, 2019
N, -100, 0.9727423515827313, 16.6235972511, 25.0568078611, 0.635656432091, 0.0631324922582, 0.105000843633, 265, 2019
E, 100, 0.9336834372240735, 37.3055814563, 48.2079301251, 0.734437787602, -0.144590959106, 0.0927491279777, 265, 2019
Z, 100, 0.9987615495888076, 110.556044544, 111.903337604, 0.965519033404, -0.0314922490051, 0.0489337402991, 268, 2019
N, 100, 0.9958128395731108, 30.9098674719, 51.7831852635, 0.579540444251, -0.010904427503, 0.0472698428706, 268, 2019
E, 100, 0.8846828627151762, 80.0126911477, 81.2329662252, 0.953104806193, -0.258542728889, 1.34908679465, 268, 2019
Z, -100, 0.9998902079522084, 169.275916514, 177.134458851, 0.956097170004, -0.00660910206578, 0.0187520342743, 271, 2019
N, 100, 0.9997207145842913, 51.9254191304, 82.2069553869, 0.626926753716, -0.0568604763316, 0.022764095278, 271, 2019
E, 100, 0.950311534119379, 126.607139538, 133.502561514, 0.948872585609, -0.341319455691, 0.080338085839, 271, 2019
Z, -100, 0.9992045435094339, 160.140857776, 170.502184502, 0.935283100913, -0.0148682545075, 0.0248859288546, 274, 2019
N, -42, 0.9994672874228954, 51.8788965444, 79.1566932416, 0.650969115476, -0.00389406303983, 0.0220291676643, 274, 2019
E, 100, 0.9730185412204205, 121.637888358, 132.551572077, 0.920630347439, -0.385585705009, 0.15171357274, 274, 2019
Z, -100, 0.9972762226735552, 90.2506183157, 98.9531359076, 0.916794561453, 0.00277021702058, 0.0352724558517, 277, 2019
N, -100, 0.9944712339544892, 29.7133699341, 44.4690023096, 0.657031535534, 0.0868324975289, 0.0340766203698, 277, 2019
E, 100, 0.9855396229302692, 67.8820413569, 82.001603657, 0.825947998022, -0.196927741218, 0.0277546595805, 277, 2019
Z, 100, 0.9874856709959241, 48.594611628, 49.0490457404, 0.947578398918, -0.0385546928603, 0.809517282736, 280, 2019
N, -100, 0.996352353873174, 12.585885544, 23.7309263075, 0.545432821983, -0.0793918049475, 0.0715410175419, 280, 2019
E, 100, 0.8397931386240624, 31.0696858555, 35.9022747052, 0.776419892149, -0.173865813922, 0.33514440196, 280, 2019
Z, 100, 0.9995649537963517, 108.469038398, 110.841618075, 0.97028889925, -0.0985355773008, 0.0644938297655, 283, 2019
N, 100, 0.9994297910365859, 31.386193447, 52.3532705984, 0.589286615232, -0.269477419326, 1.33263948529, 283, 2019
E, 100, 0.9288605646592629, 74.8245015113, 82.6433752421, 0.882809719269, -0.101540216044, 1.34604807583, 283, 2019
Z, -96, 0.9997735448564651, 144.40505707, 148.467530017, 0.965909193921, -0.0144692591519, 0.0213343661837, 286, 2019
N, 100, 0.9994576854170811, 42.8211233026, 69.091712743, 0.621136630264, -0.0350361398033, 0.0118363793665, 286, 2019
E, 100, 0.9437667068564115, 109.025236723, 113.816149707, 0.947581379206, -0.342341499304, 0.0341845935904, 286, 2019
Z, -100, 0.9994233645814324, 134.368923916, 147.116444415, 0.915152814087, -0.00916031013226, 0.0253353707423, 289, 2019
N, 0, 0.999442973529563, 44.7467174098, 67.3429518162, 0.65497480837, -0.0313069246365, 0.0214622328476, 289, 2019
E, 100, 0.9686963474967846, 96.9749925561, 114.559950272, 0.854211326814, -0.405430617817, 0.15447566327, 289, 2019
Z, -100, 0.9989792044829165, 93.658434848, 104.077100371, 0.896910871396, -0.00814447029824, 0.0203382388309, 292, 2019
N, -100, 0.998944301545473, 30.8302403739, 45.9728983432, 0.670816271498, 0.0613206142715, 0.0226262556837, 292, 2019
E, 100, 0.9698725963420375, 66.583978266, 83.1926540258, 0.796262351735, -0.217375051307, 0.0331402307011, 292, 2019
Z, 100, 0.9932174269952457, 52.1189772291, 56.2340392139, 0.901880837695, 0.0464403598373, 0.0910793609533, 295, 2019
N, -100, 0.9918772375456667, 14.0512193514, 25.6175003246, 0.603483043555, 0.0667796461336, 0.0701893516822, 295, 2019
E, 100, 0.8948636995361163, 33.1518629396, 42.0602972002, 0.783656621524, -0.261522364316, 0.160555480724, 295, 2019
Z, 100, 0.9993988461829532, 133.867650625, 138.980959216, 0.949794422451, -0.0643037363777, 0.037167711425, 298, 2019
N, -77, 0.9998692840638076, 38.8248271872, 64.7588323071, 0.59890020458, -0.279023676757, 1.32868204083, 298, 2019
E, 100, 0.9059813845580176, 93.1865023074, 102.32318768, 0.895631787014, -0.164505497065, 1.34308880011, 298, 2019
Z, 0, 0.9998520074555964, 168.640964874, 176.815997071, 0.946300327463, -0.0246255894554, 0.0145333439872, 301, 2019
N, -100, 0.9996336098727278, 50.2620456812, 82.4746089821, 0.609135108654, 0.0292549549603, 0.0184615198274, 301, 2019
E, 100, 0.9462479264414391, 123.130095084, 134.764326302, 0.897851061704, -0.352121154851, 0.0467665356449, 301, 2019
Z, -100, 0.9993191691140966, 136.81763409, 145.90163045, 0.936541852751, -0.00083534261952, 0.0139880621826, 304, 2019
N, -70, 0.9997103249001125, 43.3585938147, 66.7615854937, 0.644834387602, 0.00874625965773, 0.0155072962591, 304, 2019
E, 100, 0.9616980486391268, 102.030834845, 114.06670573, 0.912092133818, 0.782777951985, 2.56416162932, 304, 2019
Z, -100, 0.9965048015623182, 68.0949511611, 72.5180173318, 0.940463057775, 0.0144411828707, 0.0344939035974, 307, 2019
N, -100, 0.9962420775214956, 20.8614788873, 31.6358302927, 0.655471599406, -0.0127376344034, 0.0452135037692, 307, 2019
E, 100, 0.9663084867886517, 50.281641288, 61.4094409419, 0.825096184946, -0.233328362922, 0.0447361941717, 307, 2019
Z, 100, 0.9976407188445339, 58.7489949386, 61.615467256, 0.927754766321, -0.0216697172784, 0.0684348291599, 310, 2019
N, -100, 0.9975737112886016, 16.9702668192, 29.3925764869, 0.59044855439, 0.118540655683, 0.0807202302449, 310, 2019
E, 100, 0.9296030439687285, 38.0013177211, 46.0088522759, 0.79989180329, -0.0709289241147, 1.31455542819, 310, 2019
Z, 64, 0.9998362223887828, 114.192895708, 118.728660785, 0.949928577182, -0.0230302668187, 0.0182131977256, 313, 2019
N, -93, 0.9998829962437438, 33.9359826719, 55.4243584665, 0.612687447898, -0.254050180051, 1.33420123718, 313, 2019
E, 100, 0.9402590894579136, 80.5848910493, 89.1917952659, 0.888445726603, -0.0212975744453, 1.33359847323, 313, 2019
Z, -100, 0.9999036386881562, 141.336620452, 149.365774845, 0.944344634672, 0.0043487799563, 0.0102616031231, 316, 2019
N, 34, 0.9999047729893109, 43.9286767801, 68.6695078034, 0.632761867553, -0.0151046731905, 0.0106683809687, 316, 2019
E, 100, 0.9524440103410058, 105.024858627, 114.439904275, 0.907428535524, -0.340582180627, 0.0333742100016, 316, 2019
Z, -70, 0.999501451370115, 129.663849542, 139.439273028, 0.929729824839, -0.0262811233673, 0.0252862050765, 319, 2019
N, -25, 0.9997561882415342, 40.1021232394, 62.5731582452, 0.636879415613, 0.00946376375898, 0.019444286056, 319, 2019
E, 100, 0.9586261194747546, 93.3335382452, 107.987643544, 0.873264589029, -0.433305259724, 0.160457901781, 319, 2019
Z, -100, 0.9987299057478575, 80.437065375, 89.3082719231, 0.903859191651, 0.0204932851858, 0.0255579202427, 322, 2019
N, -100, 0.9983783743762112, 25.3706911976, 38.2317959348, 0.656188973278, -0.00486307142656, 0.035278117923, 322, 2019
E, 100, 0.9621038783650205, 60.5742686015, 71.8166524124, 0.850035868175, -0.250337293028, 0.0294024612489, 322, 2019
Z, 100, 0.9987366426632973, 77.4428487194, 80.9389838658, 0.940445409564, 0.0280433639454, 0.0372892525546, 325, 2019
N, -100, 0.9996862163368936, 22.1980684824, 37.5567793406, 0.59409652149, 0.0383133906211, 0.0253513233197, 325, 2019
E, 100, 0.921248483664021, 53.5970999571, 60.4912770243, 0.842273363311, -0.0267563283594, 1.31395766037, 325, 2019
Z, 32, 0.9999704624334798, 135.533380781, 141.892450597, 0.957492976833, -0.0157640637889, 0.010750847074, 328, 2019
N, 7, 0.9998095004031253, 40.9874256995, 66.542380156, 0.607473023184, 0.0137746215294, 0.0254452446327, 328, 2019
E, 100, 0.9396784046944848, 94.6416629562, 106.120886209, 0.889262848891, -0.046182856237, 1.33817057929, 328, 2019
Z, -69, 0.9996896039232107, 149.784840605, 156.373946336, 0.954125980713, -0.0183658726825, 0.0138881579104, 331, 2019
N, -100, 0.9997655042492488, 45.1304271579, 72.6290234099, 0.615474587798, 0.00788141979394, 0.016238301932, 331, 2019
E, 100, 0.9492620873399753, 108.236646749, 119.868866693, 0.899993945861, -0.377750785632, 0.0271131755209, 331, 2019
Z, -100, 0.9991898023301489, 113.075694407, 120.989553489, 0.936497014545, 0.023225834934, 0.0275165647247, 334, 2019
N, -100, 0.9965695344923045, 35.6717959262, 54.4855486057, 0.641625703823, 0.0791263819507, 0.0571707578193, 334, 2019
E, 100, 0.9567504471805945, 82.5347727254, 95.1797910305, 0.893652177005, 1.12003294221, 2.74966931933, 334, 2019
Z, 100, 0.9984322386640089, 54.6055242913, 61.3116852853, 0.885758963125, -0.0325892300022, 0.0165421003367, 337, 2019
N, -100, 0.9886604211582618, 16.7226120183, 26.8416152911, 0.646682528244, 0.190871126104, 0.0854139958132, 337, 2019
E, 100, 0.9407555585082792, 42.462142297, 52.1117796621, 0.807583074891, -0.324970167035, 0.10003582275, 337, 2019
Z, 100, 0.9961622259602169, 64.1987343887, 65.4000377452, 0.95353590836, -0.0905805717623, 0.0451226519823, 340, 2019
N, -100, 0.997416500402174, 17.0983302775, 30.532556293, 0.567969308138, 0.106055132193, 0.102141320764, 340, 2019
E, 100, 0.8941851988507231, 44.7395837464, 49.6271357659, 0.854079355057, 0.987053751983, 2.63169307219, 340, 2019
Z, 27, 0.9997887861293877, 111.878673457, 117.190205111, 0.963994190913, -0.0340272508882, 0.0314987512422, 343, 2019
N, -100, 0.9996835342479136, 33.1569290263, 54.0381336337, 0.603727088612, 0.00498237375879, 0.0269028678546, 343, 2019
E, 100, 0.9394701943011668, 80.21998337, 88.1016825928, 0.905640249196, -0.0811118492106, 1.35072254353, 343, 2019
Z, -49, 0.999846000416878, 136.178678121, 145.092816366, 0.930126231167, -0.0103347722345, 0.012630705384, 346, 2019
N, 5, 0.9999089444624977, 41.8757626315, 65.9428979072, 0.630964312903, 0.0153009897745, 0.0166869907516, 346, 2019
E, 100, 0.9586904588875439, 97.7075259785, 110.900086142, 0.884577925643, -0.325127167648, 0.0275008527798, 346, 2019
Z, -100, 0.9996038001187716, 123.662301389, 133.388694431, 0.926780548506, 0.023779337168, 0.0158781589946, 349, 2019
N, -13, 0.9987501712206683, 38.4854062407, 59.0831042675, 0.646488335095, -0.0553649114127, 0.0431422825885, 349, 2019
E, 100, 0.9596872327381414, 89.5358888746, 102.907386212, 0.888414916535, 1.10802798762, 2.76503513663, 349, 2019
Z, 35, 0.9981927119619537, 76.7365843035, 86.0867778486, 0.905406324994, -0.286177893099, 1.32456843622, 352, 2019
N, -100, 0.980522196096276, 26.1222457268, 37.4962364968, 0.65617871499, 0.0614106671492, 0.0756384180757, 352, 2019
E, 100, 0.9428072338957099, 55.9120205532, 69.5176728783, 0.816366047518, -0.260429789989, 0.0959962337482, 352, 2019
Z, 100, 0.9981943004111778, 81.767118223, 85.6285302576, 0.932162584938, -0.0427330484133, 0.036888147293, 355, 2019
N, -100, 0.995527502172985, 23.8160894263, 40.1921622839, 0.598455183545, 0.211698497849, 0.134669887736, 355, 2019
E, 100, 0.9235034238925012, 55.1674123143, 64.1821960598, 0.828460873962, 1.32141076387, 2.79057208978, 355, 2019
Z, -37, 0.9997874276887239, 124.894020779, 127.811855473, 0.977123371436, -0.0231716760777, 0.0252476711923, 358, 2019
N, 100, 0.9995140523841153, 37.5829856905, 60.1465834475, 0.617948070858, -0.301027145794, 1.33556644276, 358, 2019
E, 100, 0.9391786135258845, 88.9152504051, 96.0714413648, 0.908427930392, -0.373233885614, 0.157236731572, 358, 2019
Z, -100, 0.9996330175164294, 130.113925681, 138.819928197, 0.937792591809, 0.00113979347696, 0.0166098595171, 361, 2019
N, -1, 0.9997703486699933, 41.7000932484, 64.0831876126, 0.639689915806, -0.0181626490155, 0.0173349404043, 361, 2019
E, 100, 0.9593294442313158, 93.2028382472, 106.825507759, 0.885606082848, -0.376160386776, 0.0720579385253, 361, 2019
Z, -100, 0.9994144045784923, 101.624288066, 112.489357817, 0.903470459784, 0.0379175059597, 0.0226129926214, 364, 2019
N, -100, 0.9995097558700227, 31.8257038845, 50.6414216649, 0.625867802555, 0.0171487383144, 0.0153478099155, 364, 2019
E, 100, 0.969473640693057, 75.7927686951, 89.194173668, 0.870911362515, 0.341110902893, 1.83432119389, 364, 2019
