Chan, Phase Shift, Correlation, ptp-data, ptp-synthetic, rat, phasem, phasestd, DOY, Year
Z, 100, 0.9998030847521285, 95.2604287162, 93.8918382459, 1.00737542418, -0.0105819916747, 0.00917930101945, 1, 2019
N, -48, 0.9995673551800828, 20.4788425969, 18.0113624119, 1.11740562772, 0.0208825986794, 0.0137336967111, 1, 2019
E, 100, 0.9953182707397267, 35.203597764, 32.7713806708, 1.07651407519, -0.112580322569, 0.00900333494076, 1, 2019
Z, 0, 0.9999239576522692, 154.643161554, 152.529159096, 1.01437355176, 0.0133764941367, 0.0100520969244, 4, 2019
N, -100, 0.9968241166839417, 29.9711422198, 27.0780454223, 1.09973065842, 0.110732785881, 0.0485899022054, 4, 2019
E, 100, 0.9910637884822606, 60.8527982358, 57.931299079, 1.03168537733, -0.11482001561, 0.0309636816833, 4, 2019
Z, 0, 0.9999452615383021, 169.224855411, 165.411248856, 1.02417826974, 0.000143750422487, 0.00322038727798, 7, 2019
N, -100, 0.9918623125251166, 31.6733860548, 27.1810221217, 1.17951456108, 0.0660144237019, 0.0495110867202, 7, 2019
E, 100, 0.9942048808043914, 68.3316657698, 65.5717628607, 1.03754016189, 3.06643768525, 3.09986937101, 7, 2019
Z, 0, 0.9996278538138715, 137.985340001, 138.089966397, 1.00740549884, 0.0209757919936, 0.0262280468541, 10, 2019
N, -100, 0.9843041592640185, 25.6784431183, 20.5213072953, 1.27546660277, 0.150033847156, 0.0364415185495, 10, 2019
E, 100, 0.9942530298691372, 55.5044987512, 53.3094819031, 1.03379339231, -0.103768357479, 0.00303996019352, 10, 2019
Z, 100, 0.9997308704536978, 76.2776821859, 78.0471519465, 0.978538099992, -0.00932240744987, 0.00731875432515, 13, 2019
N, -100, 0.9949609493793897, 13.137258961, 11.654485812, 1.10573525991, 0.0734256923922, 0.0179037033621, 13, 2019
E, 0, 0.9978524621874613, 32.5337164845, 30.6203447315, 1.09838396413, 0.107238240011, 0.0902401567267, 13, 2019
Z, 100, 0.9998860420869613, 92.4096615506, 89.9645230305, 1.03166470821, -0.0214912921103, 0.0114568711359, 16, 2019
N, -100, 0.9903538304941237, 14.5234657051, 15.3411967384, 0.923815498878, 0.225784722927, 0.102741175167, 16, 2019
E, 100, 0.9949280940926427, 34.905363985, 31.8788965742, 1.09478514477, -0.113037900117, 0.00231314386686, 16, 2019
Z, 41, 0.9999340639243629, 175.087959827, 172.61109485, 1.01318318865, -0.00791778032253, 0.00352115412395, 19, 2019
N, -100, 0.9917879539665345, 31.5990417419, 29.5243339586, 1.06198486031, 0.138405541759, 0.00887406886865, 19, 2019
E, 100, 0.9946665054529382, 65.1631087952, 64.1825763842, 0.99796647859, -0.10150940946, 0.00778689602748, 19, 2019
Z, 5, 0.9999556540686091, 196.045645221, 193.572754715, 1.01276347266, -0.00497439414229, 0.00261413313849, 22, 2019
N, -100, 0.9910565635864446, 31.4369510292, 30.0910771169, 1.06122934698, 0.101872587603, 0.0378301836282, 22, 2019
E, 100, 0.9965748947456776, 78.6120567649, 77.6046277278, 1.01762293815, -0.0378364664367, 0.0508664430947, 22, 2019
Z, 69, 0.9997422807757228, 130.245923645, 131.958850272, 1.00206491535, 0.011760391929, 0.0224913387303, 25, 2019
N, -100, 0.9768302044152986, 16.325420734, 13.0399354237, 1.36620501762, 0.133341420855, 0.0486682475357, 25, 2019
E, 100, 0.996491901241773, 51.4935627621, 50.5283285124, 1.00566834363, -0.091737569428, 0.0380074045362, 25, 2019
Z, 100, 0.9995908010957334, 63.0263394785, 62.9091674198, 0.999327513316, -0.0263410410521, 0.00649570102332, 28, 2019
N, 100, 0.9924889881097879, 14.9350777224, 12.7026749422, 1.1172030847, 0.0659605894152, 0.136716871079, 28, 2019
E, 44, 0.986630985900371, 26.3310154339, 22.1112523965, 1.18560588608, -0.186163797785, 0.184088403063, 28, 2019
Z, 100, 0.9997834125690994, 124.112087033, 124.840381803, 0.988810042588, -0.0117619424032, 0.00647012318481, 31, 2019
N, 67, 0.9993992400564353, 23.2718120073, 23.0120131481, 1.01025553937, -0.0446360586825, 0.0383691121104, 31, 2019
E, 100, 0.9940760200129473, 52.0020501078, 45.2881193118, 1.13362425371, -0.104723023883, 0.0150676810296, 31, 2019
Z, 100, 0.9997890085875705, 149.201306651, 146.675029289, 1.01913047818, -0.0234563659414, 0.00337371740259, 34, 2019
N, 100, 0.9936894268523329, 25.8071707628, 25.3714820356, 1.03125516503, -0.111708628173, 0.0517303409893, 34, 2019
E, 100, 0.99652249084858, 62.8348783075, 57.6295456682, 1.07906643029, -0.0740619513287, 0.0202076978372, 34, 2019
Z, 100, 0.9999433511885059, 132.430983219, 129.94218313, 1.01881189601, -0.0143604148283, 0.00188380725748, 37, 2019
N, -100, 0.9848981158542862, 25.0575969283, 20.2245100494, 1.27055739561, -0.0796536701008, 0.137997515129, 37, 2019
E, 100, 0.997176445453645, 55.6992899674, 52.9034882634, 1.04673210525, 3.06511705333, 3.14051099049, 37, 2019
Z, 100, 0.9987068514858416, 82.3846105914, 85.5765219943, 0.996434356565, -3.11163633802, 3.09106872304, 40, 2019
N, -100, 0.9904909064251849, 14.5851210968, 10.0302385112, 1.45144960802, 0.0871201976555, 0.0307379110753, 40, 2019
E, 0, 0.9957652459859929, 32.0594716999, 32.8170456226, 0.928517059521, -0.0446756799057, 0.0628825621152, 40, 2019
Z, 100, 0.9993498927204325, 52.7792948431, 52.1992649781, 1.00977498937, 0.0323207746925, 0.0413296393583, 43, 2019
N, -100, 0.9955863377516163, 8.6657207884, 9.05283151071, 0.914992473815, 0.128333844542, 0.109107201895, 43, 2019
E, 100, 0.9576898905059874, 20.7485190895, 19.5713080396, 1.06889014701, -0.301636973012, 0.17144791716, 43, 2019
Z, 100, 0.9995238610715718, 131.528035441, 131.279343516, 1.00311279594, -0.0392351145737, 0.00739625614671, 46, 2019
N, -100, 0.9854464047202952, 20.1902969975, 22.7287260075, 0.88403622515, 0.177315474018, 0.0152748288315, 46, 2019
E, 100, 0.9970691581064263, 54.1129310103, 46.9808255455, 1.12160696705, -0.0387762937144, 0.0463084718484, 46, 2019
Z, 0, 0.9999233680032447, 168.746024126, 167.917502699, 1.00294609595, -0.00511819282723, 0.00711252378345, 49, 2019
N, -100, 0.9826282735918159, 31.8906413557, 28.1448310288, 1.11726339144, 0.208568359026, 0.036104873633, 49, 2019
E, 100, 0.9942082847485407, 70.1217718098, 65.4562461859, 1.05579545353, -0.0997090927938, 0.014556425357, 49, 2019
Z, 0, 0.9998991299809561, 127.167079367, 127.049057567, 1.00606051094, 0.00271400438544, 0.012458371198, 52, 2019
N, -100, 0.9802761566767504, 17.1059297478, 14.2546513814, 1.24974183837, 0.0540271115783, 0.111112633346, 52, 2019
E, 100, 0.9972997278189881, 56.0139809129, 53.8010026507, 1.03621892107, 3.07115010995, 3.14311916872, 52, 2019
Z, 0, 0.9989501961188001, 41.3594173072, 44.3258730372, 0.963340419804, 0.00057785588434, 0.0446755650697, 55, 2019
N, 100, 0.9253222177447893, 13.2311586298, 8.57667401234, 1.25143106882, -0.0798297375649, 0.241117337398, 55, 2019
E, 17, 0.9286189634147133, 19.166471766, 19.524992046, 1.18194683637, -0.129536014525, 0.131928429977, 55, 2019
Z, 100, 0.9997571576669566, 95.8055033766, 96.726236112, 0.99185371148, -0.024547082304, 0.0027102218999, 58, 2019
N, 0, 0.994350225515641, 23.354716017, 18.9960262123, 1.27692954912, -0.0457184629435, 0.0650906869099, 58, 2019
E, 100, 0.9773513007205341, 39.5943648423, 35.0653303466, 1.09856439293, -0.192360347607, 0.00926111945346, 58, 2019
Z, 100, 0.9996561610807548, 119.675760587, 119.574340366, 0.997427016991, -0.0199795669103, 0.00612486851455, 61, 2019
N, -100, 0.997155011546253, 22.5689453356, 21.2601552856, 1.04393733528, 0.00345869820477, 0.0246808639991, 61, 2019
E, 100, 0.9936720651368134, 46.1088652394, 44.368915819, 1.02739171506, -0.0970679823437, 0.0283179255474, 61, 2019
Z, 0, 0.9996996819079806, 106.056813435, 104.344069976, 1.02169072423, -0.00222187649051, 0.0146060261343, 64, 2019
N, -100, 0.9933813102785537, 19.5788531057, 17.1541713223, 1.15522521052, 0.134980638337, 0.0346852598008, 64, 2019
E, 100, 0.9914837962954933, 42.3323625698, 43.9936488475, 0.953421552716, -0.0988772703492, 0.0310902228692, 64, 2019
Z, 100, 0.999426128682498, 68.9883310948, 68.8705004425, 1.02044425101, -0.0107443330094, 0.0250449957268, 67, 2019
N, -14, 0.9209937504436141, 10.3749248871, 7.08276313309, 1.51622677677, -0.192406760198, 0.277355577794, 67, 2019
E, 0, 0.9960204741224463, 28.0267964436, 29.4452732354, 0.926926694701, -0.0482037955183, 0.0529698701332, 67, 2019
Z, -100, 0.9978799837246327, 38.0363854326, 39.9581230099, 0.947923540075, 0.0158873264473, 0.0488577855891, 70, 2019
N, 100, 0.8371327173918869, 5.09427493914, 7.90281961487, 0.500967920565, 0.108104356012, 0.53739506011, 70, 2019
E, 100, 0.9341973461982889, 18.3431251073, 14.9225655664, 1.25184810187, -0.229518813746, 0.0758568985109, 70, 2019
Z, 100, 0.9995512951149338, 100.394791067, 102.463000995, 0.971427137046, -0.00940479076698, 0.0238779087653, 73, 2019
N, 100, 0.9940899291797791, 17.0840694998, 18.5173161335, 0.897232447597, -0.0422411731665, 0.0598353905773, 73, 2019
E, 100, 0.9832523036078565, 44.0425407856, 38.7791117174, 1.13612583518, -0.187911249425, 0.0361492530144, 73, 2019
Z, 100, 0.9995740281081424, 137.937123286, 137.264797898, 1.00691471247, -0.0292168003372, 0.00611551481094, 76, 2019
N, -100, 0.9961576840259948, 27.3698181034, 23.3963767336, 1.17227563053, 0.0722116192982, 0.0538343957175, 76, 2019
E, 100, 0.9956871443989258, 53.6099932093, 49.8692080874, 1.06388852467, -0.0930581103211, 0.00869957958199, 76, 2019
Z, 100, 0.9985055570575091, 104.625061035, 101.702155484, 1.03751449897, -0.0521935133419, 0.00946899761255, 79, 2019
N, 0, 0.9978004661921605, 19.9355415244, 13.9726431046, 1.42271457889, -0.0228616413528, 0.0339092650481, 79, 2019
E, 100, 0.9975217146470144, 46.2945272057, 46.1068773961, 1.01649758671, -0.0568877262187, 0.0218638928943, 79, 2019
Z, -100, 0.9955768602828979, 41.0735410035, 41.8610519145, 0.91855083335, 0.0598764693921, 0.0133988123948, 82, 2019
N, 100, 0.9181453190635985, 5.65932646743, 10.4627301908, 0.45322927387, 0.154656160757, 0.384231629138, 82, 2019
E, 100, 0.9753803597573235, 17.3224799006, 18.125870896, 1.13244788228, -0.0664550734788, 0.195153257194, 82, 2019
Z, 40, 0.9998657719233233, 93.4624301086, 94.7006256766, 0.989713810175, -0.00261185573747, 0.000898354199455, 85, 2019
N, 100, 0.9940842918946747, 20.1592539827, 21.8572320216, 0.934207724753, 0.0156969127538, 0.0842202626877, 85, 2019
E, 100, 0.9788999011229856, 39.1481409807, 36.2506090611, 1.06501924147, -0.178301598358, 0.00771063321198, 85, 2019
Z, 100, 0.9991895629105266, 105.580788264, 109.534711452, 0.960970998279, -0.0313099467775, 0.0181293597214, 88, 2019
N, 100, 0.9840625944445138, 18.5322821644, 20.4603823868, 0.900948817333, -0.111238578456, 0.0535452386362, 88, 2019
E, 100, 0.9930196518363843, 45.1928036738, 39.7727002334, 1.1264252373, -0.120800425216, 0.022760183222, 88, 2019
Z, 100, 0.9979659352076581, 86.1129307609, 86.3421323996, 1.00233998545, -0.0625533330397, 0.0102832743552, 91, 2019
N, -100, 0.9920466464377296, 20.2742227897, 14.6856184069, 1.39494792258, 0.0865414905766, 0.0812619775642, 91, 2019
E, -100, 0.9986627144350603, 36.2727206457, 33.5592387094, 1.08263104909, 0.0499087302921, 0.0405851795282, 91, 2019
Z, 100, 0.991250773991601, 44.5790652203, 42.760150388, 1.0778731922, -0.119544319637, 0.0578993040842, 94, 2019
N, 100, 0.7472917982822264, 9.53911317666, 4.61490472707, 1.90098630238, 2.54882766452, 2.67722917921, 94, 2019
E, -100, 0.9959087057955514, 24.7666119165, 24.4673070547, 1.02106488759, 0.0349727448958, 0.0402391079771, 94, 2019
Z, -100, 0.4520813753726811, 12588.7547789, 59.5841697287, 167.156010066, 1.14569907701, 0.259471186003, 97, 2019
N, -100, -0.6929405899976648, 26.9707276188, 10.610584356, 1.40267609222, 2.46146895119, 1.01134251719, 97, 2019
E, 100, 0.4174903835035686, 325.121800765, 20.1559200376, 14.981972847, 2.83960128121, 2.76255378564, 97, 2019
Z, -100, 0.9405239687489952, 79984.2396229, 112.057929519, 626.192505597, 0.245579110546, 3.66036542527e-05, 100, 2019
N, -100, -0.9578361050174097, 380.017957782, 22.1992326641, 15.1571384081, 0.165909856595, 3.03267411154, 100, 2019
E, 100, 0.32529645363797843, 2094.56900835, 42.9727703251, 42.0864828402, -1.26499820361, 0.0446682871399, 100, 2019
Z, -100, 0.9595793581075129, 133.85245824, 131.824088054, 1.06690254647, 0.189401810928, 0.0196833840646, 103, 2019
N, 100, 0.8876622974849375, 23.1493329635, 24.1021003832, 0.824194642868, 2.94771568709, 3.07924112016, 103, 2019
E, 100, 0.9722944208710387, 57.3681581041, 48.784742813, 1.19161023863, -0.255415362484, 0.119934076829, 103, 2019
Z, 100, 0.99853597791101, 95.4185763025, 94.1362346632, 1.02847970246, -0.039720162741, 0.0223487191125, 106, 2019
N, 100, 0.9880777112976287, 20.335181276, 14.08162606, 1.5602472641, 0.0319592807613, 0.145802646917, 106, 2019
E, 100, 0.9982902715654356, 37.4411152139, 35.554808058, 1.04640501027, -0.0612775963784, 0.0287651688373, 106, 2019
Z, -100, 0.997919862949725, 52.6179700524, 52.9270098453, 0.999052783208, 0.0458153858745, 0.0193015878286, 109, 2019
N, -100, 0.7256948235907384, 11.7628154527, 11.602719665, 1.05648851819, 0.579448680948, 0.00372022480535, 109, 2019
E, 100, 0.9634578566366421, 17.7023893533, 19.7547324835, 0.975034077527, -0.140384500271, 0.0787271149344, 109, 2019
Z, 0, 0.9996750938141764, 114.028652593, 117.538321031, 0.977086870405, -0.0133985715442, 0.0197929850642, 112, 2019
N, -100, 0.99112972563268, 21.7590091597, 26.3764124861, 0.828013434178, 0.129842437708, 0.00676685194731, 112, 2019
E, 100, 0.988453179710244, 47.2227723458, 43.3386345939, 1.08053806905, -0.131816929892, 0.0378416437157, 112, 2019
Z, 100, 0.9999236680878386, 122.375877984, 127.750817059, 0.957827079221, -0.000623414120646, 0.0122413190254, 115, 2019
N, 100, 0.9975104396611235, 22.0276928464, 27.0497732644, 0.836729178943, 0.0264217646958, 0.0686427971916, 115, 2019
E, 100, 0.9801119226358208, 54.8160596873, 48.9198073103, 1.11011783207, -0.192379711543, 0.0021140882529, 115, 2019
Z, 100, 0.9993833827678822, 95.1377427972, 99.6757022796, 0.953273227067, -0.0314219224686, 0.0123605005108, 118, 2019
N, 100, 0.9902243271148619, 15.6736605177, 17.747674579, 0.852329959963, -0.15955756821, 0.0325610131137, 118, 2019
E, 100, 0.9851376042246898, 42.1834920026, 35.9985202552, 1.17033578003, -0.175093158819, 0.00111267955754, 118, 2019
Z, -100, 0.9497048230619152, 56.5908369733, 48.0076387033, 1.17512953961, 0.0506155551552, 0.181373928192, 121, 2019
N, -100, 0.2842694562382322, 111.494877478, 6.51302307879, 13.3432545596, 0.897583555503, 0.0438307719599, 121, 2019
E, 100, 0.8181859313426212, 128.227974016, 20.2115188647, 4.85193586152, -0.542651287811, 0.0494261055389, 121, 2019
Z, 100, -0.12182347617984453, 187.150768244, 74.2284151771, 2.56716157878, -1.52056322065, 3.32264752118, 124, 2019
N, -100, 0.09354966897299861, 704.943191442, 12.4544974542, 51.9467505581, 1.52047818214, 0.0662877889812, 124, 2019
E, 100, 0.8853375750166413, 671.380654766, 24.6633592849, 29.8971251503, 2.82406060995, 2.75392798275, 124, 2019
Z, -100, 0.8599777469315935, 167.043118289, 136.371878902, 1.36258731418, 0.222474212721, 0.237589831889, 127, 2019
N, -100, 0.24320433028623914, 698.218117598, 25.8341311839, 15.3123253542, 0.939727938892, 0.510254554067, 127, 2019
E, 100, 0.6135722581233655, 653.950749538, 50.2539267543, 8.47873125961, -0.792907000409, 0.738978485436, 127, 2019
Z, -82, 0.9999687289124908, 149.049165287, 151.831302042, 0.984596394639, 0.0106119359947, 0.00714004135703, 130, 2019
N, -100, 0.9887610585093252, 26.1761102098, 30.8172742347, 0.86761054106, 0.179093236988, 0.063692335092, 130, 2019
E, 100, 0.9829699877534598, 62.8664845487, 58.6480134558, 1.06352181702, -0.183655643196, 0.00380063515501, 130, 2019
Z, 100, 0.9996595092292349, 110.068272385, 111.875442073, 0.986064029926, -0.0216803986888, 0.00872991608446, 133, 2019
N, -100, 0.9915568455337943, 18.9139394281, 18.9202747646, 1.05080294618, 0.117741675508, 0.0687979826384, 133, 2019
E, 100, 0.9896168330702917, 43.4164483722, 39.8080102881, 1.08109808328, -0.132702999739, 0.00562953663815, 133, 2019
Z, -100, 0.9908223025492789, 50.873946396, 53.454853811, 0.954170805509, 0.0310972442078, 0.0393160772267, 136, 2019
N, -100, 0.7422610386891999, 8.92695044067, 11.3993267773, 0.864822016143, 0.633161625094, 0.218292954443, 136, 2019
E, 100, 0.9786821489901161, 20.8123458378, 18.1739410471, 1.10542522822, -0.0841352617432, 0.122540049745, 136, 2019
Z, -100, 0.9995207769544977, 130.38347397, 133.017898546, 0.977769454166, 0.0421979152792, 0.0131523377725, 139, 2019
N, -100, 0.952639481043745, 22.6576405472, 26.2948011003, 0.858152461336, 0.348563174829, 0.106283516558, 139, 2019
E, 100, 0.9822146488167851, 50.5291098908, 46.4094568063, 1.09861807405, -0.21361836256, 0.0229588086113, 139, 2019
Z, -51, 0.999959948776813, 149.54754648, 153.310781606, 0.979037834855, -0.000595913369223, 0.00677342911858, 142, 2019
N, -100, 0.9875239894944886, 26.7270735091, 32.7137192517, 0.832593752811, 0.192809456938, 0.053602045097, 142, 2019
E, 100, 0.9837785216320605, 62.5421639748, 58.2127743257, 1.06674524664, -0.181021214307, 0.0032518073598, 142, 2019
Z, 100, 0.9998258562789312, 118.633520146, 125.008814073, 0.947406202657, -0.0180364539842, 0.00783627399084, 145, 2019
N, 100, 0.9937429322991205, 20.9410761798, 25.4346420312, 0.834050905009, -0.0868425678105, 0.0367872917314, 145, 2019
E, 100, 0.9818664951556639, 51.5957577126, 47.7206551036, 1.06962072687, -0.181967459649, 0.00370007790496, 145, 2019
Z, 100, 0.998355878229818, 66.8286768116, 75.0500880717, 0.880020638955, -0.0695139263749, 0.0119106862581, 148, 2019
N, 100, 0.8025710991897564, 9.61324039102, 12.4203091078, 0.739510798735, 2.42808832144, 3.18136501304, 148, 2019
E, 100, 0.9791856564552461, 30.0940772334, 26.8646788645, 1.11835094026, -0.209593656105, 0.00670908719252, 148, 2019
Z, -100, 0.9981899102992436, 67.9083278704, 71.1249647709, 0.948401541916, 0.0964508447647, 0.0376932795845, 151, 2019
N, -100, 0.8030500708499114, 8.3676001867, 11.8684795395, 0.735939914825, 0.602413054471, 0.00159254518198, 151, 2019
E, 100, 0.9809535086305515, 27.1649579641, 24.0729330936, 1.15932351488, -0.31851461262, 0.128138445757, 151, 2019
Z, -100, 0.9998142024365737, 144.0540227, 147.685213188, 0.976772781023, 0.0256600783658, 0.00151909545467, 154, 2019
N, -100, 0.971862786772755, 21.1272130938, 26.091548711, 0.814773515272, 0.258912492685, 0.0274666018694, 154, 2019
E, 100, 0.9818112059729973, 55.2436192675, 52.1991624883, 1.06291287474, -0.205880065448, 0.0088100995376, 154, 2019
Z, -59, 0.9999666358198925, 175.183553951, 177.356388577, 0.992395407753, 0.00243196961576, 0.00427911331895, 157, 2019
N, -100, 0.9820505768068569, 29.3147818924, 35.0696690387, 0.855631224221, 0.215774319983, 0.0410938529475, 157, 2019
E, 100, 0.9867011390342479, 71.2568223912, 67.1258978022, 1.05078180205, -0.161348760092, 0.00451208370678, 157, 2019
Z, 100, 0.999860481590663, 135.053346285, 135.500359775, 0.99614376173, -0.0184360992519, 0.00336609428808, 160, 2019
N, -100, 0.9968490129589512, 26.296125359, 28.0835849957, 0.952994695001, 0.0769407722787, 0.0153964304688, 160, 2019
E, 100, 0.9902847109560878, 55.4395546293, 52.0986799487, 1.05914418702, -0.126178883038, 0.0131855667901, 160, 2019
Z, -100, 0.998847592585887, 59.1342401355, 63.4606662384, 0.912154447692, -0.127435613082, 0.145535233275, 163, 2019
N, -100, 0.9176288712481204, 7.0923640185, 9.17762642844, 0.799002307164, -2.64707440971, 2.91952868596, 163, 2019
E, 100, 0.9820231605743367, 23.5975825035, 22.5711633937, 1.05662868104, -0.109415268726, 0.076314821304, 163, 2019
Z, -100, 0.9984563134517015, 124.770667454, 126.797621795, 0.983962796212, 0.0675170516433, 0.0149765793016, 166, 2019
N, -100, 0.9486628497122149, 20.585300283, 24.2699768488, 0.87624086905, 0.294775410063, 0.0203563023555, 166, 2019
E, 100, 0.9813037006368954, 49.0698872778, 44.0538555995, 1.13323229607, 2.91421997995, 3.10619157466, 166, 2019
Z, -100, 0.9999303592704148, 162.112444821, 165.56080935, 0.979013548678, 0.016817027618, 0.00165154762267, 169, 2019
N, -100, 0.9707563530688847, 26.0175657312, 32.2243733797, 0.806058756262, 0.297924395379, 0.0954015268235, 169, 2019
E, 100, 0.9856032439832662, 65.855848523, 60.0201817474, 1.09588762185, -0.183122497455, 0.00859400675533, 169, 2019
Z, 52, 0.9999159944987087, 141.727216461, 145.700026127, 0.97319380105, -0.0127952611069, 0.0105494875242, 172, 2019
N, -100, 0.9957605772237833, 26.2838266698, 31.0283456542, 0.849237131713, 0.062738234327, 0.00388812998751, 172, 2019
E, 100, 0.9861792908136784, 59.398755495, 56.3108519523, 1.04749730098, -0.157440755162, 0.00951771147488, 172, 2019
Z, 100, 0.9999235359196915, 89.0796469493, 95.9519114708, 0.925543759758, -0.0153575325033, 0.00150514389944, 175, 2019
N, 100, 0.9980801256284572, 13.8076499812, 20.2195337961, 0.66572919406, -0.0603551337938, 0.0324566883565, 175, 2019
E, 100, 0.9757265747292188, 40.9571959939, 37.1524974475, 1.08584802307, -0.212645802306, 0.00484259078276, 175, 2019
Z, -100, 0.9964698622466702, 52.1060873043, 56.1603989895, 0.887648143144, 0.319987338058, 0.243456263739, 178, 2019
N, -100, 0.694744056040534, 7.41693440232, 9.16433007253, 0.816562488395, -2.26424795402, 3.07674701608, 178, 2019
E, 100, 0.9795791856567165, 23.0327070872, 20.6390871611, 1.09347385253, -0.145116007677, 0.0635307843471, 178, 2019
Z, -100, 0.999064330673402, 130.643675194, 133.383670662, 0.981799767678, 0.0504093499099, 0.00344551209921, 181, 2019
N, -100, 0.906384694576102, 21.3310363357, 23.160541256, 0.958700115144, 0.399942186641, 0.0515909229962, 181, 2019
E, 100, 0.985237341273264, 50.2080723342, 46.9298539715, 1.07397146236, 2.94918919649, 3.1265400913, 181, 2019
Z, -100, 0.9999378573485653, 182.993922652, 187.447033492, 0.977794856068, 0.0116347990992, 0.00213765290509, 184, 2019
N, -100, 0.9620303813424792, 28.4160053498, 33.9510383944, 0.842931766493, 0.289281501967, 0.0250649813131, 184, 2019
E, 100, 0.9880383299844513, 72.8452449744, 67.9845525443, 1.0697068262, -0.158341000147, 0.00496117870408, 184, 2019
Z, 100, 0.9998426860982668, 155.13168319, 158.385319595, 0.98175063374, -0.0216794589799, 0.0126659269547, 187, 2019
N, -100, 0.9944034490256465, 27.3133301406, 34.2956731033, 0.810126062293, 0.104440665397, 0.00975216097266, 187, 2019
E, 100, 0.9858778275917185, 65.9536314834, 61.0051667572, 1.07569374051, -0.167889718793, 0.00413453911004, 187, 2019
Z, -17, 0.9990043407527673, 66.5713675617, 72.884171017, 0.891256321406, -0.0545697658375, 0.0662687000171, 190, 2019
N, 0, 0.8780477106812237, 9.57112341044, 15.7329674028, 0.519694936984, -0.222281355037, 0.304420414769, 190, 2019
E, 100, 0.9559986934281037, 29.1038976235, 28.7461582924, 0.993555750156, -0.268938959022, 0.00823133849728, 190, 2019
Z, -100, 0.9978688227226882, 103.062153583, 104.838788709, 0.985988418553, 0.0714484615881, 0.00288307263644, 193, 2019
N, -100, 0.901082702621788, 18.2729173466, 20.1012446462, 0.946429285365, 0.405262216332, 0.0870388342891, 193, 2019
E, 100, 0.9843593307213602, 39.4583467523, 37.8274740711, 1.02400673123, -0.157301715871, 0.0298931414604, 193, 2019
Z, -100, 0.9998537833055886, 155.258263804, 156.66516991, 0.992711313351, 0.0152401767259, 0.00124891040695, 196, 2019
N, -100, 0.9621885883451402, 27.4562516604, 29.0504575915, 0.957631640614, 0.286777373892, 0.0128982415207, 196, 2019
E, 100, 0.9918470638017987, 60.6874107191, 56.3031339778, 1.08068521327, -0.138154423923, 0.00339058504001, 196, 2019
Z, 62, 0.9998400198809689, 148.607117065, 150.80562063, 0.987184564786, -0.0190641207095, 0.0147453222151, 199, 2019
N, -100, 0.9756366549925456, 27.1316284919, 30.4480278355, 0.894410802669, 0.235390679982, 0.0270559272043, 199, 2019
E, 100, 0.9916667254149812, 60.2707829495, 56.9944753877, 1.05707471021, -0.131832531528, 0.00526364971162, 199, 2019
Z, 100, 0.9997675686014589, 100.57569109, 105.596080545, 0.953333851657, -0.0276744346221, 0.0182019976904, 202, 2019
N, -100, 0.9938002565929683, 17.4933485153, 25.2855112365, 0.677551315609, 0.106646444068, 0.00886642209456, 202, 2019
E, 100, 0.9854957953415338, 44.1293693706, 41.6029743071, 1.04912726108, -0.157082652448, 0.0150959600067, 202, 2019
Z, -100, 0.9963604123827529, 44.2214815337, 49.0227982803, 0.877445750353, -0.147426792476, 0.188646213453, 205, 2019
N, 100, 0.780069359476529, 8.89981175506, 12.2460024484, 0.681915480229, -0.420472021763, 0.0159602291883, 205, 2019
E, 100, 0.9857238332442826, 21.1027283117, 20.8345967405, 1.0065855532, -0.102485360643, 0.0613757325001, 205, 2019
Z, -100, 0.9976238740084111, 98.7141071475, 100.418176232, 0.987606783919, 0.0658971763518, 0.00688291066076, 208, 2019
N, -100, 0.8308946063904913, 16.1165909198, 17.0585075276, 0.988322645733, 0.522005482943, 0.113158511534, 208, 2019
E, 100, 0.9784588104539781, 39.5439811029, 36.5880777298, 1.10109493017, -0.245266625128, 0.0424863232805, 208, 2019
Z, -100, 0.9998201079517188, 163.759291188, 169.964407335, 0.96488551554, 0.0206934740082, 0.0043275265139, 211, 2019
N, -100, 0.9312467190987667, 25.765586136, 29.9631653212, 0.88560656476, 0.366615043235, 0.000166089901406, 211, 2019
E, 100, 0.9813579128977203, 65.3051357931, 61.8619835829, 1.04776756937, 2.9422455314, 3.1429372917, 211, 2019
Z, 100, 0.9798735969373144, 136.419457771, 136.462927941, 0.985222763034, -0.141961333741, 0.0445191790773, 238, 2019
N, 100, 0.9602049745581138, 27.2434580057, 23.7691755782, 1.11833695286, -0.158070726639, 0.158834854561, 238, 2019
E, 100, 0.9943519645465206, 55.9672406237, 51.1194583566, 1.11550792282, -0.132182233034, 0.040071070082, 238, 2019
Z, 100, 0.9982068407670098, 153.291238125, 154.110065771, 0.987398872673, -0.0471179715398, 0.0344651340358, 241, 2019
N, -100, 0.9591386401306615, 24.261480629, 27.2575935225, 0.849951936244, 0.20255989708, 0.106767721427, 241, 2019
E, 100, 0.9929824058662159, 62.2275482646, 57.2188958304, 1.09605426858, -0.129419109967, 0.00872415787274, 241, 2019
Z, 93, 0.9972660991185195, 78.7399509353, 79.5976001938, 0.97194161819, -0.0487226978101, 0.0561769686971, 244, 2019
N, -100, 0.8764748926775037, 14.3232515434, 22.6606298308, 0.557488750395, 0.374627954318, 0.260396270696, 244, 2019
E, 100, 0.9806745996025246, 32.4132433999, 30.7058741631, 1.05332714801, -0.219936252829, 0.0258995790027, 244, 2019
Z, -100, 0.9958096843809363, 63.6839691658, 58.4309011858, 1.07332545614, 0.111644283353, 0.0377636270775, 247, 2019
N, -100, 0.7350148858097658, 17.9487664882, 10.9267488037, 1.79339274796, 0.287014155421, 0.564147957586, 247, 2019
E, 100, 0.9929048261200345, 23.0644308642, 21.9390763728, 1.04616965453, 0.00572854422627, 0.0389763295568, 247, 2019
Z, -100, 0.9991595787305212, 116.701554845, 114.031603299, 1.01484221066, 0.0431937549795, 0.00242192261012, 250, 2019
N, -100, 0.7677370163173625, 25.1989158094, 20.2812462396, 1.15721724282, -2.44277118141, 3.12651213804, 250, 2019
E, 100, 0.9940162319582888, 43.366488443, 43.9404949269, 0.988464804398, -0.134958122865, 0.0351735680487, 250, 2019
Z, -100, 0.9992640002592331, 116.695309387, 118.474588259, 0.979609012923, 0.0323638892451, 0.0064123867111, 253, 2019
N, -100, 0.8191094283318973, 23.0509490076, 21.5521023811, 1.05203078872, 0.547722879675, 0.117117965465, 253, 2019
E, 100, 0.9942163229293561, 45.2407282274, 44.5745030607, 1.01092961502, -0.0944478714111, 0.0255565438215, 253, 2019
Z, -100, 0.999110160063765, 80.8196978376, 84.6269361999, 0.945731168216, 0.00541708537452, 0.0252970332819, 256, 2019
N, -100, 0.7422788012158926, 14.5347775069, 17.8191298927, 0.785168450155, 0.732717124935, 0.00481937759045, 256, 2019
E, 100, 0.9897845227832345, 32.5273407125, 30.9361641302, 1.05988760803, -0.150569026061, 0.00160162431795, 256, 2019
Z, 100, 0.9418951912786493, 19.2822739663, 22.0325755387, 0.833044511938, -0.0398471574211, 0.259413231949, 259, 2019
N, -100, 0.4960565282087963, 6.24786821292, 14.9149227171, 0.441346086751, 0.973770456725, 1.204262094, 259, 2019
E, 100, 0.9414744086551189, 11.1680471497, 9.03842084702, 1.2700880964, -0.381624424496, 0.00825391547445, 259, 2019
Z, -100, 0.9981635941787433, 68.5417259471, 61.532783367, 1.0942585028, 0.0736046751601, 0.035278938947, 262, 2019
N, -100, 0.8552242957518392, 16.8697698141, 9.28462478186, 1.95826876791, 0.198106056664, 0.351749268142, 262, 2019
E, 100, 0.9966909617039802, 24.2628684681, 22.8103068793, 1.07912452043, -0.0912953923403, 0.0213489915702, 262, 2019
Z, -100, 0.9994268921120104, 119.918820944, 116.037277648, 1.02012436879, 0.0348621790209, 0.0125402346038, 265, 2019
N, -100, 0.9368656682807419, 24.1849308873, 19.1433441277, 1.2585513291, -2.81237333275, 3.19173947597, 265, 2019
E, 100, 0.995338467790021, 45.8756111756, 44.6174896275, 1.03116607231, -0.104310075345, 0.00463586903938, 265, 2019
Z, 0, 0.9997153420117199, 132.854365295, 131.934208227, 1.00056545446, 0.00908840794327, 0.00244603902419, 268, 2019
N, -100, 0.9476761944035145, 24.2975562313, 22.6506750416, 1.04116733575, 0.303547877769, 0.0455920967759, 268, 2019
E, 100, 0.997040279100345, 52.8339816678, 50.2694711456, 1.04975381477, -0.0906275550376, 0.0143003162066, 268, 2019
Z, 0, 0.9985206406597567, 73.6861676381, 74.6617158291, 0.966395510232, -0.0339008433883, 0.0395631242325, 271, 2019
N, -100, 0.8243400078935009, 12.900218127, 14.878320645, 0.749263268771, 0.515229669743, 0.310799107451, 271, 2019
E, 100, 0.9920368570410779, 28.0216348882, 26.357601786, 1.07369027824, -0.139445411152, 0.0158174108477, 271, 2019
Z, -100, 0.9987824065774423, 73.4255900878, 67.0483303107, 1.08691609529, 0.0363489359608, 0.0220765243636, 274, 2019
N, -100, 0.8764952491199138, 20.4284986219, 13.1616072708, 1.62025189818, -0.0555805645765, 0.213790186653, 274, 2019
E, 100, 0.99945027575711, 26.3339684509, 24.2937581131, 1.10562075852, -0.0198531246814, 0.0153538050395, 274, 2019
Z, -100, 0.999342684309905, 129.058199197, 124.067921888, 1.02999433048, 0.0379832779981, 0.0253344541778, 277, 2019
N, -100, 0.9518262332804243, 27.7784988089, 20.0521326888, 1.40383126924, 0.277936771848, 0.0599748360718, 277, 2019
E, 100, 0.9992494806305466, 47.1043558046, 46.4599382768, 1.02103659341, -0.0409434618143, 0.000635840923872, 277, 2019
Z, 0, 0.9994031112721437, 116.515259381, 115.459790678, 1.00097641133, 0.00341572989418, 0.0112108840577, 280, 2019
N, -100, 0.9814254851495395, 22.1798608772, 20.0264955557, 1.05668814265, 0.152424702218, 0.0167340444152, 280, 2019
E, 100, 0.9984107121644468, 47.4069440539, 44.9280843752, 1.05020628661, -0.0738346652119, 0.0233468620858, 280, 2019
Z, 0, 0.9979717065028122, 70.4077418074, 71.8885012257, 0.962616423854, -0.0107286305683, 0.0166257294212, 283, 2019
N, -100, 0.916139056627429, 14.3735631391, 14.036751355, 0.924587140375, 0.341620713023, 0.0967398508906, 283, 2019
E, 100, 0.9962623846529686, 28.0904247505, 26.4638784138, 1.06428181071, -0.082988759909, 0.0359659616916, 283, 2019
Z, 100, 0.9517746408383353, 23.3302074992, 19.7568187956, 1.14143890504, -0.128878968017, 0.246941738294, 286, 2019
N, -100, 0.7058290824840774, 7.15230797902, 8.29725003852, 1.18531896624, 0.713621099496, 1.18728101567, 286, 2019
E, -100, 0.8352717349834827, 6.6027569466, 5.6414952574, 1.12708255144, 0.292975882575, 0.167909046286, 286, 2019
Z, 0, 0.9994208208515056, 86.715449768, 82.9964510761, 1.03745504293, 0.0147141840723, 0.0188883187013, 289, 2019
N, 100, 0.9337184398080373, 19.2018941919, 13.0290158855, 1.48330916462, -0.23674903995, 0.158126687951, 289, 2019
E, 100, 0.9966877745629268, 35.8570053974, 30.6600410007, 1.13685209217, -0.0366369127717, 0.0494586013966, 289, 2019
Z, -94, 0.9994110154039052, 134.58357507, 131.797343617, 1.01260689465, 0.0290815907222, 0.0304333885362, 292, 2019
N, -100, 0.989300965445116, 26.1680966213, 20.3978107425, 1.27681155988, 0.125623218064, 0.014013720493, 292, 2019
E, 100, 0.9981426866482854, 54.8320951963, 49.9056445893, 1.107070199, -0.0777117404567, 0.0293415629039, 292, 2019
Z, 0, 0.9997696816248783, 134.534300289, 134.518713488, 0.995619734576, 0.0135673735635, 0.00924061312135, 295, 2019
N, -100, 0.9586123698663187, 24.2009358913, 21.8076012882, 1.09560634743, 0.266498192512, 0.0447505611838, 295, 2019
E, 100, 0.9972960872675878, 55.8147950117, 52.0421453289, 1.07216257307, -0.0884410269441, 0.0164486311082, 295, 2019
Z, 0, 0.9988920227562025, 75.3572602463, 75.7216044008, 0.983406381247, -0.0124990036514, 0.0105264359559, 298, 2019
N, -100, 0.9387688780178841, 15.2877974061, 13.5720952147, 1.11786162038, 0.342634820161, 0.0015217014197, 298, 2019
E, 100, 0.9987844863434441, 30.9094499367, 28.3492251674, 1.09717127966, -0.0311903083986, 0.00235875284317, 298, 2019
Z, -100, 0.9579957666845212, 102.031004401, 100.684472707, 0.973089216924, 0.195380534376, 0.159295392273, 316, 2019
N, -100, 0.9872683633251622, 21.3796291183, 16.3712720735, 1.29321532793, 0.15135936709, 0.0362793815329, 316, 2019
E, 100, 0.9869698037208899, 37.4806112927, 37.0165803504, 0.970893590786, -0.0691215705315, 0.0981125088244, 316, 2019
Z, -100, 0.9985679182141889, 159.70883288, 158.283794907, 0.99182100153, 0.0479713362783, 0.0498463556857, 319, 2019
N, -100, 0.993860764921395, 28.164836021, 25.1911160355, 1.1089420023, 0.102389362725, 0.00691483382408, 319, 2019
E, 100, 0.9906382353198561, 65.9182186237, 60.7979163612, 1.07603181793, -0.134370576017, 0.00986673481694, 319, 2019
Z, 7, 0.9998574349655454, 167.00094069, 164.794893845, 1.00743362241, 0.00961806640334, 0.0135192217864, 322, 2019
N, -100, 0.985817928926643, 28.7716105047, 24.9549160935, 1.1535177638, 0.135265939815, 0.0523735501965, 322, 2019
E, 100, 0.9950511644196506, 68.1056403386, 63.0574522718, 1.08853021394, -0.0959523197331, 0.0106968675215, 322, 2019
Z, 0, 0.9998241065239803, 103.284022552, 103.448784166, 1.00728063674, 0.0159354985979, 0.0174869294294, 325, 2019
N, -100, 0.9646092617818675, 19.4271487924, 16.5964976321, 1.21280638889, 0.295823462042, 0.044618688177, 325, 2019
E, 100, 0.9933253461671974, 46.9026343558, 41.1647895249, 1.13673445181, -0.138048993355, 0.0277717290907, 325, 2019
Z, -100, 0.9988794073479571, 83.0737713927, 79.9770883149, 1.0456879769, 0.024061246026, 0.00676378196653, 328, 2019
N, -100, 0.9956889891260163, 18.4085941299, 15.7181784405, 1.16566966035, 0.111228571001, 0.0181077829662, 328, 2019
E, 100, 0.9702908207376179, 29.6107760351, 27.0871433924, 1.0449765696, -0.161899979146, 0.0986904044892, 328, 2019
Z, 0, 0.9999788152754997, 166.861783705, 164.450615594, 1.0144744895, 0.00109241156111, 0.000965701367354, 331, 2019
N, -100, 0.995518116083018, 31.8282686948, 28.8016615349, 1.1170335461, -0.0247479171466, 0.0805455343652, 331, 2019
E, 100, 0.9909298421901241, 71.3748378776, 63.1312012346, 1.1177021915, -0.0860552561727, 0.0657830997226, 331, 2019
Z, -99, 0.9997444334035575, 180.336790151, 180.228419317, 0.998667559948, 0.0216194913963, 0.018770504014, 334, 2019
N, -100, 0.9937508741952984, 29.3031946225, 28.2287887127, 1.03745569583, 0.103138250722, 0.0204844768173, 334, 2019
E, 100, 0.9882345599522814, 79.0763076387, 69.7562925245, 1.11751129359, -0.162691538072, 0.0183184066096, 334, 2019
Z, 17, 0.9996153024831881, 130.38890168, 133.125279577, 0.981515775255, 0.0171162299949, 0.0230622625073, 337, 2019
N, -100, 0.9712186340158567, 20.2799345876, 20.6036765708, 0.979628070615, -2.85948821501, 3.08044111996, 337, 2019
E, 100, 0.9974134901785418, 55.9637753487, 50.961587696, 1.09189409684, -0.0776120099361, 0.00904126242184, 337, 2019
Z, 100, 0.9874953256080421, 67.5959518632, 60.2315229178, 1.23390096542, -2.92560547628, 2.85763220603, 340, 2019
N, 100, 0.6376728213552266, 377.992849444, 12.6935591765, 28.3374368684, -2.62257085039, 2.23789124045, 340, 2019
E, -100, -0.07264621838044699, 204.40439813, 23.8236204058, 8.86107901486, -0.823504087112, 0.911538389332, 340, 2019
Z, 100, 0.4984240097979225, 404.738361521, 96.8474575189, 3.85268966246, -0.894001212179, 0.151784565498, 343, 2019
N, -100, -0.17650720901976447, 4732.07468288, 16.0823340869, 279.497698991, -1.6080524902, 0.139857425384, 343, 2019
E, 100, -0.8470390122120096, 2751.01650487, 34.2846996021, 71.0665154322, -0.126179746614, 2.79068374725, 343, 2019
Z, 100, 0.18277752504752812, 486.685527514, 168.533726707, 2.06219278824, 1.30023420656, 2.47627615909, 346, 2019
N, -100, -0.5946402752558692, 6450.3125472, 28.1022032351, 192.479413208, 0.306155268967, 2.55297671376, 346, 2019
E, 100, -0.4207808208793699, 3758.87771083, 64.4308711068, 45.8861913609, 1.86267210636, 0.391363326993, 346, 2019
Z, 100, 0.9999495763359947, 195.212568088, 193.281502025, 1.01047171917, -0.00382719435147, 0.00686265948738, 349, 2019
N, -100, 0.9906041078215261, 31.9816850659, 30.0464089667, 1.08445953099, -0.00504263832841, 0.106020551932, 349, 2019
E, 100, 0.9955747576746068, 80.3008584282, 74.7209741946, 1.06144959442, -0.0953934394628, 0.00103041654189, 349, 2019
Z, 100, 0.9995928110416031, 139.754751077, 143.485860464, 0.971036648001, -0.00550985567832, 0.0151707431247, 352, 2019
N, -100, 0.9152624354664047, 12.2059025271, 19.5150568313, 0.587554421772, -2.61243502235, 2.89911920205, 352, 2019
E, 100, 0.9989693295566997, 58.4157658576, 55.4259873995, 1.06066360854, -0.0323135419709, 0.0112437617402, 352, 2019
Z, 100, 0.9998841541870319, 66.6481940792, 65.2894749821, 1.02127890396, -0.031565258847, 0.0114477770374, 355, 2019
N, -100, 0.9944848332795547, 14.2315056222, 12.7494210891, 1.20743885881, -0.206647898987, 0.27996927602, 355, 2019
E, 100, 0.9966395044891571, 25.5214177697, 21.7748165388, 1.14148680284, 2.95930890917, 3.24351319228, 355, 2019
Z, 100, 0.9998305146262385, 156.700720536, 153.162470513, 1.02393858386, -0.022199996404, 0.00413759612036, 358, 2019
N, -100, 0.9985176535392477, 32.4109499052, 27.898450106, 1.16315460371, 0.0515125811024, 0.00607217848258, 358, 2019
E, 100, 0.9955099475802967, 61.7241531278, 56.3006765097, 1.07889688663, -0.0746880028839, 0.0338467772228, 358, 2019
Z, 49, 0.9999632793162511, 191.650094019, 188.160942609, 1.01777504282, -0.0104016938139, 0.00208654536933, 361, 2019
N, -100, 0.9927379691321233, 35.1668398021, 31.5733593837, 1.13048480941, -0.000922274322716, 0.0863038204323, 361, 2019
E, 100, 0.9936365420109712, 78.2188146618, 74.2125187649, 1.04479077591, -0.101457282909, 0.0196835693024, 361, 2019
Z, 52, 0.9998448397991494, 161.361459008, 162.330662479, 0.999381653648, 0.00782646140694, 0.0156364474625, 364, 2019
N, -100, 0.9773519643465647, 24.4421021621, 24.2873078597, 1.00985976823, 0.178410418533, 0.0497758956804, 364, 2019
E, 100, 0.9978476260549403, 66.2204430566, 62.8157335906, 1.04848349518, -0.0680805785624, 0.00302182561184, 364, 2019
