Chan, Phase Shift, Correlation, ptp-data, ptp-synthetic, rat, phasem, phasestd, DOY, Year
Z, -100, 0.9213481665645435, 3144.12059259, 61.8548199192, 48.5240024615, 0.10614062517, 0.259843003575, 1, 2019
N, -100, -0.6503361512070226, 1757.78585347, 47.1211466788, 37.1279949208, -2.86023264146, 0.548701557737, 1, 2019
E, -100, -0.496776096926756, 3475.43457236, 13.0394432761, 263.369407606, 0.766588464805, 2.84813251034, 1, 2019
Z, -100, 0.79446522850599, 2212.81788778, 101.479897427, 21.5821837682, -2.51243290775, 3.18910283573, 4, 2019
N, -100, -0.32489490369190127, 1316.04684983, 81.3457021417, 15.9160654525, -1.88128751957, 0.0141710714015, 4, 2019
E, -100, -0.21491809268270975, 2819.14208849, 24.6377369529, 108.465220157, 1.4215197522, 3.23077783743, 4, 2019
Z, -100, 0.49945506655596983, 1868.5676078, 108.467210095, 16.5151647302, -2.03625530833, 3.1049159983, 7, 2019
N, -100, -0.10000179665771453, 963.248745698, 89.3672364203, 9.04020633381, -1.43456636255, 0.209183444975, 7, 2019
E, 100, 0.25980006184054383, 2668.84809251, 26.4481331644, 99.2566151948, -1.14255785601, 0.194335997463, 7, 2019
Z, -100, 0.02621880723914391, 2578.00625415, 85.8482990092, 30.4571865977, -1.50592827767, 3.07119135836, 10, 2019
N, 100, 0.3956844981776593, 1581.83716558, 72.9920282593, 21.577017913, -1.03559853409, 0.146981893637, 10, 2019
E, 100, 0.678811389341299, 3639.49602025, 19.9962731661, 194.077560754, -0.725938109103, 0.102667972985, 10, 2019
Z, -100, 0.11016034003844752, 3019.40195457, 43.4372611193, 80.1744070788, -1.39802026763, 2.83502506256, 13, 2019
N, 100, 0.3460526485321581, 1705.69914677, 42.188105145, 46.1105556632, -0.749246019658, 0.481618782133, 13, 2019
E, 100, 0.7338845570345709, 3875.8218095, 10.4448449677, 508.784457454, 0.128169185784, 0.735600100353, 13, 2019
Z, -100, 0.9567206331504019, 3776.80476325, 61.1389811152, 62.190763586, 3.12531298294, 2.89460250588, 16, 2019
N, -100, -0.672277530050325, 2289.98887671, 44.5274969434, 56.9472816173, 0.394544554332, 2.70127865437, 16, 2019
E, -100, -0.5737966710637618, 4259.60639235, 12.6750915277, 357.564185865, 0.536916994619, 2.71462550702, 16, 2019
Z, -100, 0.8050432552083463, 3483.43944887, 117.432941951, 27.7865236557, -2.48536117459, 3.1199743457, 19, 2019
N, -100, -0.6114704039036424, 2175.99227221, 90.4878596769, 22.9697060098, -2.32767895772, 0.154837264391, 19, 2019
E, -100, -0.21946248433339502, 3902.40368258, 27.1083635721, 132.344313457, 1.4214473859, 3.23345118156, 19, 2019
Z, -100, 0.5161719243124878, 3695.41731324, 129.710995096, 27.823868639, 1.01914659072, 0.0467613313297, 22, 2019
N, -100, -0.015540667011352685, 2120.51849196, 104.123865315, 18.6265147215, -1.45520408926, 0.1408690561, 22, 2019
E, 100, 0.28191595382260065, 4171.98078805, 32.9140482764, 125.587894857, -1.20050085844, 0.119021871046, 22, 2019
Z, 100, -0.10459182598925747, 3170.42694176, 77.1303797131, 44.7350468411, -1.14981375806, 2.8058862161, 25, 2019
N, 100, 0.3683794750755513, 2119.12336495, 65.1753050779, 34.6115034529, -0.855149826385, 0.343154868475, 25, 2019
E, 100, 0.7710427097433012, 3679.96270361, 20.2095795545, 219.387606676, -0.35263715638, 0.314366067318, 25, 2019
Z, -100, 0.9183631803040379, 3326.02476359, 41.3909608442, 87.7761855513, -0.105880374266, 0.346157610398, 28, 2019
N, -100, -0.521402349237355, 2228.28023952, 31.6628580763, 84.4897678316, -0.0179090755059, 2.23748379965, 28, 2019
E, -100, -0.3816237623542224, 3472.05733125, 8.69029262517, 486.911014541, 0.127285545248, 2.36908391745, 28, 2019
Z, -100, 0.9524945019489618, 1952.75995324, 85.5555814006, 21.4033199941, -2.91837652661, 3.16671063617, 31, 2019
N, -100, -0.28281484153779624, 1390.88614947, 65.6120446113, 18.7340616367, -1.52830776171, 0.401722283737, 31, 2019
E, -100, -0.5634310359246677, 2187.87879057, 19.2959348051, 93.3997624583, 0.586073211241, 2.7217927348, 31, 2019
Z, -100, 0.7644759386101223, 2605.06618944, 98.9927166932, 25.9008841581, 0.590129295718, 0.164249502551, 34, 2019
N, -100, -0.23134516170959638, 2277.22737312, 80.2095204705, 26.8933139848, -1.92172932553, 0.207092195828, 34, 2019
E, 100, 0.17630495786118527, 2574.10618566, 24.9288800772, 100.613283672, 1.84691346534, 3.32144195421, 34, 2019
Z, -100, 0.30960524267847117, 2404.27157974, 82.7810245744, 28.8993474315, -1.78124102085, 3.05067046624, 37, 2019
N, 100, 0.339099295716011, 1689.46839381, 70.7303999267, 22.4862644698, -0.988831302931, 0.259106243376, 37, 2019
E, 100, 0.5195217983885684, 2584.21356847, 21.2715620825, 122.479949035, -0.834779458763, 0.210735540051, 37, 2019
Z, -100, 0.04502734568947855, 2475.76912359, 45.0694498288, 63.9133239608, -1.36068247858, 2.85862865808, 40, 2019
N, 100, 0.47232878399151607, 2092.34743095, 43.1946897747, 53.3126132417, -0.827814784843, 0.280455656292, 40, 2019
E, 100, 0.7774309039688213, 3056.23048239, 13.1014291427, 321.079246697, -0.106092304584, 0.48574753887, 40, 2019
Z, 100, 0.9367661263106974, 2813.4809733, 37.337895702, 82.9208906174, -0.497715951998, 0.331766115973, 43, 2019
N, -100, -0.646277099763032, 2199.07510226, 26.4494938008, 102.381762579, -0.0624976153291, 2.30297730773, 43, 2019
E, -100, -0.4716311752882947, 3274.06646806, 7.87535477673, 496.383810968, -0.265315405153, 2.7092007345, 43, 2019
Z, 100, 0.9876044283530583, 3568.12074178, 90.6966543899, 37.2734866827, -0.145896003509, 0.101077706006, 46, 2019
N, -100, -0.8322200142742671, 2678.58137088, 66.9785801297, 40.1914246869, 0.438177735384, 2.96158947538, 46, 2019
E, -100, -0.8261419427285382, 3805.92335798, 20.088289464, 181.762198243, 0.434804215765, 2.96977857168, 46, 2019
Z, -100, 0.8538470488470186, 2911.53409284, 117.042786071, 23.8741920779, 0.500243522181, 0.064009688749, 49, 2019
N, -100, -0.41626033382598376, 2433.33192188, 91.2291211843, 25.461919754, -2.01369843672, 0.042421474567, 49, 2019
E, -100, -0.3160594184132954, 3298.38240003, 29.0639381003, 108.362892879, 1.32153901703, 3.23054894632, 49, 2019
Z, -100, 0.20214131735655227, 3331.8628734, 81.3209178363, 43.6580832905, -1.47992020096, 2.8201137664, 52, 2019
N, 100, 0.15568226123175546, 2525.11525903, 66.3967362117, 39.6988385359, -1.21119740238, 0.222934682989, 52, 2019
E, 100, 0.45029917833913524, 4064.06998691, 23.4085210042, 191.317212175, -0.773217986819, 0.362471223443, 52, 2019
Z, 100, 0.1763497275632196, 4147.74636872, 24.9509812565, 206.633639419, 1.72509597222, 2.23753792821, 55, 2019
N, -100, -0.4289552427254074, 3049.88721586, 19.9896336378, 173.837232734, -0.694964764598, 1.85588327533, 55, 2019
E, -100, 0.271365275127299, 4997.43413466, 13.9247250071, 666.671275173, 1.1143897907, 0.549494231402, 55, 2019
Z, 100, 0.8996773933323774, 3077.2761199, 67.8206148208, 42.4863296386, -0.442603720569, 0.05058223642, 58, 2019
N, -100, -0.9335719119557001, 2691.2293756, 50.8001591837, 53.6006953109, 0.200614527083, 3.00678887599, 58, 2019
E, -100, -0.8829323618222091, 4092.34872523, 15.2056459512, 251.359322121, 0.0788660718168, 3.01822813334, 58, 2019
Z, -100, 0.9804303209447798, 3242.75799405, 83.1553756534, 37.0984299113, -2.99182895591, 3.13393767097, 61, 2019
N, -100, -0.6976729932410156, 2673.1100633, 64.1714923957, 39.9933826656, -2.41047029376, 0.0958729949456, 61, 2019
E, -100, -0.6047680524116148, 4607.9929943, 19.6049319296, 222.557627588, 0.985232684084, 3.22660969625, 61, 2019
Z, -100, 0.7291886748298033, 3361.57567405, 68.3670855541, 48.5515292158, -2.34526970085, 3.1134790401, 64, 2019
N, -100, -0.17524222660380856, 2682.28117388, 58.5675639432, 44.5192174733, -1.63794687056, 0.111689017679, 64, 2019
E, -100, -0.07598914994989528, 5103.32611685, 19.5156574607, 260.914783107, -1.46954351218, 0.220911781884, 64, 2019
Z, -100, 0.09791887657244015, 3361.70899414, 38.5173509546, 105.458751687, 1.76798747039, 0.327894257904, 67, 2019
N, 100, 0.1656107438729905, 2982.0996764, 34.7948975971, 92.8788279446, -1.21315914545, 0.219454486442, 67, 2019
E, 100, 0.5799166632503265, 5284.46977895, 12.5352910776, 518.844498205, -0.6346830055, 0.326572166508, 67, 2019
Z, -100, -0.05797244399204274, 2948.56792916, 30.9729738037, 92.4596031103, -1.81641234078, 0.324339499634, 70, 2019
N, 100, -0.6314693283076228, 2615.79360965, 21.3802306011, 145.430015135, -0.952834637849, 2.42484423669, 70, 2019
E, -100, 0.09443676605306026, 4814.68037785, 11.3277390824, 572.90537738, 1.57213813843, 0.19987303961, 70, 2019
Z, 100, 0.6591062268489728, 2991.08415666, 73.998715853, 37.6744418398, 2.18807876837, 2.95584857748, 73, 2019
N, 100, -0.9203808528355105, 2909.01970067, 54.201490269, 53.5790045318, -0.46039928587, 2.77995857673, 73, 2019
E, 100, -0.7314215223105719, 4174.80817819, 16.6083288038, 222.942365895, -0.667957551107, 2.86487026501, 73, 2019
Z, -100, 0.9689230171103405, 2631.48792997, 97.6270180274, 25.9731492149, 0.16916873083, 0.116786520084, 76, 2019
N, -100, -0.7120610744602239, 2196.68276079, 71.9445083707, 30.3755186714, -2.4006253652, 0.0320893938848, 76, 2019
E, -100, -0.7631389565532861, 3990.07334372, 22.3414081717, 168.73860301, 0.763380289218, 3.2497210513, 76, 2019
Z, -100, -0.47381602596098943, 781.03514238, 31.3339103937, 24.8114992721, 0.860042077619, 3.18531733306, 109, 2019
N, 100, -0.3774344176347426, 598.504329974, 25.5755177791, 25.1534024211, -1.37098612698, 2.62795511012, 109, 2019
E, -100, 0.3263669736641302, 1590.86939277, 11.310314843, 239.10798333, -0.524137643804, 0.737914723282, 109, 2019
Z, -100, -0.6465450881685838, 821.323776334, 86.6373471064, 6.95747749905, 0.58306902916, 2.66157341228, 112, 2019
N, 100, -0.28571947252890406, 684.539649542, 65.1390679952, 8.37350023645, -1.68382804896, 2.42626535894, 112, 2019
E, -100, 0.3541907573910139, 1242.48310686, 18.3122742199, 47.2967638405, 0.75391185626, 0.579426862067, 112, 2019
Z, 100, 0.1800254061377421, 756.291188506, 94.096427404, 6.69513558265, -1.13829990285, 0.430668179145, 115, 2019
N, 100, -0.9656084893678997, 758.74520091, 70.2387060268, 10.6895479785, -0.0483751115743, 3.30163109658, 115, 2019
E, 100, -0.8494577938616512, 971.305984954, 22.636504768, 36.521280311, -0.151001931009, 3.4201816954, 115, 2019
Z, 100, 0.2543252840947163, 863.975376462, 70.9603298, 11.8597413661, 1.97899968329, 3.28701023899, 118, 2019
N, 100, -0.9519984078403172, 638.213726305, 51.7998777431, 13.094817897, -0.0179751215662, 3.35938622093, 118, 2019
E, -100, -0.8922589880001267, 1023.88652143, 16.3186453238, 62.8824646161, 0.468902007031, 3.30476541387, 118, 2019
Z, 100, 0.3132344533250493, 1779.35666672, 29.812646595, 73.1828767284, -0.787215020073, 0.57439856187, 121, 2019
N, 100, -0.774526782526003, 1109.52004807, 26.143287022, 50.7530280793, -3.51276676506, 0.392027789932, 121, 2019
E, -100, -0.4672633044676125, 2104.05941692, 10.3912614067, 266.652190988, 1.37973922304, 3.73388319954, 121, 2019
Z, -100, -0.7190180861287429, 636.380436184, 91.6087914816, 5.76821092659, 0.85517898181, 2.87199757358, 139, 2019
N, 100, -0.8950730569720948, 706.113591992, 70.5460800031, 9.09648142556, -0.144607337247, 3.39224192806, 139, 2019
E, 100, -0.2705867376691722, 1297.41996797, 18.3958188434, 67.3782140944, 1.874210561, 0.103768492044, 139, 2019
Z, -100, -0.595990623442859, 1075.45069792, 114.137619457, 8.49711620052, 0.921336389957, 3.11066628479, 142, 2019
N, 100, -0.8970601505467461, 811.822351201, 85.5092852268, 8.35053257926, -0.53527938976, 2.8051629529, 142, 2019
E, 100, -0.08093154986284641, 841.015932084, 25.5241756051, 27.0606687902, 1.49311688078, 0.309874352914, 142, 2019
Z, -100, -0.4148394017715093, 295.735503706, 52.9410771239, 5.70293551141, 1.27379105354, 3.42675169047, 148, 2019
N, 100, -0.9769651261012938, 339.996549691, 37.7528467285, 9.37204232453, -0.0848554746472, 3.13686160968, 148, 2019
E, -100, -0.9592612135209185, 770.272078835, 12.4342240319, 62.7978477792, 0.183086722797, 3.37727302202, 148, 2019
Z, -100, -0.43143739356739036, 605.441918773, 102.722946423, 4.69518902807, 1.44897493761, 2.6056141743, 154, 2019
N, 100, -0.3096185818418545, 250.799345036, 76.697341618, 2.26250747212, -2.91320522577, 1.24512689224, 154, 2019
E, 100, -0.18031555947988365, 537.164758286, 20.6748355273, 23.7793354043, 2.0763955011, 0.42038156402, 154, 2019
Z, -100, -0.13069545840304267, 2388.31200485, 132.032938831, 15.8264783608, -1.65279506348, 0.0799212003579, 157, 2019
N, 100, -0.897967869389558, 2406.75985769, 97.7806417529, 22.8788006845, -0.360744425728, 3.23624225846, 157, 2019
E, 100, -0.3655046454725872, 3147.71097148, 29.0218423129, 95.9392526426, 1.98761324513, 0.115520245045, 157, 2019
Z, -100, -0.06533176355996802, 1968.07492918, 123.029764729, 14.984467356, -1.52624787749, 0.10657561393, 187, 2019
N, 100, -0.9887665019774453, 1776.93987522, 88.6787727649, 20.4783038716, -0.0161122321199, 3.25851510238, 187, 2019
E, 100, -0.47370886517711686, 2637.39202308, 28.9265616612, 84.5323040944, 2.23361651868, 0.211035828464, 187, 2019
Z, 100, 0.31631057942037516, 213243.458555, 48.6935087481, 4380.4931729, 1.96585763504, 3.16810463623, 220, 2019
N, 100, 0.5052948374223992, 422662.971439, 40.395652599, 9362.89811164, 2.43965128706, 2.76324461803, 220, 2019
E, -100, -0.243545574518507, 346918.281082, 12.7233192571, 30470.2437281, 2.1245923787, 2.33314298178, 220, 2019
Z, -100, -0.2610918898263673, 319738.237929, 87.1774059864, 2824.38411915, 0.838518865553, 3.76409824081, 223, 2019
N, -100, -0.10726421613831662, 637089.717189, 71.4912653067, 6643.80739274, 1.13150839721, 3.69414371681, 223, 2019
E, -100, -0.6209886026679324, 523452.216153, 19.6249099339, 20785.7166346, -0.00988399802159, 3.8289393435, 223, 2019
Z, 100, 0.9826513799540555, 102.347005656, 99.0785813503, 1.01134380137, -0.167126111304, 0.0878943046012, 226, 2019
N, -100, 0.018612108708661017, 30.1379131205, 76.8349949574, 0.311618816711, -1.07628350101, 3.75236834954, 226, 2019
E, -100, -0.81506929825623, 74.2564678673, 20.9608208932, 3.0592243688, 0.634280860409, 2.9571720757, 226, 2019
Z, -100, 0.9043263227439364, 60.7820267535, 80.8137836873, 0.780331514764, -2.71903116084, 3.17978519765, 229, 2019
N, -100, 0.3335553809992145, 21.5536463566, 58.7635209051, 0.228388596219, -0.876090093801, 4.60920937609, 229, 2019
E, 100, -0.020320873860843237, 83.8756935589, 17.4741116897, 4.52487196262, 1.60608246457, 0.0185843512281, 229, 2019
Z, 100, -0.028078924672911138, 46.1700943004, 43.5749237513, 0.998429930966, 3.01733593882, 1.2374364663, 232, 2019
N, 100, -0.15285768484659346, 28.658877555, 24.8792041393, 1.13713149076, -0.526516958118, 4.06154602714, 232, 2019
E, -100, 0.0776952546001747, 54.0665842604, 13.4663081029, 5.25835452581, 1.69303880251, 0.558063856919, 232, 2019
Z, 100, -0.5481183454275983, 35.0395829721, 46.4933590026, 0.635403086907, 1.83018416533, 0.784736756955, 235, 2019
N, -100, 0.47872530897077975, 12.4490956108, 35.5001109139, 0.318788170894, 0.807562981124, 0.21601599761, 235, 2019
E, -100, 0.8659619049223621, 39.9469784729, 10.9849892602, 4.0025763255, 0.0333560464689, 0.377753115615, 235, 2019
Z, -100, 0.8067348000711219, 113.444373958, 90.4091919044, 1.10850907081, 0.639037430405, 0.392274426111, 238, 2019
N, -100, 0.7766363294714306, 27.4915534626, 72.1691221259, 0.342674946013, 0.623279701224, 0.252522632112, 238, 2019
E, -100, 0.3208709854461426, 49.0752450431, 20.4964685864, 2.4480521802, 1.02664241243, 0.276964502021, 238, 2019
Z, -100, 0.9948550622238805, 117.60559166, 109.168156689, 1.05352423089, 0.086394828585, 0.0324330367083, 241, 2019
N, -100, 0.8121186960546104, 24.5514680155, 84.2928939944, 0.249668961062, 0.246742851168, 0.422492582289, 241, 2019
E, 100, -0.05381288152610967, 76.8128844561, 23.4301634436, 3.32340247272, 1.65529647251, 0.0730460425963, 241, 2019
Z, -100, 0.9513441435631609, 75.5634767794, 77.6848193561, 0.962193076752, 0.313568508253, 0.0135804746311, 244, 2019
N, 100, -0.19858764880487628, 25.2316213588, 48.7081251891, 0.477083879662, -0.522823605635, 3.93309813361, 244, 2019
E, 100, -0.032595172760417464, 82.35180361, 15.1780463187, 5.40517034255, 1.66925679288, 0.125883109923, 244, 2019
Z, -100, 0.9758796950292935, 36.6983623111, 38.6746946075, 0.943065637564, 0.407245826209, 0.248031859205, 247, 2019
N, -100, 0.9365105210011329, 26.3117215446, 32.0261963037, 0.810703124688, 0.112737242857, 0.0921077793935, 247, 2019
E, -100, 0.6795739290282462, 32.1424148645, 14.7290985793, 3.25478835999, 1.26262748741, 1.074745495, 247, 2019
Z, -100, 0.9889628384699151, 70.409464323, 73.6060325616, 0.964480311531, 0.136873395287, 0.0247270792208, 250, 2019
N, -100, 0.6740351563074681, 15.4884465376, 61.7720931692, 0.254844989869, 0.728240314255, 0.0207870140221, 250, 2019
E, -100, 0.2776437464980194, 34.9526886814, 17.3622832339, 1.99404873163, 1.30548400007, 0.0107920367748, 250, 2019
Z, -100, 0.991854869322129, 73.1342322373, 79.6026378168, 0.906278941331, 0.13199656037, 0.0247090548978, 253, 2019
N, -100, 0.7349150265245017, 13.0861515716, 65.4319533348, 0.205704521936, 0.759655751604, 0.0218331573032, 253, 2019
E, 100, -0.06929057280902011, 52.4349056096, 18.150635493, 2.8525114572, 1.65420686278, 0.0384170645117, 253, 2019
Z, -100, 0.9781058879156599, 66.4265012495, 66.3020035468, 0.967282894453, 0.185939251809, 0.0621916138902, 256, 2019
N, -100, 0.6757017402570203, 12.8548316978, 48.9104078145, 0.241069786284, -2.33752943285, 3.10956289643, 256, 2019
E, -100, 0.042585567041447406, 52.6020361622, 13.1210680492, 3.94828472416, 1.50278170928, 0.0461174096945, 256, 2019
Z, -100, 0.8185096451918226, 46.724847084, 39.9644047922, 1.10149969057, 0.615298679697, 0.160245113514, 259, 2019
N, 100, 0.2102965839083938, 25.37270876, 18.0309557621, 0.941018671946, 1.58935864441, 3.14672383032, 259, 2019
E, -100, 0.03006399355972934, 47.7540983818, 7.23021497355, 7.6817754088, 1.73650205301, 0.509852694493, 259, 2019
Z, -100, 0.9804239053163243, 50.901367881, 42.2335874259, 1.27263546047, 0.0695405972932, 0.114145438447, 262, 2019
N, 100, 0.7654440564623541, 17.6655946889, 32.0822221218, 0.489679982308, -0.105757941893, 0.263667931742, 262, 2019
E, 100, 0.7991000467297336, 32.37087623, 9.61301645527, 4.53212771107, 2.13265199198, 2.1049971892, 262, 2019
Z, -100, 0.9857401839552433, 88.4367429231, 78.0181067584, 1.10162105562, 0.190720585731, 0.103851989207, 265, 2019
N, -100, 0.9622992311874567, 26.424270426, 62.3320167886, 0.433107810233, 0.206169143922, 0.0294263264547, 265, 2019
E, -100, 0.5563341707089746, 36.9248234953, 17.4300428307, 2.18551475654, 0.812393282633, 0.186826852027, 265, 2019
Z, -100, 0.9959634723168345, 98.8881979845, 87.9152567564, 1.10582506774, 0.0960085694488, 0.00756137433299, 268, 2019
N, -100, 0.9024977139903433, 23.9595666976, 71.9659090318, 0.322995970324, 0.269780143561, 0.222294021644, 268, 2019
E, -100, 0.06727409552118327, 55.6506113713, 20.6824801409, 2.68291515139, 1.50332181077, 0.00893572399537, 268, 2019
Z, -100, 0.9901712758870135, 65.7712615477, 63.506833779, 0.9905953934, 0.0869387806868, 0.0992608460415, 271, 2019
N, 100, -0.20742174228649404, 20.1209032334, 43.4040609574, 0.429670584669, -2.86877182574, 1.3857603877, 271, 2019
E, -100, 0.009211971920423164, 55.6688293128, 10.7341921222, 5.59413678009, 1.58707119704, 0.0431358270697, 271, 2019
Z, -100, 0.9619353704877046, 45.9261035894, 41.6069649008, 1.11970743023, 2.61278193731, 2.53850358176, 274, 2019
N, 100, 0.9629111158777813, 33.668784394, 36.2551780269, 0.930453787188, -0.269788079805, 0.122384353658, 274, 2019
E, 100, 0.2808279330332287, 29.7500562017, 8.73486802222, 3.69092884638, 1.11626880919, 2.16759420567, 274, 2019
Z, -100, 0.9926189732375791, 76.5282662239, 79.169872102, 0.974741630368, 0.145160036503, 0.0299438211476, 277, 2019
N, -100, 0.8450612926490365, 25.7056858035, 66.0413749764, 0.370426354725, 0.400465216824, 0.101218216094, 277, 2019
E, 100, -0.3948021951017771, 24.6615997945, 17.5066355586, 1.55048152799, -1.194728358, 3.17881425715, 277, 2019
Z, -100, 0.9991223878151473, 78.3633779804, 73.9152447172, 1.08303239516, 0.0291749924282, 0.00729157947859, 280, 2019
N, -100, 0.4506404844359849, 14.9752549345, 63.6138809225, 0.24513899082, 0.976446964591, 0.112508830395, 280, 2019
E, 100, -0.30697123440330365, 40.9422656823, 18.0454025088, 2.28408200251, 1.84417541819, 0.0558597983552, 280, 2019
Z, 57, 0.9977224914619243, 49.6070594854, 50.5320784778, 0.954001046073, 0.0128870282576, 0.0157325630506, 283, 2019
N, -100, 0.7223848440777605, 17.0383537094, 41.5014175605, 0.281526671937, 0.12739353992, 0.646595297313, 283, 2019
E, 100, -0.03875661938060222, 51.5043442033, 10.8045341791, 5.06731601863, 1.61920880515, 0.0364262333464, 283, 2019
Z, -100, 0.846838639360556, 29.4053388357, 30.1055295592, 1.18830814182, 0.131519367109, 0.49679662613, 286, 2019
N, -100, 0.21213028064548367, 11.537985706, 9.47822893237, 1.48745863518, 1.69487547909, 1.0667451144, 286, 2019
E, 100, 0.27884034829094045, 31.8211003083, 3.93843597446, 11.6857254748, -0.155522238662, 1.28337436225, 286, 2019
Z, 100, 0.9453676116725348, 42.2818041473, 52.9912052795, 0.735304490732, -0.185865296254, 0.11813943229, 289, 2019
N, -100, 0.8766424630017805, 20.4101574955, 42.3032178302, 0.442661440441, 0.208206707933, 0.195879584592, 289, 2019
E, 100, 0.12151136236029567, 17.3929127356, 11.1139850951, 1.43071858262, 1.4616932398, 2.76732335615, 289, 2019
Z, -100, 0.9839409010162623, 84.9728077056, 86.9583975314, 0.93970604391, 0.251037296992, 0.136408622109, 292, 2019
N, -100, 0.9255914622002933, 44.381924584, 69.7168276317, 0.602008385994, 0.142401488574, 0.0241790042297, 292, 2019
E, 100, -0.28428308817549186, 34.2273895702, 18.7013267847, 1.98139332822, -1.36032306589, 3.24367936396, 292, 2019
Z, -100, 0.9968953353230292, 103.7191509, 87.9032276446, 1.19581957567, 0.0824738251675, 0.0485822067313, 295, 2019
N, -100, 0.8834736065968767, 13.885856152, 72.7539909669, 0.188973313174, 0.276664924184, 0.0550542049284, 295, 2019
E, 100, -0.16223536863633628, 47.8936706268, 20.8331564927, 2.41815906214, -1.46084934467, 3.20443621116, 295, 2019
Z, 100, 0.987881997324695, 75.459009122, 50.6024489404, 1.58810454187, 0.0481135811547, 0.121614442193, 298, 2019
N, 100, -0.3171944748247273, 34.1720751121, 42.7105478629, 0.772771072709, 2.67064800372, 0.84858913762, 298, 2019
E, -100, 0.43037759107885054, 61.7709862203, 11.1288246311, 6.25450664032, 1.20885904075, 0.276622873315, 298, 2019
Z, 100, 0.951349106178063, 54.2566316222, 48.5817840916, 1.10690189191, 0.115076779167, 0.314497714948, 301, 2019
N, 100, 0.6824066160421012, 35.7396476334, 41.5849217058, 0.719564515961, -1.12431018402, 0.707817822657, 301, 2019
E, -100, -0.5225306083753339, 55.8814339066, 10.5900312984, 4.42865076853, 0.474375705606, 2.70183145289, 301, 2019
Z, 100, -0.6772286424800873, 20367.89077, 95.3654530055, 184.961686843, -0.345473325406, 2.70789177507, 304, 2019
N, -100, 0.4965663188965203, 68739.5997698, 80.6139517178, 688.461330061, -1.93707915321, 2.6380389624, 304, 2019
E, 100, 0.80559038772527, 37376.9946717, 21.7557380057, 1469.3898822, -2.79503770594, 2.64194848716, 304, 2019
Z, 100, -0.39274807747637724, 23557.7213007, 93.0774092028, 208.561720187, 1.81913810247, 0.37145859176, 307, 2019
N, -100, 0.6784628749491202, 92568.895624, 78.2785532118, 861.7699498, 0.426067251396, 0.390261713642, 307, 2019
E, 0, 0.8085713205168733, 50458.1232333, 21.6143689671, 1785.2236294, -0.386776231308, 0.429751368695, 307, 2019
Z, -27, 0.9757300686048945, 62.3442055568, 57.4121147246, 1.0713144752, 0.111311850114, 0.0983700106493, 310, 2019
N, -100, 0.1942112516133304, 13.4989715142, 51.370968351, 0.30399758247, 1.50475143245, 0.28553625805, 310, 2019
E, -100, 0.1428294766635701, 35.2819662817, 13.9405303254, 2.6672251435, 1.41749238017, 0.00354367396935, 310, 2019
Z, 100, 0.9704277718434791, 41.0645319924, 23.9669270976, 1.7043732197, 0.233832969774, 0.439584096429, 313, 2019
N, -100, 0.9194811599705732, 14.7860656942, 15.6641154784, 0.882873929172, 0.569262205001, 0.263255837768, 313, 2019
E, 100, 0.7200600353865382, 13.8319284384, 5.80612373409, 2.42964256928, -0.315507486071, 0.453648318871, 313, 2019
Z, 100, 0.995721220025933, 73.1803705989, 64.1360801829, 1.16832274277, -0.102358734907, 0.0839992491279, 316, 2019
N, -100, 0.974547420390394, 22.9226708804, 50.6317454747, 0.441977383985, 0.166698309296, 0.0295789956709, 316, 2019
E, 100, -0.8045480130761826, 14.2227527846, 14.3387396293, 1.09709249026, -0.432675417827, 3.16701969168, 316, 2019
Z, 0, 0.9995717152189509, 126.789451143, 103.16315092, 1.23649920444, 0.0109938297458, 0.00909964730965, 319, 2019
N, -100, 0.8974844473638024, 22.5568191442, 83.7530835385, 0.260281562153, 0.377457195132, 0.0580514177173, 319, 2019
E, 100, -0.22861143789863317, 24.0105654481, 23.2522598742, 1.14862892448, -1.45005549067, 3.26014526155, 319, 2019
Z, 0, 0.9998428930778283, 131.501190803, 107.636327035, 1.21172181006, -0.0169882347871, 0.0143472913818, 322, 2019
N, -100, 0.44153665025409006, 21.2178425939, 87.425929104, 0.263548928916, 1.05804307466, 0.00848568689667, 322, 2019
E, 100, -0.48039007724645877, 39.7466302851, 24.4564467913, 1.71483999613, -0.962519275767, 3.03071685401, 322, 2019
Z, 26, 0.9986129925205536, 83.0016492316, 64.3289351451, 1.29677787666, 0.0334713901198, 0.0581422804776, 325, 2019
N, -100, 0.15206730767022303, 16.9594848796, 56.7157097499, 0.259777213398, 1.23459884657, 0.265247259904, 325, 2019
E, 100, -0.41267314280694045, 67.2596487272, 15.8529365907, 4.67261472619, -1.1074310727, 3.05667567532, 325, 2019
Z, 100, 0.9539608600411218, 40.1049311622, 48.4745550075, 0.803653701, 2.72233662816, 2.99614243914, 328, 2019
N, 100, 0.9345544833439023, 30.7208195642, 39.1811406278, 0.895322609798, 2.78912890928, 2.83129880597, 328, 2019
E, -100, 0.6685697535790559, 26.4505812967, 10.0595665379, 2.06271872332, 1.99216577734, 1.58524237728, 328, 2019
Z, 100, 0.9977398511524354, 107.011412886, 106.085750948, 1.000497821, -0.00510703643424, 0.0548936931382, 331, 2019
N, 100, 0.9070094068449006, 24.0162560361, 87.5081116855, 0.225070300997, -0.0238810161949, 0.223873977041, 331, 2019
E, 100, -0.08769857950398206, 34.1189101959, 25.7300236, 1.32587371978, -1.42253613339, 3.0413280104, 331, 2019
