Chan, Phase Shift, Correlation, ptp-data, ptp-synthetic, rat, phasem, phasestd, DOY, Year
Z, 100, 0.9881002957808501, 89.8624865064, 95.9104156068, 0.92454619513, -0.168188911634, 0.0148851134315, 1, 2019
N, -100, 0.9313988398422457, 23.0347798224, 13.8408026382, 1.64913640612, 0.436829399519, 0.215036410111, 1, 2019
E, 100, 0.8466186056734392, 38.1523311995, 34.0246555847, 1.15475439431, -0.55751741936, 0.0187078029234, 1, 2019
Z, 100, 0.9978477611374033, 139.507288211, 155.733125506, 0.890710680143, -0.0204325461899, 0.0461648050456, 4, 2019
N, 100, 0.9926454228585261, 32.8486967736, 20.81100864, 1.59367547549, -0.127741282794, 0.125785623854, 4, 2019
E, 100, 0.7838560805008018, 75.7940225079, 59.8127400531, 1.21585510472, 2.55406007376, 3.01708687462, 4, 2019
Z, 100, 0.9991622549409791, 154.419367921, 168.458950113, 0.918808222856, -0.032753901006, 0.00174073457155, 7, 2019
N, -100, 0.98497705899133, 33.9075010632, 20.9926774011, 1.67834325858, 0.0625827436736, 0.0785864348063, 7, 2019
E, 100, 0.8170245233562043, 85.9455219392, 67.7450805019, 1.28444924209, 2.55256706107, 3.08817165401, 7, 2019
Z, -53, 0.9996224617517182, 135.8176392, 140.301299434, 0.969404945767, 0.00612060399054, 0.00722585164211, 10, 2019
N, -100, 0.9763769685706762, 29.1421410636, 15.9145872369, 1.92588275981, -0.0532840558387, 0.168381544818, 10, 2019
E, 100, 0.7986553324226576, 68.8438965193, 55.0811233389, 1.2637502904, -0.665740648605, 0.0198031151276, 10, 2019
Z, 100, 0.9962989657615886, 69.2777844791, 79.6064297825, 0.842681574284, -0.131491308079, 0.0626442934783, 13, 2019
N, 100, 0.9606647545651469, 13.4051195706, 8.97241346857, 1.39652163105, 2.76871709179, 2.96709106984, 13, 2019
E, 100, 0.8309182870031009, 35.644694742, 31.3361025475, 1.12630280714, -0.682605806964, 0.107471029457, 13, 2019
Z, -100, 0.9996673672572716, 80.183370323, 91.5695484345, 0.881785650236, 0.0177554484465, 0.00401761396583, 16, 2019
N, -100, 0.9807571732722445, 16.6206849202, 11.4086326881, 1.42429117453, 0.268242076823, 0.135644734452, 16, 2019
E, 100, 0.8593014653063084, 44.6180950271, 33.0462738381, 1.40511563727, -0.616830674374, 0.0883844065962, 16, 2019
Z, 100, 0.9980202318163166, 164.601799793, 176.114070478, 0.94112907653, -0.0641919517862, 0.0012449394924, 19, 2019
N, -100, 0.9876445317373632, 35.253666095, 22.4282466697, 1.60503132054, 0.140816188136, 0.0152521818735, 19, 2019
E, 100, 0.7945065443527342, 87.3735989518, 66.2647865883, 1.31445469014, 2.4957410345, 3.10920373661, 19, 2019
Z, 100, 0.9959954017284398, 172.261037917, 196.949064937, 0.871420190639, -0.109561551412, 0.0388818914347, 22, 2019
N, 0, 0.9877149942712473, 37.7138300861, 22.8430082615, 1.69708541844, -0.0788477835813, 0.115686991027, 22, 2019
E, 100, 0.789055863028746, 91.4772065737, 80.0117611079, 1.1429774365, 2.48800427703, 3.10761793936, 22, 2019
Z, 100, 0.9965858720359879, 121.683720012, 133.190531004, 0.951979314079, -0.0101626691377, 0.0621348828333, 25, 2019
N, -100, 0.9223084858441387, 15.8138324356, 9.30198935565, 1.88841722727, -0.15136950569, 0.165078956124, 25, 2019
E, 100, 0.769910189151897, 58.0256196584, 51.9849654497, 1.16702230774, -0.694210085909, 0.0102702180679, 25, 2019
Z, 100, 0.969728279938724, 55.4929608923, 64.2404339452, 0.848526195042, 0.175217708752, 0.204737407989, 28, 2019
N, 100, 0.8726206882380823, 13.7957818902, 9.90579890465, 1.16722628786, 0.475205685054, 0.59040154292, 28, 2019
E, 100, 0.8804095016805358, 29.4790578647, 23.0397835521, 1.29095652417, -0.572724527128, 0.177440796464, 28, 2019
Z, 0, 0.9963014568281938, 101.413927304, 127.488690695, 0.784356243606, -0.00907515604094, 0.00334176728494, 31, 2019
N, -51, 0.992635719947677, 23.2564858585, 17.6841150482, 1.30490736634, -0.1116124343, 0.147136604857, 31, 2019
E, 100, 0.819401626215488, 60.3144815324, 46.8969944164, 1.2636660257, -0.60905681275, 0.0191530134226, 31, 2019
Z, 0, 0.9996137447618194, 135.35942203, 149.782236206, 0.90671547676, 0.0103264257664, 0.0223238663449, 34, 2019
N, -100, 0.9946285943814726, 29.9441464927, 19.6161842646, 1.55589002349, 0.129220907599, 0.0552502217717, 34, 2019
E, 100, 0.8252050492305342, 74.6750801138, 59.5016654333, 1.24666323232, 2.57210704127, 3.0719630767, 34, 2019
Z, 100, 0.9991126582225199, 118.424817449, 132.135339606, 0.885926872468, -0.0426785845401, 0.01845603863, 37, 2019
N, 100, 0.9140599408075399, 24.0385848188, 15.7141667754, 1.53708561532, -0.441358423999, 0.283578668067, 37, 2019
E, 100, 0.7959743526652989, 63.057389752, 54.6675369572, 1.15265521595, 2.48108222005, 3.13754067231, 37, 2019
Z, 100, 0.9907405684165735, 85.4599848044, 86.4726779566, 1.0547470679, -3.13985331346, 3.05604917745, 40, 2019
N, -100, 0.967979575843889, 15.0934730119, 7.71435567341, 1.9934060908, 0.181348559578, 0.183237867348, 40, 2019
E, 100, 0.737708585417964, 33.1505696359, 33.827185659, 1.01248957791, -0.771520351413, 0.0181882468921, 40, 2019
Z, -100, 0.9721034181658257, 49.9730519688, 53.0766844285, 0.935847890429, 0.234848958343, 0.111430457002, 43, 2019
N, 100, 0.777217246532343, 15.8570971515, 6.7076470601, 1.82314720795, -0.0149938433329, 0.554250026069, 43, 2019
E, 100, 0.7219821444569001, 34.6521224226, 20.312343851, 1.76653513425, -0.889214108183, 0.395181646369, 43, 2019
Z, 100, 0.9986245133132722, 119.704811163, 133.800620053, 0.911467769905, -0.0506549334193, 0.0432384087822, 46, 2019
N, 100, 0.9484845189827459, 27.6621155098, 17.213202055, 1.54745844552, -0.335042841074, 0.176989745756, 46, 2019
E, 100, 0.6817574642909867, 68.9795408312, 48.6426830392, 1.35098572414, -0.806806039041, 0.0358940074663, 46, 2019
Z, 0, 0.9997579580293029, 154.752700901, 171.318509772, 0.902681328113, -0.0116764328135, 0.00022982017467, 49, 2019
N, -100, 0.9813988242587411, 33.8542733254, 21.4112862903, 1.59506013235, 0.187702347561, 0.0405754436592, 49, 2019
E, 100, 0.764366067227268, 87.4665714938, 67.4051605719, 1.28928692094, 2.44610798658, 3.11180754288, 49, 2019
Z, 64, 0.9980197163230463, 111.857156532, 128.181374545, 0.893448455966, 0.0249434402254, 0.0590514587476, 52, 2019
N, 100, 0.9815485267755372, 21.9290382808, 10.1825247132, 2.25850088047, -0.134286751279, 0.100463033328, 52, 2019
E, 100, 0.7994978813664138, 63.3838697125, 55.391085311, 1.21614173612, 2.52667849172, 3.0770844794, 52, 2019
Z, -100, 0.8882189956237828, 37.9250810759, 43.8996913365, 0.887292815638, -2.84332785262, 2.71777728894, 55, 2019
N, -100, 0.8305447105431886, 13.932796085, 9.0602693273, 1.49499168631, 0.694193063078, 0.376560687171, 55, 2019
E, 100, 0.9281781106067812, 23.3574494289, 19.4538329557, 1.43306491354, -0.260808000793, 0.293796327299, 55, 2019
Z, -100, 0.9960121098793216, 88.0022851914, 98.7736206886, 0.92332032784, -3.09706923727, 3.1082609999, 58, 2019
N, -100, 0.9861119264226544, 21.9928521926, 14.881401249, 1.56292330793, 0.0594527954711, 0.00210615802229, 58, 2019
E, 100, 0.8992429991929429, 48.1939310591, 36.4194521686, 1.33565268016, -0.490130251487, 0.0530811380786, 58, 2019
Z, 100, 0.998070652978216, 106.728650412, 122.149403199, 0.875813168335, -0.0529492486226, 0.00983195844374, 61, 2019
N, 100, 0.9780239637642212, 22.0591325537, 16.4727725676, 1.32590863021, -0.259441355338, 0.110120669731, 61, 2019
E, 100, 0.8170870524781763, 56.3341288985, 45.8123468058, 1.21945558393, -0.599541055563, 0.0412211507911, 61, 2019
Z, 100, 0.9985457651579903, 100.261992996, 106.432150483, 0.947207062338, -0.047034405067, 0.0119500155745, 64, 2019
N, -100, 0.9969806129792597, 22.1324332832, 13.4323834322, 1.69089504785, 0.0590217274017, 0.0142057496541, 64, 2019
E, 100, 0.7860504185007477, 53.5929700895, 45.3239565614, 1.18157179083, 2.4867801414, 3.0896555049, 64, 2019
Z, 100, 0.9931829778356753, 63.5690071396, 69.100618892, 0.935337272093, -0.0809613442055, 0.0542744610331, 67, 2019
N, 100, 0.7478670982309552, 12.4341178173, 5.59184887715, 2.40117253578, -0.489374156009, 0.431025652845, 67, 2019
E, 100, 0.7067937348264651, 27.422254079, 30.3685546851, 0.875264362409, 2.31169479149, 3.22277186266, 67, 2019
Z, -100, 0.8108900216779236, 37.0492911481, 40.7828103017, 1.01870271457, 0.646322858427, 0.2954888324, 70, 2019
N, 100, 0.4425011445464238, 4.832600701, 7.98515592779, 0.556209461895, 1.08159709636, 1.44221387683, 70, 2019
E, 100, 0.9163951135907109, 26.6100029332, 15.3924782983, 1.7945999694, -0.32185326649, 0.174127003648, 70, 2019
Z, 100, 0.9984414048504293, 92.1739548085, 104.466177058, 0.888490728884, -0.0205309375758, 0.00971785663381, 73, 2019
N, -100, 0.9575203418664725, 21.4107211818, 14.4198357356, 1.40585176169, 0.335642201815, 0.159118674058, 73, 2019
E, 100, 0.8611559470340907, 54.7433092988, 40.1262774206, 1.38332789736, -0.580869279426, 0.10114770211, 73, 2019
Z, 100, 0.9967699080854191, 114.718949225, 140.008216616, 0.805041192176, -0.0539148612115, 0.00228914938148, 76, 2019
N, -100, 0.9928077488530506, 27.8235741592, 17.8660625406, 1.57206001917, 0.0463259460472, 0.0382518408566, 76, 2019
E, 100, 0.918046952402998, 53.3401981379, 51.4634498475, 0.988601644065, -0.429202477559, 0.0454556572824, 76, 2019
Z, 0, 0.9996674295454614, 85.5255088162, 103.265136851, 0.825473879087, -0.0183796460806, 0.0114969761568, 79, 2019
N, 100, 0.9973231494641186, 16.1282358158, 10.3272647283, 1.58918520328, -0.0485873321244, 0.0395560101076, 79, 2019
E, 100, 0.9183877255731452, 40.3054899239, 47.0717810944, 0.834706945009, -0.401813136483, 0.00447394184717, 79, 2019
Z, -100, 0.9882084394409619, 41.5113533042, 41.6621499999, 1.01530525434, 0.213857947377, 0.161950993885, 82, 2019
N, -100, 0.7796174678763985, 9.31033787518, 10.568998404, 0.889207090899, 0.75356442131, 0.623222656948, 82, 2019
E, 100, 0.47450180000318876, 44.4732005394, 18.2425275884, 3.30326601068, 2.95562189179, 2.12793836955, 82, 2019
Z, -100, 0.9972969374788737, 93.0919949556, 96.9800001336, 0.973590559512, 0.0034920337445, 0.0640714939549, 85, 2019
N, -100, 0.9650145454367023, 24.5656838758, 18.4787531524, 1.35909975445, 0.284177312221, 0.125000423682, 85, 2019
E, 100, 0.8481056934235728, 64.0132396448, 37.5497056846, 1.74836535079, -0.607060558151, 0.153738035318, 85, 2019
Z, -100, 0.9951720730717798, 92.0952534434, 111.841270838, 0.830185179808, 0.105569634481, 0.0185159860005, 88, 2019
N, -100, 0.984198619875565, 18.6592361377, 16.1675605491, 1.23080451148, 0.197099928849, 0.0943281542878, 88, 2019
E, 100, 0.9233921653644241, 57.9218756347, 41.1848280464, 1.41453552869, -0.425700084649, 0.0860809025628, 88, 2019
Z, 100, 0.9883308264261276, 67.6467231756, 88.269461726, 0.746260525367, -0.180002393487, 0.0696923775404, 91, 2019
N, 100, 0.9771313479898233, 25.7854084019, 11.5123880433, 2.19991786775, -0.15274928645, 0.0250177620563, 91, 2019
E, 100, 0.812503504095872, 38.1006685361, 34.4561190804, 0.988005998894, -0.690649096113, 0.158981544456, 91, 2019
Z, 100, 0.9760510588072232, 29.3194042654, 43.1346528338, 0.651200474831, -0.148510807862, 0.0130923114863, 94, 2019
N, 100, 0.4964117573601441, 7.00010485308, 3.73077655748, 2.22383736605, -1.01932722181, 0.0391953360736, 94, 2019
E, -100, 0.6925698773439992, 17.9613316515, 24.9356463725, 0.581059029138, 0.291527853316, 0.82817642378, 94, 2019
Z, -100, 0.9918321595614856, 53.4049550433, 60.8057649458, 0.889279077289, 0.112046892198, 0.0246116940564, 97, 2019
N, -100, 0.7722020280798901, 11.2013552008, 9.72624196376, 1.27989246145, 0.750680201717, 0.415560820031, 97, 2019
E, 100, 0.8298462727646585, 37.5067434585, 20.8076297282, 2.05619434575, 2.55847358405, 2.85678264946, 97, 2019
Z, -100, 0.9972135141622182, 95.4113712513, 114.538076471, 0.827664492021, 0.0886238198371, 0.0188573697314, 100, 2019
N, -100, 0.97974092783902, 19.0505905613, 18.1571784349, 1.0293757406, 0.222231999715, 0.139009081106, 100, 2019
E, 100, 0.8726903589751951, 57.9003802766, 44.3549701124, 1.30831914147, -0.524262794567, 0.0295326959492, 100, 2019
Z, -100, 0.994465481501346, 120.800786986, 134.44889841, 0.913579497241, 0.110565703418, 0.0612352152331, 103, 2019
N, -100, 0.9789978363884356, 24.3072699899, 18.9508613882, 1.33515938, 0.192098315905, 0.111592129816, 103, 2019
E, 100, 0.865036622509613, 66.7806481316, 50.3994713107, 1.32709310751, -0.546609799023, 0.039475142175, 103, 2019
Z, 100, 0.9741250876773503, 91.293023624, 95.9000804793, 0.940428303988, -0.23837067207, 0.00941266712142, 106, 2019
N, 100, 0.9446549832396844, 18.5671250928, 10.5965365105, 1.92811206273, -0.205248192494, 0.163707216183, 106, 2019
E, 100, 0.5806918476435854, 38.403190081, 36.2859757512, 1.00967750775, -0.97310747309, 0.0202046418664, 106, 2019
Z, -100, 0.967045075297748, 56.4213262508, 54.2434038584, 1.1013322758, 0.0857347019178, 0.206671998698, 109, 2019
N, -100, -0.16237018610562617, 10.2850381659, 9.11078282698, 0.851512544411, 1.62015015214, 2.39585529434, 109, 2019
E, 100, 0.4798545896951795, 17.1873196864, 19.8058570609, 1.11690455944, 1.8581007082, 2.4089636931, 109, 2019
Z, -100, 0.99852122767079, 109.700036165, 120.423828164, 0.910898612789, 0.00538765311702, 0.0351315943515, 112, 2019
N, 100, 0.027243758937600896, 17.1468311911, 21.9910287409, 0.570745768733, -2.00930491716, 0.651529060795, 112, 2019
E, 100, 0.7481301551196771, 41.9348103725, 44.843595921, 0.792581934841, -0.329750085386, 0.404422057262, 112, 2019
Z, -100, 0.9978985443923173, 106.887460076, 130.651193383, 0.819575610305, 0.0694388245363, 0.00204668569653, 115, 2019
N, 100, 0.9937938384584042, 23.2254480385, 22.0674904162, 1.06352199177, -0.034164891308, 0.00929538474677, 115, 2019
E, 100, 0.8840880503348453, 57.2941636123, 50.5948834914, 1.13790879361, -0.516905884061, 0.0730427437277, 115, 2019
Z, -100, 0.9829268075592374, 86.0329474496, 101.714425593, 0.825117308787, 0.182775666516, 0.00519247090202, 118, 2019
N, -100, 0.8411885559522551, 9.50485608475, 14.0885259154, 0.619407669308, 0.761690121011, 0.332153000753, 118, 2019
E, 100, 0.9623252178870415, 47.5005108803, 37.1654957258, 1.2289120617, -0.248696543568, 0.000374249914445, 118, 2019
Z, -100, 0.9693565354232245, 47.8693965801, 48.9945936171, 0.909962066397, 0.043132715377, 0.0812338049533, 121, 2019
N, 0, 0.7353779623982519, 5.57995019543, 5.04850497329, 1.18412783638, 3.03019914855, 3.03290437709, 121, 2019
E, -50, 0.9336689071414954, 25.8455014216, 20.4606597008, 1.0801700063, -0.263483431516, 0.463634909032, 121, 2019
Z, -100, 0.9994408373435626, 66.8344414316, 75.6485624469, 0.891397019276, 0.0275207419125, 0.0137809913801, 124, 2019
N, -100, 0.8840674175191525, 20.0858085781, 9.3011553177, 2.08470573078, 0.488835110549, 0.136667442464, 124, 2019
E, 100, 0.8762105806461049, 47.2946654887, 25.550734664, 2.05522558208, 2.47606474205, 2.83625922964, 124, 2019
Z, -100, 0.9991468434457826, 121.812070774, 139.422571849, 0.873924193684, 0.0453909007508, 0.00293000954443, 127, 2019
N, -100, 0.9920094625732376, 24.0477325053, 20.3303780123, 1.14267321929, 0.150599677547, 0.107060442248, 127, 2019
E, 100, 0.8865913482765206, 72.8482185372, 51.8967911664, 1.43663042606, -0.507825695448, 0.0311656378144, 127, 2019
Z, -100, 0.9987210233724227, 137.591524931, 155.183492248, 0.889447765561, 0.0609361249517, 0.00860130182659, 130, 2019
N, -100, 0.9891223620735144, 29.5002772558, 24.7619269606, 1.22579448688, 0.171789962562, 0.0940238185855, 130, 2019
E, 100, 0.8729773353281836, 80.1756776519, 60.5491725811, 1.31661939444, -0.526568386825, 0.0271679580013, 130, 2019
Z, -100, 0.9991033556781727, 96.6909326917, 113.870184177, 0.852670388977, 0.0482009878079, 0.00103466777114, 133, 2019
N, -100, 0.9834199823095311, 19.7753494512, 14.7565021832, 1.38277410879, 0.172339989991, 0.00937020988886, 133, 2019
E, 100, 0.847305239106687, 47.4050940505, 40.9922786081, 1.13061569984, -0.596208796376, 0.0853009064053, 133, 2019
Z, -100, 0.9827526185479957, 49.9528548467, 54.7166762565, 0.919603551825, 0.122321804614, 0.0471955416537, 136, 2019
N, -100, 0.9165033016164317, 11.8551974614, 8.93095116245, 1.34221199199, 0.421089547852, 0.00571488583441, 136, 2019
E, 100, 0.9145351156849358, 32.9674924398, 18.3086514973, 1.71709461855, -0.736827937964, 0.672706428406, 136, 2019
Z, -100, 0.9967319196252592, 124.660144903, 136.133784478, 0.923769707738, 0.0767622857414, 0.0127789630348, 139, 2019
N, -100, 0.9546956386661539, 27.063194455, 20.6030702155, 1.28823537741, 0.347315351104, 0.0987467105981, 139, 2019
E, 100, 0.901639093577657, 76.1838345858, 48.1471650892, 1.68610909154, -0.516434526444, 0.10691562492, 139, 2019
Z, -100, 0.9969581003575828, 143.700350931, 156.976940881, 0.918789419802, 0.0829090542879, 0.00137088123034, 142, 2019
N, -100, 0.9666336894826515, 31.0693896667, 26.513744651, 1.20602355645, 0.322829101079, 0.125824559736, 142, 2019
E, 100, 0.8953048035358777, 84.7663346449, 60.1737883037, 1.40697870223, -0.477765847636, 0.0177531753636, 142, 2019
Z, -100, 0.9982047304715068, 113.810263188, 127.794124175, 0.892003481797, 0.0557117992759, 0.0127973132041, 145, 2019
N, -100, 0.9959800471599554, 24.0310497294, 20.7013186796, 1.19814484188, 0.109736312641, 0.067012576963, 145, 2019
E, 100, 0.9006851508820725, 62.2338934357, 49.3271870026, 1.24578695024, -0.457798135569, 0.0149799847118, 145, 2019
Z, -100, 0.9873139565729899, 60.9913368509, 76.3470714079, 0.769027236889, 0.0967374619967, 0.0675215281529, 148, 2019
N, 100, 0.9771696583485437, 13.6740122747, 9.80616665157, 1.31127210517, -0.258934677142, 0.183831730451, 148, 2019
E, 100, 0.9087062982069797, 27.0100941194, 27.6412004899, 0.917068388557, -0.374785050139, 0.110583335615, 148, 2019
Z, -100, 0.9965065101669215, 69.0382346458, 72.4073536028, 0.975751001237, 0.0178286495074, 0.0642826342315, 151, 2019
N, -100, 0.9831342888789175, 12.327437874, 8.79592578991, 1.35403807155, 0.099455850882, 0.00447150502906, 151, 2019
E, 100, 0.8632201448444444, 42.1828167224, 24.9697708316, 1.82536323436, 2.33302718812, 2.85076473845, 151, 2019
Z, -100, 0.9989894576323182, 136.862073126, 150.819570707, 0.912705482796, 0.0240676791538, 0.0230157698039, 154, 2019
N, -100, 0.9830800285037354, 27.1327624562, 20.0044495319, 1.33510804221, 0.199852602734, 0.0211796408881, 154, 2019
E, 100, 0.8786609118344818, 83.1274190823, 54.0255652383, 1.59933683122, -0.552775612017, 0.0652395282685, 154, 2019
Z, -100, 0.9985705954753449, 160.027269457, 181.416893233, 0.891984675146, 0.0488262126839, 0.00775576951231, 157, 2019
N, -100, 0.9656553005087489, 30.7934321698, 27.9022693717, 1.10263872735, 0.303446196523, 0.0680953392859, 157, 2019
E, 100, 0.9054251001030466, 93.3919704398, 69.3191679145, 1.3680320237, -0.4670383926, 0.034293605869, 157, 2019
Z, -100, 0.9998892293524309, 122.216087686, 138.315699629, 0.888327634327, 0.0202392766306, 0.0103707723265, 160, 2019
N, -100, 0.8914637595514407, 24.7230808173, 22.770846897, 1.04437103633, 0.414228369987, 0.0966818718907, 160, 2019
E, 100, 0.8685379049923686, 63.0658779638, 53.7659044462, 1.13956884923, -0.549354334557, 0.0663670091231, 160, 2019
Z, -100, 0.9974641549885072, 57.2818987762, 63.8737371233, 0.869589145445, -0.151972920843, 0.198602602713, 163, 2019
N, -100, 0.6228135797353005, 9.80662633595, 7.13830646909, 1.73187754073, -0.479755436361, 1.10064140864, 163, 2019
E, 100, 0.9259022382330853, 27.1722128599, 23.1092572511, 1.10449893348, 0.640028271763, 0.902482218359, 163, 2019
Z, -100, 0.9967650055600314, 120.121442754, 129.630541393, 0.919886783071, 0.0979751798477, 0.0207748844696, 166, 2019
N, -100, 0.9872768445981482, 27.4899468629, 18.8744380123, 1.44914246412, 0.181101336571, 0.0787362888634, 166, 2019
E, 100, 0.8789509669155678, 72.7443540681, 45.8080099139, 1.63148646899, 2.62167841347, 3.1220488873, 166, 2019
Z, -100, 0.9990376434518999, 152.360890252, 169.444236181, 0.902174792034, 0.0427033066481, 0.00757235735193, 169, 2019
N, 100, 0.9720445916165481, 34.3620789324, 25.3441217045, 1.35015580698, -0.167345844472, 0.0618407643546, 169, 2019
E, 100, 0.8373810983380396, 83.5155286672, 62.1544970471, 1.37817933945, -0.634377352261, 0.0699737974559, 169, 2019
Z, -100, 0.9997941799304342, 133.426387462, 149.220809555, 0.89377307325, 0.0163242304484, 0.0105353537232, 172, 2019
N, 100, 0.9948393723814865, 36.0632603513, 25.3652753039, 1.39900644365, -0.0910252339164, 0.0546162184431, 172, 2019
E, 100, 0.8682558308603329, 65.2831109637, 58.1605640775, 1.12911213955, -0.531719512793, 0.0288586751467, 172, 2019
Z, -100, 0.996099457167208, 83.7325493956, 98.0325148987, 0.84451472786, 0.0759569418059, 0.024009015413, 175, 2019
N, -100, 0.9483018490319446, 19.3224007039, 16.5938966028, 1.21533458636, 0.399539212679, 0.115985292054, 175, 2019
E, 100, 0.9178508546654272, 46.0186088494, 38.3285126722, 1.17701600989, -0.408718884555, 0.0182485499477, 175, 2019
Z, -100, 0.9795129155986225, 53.9351458663, 57.1262887101, 0.936133152757, 0.38975247913, 0.187243283836, 178, 2019
N, -100, 0.8069006845596681, 8.50314637165, 6.70824517431, 1.29228089679, -2.43865205679, 3.08133875891, 178, 2019
E, 100, 0.9636295303433356, 39.7429909444, 21.2499616897, 1.76020913211, 0.200230549306, 0.405321861646, 178, 2019
Z, -100, 0.9962118860722815, 127.737584936, 136.031509873, 0.947656619564, 0.0807944763772, 0.0102222776826, 181, 2019
N, -100, 0.9459426629159748, 24.2062816903, 17.5990762481, 1.37993427254, 0.295372542385, 0.0507565114054, 181, 2019
E, 100, 0.9157509628189805, 78.7577036253, 48.6467324577, 1.65658114192, 2.6752584718, 3.08317302502, 181, 2019
Z, -100, 0.9998461332329681, 171.482418291, 191.605058309, 0.898453919758, 0.00636844971146, 0.0132542376244, 184, 2019
N, -100, 0.9645787211917173, 31.9943314252, 26.3235660574, 1.22277011655, 0.305661894128, 0.0732727368764, 184, 2019
E, 100, 0.8922811536588031, 103.612295514, 70.2963163452, 1.49762758219, -0.500397643896, 0.0359996253796, 184, 2019
Z, -100, 0.9992426354722742, 143.686427994, 162.094117194, 0.884983159978, 0.036953493586, 0.0101911880217, 187, 2019
N, -100, 0.9901477361306503, 29.2745691978, 27.9216966083, 1.08549780309, 0.166141815061, 0.0698678208898, 187, 2019
E, 100, 0.8842938041436277, 78.2683961614, 62.9858245971, 1.21811403505, -0.506336650272, 0.0338027933418, 187, 2019
Z, -100, 0.9914988769946173, 63.3921088935, 73.9531928639, 0.84504685278, 0.0922273559058, 0.0501754141402, 190, 2019
N, -100, 0.9258330921691473, 11.4221629003, 13.1378940926, 0.819924003616, 0.0531902066093, 0.27140188934, 190, 2019
E, 100, 0.9229953649171936, 32.7126754068, 29.4738535136, 1.07176813099, -0.21643645295, 0.0206186219504, 190, 2019
Z, -100, 0.9972585105528176, 102.367094723, 107.107743221, 0.963568585058, 0.0636026768171, 0.0165397836584, 193, 2019
N, -100, 0.9384327574098628, 23.0438072006, 15.5276405704, 1.50742367898, 0.332601819981, 0.0343473550031, 193, 2019
E, 100, 0.8897440719668781, 66.2089912384, 39.3057548851, 1.68875692765, 2.66821170941, 3.15216794208, 193, 2019
Z, -100, 0.9991948996877271, 151.164248177, 160.163611922, 0.945277243526, 0.0410719536423, 0.00266509522571, 196, 2019
N, -100, 0.9739910047288173, 32.8963393448, 22.6224586795, 1.43944342282, 0.24150900237, 0.0163599602731, 196, 2019
E, 100, 0.8726465167194829, 91.020812119, 58.3974341646, 1.57962017239, -0.537895150991, 0.021032241928, 196, 2019
Z, -100, 0.9993100580979318, 143.209659116, 154.40372178, 0.923733158063, 0.0276465767117, 0.0156758686245, 199, 2019
N, -100, 0.9723272541456084, 29.9460288364, 24.2926912275, 1.21725170769, 0.260354704342, 0.0395900468606, 199, 2019
E, 100, 0.8900998033851194, 81.8725939576, 58.9507418968, 1.394499024, -0.503206481504, 0.0339602788352, 199, 2019
Z, -100, 0.9957220483636094, 97.1160640087, 108.286351889, 0.90034025632, 0.0881550265626, 0.00924941754637, 202, 2019
N, -100, 0.9709875594560372, 17.2285908759, 21.0625682973, 0.81499874769, 0.239884268315, 0.0113987545966, 202, 2019
E, 100, 0.9596452490171617, 52.7285213754, 42.9631463018, 1.14692300164, -0.326341033024, 0.110658022761, 202, 2019
Z, -100, 0.9899478236368361, 41.3470612609, 49.9826638579, 0.816692175768, 0.0612224495738, 0.0823696744533, 205, 2019
N, -100, 0.6836929737433338, 5.28208951283, 10.5525397501, 0.556784405663, -0.163244047232, 1.00451063474, 205, 2019
E, -100, 0.977207092372338, 28.1201839617, 21.3129799914, 1.45922444207, 0.320638559971, 0.302217777348, 205, 2019
Z, -100, 0.9980470635836656, 99.5036714184, 102.279781701, 0.975426484943, 0.0575536310111, 0.0122096785379, 208, 2019
N, -100, 0.9045705961960396, 21.1253286277, 12.7841671227, 1.69315081839, 0.366373528044, 0.0962762087363, 208, 2019
E, 100, 0.8848831006332584, 65.4002552026, 37.9335629612, 1.72997097852, 2.64485112965, 3.13241348968, 208, 2019
Z, -100, 0.9994164695879285, 161.781748643, 173.506988231, 0.933208893726, 0.0330005792385, 0.00723022534089, 211, 2019
N, -100, 0.9698017473414511, 31.1682318888, 23.0151124876, 1.3699858267, 0.246038661465, 0.00848944527016, 211, 2019
E, 100, 0.879839434714633, 95.3528760213, 64.0528509367, 1.51522917899, 2.63154027987, 3.13798213261, 211, 2019
Z, -100, 0.9992710207542185, 158.157329234, 171.251824696, 0.917365555531, 0.0186984464366, 0.0218275167048, 214, 2019
N, -100, 0.9746199601442901, 33.2559488871, 25.540972158, 1.297809986, 0.243542424762, 0.03019929549, 214, 2019
E, 100, 0.8774690941466244, 93.2983694676, 65.0661048282, 1.44000634214, -0.545602053133, 0.0561869867998, 214, 2019
Z, -100, 0.9919080178770772, 69.7699470337, 79.7016894511, 0.862860614925, 0.0881948656832, 0.0538772828063, 217, 2019
N, -100, 0.9665579921247122, 17.2903132609, 20.822801639, 0.805115364423, 0.0580856591601, 0.0871450882676, 217, 2019
E, 100, 0.9078893355186636, 39.1344388277, 32.105068057, 1.15675806377, -0.468514804622, 0.11720361146, 217, 2019
Z, -100, 0.9986537766602889, 79.0459353899, 77.7372704678, 1.02241696121, 0.0135232095707, 0.0391929663843, 220, 2019
N, -100, 0.8465103985833251, 20.1671640695, 11.129013327, 1.99242173491, -2.75277741813, 3.38193130518, 220, 2019
E, 100, 0.8735724266386995, 49.1231410527, 29.795011521, 1.58551233275, -0.429187247677, 0.085457187333, 220, 2019
Z, -100, 0.9995631045908858, 130.613466582, 136.334547272, 0.957305379235, 0.037347806957, 0.00819726670925, 223, 2019
N, -100, 0.9708318400136325, 29.2070247522, 19.0660678644, 1.52437411097, 0.228517584151, 0.0277556722505, 223, 2019
E, 100, 0.8496310740852331, 78.5612001868, 51.2633559372, 1.53488445016, 2.5963895165, 3.17228074849, 223, 2019
Z, -82, 0.9994889309612318, 133.809389084, 142.583852123, 0.936469224408, -0.00277341918338, 0.0240508030645, 226, 2019
N, -100, 0.9763926727803298, 28.9789559261, 20.5110917763, 1.38488651558, 0.232333022437, 0.0203888940936, 226, 2019
E, 100, 0.827030581529321, 77.6733512788, 53.2109432434, 1.46250296877, -0.634185095164, 0.0370596659755, 226, 2019
Z, -100, 0.9981721149655062, 95.6977819139, 104.011654804, 0.921867496898, 0.0502012915037, 0.0172302583014, 229, 2019
N, -100, 0.9611209153717257, 19.5959803696, 19.7654786093, 1.04027056568, 0.326221939875, 0.0926815527542, 229, 2019
E, 100, 0.9030647666735848, 53.0282919726, 39.8705586306, 1.32825996132, -0.485302006674, 0.0500184319276, 229, 2019
Z, -100, 0.9894046536228659, 40.4445504989, 39.6988090676, 1.02729829428, 0.150554394022, 0.0133581781911, 232, 2019
N, -100, 0.9407431636658, 11.6650025116, 14.9156512856, 0.704915545585, 0.0154060346064, 0.126207338871, 232, 2019
E, 100, 0.9392113800703069, 22.7326548016, 16.6400313318, 1.31475273914, -0.175667221322, 0.0415395144999, 232, 2019
Z, 100, 0.9976060608579811, 68.2909471074, 69.0209962671, 0.969287592848, -0.0432487347642, 0.0223042006326, 235, 2019
N, -100, 0.8899919689692944, 18.6837969321, 8.12421067265, 2.57314395041, 0.0992582802767, 0.372655962144, 235, 2019
E, 100, 0.7152272605530422, 45.2406680894, 26.7309065382, 1.65684277793, -0.824659906342, 0.0643341954667, 235, 2019
Z, 0, 0.999538089480904, 129.816561979, 139.212813093, 0.92622990176, 0.00824401635907, 3.31629099402e-05, 238, 2019
N, -100, 0.9875752233108408, 29.0742046179, 18.1456457093, 1.6076991478, 0.0911430407836, 0.0358228647199, 238, 2019
E, 100, 0.8269765339970867, 75.1457189498, 52.8865496178, 1.40237198947, 2.54173036141, 3.15101473602, 238, 2019
Z, -99, 0.9996458984916383, 145.571068471, 157.425212677, 0.919365232185, 0.0185099782883, 0.00129115539842, 241, 2019
N, -100, 0.9938643717540419, 29.7267982525, 21.099366562, 1.36657887546, 0.0963071202998, 0.0187490058616, 241, 2019
E, 100, 0.8273437966419246, 81.7226591738, 59.2170551203, 1.37660184249, -0.59317419533, 0.022067587118, 241, 2019
Z, -100, 0.9962976948953891, 77.4743717907, 82.0870535607, 0.936574650099, 0.0737737462955, 0.0225085246448, 244, 2019
N, -100, 0.9619230014317909, 16.6197979552, 19.0712613825, 0.927306170349, 0.275199451726, 0.00644093478291, 244, 2019
E, 100, 0.9244809283250246, 47.6891633509, 31.6896915712, 1.53112893901, -0.418275359252, 0.0396917156719, 244, 2019
Z, 100, 0.9914207711419577, 58.6621953896, 59.7448099011, 0.950300005677, -0.0883740838888, 0.0511514524307, 247, 2019
N, -100, 0.7338498359839468, 15.6080698895, 9.46938606002, 1.92628244071, 0.0128538422116, 0.633231321946, 247, 2019
E, 100, 0.7204729454633945, 38.484112473, 22.8311960113, 1.6592527694, -0.77166108834, 0.012540619938, 247, 2019
Z, 0, 0.998670808647483, 111.911452271, 116.466640872, 0.945301608166, 0.0137377430017, 0.0249889137399, 250, 2019
N, -100, 0.9475254521796934, 24.2011278107, 15.5755315405, 1.49692077227, 0.321570756275, 0.0171869904327, 250, 2019
E, 100, 0.8016159250069268, 67.2683476639, 45.3609369137, 1.4318531243, -0.621017699498, 0.029299384081, 250, 2019
Z, -100, 0.9988956988725639, 115.834979909, 121.117572035, 0.951829662506, 0.0389715943457, 0.00340519245915, 253, 2019
N, -100, 0.953079094508938, 24.6205274208, 16.9473929515, 1.4209718206, 0.297081097267, 0.0271561540887, 253, 2019
E, 100, 0.8547592037561471, 66.7670717689, 46.2270388705, 1.4471765528, 2.59226506377, 3.15146099601, 253, 2019
Z, -100, 0.9934523022893502, 88.780673185, 86.8879924607, 1.00661920741, 0.110353840177, 0.00427602599376, 256, 2019
N, -100, 0.9086945412208733, 17.8629158611, 14.4209424323, 1.19341442507, 0.44098595037, 0.00933725068815, 256, 2019
E, 100, 0.9201612113502985, 52.9056839917, 32.0942373636, 1.66171991888, -0.417692515548, 0.0143469427973, 256, 2019
Z, -100, 0.8931919473781378, 31.1082069232, 23.5252151506, 1.33816201718, 0.334775424679, 0.140335426287, 259, 2019
N, -100, 0.44672181769180896, 6.14304542587, 13.4677312251, 0.551178324459, 0.797594477158, 1.07436734803, 259, 2019
E, -100, 0.9047579614448225, 23.0015793876, 9.51658676435, 2.42704675035, 0.0989545229065, 0.255251311327, 259, 2019
Z, 100, 0.9800211603461937, 62.0073681385, 62.6813503831, 0.958280338955, -0.175714728839, 0.0350439509248, 262, 2019
N, -100, 0.597262897769628, 10.4315951115, 7.55450966819, 1.70039015475, -0.20642361348, 0.553605757775, 262, 2019
E, 100, 0.5652353916709505, 38.7381777074, 23.5738961649, 1.57448664974, -0.986568206481, 0.0245863726658, 262, 2019
Z, 100, 0.9954914579668578, 120.466065761, 118.250902354, 0.997140057566, -0.0791339762448, 0.0237884328074, 265, 2019
N, -100, 0.9947142632342953, 28.941866146, 14.4644936022, 2.02361373613, -3.03646724285, 3.13566126805, 265, 2019
E, 100, 0.7173368094507991, 75.2755863486, 46.0416149555, 1.59708354375, -0.774911491419, 0.00576371727486, 265, 2019
Z, 0, 0.9992444070892044, 137.501275281, 134.686752342, 1.01172126557, 0.00206112433094, 0.0142935306722, 268, 2019
N, -100, 0.9829927049958143, 31.1255783455, 17.490323945, 1.67676153816, 0.0591826469416, 0.0392968732754, 268, 2019
E, 100, 0.783893602510308, 88.9724947392, 51.9285668379, 1.68407830748, 2.48533960915, 3.17382363833, 268, 2019
Z, -100, 0.9878235571789035, 83.6735025971, 76.6118166573, 1.09217305645, 0.141269724339, 0.0115249086109, 271, 2019
N, -100, 0.8039988915240458, 17.5097611557, 11.9757768596, 1.4220136101, 0.629619217788, 0.090480238216, 271, 2019
E, 100, 0.9432767229905905, 57.4504430602, 27.3401383855, 2.14687313006, -0.324644558297, 0.0218540247745, 271, 2019
Z, 100, 0.9488176871689048, 61.6398287895, 68.5811602986, 0.844909556708, -0.243568037996, 0.0923587263623, 274, 2019
N, 100, 0.7687467619164029, 21.7644993789, 10.549733492, 2.15084563004, -0.332648001401, 0.201178181372, 274, 2019
E, 100, 0.21983170971006752, 37.5493788955, 25.2334203851, 1.24923065407, -1.21256643062, 0.27259937819, 274, 2019
Z, 100, 0.989796250569523, 121.871897656, 126.393510316, 0.95024231591, -0.082924274337, 0.0653843989699, 277, 2019
N, -100, 0.9771066130663866, 32.0134626873, 15.2141421823, 2.17893137153, 0.0221570833364, 0.123389787018, 277, 2019
E, 100, 0.6335327220129453, 76.0685447336, 48.0512083905, 1.54067528084, -0.846499084843, 0.0435006079161, 277, 2019
Z, 100, 0.9953552236839418, 126.189979006, 117.972182033, 1.05715181628, -0.0850550089393, 0.0112913664934, 280, 2019
N, -100, 0.9895288467558759, 30.4379780766, 15.6015931251, 1.88362749014, 0.0840742468328, 0.0353700810351, 280, 2019
E, 100, 0.7230536700567815, 84.4804333812, 46.3785519365, 1.78029209834, -0.753551613059, 0.0164543401543, 280, 2019
Z, 100, 0.9972931211077619, 76.2500505611, 73.6930295482, 1.01510964999, -0.058327184041, 0.0462393408675, 283, 2019
N, -100, 0.9757847400338154, 21.0070918069, 11.5276397557, 1.75447009816, 0.196190633823, 0.0553359231293, 283, 2019
E, 100, 0.6501134311762894, 41.8268790643, 27.5217823568, 1.33415696641, 2.14898509905, 2.90683634564, 283, 2019
Z, 100, 0.8682148737816461, 19.0793766409, 19.9965878235, 1.07574739379, -0.215277727767, 0.399836121029, 286, 2019
N, -100, 0.44306829041707535, 6.38696083435, 7.49427709714, 1.18703138598, 0.712054119459, 0.980932305909, 286, 2019
E, 100, 0.35676933351765805, 12.8392425138, 5.86503231805, 2.16136812134, 2.08181316141, 2.30998319278, 286, 2019
Z, 100, 0.9938807916582613, 66.7931833428, 84.5750342303, 0.799627214376, -0.138892988419, 0.0349665078977, 289, 2019
N, 100, 0.7643655052806918, 17.0011034844, 9.95654908467, 1.82135060752, -0.518812737644, 0.278227532155, 289, 2019
E, 100, 0.6811013751075494, 35.4547808602, 31.6934657308, 1.13531863993, 2.31527875066, 3.13368006605, 289, 2019
Z, 100, 0.9958222699187578, 115.690524976, 134.048992222, 0.845188699989, -0.00255939721065, 0.0737137265423, 292, 2019
N, 100, 0.989836441926601, 26.9468860213, 15.471946946, 1.77716564982, -0.0999249142634, 0.0613355402092, 292, 2019
E, 100, 0.7520053681544441, 58.6028947171, 51.5323604826, 1.11598682175, -0.679588624743, 0.0574924801706, 292, 2019
Z, 100, 0.9983328439861815, 129.130524484, 137.18209383, 0.936389351156, -0.00407421642413, 0.0421256314454, 295, 2019
N, -100, 0.9871207520716798, 29.7454337141, 16.6032836144, 1.778350786, 0.12961375508, 0.0161244088995, 295, 2019
E, 100, 0.7622874762030504, 71.8708113064, 53.5786269613, 1.3437097676, -0.673497040938, 0.0436730504278, 295, 2019
Z, 100, 0.9941466222236324, 79.801579903, 77.4215855682, 1.01465303188, -0.0464694302418, 0.0458962659676, 298, 2019
N, -100, 0.9824073182893955, 19.5525234703, 11.2283387623, 1.74875141435, 0.0966097648312, 0.0174998847297, 298, 2019
E, 100, 0.7465429401269792, 48.2522952942, 29.3250132287, 1.58042164592, 2.39637683648, 3.12654495286, 298, 2019
Z, 100, 0.9584791443192008, 67.5262024625, 83.4052734632, 0.792089922907, -0.304801025381, 0.0456571815514, 301, 2019
N, 100, 0.9352117752155186, 16.753691473, 12.5119388011, 1.34803763766, -0.309285818821, 0.153471750505, 301, 2019
E, 100, 0.7255684927777807, 38.102109087, 29.5612622688, 1.20724430734, 2.45199484777, 2.99482521545, 301, 2019
Z, -100, 0.9989264171706645, 133.675922019, 152.92379026, 0.860592787372, 0.0523762636705, 0.0150172592631, 304, 2019
N, -100, 0.960573788592782, 27.5752421742, 19.1291862234, 1.4885456738, 0.114675078167, 0.11575475472, 304, 2019
E, 100, 0.8465781393646765, 76.3322505621, 59.7381813361, 1.23911496313, -0.536289325942, 0.0366456960896, 304, 2019
Z, -100, 0.9973408481181639, 130.823532996, 149.669515395, 0.888033713025, -3.07584600221, 3.09693514667, 307, 2019
N, -100, 0.9735179413672803, 26.8474301734, 17.299425738, 1.62389047359, 0.166534965377, 0.0675196452416, 307, 2019
E, 100, 0.8576469771713241, 66.9262119562, 57.7062729128, 1.1856753736, -0.536283265393, 0.0112404661935, 307, 2019
Z, 100, 0.9941791795623988, 85.6124197962, 93.5869633188, 0.915829106473, -0.108703017148, 0.00925413144149, 310, 2019
N, 100, 0.9985975788732276, 19.937169824, 13.0950018329, 1.51627278372, -0.0118782030849, 0.031611411369, 310, 2019
E, 100, 0.7203333492516888, 43.3758392286, 37.1461884697, 1.16946543807, 2.337566665, 3.08968691506, 310, 2019
Z, 100, 0.9899530181940357, 29.0130841769, 31.1174153724, 0.918473847418, -0.349905847152, 0.250578372693, 313, 2019
N, -100, 0.9265699730867812, 7.47812010148, 7.05457689881, 1.22841330963, -0.3936090496, 0.673648113254, 313, 2019
E, 100, 0.8257742018169174, 17.1875858604, 10.1281745787, 1.75383783964, 1.08253939838, 1.51087690262, 313, 2019
Z, 100, 0.9953988645024389, 94.6449316243, 102.575934719, 0.923197381617, -0.118343299812, 0.0261858460584, 316, 2019
N, 94, 0.9698041310213131, 23.0261851076, 12.2829935352, 1.95811336273, -0.162036329698, 0.205897580205, 316, 2019
E, 100, 0.7144781828193227, 50.7951964163, 38.2112811749, 1.28951574261, 2.41211546405, 3.0548031369, 316, 2019
Z, 100, 0.999147102152993, 141.953712726, 161.314380266, 0.870644101693, 0.000651508978897, 0.0361837994023, 319, 2019
N, 100, 0.989126169285227, 29.0902008539, 19.3736526164, 1.54493565328, -0.0709371619893, 0.061762482791, 319, 2019
E, 100, 0.8099870134869263, 80.5942578371, 62.8149492789, 1.27473310033, -0.598614733114, 0.055146695345, 319, 2019
Z, 100, 0.9996165537526537, 149.982692011, 167.873632965, 0.887557040037, -0.0339546128433, 0.00575175366656, 322, 2019
N, 100, 0.9885415927276403, 30.8163455107, 18.9727633277, 1.6499550226, -0.123903410139, 0.130208651952, 322, 2019
E, 100, 0.818454343724924, 81.1883903822, 65.0142802555, 1.25082951882, -0.644819546226, 0.0476282364021, 322, 2019
Z, 35, 0.9989368947052125, 92.8332139263, 105.639084906, 0.892109812409, 0.0222123651439, 0.0457702056751, 325, 2019
N, -100, 0.9977284150410003, 18.4192006405, 12.7890836709, 1.44752398352, 0.0584330394684, 0.0444001841182, 325, 2019
E, 100, 0.8562746714885198, 51.5561376358, 42.2780785021, 1.23795762334, -0.549049922958, 0.00550404369714, 325, 2019
Z, 100, 0.9979062682505039, 84.2360913368, 81.7506851768, 1.05466013588, -0.0848792956975, 0.0611465594757, 328, 2019
N, -100, 0.9825566089489406, 22.1299949871, 12.1371753189, 1.90493795209, 0.0141666457111, 0.134354413509, 328, 2019
E, 100, 0.8118354944933841, 45.8405878174, 28.1267429648, 1.64490175684, 2.54111383436, 3.10055933907, 328, 2019
Z, -100, 0.9993235983338299, 144.071809938, 167.813467058, 0.848508641454, 0.0145457639166, 0.00455282525467, 331, 2019
N, -100, 0.9900553213394022, 32.1065134912, 22.2621366131, 1.48103194213, -0.0454872888924, 0.109917598173, 331, 2019
E, 100, 0.7666734354508019, 85.527311368, 65.2290977617, 1.27675944012, 2.46177214239, 3.09273726968, 331, 2019
Z, -100, 0.9981260890098383, 162.666988943, 183.470519384, 0.895486864104, 0.0384816462277, 0.0090251451785, 334, 2019
N, 100, 0.951447830896845, 32.6546034334, 21.6905426587, 1.60608124466, -0.297287367352, 0.119206101431, 334, 2019
E, 100, 0.7773472503595691, 84.1082647685, 72.1192548818, 1.18859074009, -0.654413281671, 0.0419724803902, 334, 2019
Z, 100, 0.9998250119351899, 114.87619391, 135.729977143, 0.851321613605, -0.0111582999706, 0.0103362441048, 337, 2019
N, 100, 0.9371841712472365, 18.4514210242, 15.8747647451, 1.08760731844, 2.95538542669, 3.16256025404, 337, 2019
E, 100, 0.8002498456918372, 65.1422282757, 52.462790909, 1.22953079665, -0.671713817156, 0.0426850692191, 337, 2019
Z, 100, 0.9988562197725469, 56.9654435708, 61.8925335975, 0.913586759882, -0.0766688919306, 0.0277508741064, 340, 2019
N, -100, 0.988403183416516, 14.2618206184, 10.2701094278, 1.28128385407, -0.093029153007, 0.176153487782, 340, 2019
E, 100, 0.8999788166115915, 28.7880199644, 24.5436817398, 1.13406353516, -0.584307603005, 0.171395917129, 340, 2019
Z, 100, 0.9995506258311377, 92.907494587, 98.615246946, 0.946677096821, -0.0424620055794, 0.0144033014275, 343, 2019
N, -100, 0.9508576369892632, 21.8010145614, 11.9387367169, 1.93375866214, 0.216652023983, 0.0624357132959, 343, 2019
E, 100, 0.8727287425563334, 52.5821475496, 35.3838686438, 1.45542094236, 2.68955990654, 3.05504318637, 343, 2019
Z, 100, 0.9995422404352893, 153.774240558, 171.797264953, 0.89819351981, -0.0415541562606, 0.0145519887454, 346, 2019
N, -100, 0.9916611588105226, 34.4909919193, 21.4954089469, 1.67881669018, -0.0498790473531, 0.111516388757, 346, 2019
E, 100, 0.8109461153990867, 91.2936925169, 66.4799089585, 1.36390649474, 2.52955618638, 3.09931526522, 346, 2019
Z, 100, 0.998847958753068, 174.070112931, 196.676416535, 0.886348245622, -0.0502080860639, 0.00330078448717, 349, 2019
N, -67, 0.9841581755722784, 33.437843189, 22.8897991379, 1.52375495212, -0.0948063309386, 0.132128095277, 349, 2019
E, 100, 0.7921391031293787, 94.507909285, 77.1582959779, 1.22832942306, -0.647780222687, 0.0213894628017, 349, 2019
Z, 100, 0.9930115577993778, 117.081525006, 146.025518609, 0.780768379229, -0.128806893637, 0.0315276596738, 352, 2019
N, 100, 0.988070310008833, 18.8076785441, 14.62660039, 1.26137135321, 3.03854910161, 3.08657203689, 352, 2019
E, 100, 0.8274536940124492, 64.8902726357, 56.9492208561, 1.135592199, -0.629063400077, 0.0521622931123, 352, 2019
Z, 100, 0.9990888914794936, 56.4400417104, 66.6948850582, 0.838099927533, -0.0275474552383, 0.0108545602489, 355, 2019
N, 100, 0.9823286824063585, 15.6067443372, 9.85483963818, 1.43672992867, 2.06217799231, 2.17714124936, 355, 2019
E, 100, 0.882583448586489, 30.9922602259, 22.6264208073, 1.35682029922, 2.58400818687, 3.20154454856, 355, 2019
Z, 81, 0.9999340563937529, 141.452675597, 156.462429198, 0.905081060374, -0.013177265489, 0.00152328096547, 358, 2019
N, -100, 0.9953327697970515, 30.7962005469, 21.4488522404, 1.48361621395, 0.0331015617133, 0.052635591653, 358, 2019
E, 100, 0.8274675403571671, 78.9879764706, 58.2307544006, 1.3458127126, 2.56822926632, 3.08760525339, 358, 2019
Z, 100, 0.9998455730230185, 169.365098304, 191.634755863, 0.883380246323, -0.0147231769349, 0.00232310309852, 361, 2019
N, -100, 0.9948171455826973, 37.0287521253, 24.2820872544, 1.55754402345, -0.0582779576309, 0.0907818587915, 361, 2019
E, 100, 0.8230682057366683, 95.1634629659, 76.6365493821, 1.23605716164, 2.56192055218, 3.08529288286, 361, 2019
Z, 100, 0.9983083463026582, 143.535209868, 164.919420271, 0.861876729858, -0.0703245393682, 0.0292642612745, 364, 2019
N, 100, 0.9797434763404123, 21.4681588667, 18.8032412922, 1.18142932308, -0.188664219174, 0.162988170844, 364, 2019
E, 100, 0.7626826782312529, 77.1056851135, 64.9190206792, 1.19142932229, -0.742436722038, 0.0519169473991, 364, 2019
