Chan, Phase Shift, Correlation, ptp-data, ptp-synthetic, rat, phasem, phasestd, DOY, Year
Z, -100, 0.2995599248094483, 703.40541477, 119.372187196, 6.62231437998, 0.0537065953317, 1.38994152254, 1, 2019
N, 100, -0.8135865542565807, 932.691468617, 27.6403337961, 36.3299969529, 0.241933709006, 2.73928091909, 1, 2019
E, 100, 0.11834924922489055, 1334.36785713, 54.9333924383, 25.5542334681, 1.75884528164, 2.91490779717, 1, 2019
Z, 100, -0.5210105929384417, 369.604187598, 174.282435564, 2.30386417325, -2.31843379141, 2.58296508302, 4, 2019
N, -36, -0.9861454304224055, 522.617251336, 47.5110460111, 12.0426351086, 1.10317957497, 2.92627157505, 4, 2019
E, 100, 0.8656065579233693, 1678.5542366, 79.4508867244, 21.2904099522, 2.85886709051, 2.72114138364, 4, 2019
Z, -100, -0.5838979484035718, 313.815005553, 191.216215436, 1.7929412208, -2.1012719281, 2.37222247497, 7, 2019
N, 100, -0.6784387591062907, 500.831791931, 59.264252568, 8.82186263525, 0.171116879517, 3.03574146706, 7, 2019
E, 59, 0.9685324959230355, 1636.08863868, 84.9833453038, 19.5550153692, -0.298767493812, 0.168372986027, 7, 2019
Z, 100, 0.06956234541812721, 621.237432281, 163.377021672, 3.5667115233, -0.700423780273, 2.81130935407, 10, 2019
N, -100, 0.23882808498124727, 611.756417585, 57.1725797141, 8.71710823088, -1.84515579079, 2.77628682537, 10, 2019
E, -100, 0.7100338616389249, 1716.44150381, 70.3350163942, 23.944609256, 0.404416849595, 0.142453135156, 10, 2019
Z, 100, 0.6701297700586527, 738.056594444, 105.389791301, 6.93140312645, -0.84474168745, 1.53573907215, 13, 2019
N, -100, 0.12026130201178489, 853.207351561, 42.0338672397, 17.9980836982, 0.942111072839, 1.32581090271, 13, 2019
E, 100, -0.2597858837174177, 1280.90191498, 41.9865527998, 30.0412897603, 0.767831414672, 1.19897136688, 13, 2019
Z, -100, 0.4277751529796676, 781.127101893, 97.1148473784, 8.8330972959, -0.0781142268496, 0.686477276351, 16, 2019
N, 100, -0.6543608715454395, 923.419020712, 24.2665871007, 35.9551648093, 1.10230171334, 1.27801288547, 16, 2019
E, -100, -0.2088131634506666, 1342.10450254, 44.5850129153, 33.6772272358, 1.40696091727, 2.76739655788, 16, 2019
Z, 100, -0.49508255987513117, 567.351913283, 188.494994085, 3.52821701579, -2.50614045669, 2.60522478648, 19, 2019
N, 100, -0.9357954482271295, 849.150637477, 52.5786268332, 18.3295618265, 0.982831230582, 2.99097279227, 19, 2019
E, 100, 0.7813826448005075, 1846.46996201, 86.5490080647, 22.3828538094, 2.66993265481, 2.73660775559, 19, 2019
Z, -100, -0.6525624190290971, 743.088796517, 237.146097422, 2.79700726448, -1.75482732555, 2.44964540281, 22, 2019
N, 100, -0.7637025095180399, 475.58791695, 73.1588049541, 7.42154311022, 0.0628230601227, 3.07245406071, 22, 2019
E, -100, 0.9736599944187071, 2432.92976118, 105.573313724, 22.4448251393, -0.279381149666, 0.201839833897, 22, 2019
Z, -100, -0.04274982445862006, 864.390250361, 200.375248755, 4.44431040787, -0.377831410041, 2.94924839621, 25, 2019
N, 100, -0.10194879899458792, 637.777096622, 67.739050181, 7.82146097323, -1.51504534706, 2.80748391122, 25, 2019
E, -100, 0.7544374657250986, 2136.77275487, 85.8116569931, 25.40753776, 0.393820615876, 0.13083481551, 25, 2019
Z, 100, 0.610182235010992, 787.927184679, 106.477867209, 7.4407520696, -1.15543591672, 0.409101724633, 28, 2019
N, 100, -0.1056557445727877, 923.848810532, 38.6439510535, 22.0690637173, 0.846290847315, 1.28673802442, 28, 2019
E, 100, -0.1509314060201914, 1363.10887425, 40.0926380817, 33.4028539837, 0.808404622739, 1.16197695664, 28, 2019
Z, 100, -0.1666318402263947, 455.911681072, 111.519269459, 4.97523170606, -0.104747919253, 1.71957125389, 31, 2019
N, -100, -0.818570781555457, 728.530751822, 23.7368171525, 35.5734204845, 0.39185345864, 2.87564849535, 31, 2019
E, 100, 0.6043482086925839, 910.439292555, 52.0451048747, 18.9844137688, 2.09076379812, 2.78538460937, 31, 2019
Z, 100, -0.9656222498082794, 347.888160913, 177.003240453, 1.97998946747, -0.940319965781, 2.87875951522, 34, 2019
N, -100, -0.7373518579414711, 387.188823859, 48.8683539835, 8.74216743474, 1.97045260331, 2.70797593512, 34, 2019
E, 100, 0.960147859012736, 1536.15367888, 81.2949009168, 17.8959490716, 3.09096434943, 2.9120159264, 34, 2019
Z, -100, -0.5717893829735589, 370.569572734, 202.820687848, 1.74209718993, -1.53988797347, 2.50135101513, 37, 2019
N, -100, 0.045124521143380246, 352.843922284, 64.1290993624, 5.36174107964, -1.69281747288, 2.96843576999, 37, 2019
E, -100, 0.9921534809337705, 1761.10657324, 90.5668151479, 19.247473872, -0.124901357593, 0.0856041265166, 37, 2019
Z, 100, 0.05478531291322242, 557.413412725, 178.704336181, 3.04949175957, -0.644600401384, 2.77113515882, 40, 2019
N, -100, 0.4766854424388398, 842.311386565, 63.2322755466, 11.0535119428, -1.38327032201, 2.92581610348, 40, 2019
E, -100, 0.814470312774357, 1546.09339128, 77.2458036507, 19.8914309817, 0.244710221568, 0.129316585256, 40, 2019
Z, 100, 0.6841735020598586, 723.030359883, 113.249929818, 6.132319739, -1.13963889761, 0.367084213776, 43, 2019
N, -100, 0.169140088185318, 1145.05404337, 44.8291812118, 23.4805181606, 0.657711633954, 1.26712508232, 43, 2019
E, 100, -0.2286178463955814, 1039.90931142, 44.7830261354, 23.0093114029, 0.766378742596, 1.20847992554, 43, 2019
Z, -100, 0.15757961073850668, 749.134728168, 108.996213076, 7.86774922441, -0.0722120588049, 1.25483388265, 46, 2019
N, 100, -0.7803284047017619, 1087.86696871, 25.0707249548, 44.493530299, 1.51807353702, 1.26592343672, 46, 2019
E, 100, 0.14228092904413778, 1279.55865525, 50.5936741148, 27.907347682, 1.39237549776, 2.81757733024, 46, 2019
Z, 100, -0.6303460495901547, 454.945006589, 216.859555583, 2.42466370772, -2.2454281643, 2.53920725254, 49, 2019
N, -100, -0.7330899218211883, 786.365330231, 62.1041350632, 14.8899997082, 1.35766138891, 2.94061018999, 49, 2019
E, 100, 0.9133676489509401, 1660.81321217, 100.429146611, 17.56451843, 2.58837168365, 2.71780268826, 49, 2019
Z, -100, -0.544231910357307, 492.840608113, 256.861264108, 1.94493807676, -1.75500795524, 2.45927341163, 52, 2019
N, 100, -0.13014182413722075, 461.987537941, 80.9957801552, 5.77582968518, -1.74038666149, 1.37352520114, 52, 2019
E, -100, 0.9647205486898092, 2010.65072951, 114.040526023, 17.9652117926, -0.0597769267185, 0.111812044679, 52, 2019
Z, 100, 0.2311370400451987, 742.091373608, 192.26803349, 3.92336973148, -0.0368205814123, 2.96533267505, 55, 2019
N, -100, 0.27856158227706274, 1000.38052688, 67.2622080398, 12.7108587635, -1.95335897518, 2.92664398449, 55, 2019
E, -100, 0.5737222995315995, 1717.84413719, 81.2659944282, 21.3733058576, 0.535599880179, 0.174422297783, 55, 2019
Z, 100, 0.6831688557203472, 655.894425952, 79.8067714204, 8.38749473966, -0.821364645288, 0.445873398101, 58, 2019
N, -100, 0.035248943118367806, 1174.07345507, 30.4719944246, 38.9309205443, 0.728907544867, 1.29192722646, 58, 2019
E, -100, -0.345420509891942, 1075.0090457, 27.225678798, 37.2530865582, 1.4948502892, 1.3201085161, 58, 2019
Z, 100, -0.5081366480708398, 524.847478407, 124.836361843, 5.2265981435, -1.81951440754, 2.93969328037, 61, 2019
N, -100, -0.5777661003040289, 1065.27680931, 28.1847872947, 46.9226888351, 0.866481165873, 2.92967244337, 61, 2019
E, 100, 0.8427860912943398, 1731.10992587, 58.8832886052, 31.2521774352, 2.7254664099, 2.82295840853, 61, 2019
Z, 100, -0.864775709038535, 454.73370329, 195.212569462, 2.64077858348, -1.81556545446, 2.61389614095, 64, 2019
N, -100, -0.403465383175453, 550.770374616, 56.2175155537, 11.7389320742, 1.27540499388, 3.00632921492, 64, 2019
E, -29, 0.9781469110657455, 2078.45361484, 89.8332641406, 24.2491821103, 2.81543374961, 2.88379126779, 64, 2019
Z, -100, -0.4840267904322928, 477.33408141, 219.222125372, 2.19182928379, -1.52390195456, 2.50144398178, 67, 2019
N, -100, 0.625671240790714, 394.344879287, 71.1497839014, 5.98506426054, -1.30694434022, 1.02529737505, 67, 2019
E, -100, 0.8810415437528779, 2043.67477859, 97.9546121655, 20.7217650062, 0.159096396306, 0.144430939839, 67, 2019
Z, 100, 0.20585912767577516, 605.488702301, 183.12767829, 3.43889868594, -0.541281736049, 2.76502621744, 70, 2019
N, -100, 0.48554591878381276, 929.525505188, 65.7195355601, 12.179188066, 0.501750458129, 0.354232077768, 70, 2019
E, -100, 0.49733796892321974, 1612.19874438, 78.8988812219, 20.9057118476, 0.675552085661, 0.154438293702, 70, 2019
Z, 100, 0.7221363253428976, 624.297095538, 100.321180132, 6.50207069722, -0.966201177689, 0.291607772243, 73, 2019
N, -100, 0.20490489995716446, 1151.16919906, 39.2603195465, 29.974868962, 0.631419553722, 1.26746374047, 73, 2019
E, 100, -0.5103347958985819, 1005.83812509, 37.8212907775, 27.996238519, 1.19667348921, 1.1604265134, 73, 2019
Z, 100, -0.15160292104960568, 395.290532044, 147.777249677, 3.32766425169, 0.0859959128219, 1.75086126581, 76, 2019
N, -100, -0.7558730485688171, 997.791474398, 36.2128696281, 33.9678218843, 0.595257519259, 2.84159082747, 76, 2019
E, 100, 0.6619102783850243, 1338.55336731, 69.1448118982, 21.8585151032, 2.10453834533, 2.81654003165, 76, 2019
Z, -100, -0.42270888477497004, 602.049053893, 250.432995333, 1.8958443046, -1.36588814972, 2.24921993458, 109, 2019
N, 100, 0.5571736601993164, 501.230846658, 76.1617907325, 4.94053424939, 2.72522688533, 2.67448345731, 109, 2019
E, -100, 0.9046445176641694, 1379.82285789, 112.784226552, 9.43077876491, -0.507471143879, 1.75854960141, 109, 2019
Z, 100, 0.2078404889658381, 543.651107116, 215.725152833, 2.43620938694, -0.0696707980033, 3.07132098023, 112, 2019
N, 100, 0.9100440020399341, 495.335862306, 71.6083525794, 7.28163398078, -0.506630587444, 0.27506718994, 112, 2019
E, -100, 0.44249687834755996, 1196.09709306, 93.8054903574, 12.90421224, 0.46019541339, 0.249012791372, 112, 2019
Z, 100, 0.4372096260740745, 491.126174121, 119.021450687, 3.01182129713, 0.423595510549, 2.68586386274, 115, 2019
N, -100, 0.5783891138581052, 754.553055619, 43.7920108842, 13.2991153537, 0.383956328511, 1.20900205608, 115, 2019
E, 100, -0.4190889520706947, 809.097074625, 47.2411206105, 13.8612702016, -2.19763218605, 2.88475426412, 115, 2019
Z, 100, -0.23911720374565865, 427.622273915, 73.9908258125, 6.80804268987, 0.177025132542, 1.37253200582, 118, 2019
N, 100, -0.7232821225270509, 671.238909931, 13.9827849934, 45.2700856664, 1.48617639676, 1.26713491382, 118, 2019
E, 100, 0.5708475433785363, 881.094062189, 35.4980756712, 30.3714627711, -1.41619831802, 1.5410455808, 118, 2019
Z, 100, -0.9314274162768227, 923.157220623, 161.566277483, 5.66099940185, -1.58909780915, 3.00617584217, 121, 2019
N, -100, -0.4229987731955784, 947.326152682, 42.8846986551, 24.4746435936, 1.49500091105, 2.86295888865, 121, 2019
E, -100, 0.9600465993195774, 1748.1615143, 74.6798724945, 23.0591196255, -0.342967404308, 0.247944898127, 121, 2019
Z, -100, -0.5711629106829539, 499.853642877, 222.442027164, 1.65765842763, -1.64151013981, 1.33667298121, 139, 2019
N, 100, 0.6900636943879047, 518.607745498, 68.2233111551, 5.70487406396, 0.415670338865, 0.642894632556, 139, 2019
E, -100, 0.748156928441996, 823.87759751, 98.7290796236, 6.14815695229, -0.397536358215, 2.78211524587, 139, 2019
Z, 100, 0.15095004305905863, 690.967189766, 175.614550679, 3.44839027008, -0.132217335152, 3.18820186544, 142, 2019
N, -100, 0.6874178138484687, 718.441461943, 58.6197044913, 12.3767837408, -0.220241245992, 0.323681734575, 142, 2019
E, -100, 0.32109618384611976, 782.422586727, 75.4071602264, 10.1078018523, 0.494824874148, 0.268107979541, 142, 2019
Z, -100, 0.45701854426198507, 216.587595925, 88.7850053753, 2.06479695677, 0.343111211442, 1.40478403789, 148, 2019
N, 100, -0.7169198617326432, 409.598802033, 20.6540921505, 18.6518947897, 1.9007058811, 1.32798042483, 148, 2019
E, 100, 0.5107780561548083, 570.87332531, 41.5027449588, 12.4683539017, -1.19892550753, 2.03676321965, 148, 2019
Z, -100, -0.7793259045327532, 356.138058308, 210.442630968, 1.36401303013, -1.73198387362, 2.51176003868, 154, 2019
N, 100, 0.2665227418520037, 148.978841495, 64.9209075873, 2.62744356194, 2.23869522051, 2.8167927884, 154, 2019
E, -100, 0.7916390935527386, 268.10054974, 94.286736869, 3.46162495349, -0.301901392516, 1.83143454952, 154, 2019
Z, -100, -0.31310392612555266, 543.023761649, 191.951059083, 2.17289332807, -0.595373846327, 3.08311660855, 157, 2019
N, -100, 0.7738915179780698, 548.544817613, 62.806235372, 6.48712097131, 0.0164518227833, 0.894812215343, 157, 2019
E, -100, 0.5416807480969897, 734.870436573, 82.9955089439, 6.55940700385, -2.54575547169, 2.76542670435, 157, 2019
Z, 100, 0.4410709053270827, 875.165441253, 191.066450561, 4.57293184777, 0.319118717075, 3.13108307285, 187, 2019
N, 100, -0.27383069485683975, 1030.73451193, 61.7937153644, 14.9860613325, -2.72108453988, 2.79033680125, 187, 2019
E, -100, 0.3964482667313844, 1074.446997, 82.0475071412, 12.8611695921, -0.958505531386, 2.81192237119, 187, 2019
Z, -100, -0.3827870605804997, 137746.116437, 109.558298136, 852.521353881, 0.0177849299279, 1.26474715532, 220, 2019
N, -100, 0.07926493830591103, 260744.324816, 38.0599121912, 4779.14045784, -0.341262538746, 2.89782614368, 220, 2019
E, 100, -0.4269449839312823, 212938.538309, 41.1169370325, 3489.84584581, 0.205919159551, 2.97331213209, 220, 2019
Z, 100, 0.1824554920993515, 157570.582002, 117.417148069, 1433.09561485, 1.51453848993, 2.83023918313, 223, 2019
N, 100, -0.47852987341718545, 297744.776052, 26.197038059, 11583.2606305, -0.0595227621601, 2.95797686219, 223, 2019
E, -100, -0.5120066780327465, 242630.194119, 54.5014589032, 4690.47181033, 0.796033365558, 3.00486170042, 223, 2019
Z, -100, 0.9907480762986707, 206.596891659, 179.940981229, 1.09623648543, 0.0380856376155, 0.0648168368082, 226, 2019
N, 100, -0.5064069336572736, 157.540408681, 50.5321741592, 3.04729085913, 0.103171094693, 2.92490390559, 226, 2019
E, -100, -0.5110052097301165, 178.384947972, 82.336429251, 1.79936395072, 1.19271091813, 3.18533170682, 226, 2019
Z, -100, 0.9961805938783033, 183.662411643, 199.698928368, 0.892504877905, 0.184940096016, 0.133893163259, 229, 2019
N, 100, -0.5769599987345181, 176.079752355, 63.473368803, 2.92158334414, -2.07241098125, 3.07687654805, 229, 2019
E, 100, -0.9400393396076012, 148.803163548, 88.9429733714, 1.56675382012, -1.36794957874, 2.8387785222, 229, 2019
Z, 100, 0.9968350435374108, 150.704550367, 169.573070114, 0.922801853228, -0.00603372555068, 0.0499353940794, 232, 2019
N, 100, -0.5854728175534127, 170.047214262, 59.7618862182, 2.85535036519, -1.86124562037, 2.78008359347, 232, 2019
E, 100, -0.916971594566017, 142.695662665, 72.9762367569, 1.96276101151, -1.37673672056, 2.90339100053, 232, 2019
Z, -100, 0.9570622617495387, 102.698817984, 102.157853764, 1.01142406206, 0.0664696398129, 0.145878292197, 235, 2019
N, 100, -0.7195057550741525, 119.320072372, 40.3135765401, 2.94711085612, -2.14165656056, 2.66665983, 235, 2019
E, -100, -0.9610333994110473, 117.83752479, 39.7794926601, 2.87805375639, -1.58182758405, 2.83756539945, 235, 2019
Z, 100, 0.9732122246842996, 142.092518762, 115.930372762, 1.34940711138, -0.29194605852, 0.280818189637, 238, 2019
N, 100, -0.8580434987495551, 68.4639379472, 27.4911258353, 2.88072904478, 1.71971079087, 1.93275646064, 238, 2019
E, -100, -0.533593457085964, 57.4171778806, 53.8509493046, 1.27137711053, 1.53318952577, 2.99641816057, 238, 2019
Z, -100, 0.9997634036402345, 230.679352983, 220.382879841, 1.04454074277, 0.00832541206355, 0.0194073369001, 241, 2019
N, 100, -0.7766650968960999, 144.883421452, 64.0210818743, 2.20031996083, 0.418163998059, 3.02399047665, 241, 2019
E, 100, -0.9632983656029535, 92.1941783047, 101.46027413, 0.83754088405, 1.05569090464, 3.17461747824, 241, 2019
Z, -100, 0.999750039279024, 261.183849451, 254.274881857, 1.03343854348, -0.00366372960444, 0.0196419624297, 244, 2019
N, 100, -0.7470140226601587, 213.790170145, 80.7117679605, 2.68879412959, -2.14974535647, 2.97730124021, 244, 2019
E, 100, -0.9533822322675067, 165.11825899, 112.389338829, 1.34995510214, -1.55231485523, 2.89463997025, 244, 2019
Z, -100, 0.9998824779379399, 187.295799844, 184.036779306, 1.02283288774, 0.0406674276975, 0.0170267879874, 247, 2019
N, 100, -0.7424332719188488, 202.744177945, 64.3361435484, 3.11775558619, -1.6752156537, 2.80850534959, 247, 2019
E, 100, -0.9615191807034998, 166.266539447, 77.2088910577, 2.11759621697, -1.27773447276, 2.94978820715, 247, 2019
Z, 100, 0.9973049714547115, 69.7533130713, 69.6308767171, 1.01824780422, 0.00927602871745, 0.0257737506007, 250, 2019
N, 100, -0.7716538943852611, 115.078687789, 28.4498051354, 3.94319677416, -2.07160906582, 2.81630846904, 250, 2019
E, -100, -0.5633101802359166, 108.906942229, 24.8648533744, 3.66224927433, -1.2542168867, 2.94482476984, 250, 2019
Z, -10, 0.9997549050235164, 143.973030261, 138.378160596, 1.05013229142, -0.0515276091981, 0.0437412950231, 253, 2019
N, 100, -0.792710047422854, 88.2474226787, 33.2278941704, 2.8135174004, 0.698148239137, 3.12189464287, 253, 2019
E, -100, -0.7396212067726786, 45.8856682474, 64.7913012998, 0.907038345608, 1.98746211144, 3.12477019275, 253, 2019
Z, -100, 0.9998269601892498, 208.443869743, 201.526781062, 1.0342111139, 0.00651969879649, 0.0116095128185, 256, 2019
N, 100, -0.6915930466031428, 175.582350267, 58.9296600776, 3.01369598754, -0.211310632074, 2.86624208709, 256, 2019
E, 100, -0.913187591318366, 112.789244045, 91.9466084037, 1.12936452602, 0.171617313626, 3.12091733183, 256, 2019
Z, -100, 0.9993293531730982, 218.462734055, 213.406139615, 1.02682918836, 0.0494037367151, 0.0191268582454, 259, 2019
N, 100, -0.6666450980186374, 217.031195676, 69.8781802284, 3.22595596906, -1.8771365972, 3.06680321838, 259, 2019
E, 100, -0.8879158629700217, 156.618902023, 94.8489153418, 1.59246058912, -1.81758585149, 2.88293338455, 259, 2019
Z, -100, 0.998112714725208, 168.037018828, 167.626526369, 1.00871019316, 0.0630933806154, 0.0176014181556, 262, 2019
N, 100, -0.6711007990433528, 205.365132924, 61.1231993055, 3.32398542008, -1.80574550623, 2.81162636388, 262, 2019
E, 100, -0.911454205028327, 155.252821592, 71.869188881, 2.11381870628, -1.41975971361, 2.91456591134, 262, 2019
Z, -100, 0.9951426332600606, 82.8722052206, 81.677806166, 1.02319971183, 0.170272908326, 0.0735930417629, 265, 2019
N, 100, -0.7767815648611214, 129.820335784, 34.9993163794, 3.64811789068, -2.09270200768, 2.6799945931, 265, 2019
E, -100, -0.7517278141944396, 120.112023429, 30.4092623431, 3.54381470921, -1.50727135247, 2.92927598327, 265, 2019
Z, -100, 0.9998774317363109, 164.217142533, 160.810435868, 1.01358304402, 0.012431106486, 0.0224820181944, 268, 2019
N, 100, -0.7799271592857716, 80.3276298812, 41.1668254475, 2.08444557586, 0.788565172286, 3.06721537086, 268, 2019
E, -100, -0.6526016263160338, 53.3885728101, 74.9076065072, 0.947377358258, 1.96754682392, 3.47050346775, 268, 2019
Z, -100, 0.9997186145537154, 258.905737767, 255.905169034, 1.01049451575, 0.0117311589359, 0.0171319679244, 271, 2019
N, 100, -0.7208259319044553, 201.132215645, 77.1924157874, 2.51491630834, 0.194989520873, 2.85048606115, 271, 2019
E, 100, -0.9691114038606828, 148.969942312, 116.311279085, 1.17645940862, 0.731100508898, 3.13271146894, 271, 2019
Z, -100, 0.9993109287240979, 240.632164961, 247.214287827, 0.981653373809, 0.00271638093786, 0.0233190576926, 274, 2019
N, 100, -0.6989146293269923, 248.319595388, 81.3054861181, 3.07148111862, -1.84283574807, 3.05708370181, 274, 2019
E, 100, -0.9460916619408535, 206.388124037, 108.138159192, 1.84994121397, -1.58595433082, 2.87638764257, 274, 2019
Z, -100, 0.9988671769755944, 131.424684583, 142.75550043, 0.923048916934, 0.0739974788296, 0.027048303719, 277, 2019
N, 100, -0.6915725500646236, 188.731067494, 54.2177504256, 3.43481229315, -1.7740061309, 2.77433210753, 277, 2019
E, 100, -0.9434954660336343, 197.396318051, 58.2177688147, 3.35151228445, -1.59715288814, 2.83200147097, 277, 2019
Z, 100, 0.9988964463502673, 75.0046306743, 72.003700654, 1.02503163712, -0.0841549103879, 0.0578808370366, 280, 2019
N, 100, -0.7449804130707254, 75.3294434475, 17.7601775241, 3.90433443328, -2.07150952573, 2.83159641419, 280, 2019
E, -100, -0.04497947522757688, 108.728813536, 35.1564549201, 3.73757624286, -1.21387525075, 2.43909167882, 280, 2019
Z, -1, 0.9996993603709627, 167.805777416, 162.060581652, 1.02187194581, -0.0400033413036, 0.031712388764, 283, 2019
N, 100, -0.6886334771398086, 114.4716232, 41.812525835, 2.66093182701, 0.543170513236, 3.1356786032, 283, 2019
E, -100, -0.9251074105733544, 59.6158724505, 75.3155920745, 0.811271209115, 1.75155581566, 2.95154474935, 283, 2019
Z, -100, 0.9995883751216192, 220.259553127, 216.560513821, 1.01838265178, 0.00589134866871, 0.0188009019611, 286, 2019
N, 100, -0.6604266639223293, 194.187381172, 65.4701373616, 2.96346858218, 0.871746966892, 2.36664474874, 286, 2019
E, 100, -0.9495014645470555, 106.930242544, 98.3009489532, 1.02990658779, 0.27691186162, 3.13632838771, 286, 2019
Z, -93, 0.9998437086488994, 217.083100421, 213.166189988, 1.02263860511, 0.006477227242, 0.0103985580334, 289, 2019
N, 100, -0.6806117296095983, 221.233200639, 71.3179420059, 3.1614831351, -1.92527062125, 3.08979862717, 289, 2019
E, 100, -0.9300178750229122, 144.181068001, 94.2163511897, 1.50356899565, -1.66748898215, 2.88648547431, 289, 2019
Z, -100, 0.9990935965164837, 146.277415166, 147.76358548, 0.997103152004, 0.0307593617391, 0.0207784635425, 292, 2019
N, 100, -0.7462872808020261, 190.796562344, 55.840304653, 3.32182716129, -1.7132136567, 2.84911784962, 292, 2019
E, 100, -0.9170186807462136, 158.631829628, 62.4100087069, 2.47476335142, -1.42322649167, 2.94098557582, 292, 2019
Z, 87, 0.9992786823644315, 81.8479449139, 79.5302971186, 1.00510661496, 0.0609517770281, 0.086645659429, 295, 2019
N, 100, -0.8347602661762389, 93.669889493, 25.4471585601, 3.28586745734, -1.99610397465, 2.76529062264, 295, 2019
E, -100, -0.3310696794427221, 109.173821136, 38.5809940653, 3.15821020872, -1.02911822323, 2.93251547268, 295, 2019
Z, -100, 0.9997222718320327, 203.000080543, 200.77050943, 1.01829677002, -0.00440178948483, 0.0258765952884, 298, 2019
N, 100, -0.7174348883982896, 124.705656474, 55.1144206374, 2.16135898655, 0.638122680389, 3.10281787987, 298, 2019
E, -100, -0.8948044909482644, 74.3303995771, 92.5426712801, 0.833010044639, 1.76577622292, 3.03135085322, 298, 2019
Z, -100, 0.9976912642073468, 254.238842431, 256.791519976, 0.994102275049, 0.040024779489, 0.0251214994207, 301, 2019
N, 100, -0.6843447074079495, 228.389957648, 79.1580582253, 2.77082455116, 0.0915799943369, 2.78015694114, 301, 2019
E, 100, -0.9817981338752572, 130.847443517, 114.697698351, 1.08031687811, 0.433561009829, 3.18674837875, 301, 2019
Z, 100, 0.5926937084959514, 8451.9046868, 209.201854372, 31.1056307826, -0.495200348403, 1.34169873324, 304, 2019
N, -100, -0.6493251165172687, 38635.5804351, 71.1451925327, 390.008053866, -0.509855370357, 1.85197185787, 304, 2019
E, -100, -0.49581643804956715, 21572.9266892, 90.3470345104, 169.383982669, -0.121676272268, 1.86364370244, 304, 2019
Z, 100, 0.9084213185789863, 8211.55845809, 102.184048457, 71.1032767177, 0.533361609182, 2.65110796918, 307, 2019
N, -100, -0.6791061793003692, 50896.6638615, 42.0299250555, 1114.63069143, -0.467726408233, 2.92486997858, 307, 2019
E, -100, -0.2683868762939042, 28506.9540017, 40.0856327038, 661.798705319, -0.337259345364, 2.88298757169, 307, 2019
Z, 100, 0.9948048121090635, 90.5316170226, 90.3022797828, 0.947963478526, -0.200579625815, 0.144415850356, 310, 2019
N, 100, -0.7280364256426233, 49.7595719919, 18.4528725513, 2.98178732108, -1.38902152046, 3.15959957369, 310, 2019
E, -100, -0.20639226106424768, 68.5832149435, 43.2372052551, 1.90605401717, -1.88042286213, 0.807749938845, 310, 2019
Z, -100, 0.9990059065197593, 179.579816671, 172.745172162, 1.03608197718, 0.0115902057791, 0.0249624003282, 313, 2019
N, 100, -0.6410130750022778, 131.194054267, 46.6036314855, 2.72701080607, 0.325334105132, 3.12105212663, 313, 2019
E, 100, -0.9521775136820001, 77.287745759, 79.6800127828, 0.900973513433, 1.29976668032, 2.96664471161, 313, 2019
Z, -100, 0.9989164731867901, 227.258215853, 216.164049411, 1.04659170355, 0.0441031376126, 0.0148823820912, 316, 2019
N, 100, -0.6743152455466934, 192.929688837, 66.5202158617, 2.9207279133, 0.589729686861, 2.53904065415, 316, 2019
E, 100, -0.927315037453719, 146.829370747, 97.5790446465, 1.41049373454, -0.00431559190655, 3.00203548092, 316, 2019
Z, -100, 0.9979886952354046, 201.573883863, 198.841443924, 1.02440495896, 0.0625924010917, 0.0233935883762, 319, 2019
N, 100, -0.6947972493331518, 208.449036692, 67.0755589963, 3.13837302525, -1.88232910486, 3.07659211401, 319, 2019
E, 100, -0.9576330790173474, 159.076024111, 86.9209738127, 1.80858147407, -1.35783826746, 3.00765094252, 319, 2019
Z, -100, 0.9977776401230906, 128.666729478, 123.227809535, 1.03712868563, 0.0856818803461, 0.027111676592, 322, 2019
N, 100, -0.7730711062060535, 168.436857596, 47.6788606702, 3.45693242287, -1.71328450416, 2.8151236977, 322, 2019
E, -100, -0.9499361125717617, 113.599818491, 50.5799642906, 2.24872351818, -1.46476358912, 2.86910197048, 322, 2019
Z, 100, 0.9993539402897446, 120.724869036, 116.310577609, 1.01685738799, -0.0259971774274, 0.0362256485928, 325, 2019
N, 100, -0.8656389053491701, 72.7122502913, 28.8235651882, 2.68029844759, -1.95209209219, 2.8969232997, 325, 2019
E, -100, -0.39375508312915863, 69.4274000903, 54.6027313012, 1.50287043707, -1.78021988359, 1.42661846928, 325, 2019
Z, -100, 0.9997732600163847, 211.457167767, 205.874412795, 1.03439680916, 0.0187880805846, 0.0108295916597, 328, 2019
N, 100, -0.6951951031509623, 158.804219596, 58.0532217004, 2.553906211, 0.422702609172, 3.14836964385, 328, 2019
E, -100, -0.9196517652746281, 58.5928242291, 93.7431522701, 0.643656167592, 1.54510688617, 2.93285334759, 328, 2019
Z, -100, 0.9993373894719725, 233.399621831, 226.273573968, 1.03155732549, 0.0420542104134, 0.0146118957546, 331, 2019
N, 100, -0.704974545646566, 208.364473111, 70.0304740584, 2.94666149227, 0.66979658812, 2.59525755446, 331, 2019
E, 100, -0.9649928890381005, 113.546116316, 99.8838299283, 1.00389611671, 0.111075777394, 3.22146882467, 331, 2019
