Chan, Phase Shift, Correlation, ptp-data, ptp-synthetic, rat, phasem, phasestd, DOY, Year
Z, 100, 0.99946670025003, 122.88262431, 135.679751433, 0.888041295831, -0.0282079607203, 0.0174743156401, 1, 2019
N, -100, 0.97763674263277, 372.47269016, 53.6170232066, 7.25716974682, -0.131393192708, 0.638966398215, 1, 2019
E, -100, -0.7753336771075398, 203.861253031, 68.7226618426, 2.83562421222, 1.92052672712, 2.93197631797, 1, 2019
Z, -99, 0.9999045976441204, 185.008685284, 200.020218907, 0.917383744925, 0.006434814775, 0.0112346134792, 4, 2019
N, -100, 0.9946906965555431, 377.405279975, 75.7689697157, 5.21979247399, 0.106597026676, 0.04513574995, 4, 2019
E, -100, -0.7377282567349142, 195.396934156, 92.035407796, 2.27713255078, 1.60865564967, 2.80578336799, 4, 2019
Z, -100, 0.9997763631054413, 207.822401734, 220.292882705, 0.934838012168, -0.00607302376742, 0.0164121367711, 7, 2019
N, 100, 0.9889980621421136, 499.960596905, 88.7175198624, 5.49037587298, -0.0478465162048, 0.0939085871956, 7, 2019
E, -100, -0.7285941936692304, 176.466717796, 95.6392075572, 1.87126279968, 1.31682982053, 3.03842688946, 7, 2019
Z, -100, 0.9995574497403831, 180.058636071, 189.109099636, 0.95548539025, 0.0172097363194, 0.0116693047376, 10, 2019
N, 100, 0.9777846364547615, 514.840458254, 82.2371705923, 6.15364159501, 0.0652710343032, 1.35028595159, 10, 2019
E, -100, -0.7892981574193261, 88.9077649929, 79.0229727911, 1.15318617444, -1.93760588842, 1.32711019287, 10, 2019
Z, -100, 0.998056162958962, 113.346144195, 122.027985437, 0.927562850395, 0.0562362788886, 0.020079404044, 13, 2019
N, 100, 0.9743989901671999, 439.303916072, 60.9732032309, 7.09337563805, -0.246686653165, 0.102400238133, 13, 2019
E, 100, -0.6711410167789897, 100.001054763, 49.6188527901, 1.73041274983, -0.631434329215, 2.70885836682, 13, 2019
Z, 100, 0.9995081110086944, 89.1106823851, 108.856263343, 0.832890185582, 0.0349214131048, 0.0512088862324, 16, 2019
N, -100, 0.9915277663074666, 309.52342062, 45.0135156358, 6.95640166007, -0.184868292868, 0.361070791073, 16, 2019
E, -100, -0.9547439715336723, 174.684148042, 58.9432993232, 2.8312873473, 2.4405412206, 1.32596244025, 16, 2019
Z, 44, 0.9996660649915166, 186.252978781, 213.104931637, 0.875703654703, -0.0621013553895, 0.0351294857878, 19, 2019
N, 100, 0.9972228849594472, 402.001655653, 76.6686487916, 5.40179733395, -0.0101344535627, 0.0466518393145, 19, 2019
E, -100, -0.8073064576842385, 205.581642365, 105.888452179, 2.05567291501, 1.19061075159, 2.92368512975, 19, 2019
Z, -100, 0.9992775330484147, 237.936029723, 269.530585254, 0.901411064724, 0.0769622924261, 0.0333882241077, 22, 2019
N, 100, 0.9827642582703894, 580.255758387, 105.969036996, 5.41467672476, -0.0728504333787, 0.134382540439, 22, 2019
E, -100, -0.8000907672917709, 196.917582283, 125.632870278, 1.63682865318, 1.38566061891, 2.97805899037, 22, 2019
Z, -100, 0.9986220957623684, 204.671725678, 230.827100026, 0.890276496084, 0.0549620312184, 0.0229166584479, 25, 2019
N, 100, 0.9727175227145325, 613.997805804, 101.530322683, 6.00579771207, -0.261660352388, 0.0665941803206, 25, 2019
E, -100, -0.9281050459411361, 111.833147692, 100.122230613, 1.18568713847, -1.65413576407, 2.08654307833, 25, 2019
Z, -100, 0.998147852531644, 105.961438239, 122.746530137, 0.874595779624, 0.0697252214954, 0.0347687779583, 28, 2019
N, 100, 0.9831270255893212, 473.811534177, 66.7276972, 6.99199681254, -0.275946677289, 0.142688909057, 28, 2019
E, 100, -0.9011320376860841, 170.002999516, 47.4137787028, 2.91537724989, -1.35386656672, 2.9008899655, 28, 2019
Z, 58, 0.9989790272490537, 115.432181243, 126.249817126, 0.89621067359, 0.0500569441274, 0.0434713019523, 31, 2019
N, -100, 0.9909720062164181, 289.205011698, 47.7724089364, 6.72640058467, -0.0416190726231, 0.273390583381, 31, 2019
E, -100, -0.7872893306184594, 184.357363462, 63.3660370587, 3.00429314436, 1.59340778734, 3.00751231532, 31, 2019
Z, -100, 0.999956306207885, 188.790230252, 202.909832138, 0.92881113567, 0.0325457370273, 0.0119700393398, 34, 2019
N, 100, 0.9956935389943105, 416.836068711, 76.4278867707, 5.69993909676, -0.0193802057024, 0.0387321231367, 34, 2019
E, -100, -0.7893086695925812, 178.194928528, 93.2880512953, 1.94435250031, 1.11382278507, 2.89646828831, 34, 2019
Z, -100, 0.9996806223563156, 215.6546741, 232.504514124, 0.925240841698, 0.0121104356822, 0.0134705829499, 37, 2019
N, 100, 0.9867743873742718, 522.171511288, 92.9242027171, 5.55437821471, -0.100900428194, 0.0610107828697, 37, 2019
E, -100, -0.8100295388192927, 166.935602421, 102.735039588, 1.6985123483, 1.37230829489, 3.08760485587, 37, 2019
Z, -100, 0.99941415683726, 188.695448629, 205.184484689, 0.921202888753, -0.00577617807953, 0.0196280298957, 40, 2019
N, 100, 0.9706108268999157, 538.303754766, 87.8039954791, 5.99911173698, -0.245559180748, 0.0641514005235, 40, 2019
E, -100, -0.9553143717235152, 93.6248028359, 88.2983775354, 1.12602292795, -2.2731901196, 1.29321147272, 40, 2019
Z, -100, 0.9982063284119097, 120.508580612, 129.215488915, 0.943423235324, 0.0285485346093, 0.0239905163635, 43, 2019
N, 100, 0.9614655972099665, 427.210584253, 64.1119161455, 6.66393596745, -0.292739132564, 0.112524977017, 43, 2019
E, 100, -0.6715568544619198, 121.604092397, 53.1585432823, 1.86781799097, -0.849282266082, 2.77312995697, 43, 2019
Z, 1, 0.9990357947252962, 108.16183485, 119.622325483, 0.903121953296, 0.0884091178595, 0.0494150180667, 46, 2019
N, 100, 0.9825400708157175, 337.214289663, 44.854527925, 7.53858367129, -0.0906922424794, 1.37591014119, 46, 2019
E, -100, -0.8204254497372967, 222.246148087, 66.5822691743, 3.31017548754, 2.21096242663, 1.86971368306, 46, 2019
Z, -100, 0.9999188433405912, 226.369237884, 246.793765953, 0.913853307704, 0.0117977478932, 0.0105911404508, 49, 2019
N, 100, 0.9878713555717821, 496.909057312, 88.0683309313, 5.86955617936, -0.0643850506825, 0.073081719295, 49, 2019
E, -100, -0.6289051057646112, 236.489152521, 122.429917146, 2.08253661929, 1.38615657419, 2.81852354962, 49, 2019
Z, -100, 0.9996426397628768, 264.724805931, 292.871676209, 0.898272325562, 0.00338207985671, 0.0154471946455, 52, 2019
N, 100, 0.9719935481270159, 670.919936028, 116.053239857, 5.70442694224, -0.207715039702, 0.078186481039, 52, 2019
E, -100, -0.7664016874889404, 197.644440789, 134.832518592, 1.53304082294, 1.15926589485, 3.14418867225, 52, 2019
Z, -100, 0.9986783817963707, 201.774167441, 221.859345256, 0.910962597329, 0.000380478158224, 0.0194868770506, 55, 2019
N, 100, 0.9645819913039776, 635.117616276, 100.388262021, 6.26047433222, -0.276695992827, 0.0400749361553, 55, 2019
E, -100, -0.8821988867007462, 126.124387676, 93.1923164224, 1.470302873, -1.14689260937, 2.2838660748, 55, 2019
Z, -100, 0.995855275972391, 79.1252822297, 91.1375997029, 0.874144311778, 0.122461421699, 0.0416894581183, 58, 2019
N, 100, 0.9764980460402708, 375.357291564, 55.6566786366, 6.66845782113, -0.245931179044, 0.114823112665, 58, 2019
E, -100, -0.8619553900863215, 134.488575993, 30.2638910506, 3.36694675489, -1.18857024683, 2.9553489569, 58, 2019
Z, 59, 0.9989260153200147, 127.851443631, 140.710032218, 0.921916280306, -0.145291244069, 0.104090520118, 61, 2019
N, 100, 0.9895382925276757, 298.206019442, 50.8195078828, 6.62233941885, -0.141853699557, 0.16832781815, 61, 2019
E, -100, -0.7459805193651137, 210.034084218, 70.1823159404, 2.96493779235, 1.25897327061, 2.90844453535, 61, 2019
Z, -100, 0.9992146504423836, 202.72395694, 223.170547018, 0.937733986618, -1.45112593171, 2.67045363713, 64, 2019
N, 100, 0.9915488644566162, 456.902718308, 83.5342016453, 5.69906202085, -0.1362789783, 0.0832576259708, 64, 2019
E, -100, -0.741324376668862, 255.522447673, 103.301711305, 2.44625854791, 1.43173581389, 2.87952776897, 64, 2019
Z, -100, 0.998988654720926, 229.176265552, 250.453576083, 0.91899416787, 0.0720853326269, 0.0146308484404, 67, 2019
N, 100, 0.9777631176257869, 539.65380212, 99.1887978685, 5.36323006584, -0.171160094939, 0.0679210810772, 67, 2019
E, -100, -0.6329227882713956, 198.624632057, 112.280259739, 1.88500516024, 1.18902255457, 3.13961490641, 67, 2019
Z, -100, 0.998725816425428, 190.400619441, 209.813997415, 0.905959784253, 0.0175232590033, 0.0183335131143, 70, 2019
N, 100, 0.9510329204632973, 535.838564992, 89.8301398977, 5.87396293494, -0.30016043303, 0.0615239779633, 70, 2019
E, -100, -0.5981825403786563, 120.910534623, 90.6363923917, 1.30887584426, -1.8560281202, 1.37902968989, 70, 2019
Z, -100, 0.9969266449898571, 105.807240485, 112.636594666, 0.939370202622, 0.00868981653014, 0.0290677613607, 73, 2019
N, 100, 0.930272581034153, 391.597874436, 59.8173910611, 6.52919060357, -0.377193517553, 0.153287138281, 73, 2019
E, 100, -0.3570554439401949, 148.11254375, 44.5574181512, 2.34989287904, -0.523717880676, 2.68961357916, 73, 2019
Z, 100, 0.9995226911614938, 150.158589119, 163.145947082, 0.910311466562, 0.00646980264192, 0.0206110774365, 76, 2019
N, 100, 0.9876606643403276, 367.614481773, 56.5007560382, 6.84804609322, 1.1315498008, 2.62413041422, 76, 2019
E, -100, -0.7725971227243811, 254.158022239, 88.4546251676, 3.04847686587, 1.17669687005, 2.78678399737, 76, 2019
Z, -100, 0.9998115453100765, 256.010840471, 282.57746243, 0.909533432458, 0.0164528353312, 0.0165741047263, 79, 2019
N, 100, 0.9878359179600235, 570.54709, 103.376829795, 5.72288148994, -0.078313800961, 0.0675447246229, 79, 2019
E, -100, -0.639620583907863, 274.730032415, 137.454991636, 2.10165620073, 1.333610013, 2.80411417812, 79, 2019
Z, -100, 0.999328684242777, 258.095547249, 288.92136599, 0.893272493156, 0.02911673999, 0.00780870160669, 82, 2019
N, 100, 0.9817450950451927, 673.160861699, 117.102272374, 5.72136139048, -0.246488107821, 0.0697033914849, 82, 2019
E, -100, -0.8070826593905677, 209.900926091, 128.803747111, 1.65826090524, 0.313591368727, 3.20187574945, 82, 2019
Z, -100, 0.9976608041716518, 165.27886186, 183.852034991, 0.89803419513, 0.0607462863776, 0.0275064188415, 85, 2019
N, 100, 0.9676138327962847, 542.99223925, 88.0341785674, 6.11995142053, -0.225167230927, 0.0348382320002, 85, 2019
E, -100, -0.9674691571789285, 123.45058429, 72.2888227576, 1.77972146553, -0.722939316783, 2.87685893226, 85, 2019
Z, 100, 0.9950192808044956, 53.8393817379, 60.6912668064, 0.807371662271, 0.0565476566987, 0.0604025600637, 88, 2019
N, 100, 0.9676642326404271, 302.169635936, 41.7678673235, 6.78952746444, -0.363429441113, 0.185410153029, 88, 2019
E, -100, -0.8565655920307388, 183.075220791, 35.5339879421, 4.97707255042, -0.99500026331, 3.02104392795, 88, 2019
Z, 14, 0.999848623229088, 155.825647976, 164.252051232, 0.940815614987, -0.0102392235478, 0.00679346051384, 91, 2019
N, -100, 0.996761693206839, 351.854554092, 59.2924737982, 6.20540672905, 0.0851400602598, 0.0782121764297, 91, 2019
E, -100, -0.8072962026299179, 226.474348857, 80.8198855199, 2.99586798014, 1.35543563386, 2.87494654381, 91, 2019
Z, -100, 0.9999375484457421, 229.532525278, 241.370654084, 0.947814963672, 0.018038566958, 0.00478065730364, 94, 2019
N, 100, 0.9920953288735378, 481.829288173, 90.4323062361, 5.52940329826, -0.0667828783791, 0.0423657613191, 94, 2019
E, -100, -0.678643778872719, 199.443252939, 112.282217495, 1.9064736903, 1.21850092084, 2.88568706829, 94, 2019
Z, -100, 0.999615867456778, 239.606616882, 253.741905635, 0.942667224615, 0.0216575453796, 0.00814917194261, 97, 2019
N, 100, 0.9660801694654423, 563.444463085, 100.883986687, 5.44299423582, -0.247521416336, 0.0896006555581, 97, 2019
E, -100, -0.7654862428477606, 132.521171718, 113.787331652, 1.22267179767, 1.22392810286, 3.13992689648, 97, 2019
Z, -100, 0.9980392851018421, 176.976834477, 190.517063927, 0.928311847857, 0.0470364002278, 0.020459110901, 100, 2019
N, 100, 0.9671186256577965, 533.298424186, 84.7224674304, 6.16350488463, -0.0245740450691, 1.37102131146, 100, 2019
E, 100, -0.8807211535932056, 104.025624759, 80.2717125347, 1.33145680084, -1.10026517793, 2.45068950976, 100, 2019
Z, 0, 0.9974769202926107, 72.0988625896, 82.5381184817, 0.861665396004, 0.0439503792759, 0.0297913337788, 103, 2019
N, 100, 0.966018929204018, 352.527730727, 50.716746369, 6.6460511123, -0.299040057613, 0.144707260087, 103, 2019
E, -100, -0.9089726295721693, 146.069202642, 47.806508042, 3.1571527046, -1.54888967769, 2.76792328167, 103, 2019
Z, -23, 0.9998645883933582, 202.200212942, 209.815376882, 0.96431494231, -0.021845856125, 0.0281366634566, 106, 2019
N, -100, 0.9910553291390949, 424.882640536, 73.9731150226, 6.34321835095, -0.0618378542195, 0.107956415735, 106, 2019
E, -100, -0.7379064364097702, 225.681997193, 108.452806503, 2.14592786758, 1.60440251057, 2.94575764859, 106, 2019
Z, -100, 0.999900938564027, 271.087175114, 285.792804521, 0.941590022127, -0.858571987481, 2.19038973244, 109, 2019
N, 100, 0.9928778119981552, 613.185963689, 108.634634373, 5.64951375085, -0.0573938474022, 0.0354670004454, 109, 2019
E, -100, -0.8741608268811102, 236.911015183, 134.213500838, 1.79131036503, 1.44570482067, 2.85938542256, 109, 2019
Z, -58, 0.9996789419222444, 236.939603665, 250.326282523, 0.937624919305, -0.0256926915923, 0.0190900522856, 112, 2019
N, 100, 0.9726358634379345, 626.946922077, 105.350187068, 5.86032792913, -0.27253273913, 0.0963275196596, 112, 2019
E, -100, -0.9260785357847616, 149.428523272, 106.379033102, 1.40769359183, -2.29151551931, 1.31302093445, 112, 2019
Z, 0, 0.9998035517310698, 131.330831305, 137.88444527, 0.95394397307, -0.0250597317405, 0.0180356548395, 115, 2019
N, 100, 0.9625345204023378, 476.153022432, 71.5446772859, 6.60710855586, -0.26584926721, 0.0896839106301, 115, 2019
E, 100, -0.8732713451997124, 75.8968627638, 50.7355285657, 1.80740497318, -0.76146401951, 2.83773114437, 115, 2019
Z, 97, 0.9993831884832879, 80.4554920484, 83.1758456277, 0.977817215282, 0.0696102067942, 0.0539193158073, 118, 2019
N, 0, 0.9810212890693606, 296.235395588, 35.6513880254, 7.61744337056, -0.305389994508, 0.251031203752, 118, 2019
E, -100, -0.8047532064550057, 150.757232393, 45.4635948808, 3.40608312654, -0.0257982988291, 3.18668386229, 118, 2019
Z, -74, 0.9998214637791791, 175.222318752, 181.350032236, 0.953901766593, 0.0523141246195, 0.0321471844005, 121, 2019
N, 55, 0.9932285001241855, 341.73734592, 66.5979427864, 5.50340942157, 0.0577376946673, 0.0602705074014, 121, 2019
E, -100, -0.7537389913471267, 199.513650955, 88.7304881954, 2.29068127982, 1.55545794587, 2.85842948658, 121, 2019
Z, -100, 0.999774554279678, 234.634414652, 245.658693959, 0.937554148375, -0.585602868268, 1.8424187764, 124, 2019
N, 100, 0.9744390217229542, 490.510648871, 92.9287817684, 5.23683819191, -0.110483901871, 0.0939370700375, 124, 2019
E, -100, -0.7705773264870612, 224.7114886, 114.448896386, 1.94018123066, 1.46928093281, 2.83579185814, 124, 2019
Z, -100, 0.9994933860439739, 224.094928298, 238.757568369, 0.926044731728, -0.0171666098504, 0.0233083083565, 127, 2019
N, 100, 0.955147837010259, 603.282363255, 97.2189775734, 6.02946588719, -0.363788266949, 0.123919477826, 127, 2019
E, -100, -0.8023317159620047, 152.36064373, 105.43006471, 1.59881872204, 0.989340190254, 3.16588846117, 127, 2019
Z, -100, 0.9991005163904302, 146.68084892, 158.240679445, 0.924896391214, -0.0114198870172, 0.0195456617826, 130, 2019
N, 100, 0.9624563318187229, 527.902307632, 76.5058982942, 6.79900166726, -0.269123986334, 0.0994006672783, 130, 2019
E, -100, -0.7487277582869086, 138.19046222, 64.333857076, 2.09381303669, -1.39041976885, 2.02194273139, 130, 2019
Z, 100, 0.9988809251386618, 112.561385146, 123.556155981, 0.86963572169, -0.049670262084, 0.072915341077, 133, 2019
N, 100, 0.9898633895414083, 385.185979, 50.2808137367, 7.13529427361, -0.252306894163, 0.264357755042, 133, 2019
E, -100, -0.854051245581693, 197.094019147, 68.9707759847, 2.7479794018, -0.202133223126, 3.23653144518, 133, 2019
Z, -21, 0.9993603406373784, 208.758769382, 224.65635244, 0.950589564635, -0.0693985395998, 0.0638088126916, 136, 2019
N, 100, 0.9967624990321643, 464.919879726, 82.8001198784, 5.77026608047, 0.0207182020329, 0.0524306907575, 136, 2019
E, -100, -0.7114911972201783, 256.082160852, 110.98628293, 2.30657530734, 1.7028341219, 2.90542676013, 136, 2019
Z, -100, 0.9996287256821057, 238.665819666, 255.412907507, 0.936230133324, 0.0588474576513, 0.022340914903, 139, 2019
N, 100, 0.9851165380992956, 567.74685116, 101.071942974, 5.62876208355, -0.140340313113, 0.0646387896981, 139, 2019
E, -100, -0.7422183176752779, 233.344323409, 115.239238818, 2.10306676365, 1.56197871693, 2.85819685515, 139, 2019
Z, -100, 0.999002858714051, 189.956340023, 204.773071851, 0.915429787626, -0.0274074136903, 0.0253581703889, 142, 2019
N, 100, 0.9730764893539061, 573.726052003, 89.9523696995, 6.39413878146, -0.221116151117, 0.0773699101054, 142, 2019
E, -100, -0.744937058960306, 171.437476464, 83.6383221249, 2.10269569783, -1.97283041197, 1.33193805764, 142, 2019
Z, -100, 0.9985566561022611, 99.6460231941, 111.131545323, 0.895528957676, 0.0236812573672, 0.0207086790566, 145, 2019
N, 100, 0.9655725093915883, 418.671523536, 60.8930928076, 6.83564338119, -0.271669284489, 0.0823835387637, 145, 2019
E, -100, -0.8425595186996675, 105.993735053, 39.9695862228, 2.73675839877, -0.338190183601, 2.87341172948, 145, 2019
Z, 100, 0.9983124152958865, 94.8817816438, 100.586368108, 0.908550451524, -0.116251742227, 0.0755868253459, 148, 2019
N, -100, 0.9804152274771738, 336.34020429, 42.7248496008, 7.70075101081, 0.254160890643, 1.47221780689, 148, 2019
E, -100, -0.853965885099926, 144.714905826, 52.4073149554, 2.95467339698, -0.00586275298175, 3.09924409663, 148, 2019
Z, -42, 0.9996683568244981, 179.81464772, 187.554381363, 0.972347377497, -0.0430800573839, 0.0426018986628, 151, 2019
N, -100, 0.9927006919191186, 390.689988722, 69.4144773251, 5.84659480327, 0.169903703702, 0.0535874857387, 151, 2019
E, -100, -0.8375129312124746, 208.320352935, 91.6495832582, 2.24633052521, 1.43176082364, 2.86593192471, 151, 2019
Z, -100, 0.9997452314545271, 226.37148769, 239.286503144, 0.93431266061, -0.869016302128, 2.19279664712, 154, 2019
N, 100, 0.9913945261851171, 511.22868437, 91.8890741243, 5.50941414412, -0.0367901879896, 0.0785266447298, 154, 2019
E, -100, -0.8200148732567165, 206.110542775, 111.070414799, 1.96445111204, 1.40820196367, 2.86272615514, 154, 2019
Z, -100, 0.9994883478724003, 203.860778937, 220.093157344, 0.91672969938, -0.00845140331965, 0.018123485069, 157, 2019
N, 100, 0.9710566955690979, 588.078606056, 93.2722689989, 6.19331611279, -0.266886824037, 0.0926755199113, 157, 2019
E, -100, -0.8668852890284894, 139.184195883, 95.7028670445, 1.51057669292, -2.19130679287, 1.33184535552, 157, 2019
Z, -100, 0.9996594835329552, 127.476270913, 141.105993769, 0.90663962423, 0.000527531776905, 0.0149873285311, 160, 2019
N, 100, 0.9630487561002726, 522.565158212, 73.0133935537, 6.97701452028, -0.275713421228, 0.114890230939, 160, 2019
E, -100, -0.9823081997630116, 108.872743606, 58.1594607713, 1.79882123432, -1.15797679358, 2.82489278768, 160, 2019
Z, 53, 0.9997746121128804, 133.358022489, 143.343697121, 0.924262349688, -0.039233338298, 0.0402873902662, 163, 2019
N, 0, 0.9915541460569909, 438.53665804, 58.4721484509, 7.35426082804, -0.0448728610038, 0.594872312318, 163, 2019
E, -100, -0.8449808496620345, 194.910327339, 74.7614954664, 2.47417333579, 0.121062519215, 3.01332778271, 163, 2019
Z, -100, 0.9998649678233954, 193.73689307, 208.776093285, 0.93255666004, 0.0129270542657, 0.0139616793637, 166, 2019
N, -72, 0.996993167451822, 434.977294712, 79.7607219486, 5.72299131241, 0.0612759874496, 0.0781491024406, 166, 2019
E, -100, -0.7988985858023461, 249.441792474, 98.9951522538, 2.49616107785, 1.50272751527, 2.82929407993, 166, 2019
Z, -100, 0.9994556484148934, 206.468891139, 223.21993215, 0.935000046041, 0.067811658154, 0.0260313261423, 169, 2019
N, 100, 0.9908870013236045, 513.523406109, 90.9379057381, 5.41466515829, -0.0483036902969, 0.0998633913307, 169, 2019
E, -100, -0.9027373947070468, 215.492988513, 97.5580523222, 2.35270043604, 1.46089841477, 2.95923749828, 169, 2019
Z, -100, 0.9994739997598567, 169.242604459, 181.748585738, 0.921029745427, 0.00774780570717, 0.0157514691305, 172, 2019
N, 100, 0.9690532766143755, 510.095418761, 81.7064993027, 6.2416127085, 0.340515765995, 1.87011599359, 172, 2019
E, -100, -0.8427212410576232, 102.976434537, 73.7841745863, 1.37879680505, -2.45031962826, 1.38804111545, 172, 2019
Z, -100, 0.9996140728359595, 102.63549088, 110.93718072, 0.926350324897, 0.0297540635214, 0.0120920057148, 175, 2019
N, 100, 0.9661484539511097, 431.550467686, 59.2815965326, 7.10824884046, -0.302883471273, 0.112595720821, 175, 2019
E, 100, -0.8107206335688991, 80.4608381257, 42.2725197288, 1.74477021026, -0.895895139441, 2.82405378703, 175, 2019
Z, -26, 0.9999410594434327, 100.410813521, 106.843903937, 0.94821026598, 0.00859131292357, 0.0223192200509, 178, 2019
N, -100, 0.988390996578466, 350.48414124, 45.7836730781, 7.69407514605, -0.0522817365163, 0.520575284259, 178, 2019
E, -100, -0.9718585337092743, 195.137082841, 55.2576296098, 3.46208962804, 2.43849502867, 1.86825719088, 178, 2019
Z, -100, 0.9997888101258559, 179.662854656, 188.937029512, 0.945266299876, 0.0510591259206, 0.0186070960743, 181, 2019
N, 0, 0.9942966728771885, 376.69272223, 69.7852999561, 5.61440565677, 0.0998967312775, 0.0858415026246, 181, 2019
E, -100, -0.8532026016462956, 231.242685839, 92.6332574088, 2.54240102249, 1.28111180522, 2.88941118918, 181, 2019
Z, -100, 0.9997248192094687, 224.999709782, 239.665370347, 0.925412192613, 0.0252858699083, 0.0152645004145, 184, 2019
N, 100, 0.9736115711426296, 530.375096099, 93.8669510001, 5.54968130855, -0.1479587219, 0.134631230032, 184, 2019
E, -100, -0.7634005412161172, 211.287847259, 111.382065764, 2.01313022439, 1.48562867323, 2.87256274165, 184, 2019
Z, -100, 0.9995649171701931, 203.832777164, 219.301834941, 0.924945609372, -0.0115959675705, 0.0163371755544, 187, 2019
N, 100, 0.9579149794618042, 611.351334908, 95.9556510188, 6.29398962736, 1.14139696, 2.77113528612, 187, 2019
E, -100, -0.8364973102029054, 145.515628225, 95.8434322301, 1.58003390112, -2.0637829559, 1.33050703966, 187, 2019
Z, -100, 0.9995764567292044, 131.636778468, 142.992637451, 0.927067075983, 0.0155310126183, 0.0164966878538, 190, 2019
N, 100, 0.9677243577635964, 546.140573405, 73.9271477995, 7.13564206341, -0.311813006012, 0.156784389135, 190, 2019
E, -100, -0.968410540551272, 141.543393897, 59.6935530322, 2.29110381381, -0.982893195552, 2.92917990733, 190, 2019
Z, -44, 0.9999525741273754, 121.228471093, 133.876312845, 0.908232301883, 0.0128899575504, 0.00466814142924, 193, 2019
N, -100, 0.9912161220694335, 390.03329897, 54.9263513333, 7.27365232706, -0.234496986264, 0.585175493289, 193, 2019
E, -100, -0.8748899533995845, 220.649218827, 67.4296209772, 3.06730316838, 1.57491697639, 2.80798035577, 193, 2019
Z, -100, 0.9997376685643632, 177.807560984, 195.785618598, 0.904814866099, 0.0359134399262, 0.00391742478976, 196, 2019
N, 100, 0.9956959889927924, 395.914589211, 75.5288244039, 5.42937772226, 0.0162096413811, 0.134184516618, 196, 2019
E, -100, -0.7988777280023358, 222.146434208, 90.5185979364, 2.4830195288, 1.47406132843, 2.82949075141, 196, 2019
Z, -100, 0.999137795697927, 194.439448197, 215.871591046, 0.890439531137, 0.0367436274209, 0.0122367098384, 199, 2019
N, 100, 0.9758735365354917, 470.443433633, 88.6409136755, 5.12391214972, -0.165480224477, 0.111237497536, 199, 2019
E, -100, -0.9208754206816532, 183.849278998, 93.9130228251, 2.09069150463, 1.09014845622, 3.06961717553, 199, 2019
Z, -100, 0.9676094364469596, 166.430745394, 184.710050093, 0.962302473881, 0.431166063837, 0.125009762233, 202, 2019
N, 100, 0.9482736171333548, 482.468794344, 82.4042570187, 5.46747986363, -0.486381407276, 0.126665821264, 202, 2019
E, 100, -0.7823352652613488, 118.555458429, 76.9811523348, 1.67677385745, -0.79349961801, 2.80311776252, 202, 2019
Z, 100, 0.04925742260941007, 639.547355011, 119.491346859, 3.72854115311, -0.541278022313, 1.15122295324, 205, 2019
N, -100, 0.942735547100963, 533.726046852, 61.1490550963, 7.46639996771, -0.0985878248094, 0.348538402136, 205, 2019
E, 100, -0.7581065359755386, 159.796957516, 48.1246950035, 2.98815855956, -1.79841129626, 2.76179252734, 205, 2019
Z, 100, 0.7070573967774552, 430.706865752, 107.19073376, 4.04949856764, -0.653055252149, 0.559446371776, 208, 2019
N, -100, 0.7757315635652493, 857.103461375, 44.1759135347, 19.4123903258, 0.187968080513, 1.13996953018, 208, 2019
E, -100, -0.777145746398698, 169.792032476, 57.0077772499, 3.98234155338, 1.66584406957, 1.38490258414, 208, 2019
Z, -100, 0.9995254405189546, 188.463250423, 206.522985698, 0.902443151831, 0.0652258002971, 0.0178853514512, 211, 2019
N, 100, 0.9884143972382142, 378.539721959, 75.0635193901, 5.27853771919, 0.318772542552, 1.33132648127, 211, 2019
E, -100, -0.8712412166246098, 176.679724375, 102.135470938, 1.77259442975, 1.08113966091, 2.90549926138, 211, 2019
Z, -100, 0.99904497388943, 229.234088695, 262.999512769, 0.864106682762, 0.0298153727848, 0.0196957674291, 214, 2019
N, 100, 0.9561755812712968, 584.935126267, 104.329826147, 5.41674447371, -0.243497361029, 0.126189312131, 214, 2019
E, -100, -0.983566065021085, 186.560421278, 122.5903018, 1.5773526427, 0.956130283453, 3.06568633572, 214, 2019
Z, -100, 0.9990190962837787, 197.898080749, 228.446457595, 0.861292616831, -0.0181613238828, 0.0276641080806, 217, 2019
N, 100, 0.947270920072608, 646.089050556, 101.820227785, 6.30445223344, -0.0488612788402, 1.35971768625, 217, 2019
E, 56, -0.9897142567259892, 193.650130595, 99.1208490287, 1.97029834322, -1.08725971871, 3.00211585595, 217, 2019
Z, -100, 0.9992112102358512, 108.396467931, 124.389067741, 0.876458080546, 0.0322641262558, 0.01864127584, 220, 2019
N, 100, 0.9833548003891817, 467.180786654, 66.9913319586, 6.93144892753, -0.270079976462, 0.133016863706, 220, 2019
E, -100, -0.9174375753965799, 136.215497117, 48.1870470589, 2.92444698692, -1.02687664369, 2.94939652796, 220, 2019
Z, 0, 0.9995472512987019, 121.132294284, 133.420261729, 0.894330269478, 0.0330304412147, 0.0283127066142, 223, 2019
N, -100, 0.985893928014385, 315.26329276, 50.9472009973, 6.27754677038, -0.907551853271, 2.56286621262, 223, 2019
E, -100, -0.6948248404193974, 151.119184722, 66.8405891533, 2.44383274528, 1.72167889086, 3.05673471913, 223, 2019
Z, -100, 0.9998385859732569, 192.116579389, 206.870935543, 0.930098653961, 0.0317671930234, 0.0105270438544, 226, 2019
N, 100, 0.9934573851568408, 442.942772301, 79.2592629437, 5.50203813551, -0.0500115735043, 0.0644836056252, 226, 2019
E, -100, -0.7132855544087164, 189.734041959, 94.9909038301, 2.00553940328, 1.30217599037, 2.87307080216, 226, 2019
Z, -100, 0.9989113527528872, 216.723468692, 229.504953825, 0.945266600001, 0.0780180240043, 0.0152786324904, 229, 2019
N, 100, 0.9863419495833091, 544.751164047, 93.4215604357, 5.82306703793, -0.232946852439, 0.0631283718255, 229, 2019
E, -100, -0.6467293789552762, 176.209014415, 100.885100628, 1.85646224787, 1.54657140183, 3.0662213363, 229, 2019
Z, -100, 0.9975141238643078, 179.729334776, 194.95410622, 0.92083639224, 0.0929104093933, 0.0344137970048, 232, 2019
N, 100, 0.9548231780839666, 543.170970748, 85.3426492209, 6.19446034378, -0.267272040097, 0.0944461746951, 232, 2019
E, 100, -0.9265038214311104, 90.3582630414, 83.1382727114, 1.17241571225, -2.09343681488, 1.7354513277, 232, 2019
Z, -100, 0.9968737616171965, 102.293004189, 115.762700259, 0.877274667815, 0.103349629594, 0.0232931624962, 235, 2019
N, 100, 0.9582080625507913, 431.824404211, 58.8919598898, 7.22641693256, -0.309068891346, 0.125579120772, 235, 2019
E, 100, -0.8360116125159294, 129.187945194, 47.0812668357, 2.36057314539, -1.29990257861, 2.83484143966, 235, 2019
Z, -57, 0.9994093972713489, 115.278015045, 127.45616075, 0.900942053266, 0.07533044096, 0.0394043656392, 238, 2019
N, -13, 0.9891654129820712, 318.192809833, 46.5579798505, 7.41115293577, -0.181523947652, 0.243129041555, 238, 2019
E, -100, -0.7339219042504943, 159.924124153, 69.8408651181, 2.42469526938, 0.286863731624, 3.07581391981, 238, 2019
Z, -100, 0.999634684401647, 228.761021742, 250.767428753, 0.902667600284, 0.0328826527997, 0.0165317901233, 241, 2019
N, 100, 0.9848431995440134, 507.322017652, 90.7174980099, 5.6543155901, -0.0171230518339, 0.16489626339, 241, 2019
E, -100, -0.8589581642619329, 176.266932234, 123.556581791, 1.51501772047, 1.36218104573, 2.86448928591, 241, 2019
Z, -100, 0.9992134275217278, 264.47862418, 289.922937621, 0.896213417055, 0.0161069045075, 0.0171958004262, 244, 2019
N, 100, 0.9604833472043092, 700.567691204, 116.663957873, 5.97824475417, -0.326510423171, 0.0752604469451, 244, 2019
E, -100, -0.8898467333754909, 186.018412357, 132.865598778, 1.5225196535, 1.02119835034, 3.12703056406, 244, 2019
Z, -100, 0.9987600454330152, 190.678205959, 212.351364664, 0.897113684635, 0.00742023373904, 0.0195093056036, 247, 2019
N, 100, 0.9515833658495555, 670.822509912, 98.1790979047, 6.80946549735, -0.32451086891, 0.0580217928607, 247, 2019
E, 100, -0.9596546941070843, 174.70771599, 88.1323944156, 1.97169443389, -0.956675556229, 2.98219998237, 247, 2019
Z, -100, 0.9982632682134214, 71.3917256196, 81.8557928594, 0.885370709121, 0.0919662916362, 0.0383201783207, 250, 2019
N, 100, 0.9804829207187976, 405.716851761, 49.510280993, 8.00808097133, -0.292681234388, 0.153386730018, 250, 2019
E, -100, -0.7679187539226539, 131.036275292, 34.6971107237, 3.51824648356, -1.27793202409, 3.03859822793, 250, 2019
Z, -22, 0.9998332251457791, 147.485994567, 156.680276529, 0.931084999202, 0.00495558630202, 0.0164954298156, 253, 2019
N, -100, 0.9903759864551955, 275.046639106, 57.0821454034, 5.11525353183, 0.104310050198, 0.206236115358, 253, 2019
E, -100, -0.663250349298052, 121.868582837, 77.2822265239, 1.77548903436, 1.84184941581, 3.02115385897, 253, 2019
Z, -100, 0.999820054533583, 218.233744536, 230.070871094, 0.937753979279, -0.579990285373, 1.84288110102, 256, 2019
N, 100, 0.9834906054782211, 483.298752588, 87.7975098916, 5.26721897143, -0.0899041397207, 0.0993592284849, 256, 2019
E, -100, -0.9463508673314134, 139.284199929, 105.486016091, 1.44804329223, 1.18111879168, 2.96509502051, 256, 2019
Z, -100, 0.9995665710601352, 230.432208271, 243.874449489, 0.938975459618, 0.0236706664904, 0.0087631609122, 259, 2019
N, 100, 0.9770619281360294, 540.864647514, 98.1598815512, 5.51567794794, -0.211533881378, 0.0656920253396, 259, 2019
E, -100, -0.9719253929166236, 162.129451256, 108.156687329, 1.55075093826, 1.19738976948, 3.14886036996, 259, 2019
Z, -100, 0.9986478712074759, 179.151291395, 192.293582806, 0.930827027751, 0.0412299451409, 0.0170643196709, 262, 2019
N, 100, 0.9561626697571773, 530.707950756, 83.8591790087, 6.20604776602, -0.31352170585, 0.0709574427838, 262, 2019
E, 100, -0.9382040753211374, 150.895204287, 82.0385791968, 1.90188367895, -1.20808907993, 2.94699290869, 262, 2019
Z, -100, 0.9964249711735091, 84.1655156389, 92.9855541617, 0.899810385371, 0.0817420740808, 0.0221968316633, 265, 2019
N, 100, 0.9566086027862442, 352.905167622, 50.3559791691, 7.05767317327, -0.303446762596, 0.128163867216, 265, 2019
E, 100, -0.8699525832213977, 143.371174332, 36.5144877283, 3.18078407209, -1.51996105025, 2.76789896107, 265, 2019
Z, 2, 0.9995370929050238, 167.435540972, 178.038011993, 0.930292076783, -0.0779271357998, 0.0578173789042, 268, 2019
N, -100, 0.9912934221388935, 386.661276988, 61.7677382383, 6.77430895539, 0.026641393556, 0.0837058664256, 268, 2019
E, -100, -0.7190124367509176, 177.377758406, 95.2079595799, 2.03032689302, 1.65727816669, 2.94454097724, 268, 2019
Z, -100, 0.999802043070808, 271.258629933, 291.301101707, 0.930930628601, 0.0249161019594, 0.00965983195944, 271, 2019
N, 100, 0.9934922608368749, 603.938877432, 108.215417195, 5.59663801883, -0.0355415475386, 0.0505468007257, 271, 2019
E, -100, -0.9008378312109536, 195.484112364, 140.491672924, 1.50921265327, 1.42731619093, 2.82484057166, 271, 2019
Z, -100, 0.9992847231207092, 258.6892292, 284.701463685, 0.899774681597, 0.00430078169678, 0.0183693357085, 274, 2019
N, 100, 0.9774395174947104, 669.507860122, 117.130877345, 5.70581367919, -0.238833097253, 0.0669479975639, 274, 2019
E, -100, -0.9826853659232254, 202.310008026, 125.31204699, 1.69208543956, 0.418441970103, 3.22201540505, 274, 2019
Z, -100, 0.9983360519137313, 149.755176702, 166.440283703, 0.898454853413, -0.0146182174121, 0.0274841695512, 277, 2019
N, 100, 0.9566779662099223, 533.25021716, 81.5985501916, 6.55612639963, -0.238535609586, 0.0541833213819, 277, 2019
E, 100, -0.9282024811611378, 190.283214567, 64.2166891934, 2.98295901398, -1.23818843187, 3.017296546, 277, 2019
Z, 100, 0.9970635439685218, 74.7055376752, 80.5668706259, 0.880972873829, 0.0896897523407, 0.126019221231, 280, 2019
N, 100, 0.9776827297038212, 313.868123109, 33.9694709028, 8.36246052848, -0.323978478252, 0.228943321435, 280, 2019
E, -100, -0.5552927856677962, 169.241629904, 45.9524726485, 4.07497850247, -0.756919671973, 2.80467354482, 280, 2019
Z, -36, 0.9998473528343641, 175.023612087, 182.355751568, 0.952979531042, -0.0217490321172, 0.0161203984794, 283, 2019
N, 99, 0.9933334469550762, 346.378287455, 66.437507588, 5.47320333027, 0.085927666572, 0.0626264935992, 283, 2019
E, -100, -0.6916461861617257, 177.047500934, 88.568929192, 2.19432813627, 1.68477416974, 2.92746595942, 283, 2019
Z, -100, 0.9998848361095339, 236.820303265, 245.862447349, 0.960259051868, 0.0294075479063, 0.00891846111449, 286, 2019
N, 100, 0.9855635036177375, 501.305994163, 93.50910121, 5.23903428714, -0.125693591048, 0.0603159982294, 286, 2019
E, -100, -0.9592095007774609, 144.772117077, 112.849829964, 1.40894358379, 1.39381216548, 2.91802637102, 286, 2019
Z, -100, 0.9996401630374476, 233.865321359, 243.219392412, 0.955690504738, 0.011738514251, 0.0115271164716, 289, 2019
N, 100, 0.9650101360559123, 558.762071823, 97.6314404487, 5.73746437124, -0.213616072669, 0.0853619551873, 289, 2019
E, 2, -0.9814720308915267, 131.977587323, 107.461328418, 1.30501870522, 0.968569793586, 3.09088722177, 289, 2019
Z, -100, 0.9989231009282955, 164.308166262, 170.348251437, 0.963899473089, -0.275423502324, 1.33045051702, 292, 2019
N, 100, 0.9382630735821818, 527.436171877, 76.4075872915, 6.83179553125, -0.0737914410649, 1.36406678601, 292, 2019
E, 100, -0.9251374057177134, 132.257819236, 70.9560541351, 1.8804985389, -1.20677085039, 3.01231873618, 292, 2019
Z, -98, 0.9991576039768407, 82.7578179683, 89.4703431678, 0.927125519935, 0.080580607802, 0.0434849365337, 295, 2019
N, 100, 0.9749200972001215, 357.645206904, 41.0006006025, 8.01225408472, -0.345072859605, 0.230122188433, 295, 2019
E, -100, -0.7273043529743838, 144.924385654, 53.8486799023, 2.84646653397, -1.1230906785, 2.83537331585, 295, 2019
Z, -90, 0.9999023700054213, 213.016588121, 224.995789533, 0.944256347359, -0.00296303251099, 0.0118720700207, 298, 2019
N, 100, 0.9930651570708398, 440.446899518, 79.785233368, 5.82578920781, 0.0147820252466, 0.0849748937688, 298, 2019
E, -100, -0.816494365101531, 152.15461495, 115.426633583, 1.40902503208, 1.56980662534, 2.99863428787, 298, 2019
Z, -100, 0.9928758036404605, 287.552350309, 292.820910095, 1.08214336385, -0.536770043045, 1.84334201282, 301, 2019
N, 100, 0.9790259147245344, 610.347615722, 112.710584531, 5.20999589048, 0.150842440801, 0.292351489329, 301, 2019
E, -100, -0.9878411425810061, 164.092294993, 136.884684025, 1.31639286849, 1.19160321748, 2.96724338325, 301, 2019
Z, 100, -0.558942109917736, 351.15116996, 243.633013502, 1.12417519141, -0.281612095668, 1.26914216877, 304, 2019
N, 100, 0.7372062765840189, 1625.39981851, 103.621012828, 12.6153659466, -0.172075948447, 1.35271814824, 304, 2019
E, -100, -0.9823361450739134, 141.109927758, 101.974780754, 1.4164294709, -2.53739441351, 1.29304212987, 304, 2019
Z, 100, -0.6199234546401554, 368.098978749, 121.22259241, 2.5914313052, -1.66077345635, 2.53937424169, 307, 2019
N, 100, 0.625142253935419, 1226.65397238, 63.8148909624, 18.6900952429, -1.02365754898, 0.45381065716, 307, 2019
E, -100, -0.8442188181347834, 160.460494186, 43.1765943493, 3.63151478409, -0.272329954836, 2.72983552983, 307, 2019
Z, 100, 0.9986633623436572, 94.373759758, 100.961124512, 0.907669765618, 0.0293043078949, 0.0548986217107, 310, 2019
N, -100, 0.982442432259727, 292.69449916, 39.5196880739, 7.79333394942, -0.463187316993, 1.33208450092, 310, 2019
E, -100, -0.5812770675870732, 153.378195285, 54.2509426775, 3.12343972218, 0.10901157575, 3.00186614902, 310, 2019
Z, -73, 0.99990126938812, 183.981449269, 194.294428296, 0.947410883855, -0.0160406524252, 0.0158219945499, 313, 2019
N, 100, 0.9984473911386695, 400.110297701, 71.1062354617, 5.73777504699, 0.0556400621809, 0.0585003125958, 313, 2019
E, -100, -0.8316938300704736, 155.773462475, 93.515544411, 1.8387948923, 1.56677532828, 2.93273205968, 313, 2019
Z, -100, 0.999737921580245, 235.04312499, 245.321705919, 0.961703202803, -1.45596374688, 2.66841448557, 316, 2019
N, 100, 0.9914980773917635, 541.137635335, 93.0711111543, 5.77447200396, -0.0416480165868, 0.0489625368054, 316, 2019
E, -100, -0.9725894780653008, 163.455912365, 112.602588038, 1.53766005577, 1.44154230684, 2.89602694252, 316, 2019
Z, -100, 0.7789054420926574, 82.018602574, 143.60644752, 0.538557042719, -0.0936874358101, 1.28464973511, 322, 2019
N, 100, 0.8459043568057516, 254.934848692, 68.8516180792, 3.6030700109, -0.16284948599, 0.265797728755, 322, 2019
E, 100, -0.9396959741665439, 65.3657008242, 58.2970722583, 1.11674547999, -1.15637258198, 2.95280790208, 322, 2019
Z, -100, 0.9995063902850961, 217.600408759, 233.651479951, 0.945506742286, -0.0291901524799, 0.0476193613125, 328, 2019
N, 100, 0.9943070202017119, 497.778199375, 86.3203121956, 5.97545431398, 0.00686794850125, 0.0448974534397, 328, 2019
E, -100, -0.9516756338957377, 191.343873045, 115.309152599, 1.65598247527, 1.35064142915, 2.90688356068, 328, 2019
Z, -100, 0.999125170998928, 241.869373813, 259.980218546, 0.930460035399, 0.0655430838225, 0.0220693418027, 331, 2019
N, 100, 0.9726539651003254, 601.655801438, 103.155500424, 5.76506243083, -0.156686615464, 0.0766074227966, 331, 2019
E, -100, -0.9948832703736022, 213.950408281, 116.861208371, 1.87847808131, 1.19968174131, 2.94964667016, 331, 2019
Z, -100, 0.9984628345286729, 185.944245779, 201.628755551, 0.921960026177, 0.0301501304333, 0.016516307211, 334, 2019
N, 100, 0.9562855415857905, 563.995070528, 88.4796556955, 6.34743837019, 0.8309444048, 2.56300515528, 334, 2019
E, 100, -0.9663816339968782, 202.554210776, 81.4677144528, 2.47633329948, -2.86771068861, 1.3115285372, 334, 2019
Z, -100, 0.9981280161797602, 94.1747352678, 102.240530171, 0.928169979733, 0.0612134438811, 0.0263574457717, 337, 2019
N, 100, 0.9664921513690693, 429.025565895, 56.0602881877, 7.60349781383, -0.283105472199, 0.0915438743687, 337, 2019
E, -11, -0.9391316930462535, 163.882434016, 36.3728537902, 4.23717748825, -1.5795399293, 2.90179765365, 337, 2019
Z, 0, 0.9996283852073176, 99.8271920311, 106.746042187, 0.917989999793, 0.0280629378002, 0.0237682198302, 340, 2019
N, 76, 0.9917657641579953, 303.513079583, 43.1983752131, 7.56024045607, -0.0336141181323, 0.566716359087, 340, 2019
E, -100, -0.7635152626010621, 118.366320303, 55.4232029217, 2.43213353963, 0.0697597499879, 3.02021056305, 340, 2019
Z, -100, 0.9998193535923884, 180.607174957, 190.154164419, 0.947230960011, 0.00230134731214, 0.0136333423408, 343, 2019
N, 100, 0.991943599499035, 393.112367823, 69.5987654586, 5.91420539668, 0.0331668694666, 0.0974921711649, 343, 2019
E, -100, -0.9788747341491114, 129.103907734, 91.7006357544, 1.51996926031, 1.1581222466, 2.9577677752, 343, 2019
Z, -100, 0.999403094595054, 223.206085065, 236.450489297, 0.950206604924, 0.0505673867206, 0.0184152300156, 346, 2019
N, 100, 0.9804055382648985, 540.654593798, 90.2295766705, 5.96053372783, -0.167405827126, 0.0532968091203, 346, 2019
E, -100, -0.997152635254759, 163.55034086, 108.592231928, 1.52104676197, 1.18362877103, 2.95810758821, 346, 2019
Z, -100, 0.9973123687344791, 203.249578895, 215.748986319, 0.949229177879, 0.0873377938377, 0.0180596558674, 349, 2019
N, 100, 0.9662951455454825, 575.267754491, 90.5249635666, 6.28256040498, -0.334076652164, 0.116373642863, 349, 2019
E, 100, -0.9652333377352611, 165.330268202, 93.5696210949, 1.71105203273, -2.96158124527, 1.34586674504, 349, 2019
Z, -100, 0.9962675808770188, 121.596404257, 138.366967462, 0.885372367801, 0.131756581716, 0.0484769379286, 352, 2019
N, 100, 0.9634636193534113, 503.843699871, 69.4510719913, 7.19840905231, -0.33129386445, 0.0960739708974, 352, 2019
E, 100, -0.96347832858745, 197.74479313, 57.7991149226, 3.09453414009, -1.65485813949, 2.92734140514, 352, 2019
Z, -13, 0.9994701653706483, 128.465362304, 140.542028173, 0.891892471545, 0.0100442383962, 0.0220057122187, 355, 2019
N, 100, 0.9934897395582364, 395.213307073, 57.1335387442, 7.30903373469, -0.241675758749, 0.507374496844, 355, 2019
E, -100, -0.8709123166683125, 182.060999636, 74.1288441019, 2.6810360165, 0.447766232175, 3.26832507318, 355, 2019
Z, -100, 0.9997757608391566, 198.994461623, 212.547276055, 0.928626060534, 0.028447623504, 0.0150058220183, 358, 2019
N, 100, 0.9878144827443931, 417.350477938, 80.4209835731, 5.44910633789, 0.269884559547, 1.33292410975, 358, 2019
E, -100, -0.960638437059734, 168.502324555, 101.423551967, 1.764884182, 1.32346300609, 2.9403772295, 358, 2019
Z, -100, 0.9996821707775655, 219.592114355, 231.177794421, 0.942733340255, 0.0170480660818, 0.0106967617991, 361, 2019
N, 100, 0.9633242222916268, 565.963316078, 93.2445914569, 5.89030945846, -0.222623449732, 0.094917043044, 361, 2019
E, 100, -0.9889921084374865, 181.478659642, 101.437255855, 1.78731177838, 1.1070136273, 3.01506259048, 361, 2019
Z, -100, 0.9994551876483624, 179.810045639, 187.369638518, 0.96070622239, 2.68710346142e-05, 0.0160978555535, 364, 2019
N, 100, 0.9603096239341647, 571.785570298, 83.4039139768, 6.78097923633, 0.250142852588, 1.87701332787, 364, 2019
E, 100, -0.9487884136519638, 173.02551387, 76.1729026701, 2.22316749316, -1.5404329491, 2.89095223866, 364, 2019
