Chan, Phase Shift, Correlation, ptp-data, ptp-synthetic, rat, phasem, phasestd, DOY, Year
Z, -99.5, 0.6669041576716935, 182.602006854, 61.4518113023, 3.18134850141, -3.12565215046, 2.82384874589, 1, 2019
N, -99.5, -0.6159997329843389, 186.134977181, 43.924733794, 3.25765751944, 0.273660022769, 3.02971641037, 1, 2019
E, 99.5, 0.6538556847548569, 217.310220193, 30.9025864862, 6.16186565746, 1.95270731596, 2.65295064999, 1, 2019
Z, 99.5, 0.9118716720353219, 129.936616445, 89.5856391729, 1.68846992427, -0.694350186269, 0.444218804492, 4, 2019
N, 99.5, 0.7692690477690041, 121.394317511, 56.0033070688, 1.85817046998, -0.569031937209, 0.260868625776, 4, 2019
E, -99.5, 0.993000541044985, 107.704176587, 30.9879619044, 3.3550890157, 0.0348757043632, 1.16808587011, 4, 2019
Z, -34.5, 0.9874735625708502, 124.784355908, 98.503370438, 1.40522020693, -0.112165852691, 0.173378429478, 7, 2019
N, 99.5, 0.875106393454747, 325.506974688, 58.56634302, 4.23616853491, 1.0355909367, 3.31107967847, 7, 2019
E, -99.5, 0.8851045886031202, 203.360569861, 25.0773382053, 6.61768912817, -0.471989535062, 0.919241143822, 7, 2019
Z, -100, 0.993343678645021, 93.0695871229, 84.100772127, 1.1799665091, -0.407077784361, 1.89332918085, 10, 2019
N, -100, 0.4583917324773625, 461.171390845, 49.5560977598, 6.7861298801, -1.20645408304, 1.77458180732, 10, 2019
E, -100, 0.4866732581408502, 273.538885018, 16.8346289438, 13.0107454503, -1.96234294542, 1.96504327858, 10, 2019
Z, -99.5, 0.9779454488802561, 52.9645333722, 53.5061274299, 1.01072001013, 0.303071684991, 0.0809984756197, 13, 2019
N, 99.5, -0.26917953928606114, 586.753659061, 34.3500048641, 15.8708205166, 0.855769667283, 1.29383442358, 13, 2019
E, 99.5, 0.6895622513607429, 386.776291555, 5.77398704132, 70.8159894009, 0.399235588923, 0.942933394798, 13, 2019
Z, 99.5, -0.8749973108017164, 6028.68941047, 51.8808466199, 88.2858714935, 0.46705924011, 2.83946355461, 16, 2019
N, -99.5, -0.5596002963464658, 1886.78911487, 35.7102835973, 44.7472375607, 2.41593449998, 1.60697516933, 16, 2019
E, 99.5, 0.8407370205184194, 1185.62883775, 26.6463897076, 42.7264802407, 1.97498062568, 3.11538831601, 16, 2019
Z, -99.5, -0.4474155488396882, 4736.79737982, 98.825230163, 46.7296346666, -1.12524812917, 2.61213226656, 19, 2019
N, 99.5, 0.46709820189047163, 1272.68190027, 60.2889919563, 22.319395309, -1.3493494674, 0.871478834367, 19, 2019
E, -99.5, 0.816143813503589, 787.760072461, 43.5229939955, 19.3690434829, -1.52886197327, 2.64805126096, 19, 2019
Z, 70.5, 0.9993719945762755, 149.522884996, 125.186755762, 1.21770784674, -0.0532311361573, 0.0373280087867, 22, 2019
N, 99.5, 0.9191125248202978, 1231.81562193, 76.0288225538, 13.3739095866, 2.61059028139, 2.71339078539, 22, 2019
E, -99.5, 0.5993878303728322, 770.435546103, 40.0642510038, 15.3927763623, 0.49125533308, 0.343637920015, 22, 2019
Z, -99.5, 0.9966233491482761, 120.517947856, 104.746199321, 1.14788124607, 0.0634748810601, 0.0315149131128, 25, 2019
N, -99.5, 0.600958110134313, 1030.66586063, 67.3690049021, 13.5482427592, 0.330075157205, 0.203509019279, 25, 2019
E, 99.5, -0.2463566360953921, 630.544329106, 16.1858487249, 38.8950964929, 1.25120546693, 1.30713436821, 25, 2019
Z, -99.5, 0.9902670177439785, 51.2606969218, 53.9071442495, 0.931078183585, 0.0938790811451, 0.0534817369353, 28, 2019
N, 99.5, -0.6344182807375321, 827.146792896, 41.0666285576, 14.0984304239, 1.02392739893, 1.51442382547, 28, 2019
E, 99.5, 0.8232550098180023, 565.013441835, 21.2950256083, 21.600090267, 1.96930656694, 1.88844330389, 28, 2019
Z, 99.5, 0.4347808134918577, 187.685647826, 56.6022984754, 3.73025425445, -1.5495588846, 2.01189639909, 31, 2019
N, -99.5, -0.29939706725646165, 1356.57449872, 39.6788132195, 30.6443071838, 1.39935496283, 2.91606202589, 31, 2019
E, 99.5, 0.9845918865124964, 849.480194453, 31.5784565876, 27.1993309437, -0.235743301695, 0.173855972533, 31, 2019
Z, -99.5, 0.5155305046267504, 272.894541514, 90.8755054542, 2.99538827626, 0.660480090484, 1.5749844121, 34, 2019
N, 99.5, 0.6328699747083953, 731.598931852, 55.1534558306, 12.6139817496, 2.19420565734, 2.48430208209, 34, 2019
E, -99.5, 0.8582518971971375, 478.205030613, 32.8592968223, 13.9725614758, -0.976567787346, 1.03058001579, 34, 2019
Z, -99.5, 0.9719799014112104, 112.346853534, 104.932370076, 0.909307227165, 0.767041224829, 0.622044783077, 37, 2019
N, 99.5, 0.9729453603826868, 1472.82614943, 60.2510684296, 22.3943543299, -0.427229299775, 0.256676338499, 37, 2019
E, -99.5, 0.9149798830983481, 924.460099604, 30.3546621209, 29.1470459296, 0.218496777696, 0.0983568339999, 37, 2019
Z, 94.5, 0.9967679855151348, 83.4859964748, 92.7238071176, 0.849985561122, -0.208867172984, 0.158374967615, 40, 2019
N, 99.5, 0.606268901378753, 575.877032947, 52.8283439946, 10.3054435101, -0.274903134929, 0.954712515337, 40, 2019
E, -99.5, 0.5213874505934413, 332.789714233, 22.0203051789, 15.2835181768, -0.254680783975, 0.959863624687, 40, 2019
Z, -99.5, 0.6793358873284079, 49.119023193, 58.9085280477, 0.786846440298, -0.04791300734, 0.279291552284, 43, 2019
N, -99.5, -0.02315926984307265, 216.050721751, 36.1744923908, 5.54079338513, -0.271253647837, 2.81499442775, 43, 2019
E, -99.5, -0.4415362193172601, 142.113305583, 9.24313572669, 15.5282553842, -0.612451443249, 2.87814069147, 43, 2019
Z, 99.5, 0.7498328052949392, 78.1066492209, 57.5627485605, 1.27815802661, 1.32057908065, 2.7098099581, 46, 2019
N, -99.5, -0.6098768576326579, 482.288234757, 38.5553454056, 9.71533688945, -0.131461190097, 2.90135721207, 46, 2019
E, 99.5, 0.7796866378001683, 395.475889371, 35.2772175266, 10.0126767986, 1.15849042906, 2.96038659578, 46, 2019
Z, -99.5, 0.996868372938846, 129.730774373, 114.199144637, 1.17508121281, 0.0824562281396, 0.0393206305713, 49, 2019
N, 99.5, 0.7303387937949174, 797.375052097, 68.9686733879, 8.95348033327, 1.59695156304, 1.41944228753, 49, 2019
E, -99.5, 0.8166195995406906, 514.518289355, 50.8163343852, 7.89555619142, -0.215647274052, 1.71171827601, 49, 2019
Z, -99.5, 0.9979208701401889, 143.013068172, 134.731278827, 1.07733313973, 0.0864731101193, 0.04370780013, 52, 2019
N, -99.5, 0.9672907289589393, 1048.92886267, 81.6020434121, 11.8142703248, 0.0772886337546, 0.141221651523, 52, 2019
E, -99.5, 0.5969532391595541, 689.544449129, 40.1582030807, 15.467153061, 0.713190954236, 1.21322887241, 52, 2019
Z, 99.5, 0.9915316814160987, 103.215651506, 100.550355955, 1.06437847815, -0.0405165976154, 0.0480262836939, 55, 2019
N, -99.5, 0.7826007452733773, 868.034775872, 64.0535788208, 11.6605779648, 0.215917249168, 0.726950918425, 55, 2019
E, -99.5, -0.2458821375067481, 535.713492725, 10.356819501, 42.8495396055, 1.11710638981, 1.12225610927, 55, 2019
Z, 0, 0.889546710363565, 74.0283959391, 41.3481843936, 1.76669993839, 0.00524166695894, 0.849514754801, 58, 2019
N, -100, 0.21684170226472887, 1012.36750106, 31.5803524277, 29.3484777907, -0.133494883747, 1.04043103624, 58, 2019
E, 100, 0.3923040944826391, 601.002259053, 26.4247638021, 28.2931967888, 0.864801639002, 3.07025598921, 58, 2019
Z, -100, 0.8293522871736987, 74.088940923, 63.1784425682, 1.51502260431, 0.708695838904, 0.479727768769, 61, 2019
N, -100, -0.3698385907732528, 347.645397509, 41.0430449731, 8.6906542859, 1.03228476535, 2.83739240894, 61, 2019
E, -100, 0.9102488934773467, 413.370647381, 34.164247455, 11.7756109726, 0.158392201674, 0.297330395805, 61, 2019
Z, -99.5, 0.39764669019681986, 189.399850109, 100.663097276, 2.01142566118, 0.976221354523, 1.86692380142, 64, 2019
N, 99.5, 0.686666864426837, 581.670254099, 58.6943758418, 7.75019833317, 2.11325537537, 2.31877667972, 64, 2019
E, 99.5, 0.9385431078193641, 356.273631066, 36.8759682858, 7.73384333834, -1.06889030628, 0.907598137625, 64, 2019
Z, -100, 0.8878450869988153, 303.687438112, 113.957481372, 2.71090022843, -0.0252191519535, 0.392290773721, 67, 2019
N, 100, 0.8145492760634493, 247.429966263, 63.9471043829, 3.73331116827, -0.218262853989, 0.984695683677, 67, 2019
E, -100, 0.5236037796092021, 242.720242657, 34.7992460813, 6.67807642923, -2.59093600972, 2.7361849473, 67, 2019
Z, -99.5, 0.977792070925685, 127.651533836, 96.3784398229, 1.42198975512, -0.814523023267, 2.58958968589, 70, 2019
N, -99.5, 0.5726346846769016, 785.237329137, 54.3615300533, 10.6117810976, 0.00112001940931, 0.969671214271, 70, 2019
E, -99.5, 0.525327409737848, 477.745796972, 22.9778003864, 15.9162755562, -1.03430077092, 2.68198379109, 70, 2019
Z, -99.5, 0.8825579376705928, 68.8866346626, 54.2599296242, 1.24648033839, 0.519943828483, 0.149380990598, 73, 2019
N, 99.5, -0.21747056812863536, 1492.32475166, 33.4826695621, 34.8771522893, 0.757390440063, 1.25041450815, 73, 2019
E, 99.5, 0.5261012920859901, 936.074638242, 18.6698782005, 51.5616707403, 0.173636848934, 0.869245367989, 73, 2019
Z, 99.5, 0.9810290349624052, 89.6555131953, 76.9546273377, 1.08408840042, -0.554910310008, 0.313948129203, 76, 2019
N, -99.5, -0.282867943553731, 500.617570962, 48.3118049766, 10.8469905796, 1.13420323818, 2.77680598071, 76, 2019
E, 99.5, 0.9287624270623975, 352.508507513, 45.4329142108, 8.55590357198, 2.19816187614, 2.79074504474, 76, 2019
Z, 99.5, 0.999128299384501, 145.716414476, 130.068513549, 1.13037793455, -0.0307708702661, 0.0253221892719, 79, 2019
N, 99.5, 0.6904413928578786, 1138.99073411, 77.930993679, 14.5367008616, 2.47961650465, 2.64098361287, 79, 2019
E, -99.5, 0.9675421708606718, 733.378827272, 52.2988102936, 13.6147279982, 0.0169944285854, 0.139645422231, 79, 2019
Z, -100, 0.9996855103319526, 152.286781798, 131.228943221, 1.15491223999, 0.0171484512867, 0.0104980899862, 82, 2019
N, 100, 0.9504635755492429, 986.029311788, 79.6146945468, 11.8119094893, -0.471429093082, 0.239844080137, 82, 2019
E, -100, 0.8846921147459289, 608.786101722, 32.4722363627, 17.7346473214, 0.279679261126, 0.194954360956, 82, 2019
Z, -99.5, 0.9849121147258906, 100.336124267, 84.1251201412, 1.19441896926, 0.178548887719, 0.0402403259999, 85, 2019
N, -99.5, 0.419611288183781, 1448.65123182, 52.7951077882, 21.6412507483, 0.571003201907, 0.482927359952, 85, 2019
E, 99.5, 0.7474443103914116, 919.403566969, 15.2621443607, 55.0791321722, 0.375216914578, 0.65462484284, 85, 2019
Z, 99.5, 0.9121131280927236, 31.0889798434, 28.101163093, 0.982788795673, 0.0958786804188, 0.119731916009, 88, 2019
N, 99.5, -0.6067020204444339, 1316.19544872, 24.567676315, 45.9119333746, 1.23807347382, 1.15007409139, 88, 2019
E, 99.5, 0.7244336960961789, 830.420897944, 28.2955952409, 30.2757420234, -0.84097768923, 0.358538978696, 88, 2019
Z, 99.5, 0.9880738518734522, 86.4677152878, 74.4673009252, 1.17336195227, -0.0936440158083, 1.40433864086, 91, 2019
N, 99.5, 0.14241234055747604, 908.156518092, 45.5264756364, 15.7848564516, 0.0947989510627, 2.13243685201, 91, 2019
E, 99.5, 0.8312721557914369, 573.935518728, 35.0932671467, 12.7913583274, -1.92349786484, 2.57688331216, 91, 2019
Z, 99.5, 0.9963576313459606, 130.487580357, 109.88670943, 1.20005301175, -0.136139585861, 0.0458434307395, 94, 2019
N, 99.5, 0.6812434790569188, 1362.34490441, 62.5809160222, 20.6198943534, 2.52660916152, 2.65210788057, 94, 2019
E, 99.5, 0.9801690711994875, 850.650000413, 39.3122109872, 20.2880972208, -0.175640946299, 0.119363174922, 94, 2019
Z, -99.5, 0.9995100510729995, 130.718226562, 116.698530822, 1.1557959862, -0.00618669183731, 0.0314371492829, 97, 2019
N, 35.5, 0.9533637469812865, 616.759407784, 65.3608435638, 9.38500873834, -0.333438214673, 0.280798856117, 97, 2019
E, -99.5, 0.8810058427687566, 376.479329247, 34.4211612137, 10.6143761668, 0.257635090363, 0.261879454653, 97, 2019
Z, -99.5, 0.9949440980572916, 106.135157992, 89.2972276316, 1.19275948741, -0.209147018709, 1.34998677256, 100, 2019
N, -99.5, 0.5611708931899321, 1115.85707668, 51.3026625042, 20.1432442853, 0.437649321342, 0.254025277848, 100, 2019
E, -99.5, 0.6636065507731643, 697.436300611, 18.2786470001, 36.204278342, 0.651099790296, 0.406149749735, 100, 2019
Z, -99.5, 0.9740248371053176, 42.0669330864, 42.8295060822, 0.936325933831, 0.137494431779, 0.0802681891394, 103, 2019
N, 99.5, -0.6514355301671294, 779.422336591, 31.2450832734, 21.1693293427, 1.20615103222, 1.2090750506, 103, 2019
E, 99.5, 0.467910679000548, 494.118118453, 29.4065416085, 19.8973859221, -0.715401794808, 0.472883806762, 103, 2019
Z, 99.5, 0.4303487165192579, 2982.81951551, 97.2955448696, 28.4684246106, -1.31220533539, 1.58572504528, 106, 2019
N, -99.5, -0.12884820623864104, 1101.55306575, 59.9041958775, 15.8666262637, 1.58310799304, 2.74912406822, 106, 2019
E, 99.5, 0.9112809936692408, 759.799694208, 48.545902682, 15.2218099917, 1.82054516987, 2.84443498802, 106, 2019
Z, 99.5, 0.8937165075844974, 7340.42502727, 130.127148252, 43.8029076492, -0.553074237527, 0.474880477885, 109, 2019
N, 99.5, 0.7170076335668263, 1102.67180907, 78.5638798609, 12.3830731219, 2.48771960463, 2.56323771397, 109, 2019
E, -99.5, 0.9606563948408413, 746.242217634, 44.2228999273, 14.5885800066, -0.0166277386606, 0.156738575938, 109, 2019
Z, -36.5, 0.9484389097795602, 109.67348367, 112.478148357, 0.78332041457, -0.591258072676, 0.950954391773, 112, 2019
N, -99.5, 0.7521040586124209, 1045.93791696, 68.8077989809, 10.8816204013, -0.152756205759, 0.680011858047, 112, 2019
E, -99.5, 0.6198709181637537, 636.654707491, 22.0167208584, 20.3642695731, -0.210355498049, 1.26192332634, 112, 2019
Z, -99.5, 0.9862199583710789, 71.4976718385, 64.9027707721, 1.0934044279, 0.0940981183624, 0.0408773169151, 115, 2019
N, -99.5, 0.051678954566190594, 1038.40014015, 40.2837094122, 23.2032150679, 0.565482084857, 1.19880691461, 115, 2019
E, 99.5, 0.8842484807611263, 695.256049248, 16.1035507107, 43.332276547, 0.091779741145, 0.468406830599, 115, 2019
Z, 99.5, 0.9500878443125815, 54.0976820681, 38.5292186079, 1.21114167358, -0.0160174693921, 0.694350868107, 118, 2019
N, -99.5, -0.13433146806951285, 331.401954907, 28.5902518948, 14.2990669772, 1.81585426132, 2.00475733753, 118, 2019
E, -99.5, 0.826883233468323, 253.889957227, 25.7479094608, 12.0320350833, -0.636758078233, 1.31269041351, 118, 2019
Z, 100, 0.9707666119595264, 99.3602184077, 82.9360605447, 1.27278561063, -0.327142108449, 1.52697259119, 121, 2019
N, 100, 0.2912736321574753, 530.34349925, 49.4812870045, 10.0480258794, -0.0539013359562, 0.79292423414, 121, 2019
E, 100, 0.9221308308352132, 385.37358896, 34.6903220258, 10.1561523189, -2.52160657233, 2.40292381766, 121, 2019
Z, -99.5, 0.9943020188650984, 125.274584539, 112.861875999, 1.1939207286, -0.0626567461979, 0.123800960592, 124, 2019
N, 99.5, 0.6253846180508361, 278.22280752, 64.3053460751, 3.80565841434, 2.6356760508, 2.48916236544, 124, 2019
E, 99.5, 0.9023638367277134, 194.183960883, 38.4232364332, 4.66587919852, -0.226560117766, 0.448668712334, 124, 2019
Z, -99.5, 0.9978729276849216, 130.629622154, 110.552379755, 1.24642796874, 0.0718514740431, 0.0812491503072, 127, 2019
N, -99.5, 0.8913759574330116, 1002.74817844, 63.4734881014, 12.3409365889, -0.12175905095, 0.312581698807, 127, 2019
E, -99.5, 0.7058418602713632, 623.000466732, 29.6713812468, 16.2613601449, 0.443054550153, 0.30681495563, 127, 2019
Z, 54.5, 0.9981183669494698, 74.5737822492, 76.8519600253, 0.965267035965, -0.0306597841637, 0.0518545507178, 130, 2019
N, -99.5, 0.6523173180120898, 453.994132601, 46.2967853583, 9.91896211457, 0.172592297283, 1.62171231417, 130, 2019
E, 99.5, -0.12758211890074064, 284.152095483, 12.1319343517, 21.6249546631, 0.468020266961, 1.4201381665, 130, 2019
Z, 99.5, 0.4522472144222497, 1395.66859704, 59.0736651768, 20.9707770123, -0.906383983201, 0.487365628244, 133, 2019
N, -99.5, -0.6017826736366785, 843.475622595, 41.7871886221, 16.8823023813, 0.724835250059, 1.439581342, 133, 2019
E, 99.5, 0.5466875741464974, 572.040267466, 34.3565683425, 15.5736471091, 1.2032634361, 2.79999620655, 133, 2019
Z, -99.5, -0.8954255526355834, 13847.2274526, 102.414197171, 99.3103230252, -1.79213165833, 2.71868573433, 136, 2019
N, 99.5, 0.15123929468120687, 1166.19842649, 63.9765119468, 17.5066327673, 2.09713979527, 2.85573739373, 136, 2019
E, 99.5, 0.9679925695855797, 766.878909101, 42.184149044, 17.9312529184, -0.451335084952, 0.207912947253, 136, 2019
Z, 99.5, 0.9842753377906424, 138.074560719, 114.838080758, 1.34117441747, -0.324075289942, 0.195324778631, 139, 2019
N, 99.5, 0.850847369314025, 792.944362933, 70.4759244495, 10.3971362603, 2.57601472969, 2.72551923797, 139, 2019
E, -99.5, 0.8729614095072034, 465.14571227, 32.345041347, 13.3069196636, 0.208532800514, 0.324227620129, 139, 2019
Z, -99.5, 0.9955994600016563, 119.982061427, 92.0274578492, 1.35308928092, 0.076254939319, 0.0650398632079, 142, 2019
N, -99.5, 0.8383881497619107, 1219.65422592, 56.4719158036, 20.9706440999, 0.062328481341, 0.18311524967, 142, 2019
E, -99.5, 0.7834522173111536, 736.275642321, 15.8499307125, 43.808079629, 0.574196796086, 0.369056840526, 142, 2019
Z, 99.5, 0.23373059146898548, 101.378756973, 53.5544107674, 1.75068302766, -1.45174802182, 0.467399911317, 145, 2019
N, 99.5, -0.01564479160594663, 777.292383849, 33.3289114565, 20.2609249792, 0.629013809043, 1.19928519085, 145, 2019
E, 99.5, 0.7521592159186876, 473.875894354, 11.8237004593, 35.4936910811, -0.0626407706634, 0.754077294905, 145, 2019
Z, 99.5, 0.8438932201792683, 2376.39594172, 46.6789977406, 47.2402173774, 0.256918334463, 2.10206906347, 148, 2019
N, -99.5, -0.7031257922436436, 886.451680757, 32.3706019926, 22.6080292995, 2.73947958242, 1.31455707632, 148, 2019
E, 99.5, 0.8005632547004974, 568.62783049, 22.312990365, 23.8159756496, -0.340066211019, 0.192354696785, 148, 2019
Z, -99.5, 0.7482503926674257, 6142.2721054, 86.4441653937, 56.837938348, 0.109548951814, 0.574872474274, 151, 2019
N, 99.5, 0.4730937373892809, 1503.97367817, 51.5317920768, 24.2151985618, 1.99289796155, 2.74143013385, 151, 2019
E, 99.5, 0.9496507622904496, 915.537028895, 33.8447745702, 23.4720714458, 0.359694545329, 2.62465107942, 151, 2019
Z, 99.5, 0.9986710826591647, 130.243807282, 110.707049002, 1.20523963192, -0.128889132956, 0.0556303693572, 154, 2019
N, 99.5, 0.9314094016644171, 1077.54307072, 64.5444144754, 18.7657506101, -0.294686279856, 0.236591530583, 154, 2019
E, -99.5, 0.862776615237212, 635.164538043, 35.949485493, 19.1851023201, -3.11300244166, 2.72259976339, 154, 2019
Z, -99.5, 0.9983250486052999, 118.069877811, 102.682459673, 1.15092679081, 0.0288393433455, 0.0214914459066, 157, 2019
N, -99.5, 0.9038125500648164, 582.628213444, 61.4626732317, 9.82892583528, -0.0104191067438, 0.196360114951, 157, 2019
E, -99.5, 0.55730204898123, 345.862334972, 25.6584434737, 13.4072701627, 0.553596084141, 0.224220079297, 157, 2019
Z, -0.5, 0.9947674475917138, 70.928156074, 70.5440150787, 0.985640581755, -0.142735366757, 0.0717229503735, 160, 2019
N, 99.5, -0.47496973922816893, 608.900803111, 45.4529257634, 10.548622608, 1.13646043128, 1.3487129177, 160, 2019
E, 99.5, 0.028388341823298906, 377.216948055, 17.1637007155, 19.6295192334, 1.58315918973, 1.36553533981, 160, 2019
Z, 100, 0.9929505861782657, 64.9952973613, 65.9197027249, 0.999217472079, -0.24216160458, 1.32635141268, 163, 2019
N, -100, -0.6859312403636281, 937.258089501, 46.7801189497, 20.2180299013, 2.51519980415, 1.77731036536, 163, 2019
E, 100, 0.8012476139528424, 593.456291703, 31.6160341282, 20.7844843538, 2.45522116024, 2.75992771172, 163, 2019
Z, 99.5, 0.9953333715512451, 105.884095251, 93.6370633998, 1.09230629499, -0.117975123273, 0.0510452046277, 166, 2019
N, 99.5, 0.42200663754182544, 852.004864972, 59.9813045299, 13.207493947, 2.43636438228, 2.8113799779, 166, 2019
E, -99.5, 0.9561223894741062, 508.18119461, 33.6712603839, 13.9785107317, -0.127082767596, 0.226803948738, 166, 2019
Z, 99.5, 0.9994638944456682, 110.795196701, 99.8821078673, 1.11527837056, -0.0531677670741, 0.0236076128845, 169, 2019
N, 99.5, 0.9433113424143498, 751.796625857, 61.5450203943, 10.0499400907, 2.6652790223, 2.85241405081, 169, 2019
E, -99.5, 0.8111211293154861, 428.786867102, 25.6627761622, 12.9037471236, 0.360675380934, 0.42117361097, 169, 2019
Z, -99.5, 0.9912131723765142, 109.167265638, 82.4319959683, 1.36928730925, 0.156965508143, 0.0990821728751, 172, 2019
N, -99.5, 0.7106810645447205, 845.284612793, 49.7866660915, 12.5853205716, 0.0793384359883, 0.457309038828, 172, 2019
E, -99.5, 0.6890691770061412, 506.019631895, 15.4341168561, 23.7804814183, 0.449189227082, 0.541723604777, 172, 2019
Z, -99.5, 0.89409042434574, 65.5496125505, 52.8321225996, 1.20529514465, 0.578754671157, 0.159350835692, 175, 2019
N, 99.5, -0.47553429930003377, 822.125789238, 32.7536636664, 17.6268657284, 0.909627558452, 1.5072304619, 175, 2019
E, 99.5, 0.6265493697939256, 516.884098468, 8.01084273504, 40.6023930573, 0.943129897714, 0.957677925445, 175, 2019
Z, 99.5, 0.892247583029934, 50.128766154, 50.2182200241, 0.87387199357, 1.1466816502, 1.04925898703, 178, 2019
N, -99.5, -0.7803698120971794, 1108.82374958, 34.312591744, 31.4147680242, 2.71815752058, 1.27917239946, 178, 2019
E, 99.5, 0.7607430875293903, 671.011367496, 21.3042428158, 36.2505513514, -0.549111626575, 0.328926737152, 178, 2019
Z, 62.5, 0.9992421742801366, 99.4567081674, 87.6472366682, 1.14224802892, 0.109138035906, 0.0798823956623, 181, 2019
N, 99.5, 0.2843857351033915, 371.060597418, 53.0324454756, 7.06049280681, 1.81467611807, 2.84261180064, 181, 2019
E, 99.5, 0.8474519620452652, 262.484230371, 35.0602347647, 7.77943285113, 1.16548164616, 2.64873383876, 181, 2019
Z, -100, 0.9955850645952431, 125.333916082, 111.533685054, 1.05338838437, 0.209871271069, 0.18149086351, 184, 2019
N, 100, 0.7829156215001615, 575.481121892, 66.753491694, 7.33043881824, 0.491685007292, 2.23108695251, 184, 2019
E, -100, 0.8639522293276803, 330.879070721, 36.8855477806, 7.07276478749, 0.473173841004, 0.445788242451, 184, 2019
Z, -99.5, 0.9991102620050921, 114.819437168, 103.358667801, 1.10842636465, -0.0237559298548, 0.0327149976094, 187, 2019
N, 16.5, 0.8732980806627637, 481.077671429, 63.5364617741, 7.21872674038, -0.368074492905, 0.248878952464, 187, 2019
E, -99.5, 0.644158406872555, 270.979403327, 25.4233949345, 9.97002268272, -0.0565456056356, 1.17482539475, 187, 2019
Z, -100, 0.9755828390525624, 71.1504584357, 69.3006855057, 1.03869608605, 0.330856260544, 0.113071632439, 190, 2019
N, 100, -0.3037578576381223, 372.600200074, 46.9582898324, 6.67325934674, 0.77658981498, 1.27968095542, 190, 2019
E, 100, 0.06725258991308486, 264.677096406, 17.1956802345, 16.1729648735, 1.04976070248, 1.53980008984, 190, 2019
Z, 99.5, 0.9653497289089694, 67.736419392, 60.0741304589, 0.968665236283, 0.285780876353, 2.09275079648, 193, 2019
N, -99.5, -0.1428481946816927, 280.410701159, 44.0043773885, 5.97120373661, 0.782265021647, 3.00134376301, 193, 2019
E, 99.5, 0.5752135239374859, 234.607231307, 29.3641191527, 8.07294611129, 1.97899886482, 2.81947512347, 193, 2019
Z, 99.5, -0.37598055731109226, 9848.86468435, 87.3136104544, 82.4404352997, -1.37507862005, 2.90602925966, 196, 2019
N, -99.5, 0.861885431686787, 465.585743904, 55.5644129432, 7.83791151489, 0.353765701051, 1.1979565891, 196, 2019
E, -99.5, 0.11798959005944418, 238.677522695, 31.1539864124, 6.39284622203, -2.22585418488, 2.81945661046, 196, 2019
Z, 99.5, -0.4338431758373748, 6379.46672811, 96.9655690167, 58.4792097117, 1.58153382207, 1.56351167014, 199, 2019
N, 99.5, 0.6550449857016737, 716.586372285, 58.2143539699, 8.90542023232, 0.631268471997, 2.91422105378, 199, 2019
E, 99.5, 0.923628541008906, 416.66456929, 25.9134494642, 11.3283791561, -0.194553859706, 1.03075004483, 199, 2019
Z, -99.5, 0.9855206440798585, 95.3920116113, 84.5378166457, 1.17103732629, 0.232011793232, 0.121861857722, 202, 2019
N, -99.5, 0.7239744402674503, 298.16027376, 49.1452594785, 5.44527377154, 0.308690559021, 1.03615517291, 202, 2019
E, -99.5, 0.6457902476081097, 151.377091763, 18.9203788673, 6.96916794862, 0.806250673403, 0.175147699531, 202, 2019
Z, -99.5, 0.9856781352944843, 56.1045313032, 56.5028935672, 1.02418089728, 0.284293518019, 0.105842182267, 205, 2019
N, -99.5, 0.6199033533644056, 96.9710412981, 34.1303048776, 2.69395331708, 0.237097573701, 1.2624993642, 205, 2019
E, -99.5, 0.48608772329037164, 79.7390602767, 9.3529597011, 7.93504970933, 0.707212432512, 0.420333693877, 205, 2019
Z, 100, 0.9776082022041357, 58.3372322417, 51.0596311163, 1.44138442346, -0.265124214515, 0.273128606573, 208, 2019
N, 100, 0.20454432216871635, 70.3021060494, 34.9956392563, 2.416609735, 1.63502827254, 2.32842578831, 208, 2019
E, 100, 0.4139121292517894, 114.686622748, 25.4228813561, 5.87337846888, 0.860108340303, 2.84349237834, 208, 2019
Z, 46.5, 0.9994648546356076, 97.1234031449, 95.8147229499, 1.02793981089, -0.0511239785079, 0.0554328630173, 211, 2019
N, -99.5, -0.724504628039803, 868.92824255, 58.2250446106, 11.0898891704, 1.6795851838, 3.35052776291, 211, 2019
E, 99.5, 0.34874415305355616, 531.262352042, 41.7721313194, 9.66605605197, -0.59472972551, 0.455321003398, 211, 2019
Z, -99.5, 0.9991590377505661, 134.597289743, 122.596622489, 1.12312855178, -0.0374716068706, 0.0579591420089, 214, 2019
N, -99.5, -0.45571225866371795, 429.143985259, 73.8628755852, 5.48215670524, 1.42157991927, 3.14940418033, 214, 2019
E, 99.5, 0.36680484780546824, 251.025845765, 41.6968801681, 5.31455481946, -0.59423951078, 1.42843172834, 214, 2019
Z, -99.5, 0.9921396178742748, 117.208086266, 107.443468012, 1.09328783354, 0.115814304194, 0.0400099421391, 217, 2019
N, 99.5, -0.4271737062864787, 941.305871328, 66.4589688311, 10.5428174191, -0.476040354674, 2.58728519383, 217, 2019
E, 99.5, -0.24946080981732127, 581.466627891, 23.1349326474, 18.9167093282, -0.0834881283497, 2.937794187, 217, 2019
Z, -99.5, 0.9802894077374633, 48.7350630904, 56.9032857417, 0.878832647502, 0.202277560667, 0.115543965075, 220, 2019
N, -99.5, -0.7672180205526227, 769.624652357, 41.5762215631, 17.1202615291, -1.59407437623, 2.73381914678, 220, 2019
E, -99.5, 0.5418866307406318, 450.396441421, 21.5480670844, 25.9453650951, -0.97341361994, 1.7323200099, 220, 2019
Z, -29.5, 0.9972836212813233, 68.864215595, 59.4616884574, 1.2349395114, 0.0564844716099, 0.0856214788874, 223, 2019
N, 99.5, 0.11857085157581197, 39.698474345, 41.558707802, 0.807435586531, 0.645837918422, 2.65084613657, 223, 2019
E, 99.5, 0.9733847931810407, 66.9842566544, 32.4745377509, 2.08683831648, -0.387936182602, 0.311349159286, 223, 2019
Z, -100, 0.9944235682557185, 109.301442583, 92.7908058567, 1.11912895424, 0.241525828951, 0.20342083611, 226, 2019
N, 100, 0.7646138535688684, 761.82864906, 56.4362764982, 10.4127041584, 0.213289877065, 2.15879350295, 226, 2019
E, -100, 0.8583576464551951, 449.450980816, 33.3765242492, 9.63823408096, 0.474483145839, 0.346740379889, 226, 2019
Z, -100, 0.9971494925347801, 127.322514553, 104.003596, 1.22126058468, 0.00987630015956, 0.0439810609997, 229, 2019
N, -100, 0.9721222106379458, 626.444050538, 59.8626603545, 9.84474762614, -0.1971607555, 0.251708321235, 229, 2019
E, -100, 0.8489313772753125, 360.754816914, 30.0837148279, 10.6982362751, 0.46131154505, 0.179599666799, 229, 2019
Z, -99.5, 0.9936814630831357, 100.898101886, 89.8704603477, 1.08599735938, -0.212942289631, 1.32722002136, 232, 2019
N, -99.5, 0.5681239773131462, 998.715234282, 50.5772784822, 15.2057127592, 0.579302398111, 0.314356314802, 232, 2019
E, -99.5, 0.5989759151073365, 567.90859085, 22.5322060562, 18.9729166328, 0.777643812146, 0.41220225302, 232, 2019
Z, -99.5, 0.9759403901131622, 59.8769940997, 54.3254160248, 1.0921944088, 0.172928568894, 0.0519606610665, 235, 2019
N, 99.5, -0.3986368866000795, 738.457424476, 33.1160680423, 19.0221311965, 0.993980521472, 1.1738501667, 235, 2019
E, -99.5, 0.7090722783448028, 449.400259943, 10.9143397978, 35.3794315615, 0.813469377727, 0.56348893099, 235, 2019
Z, 99.5, 0.9918357216750792, 67.8328795023, 60.8308532694, 1.1938124412, 0.244329235152, 1.34468711107, 238, 2019
N, -99.5, -0.28472923428935437, 679.25869719, 39.6473871133, 13.7509497217, 0.333576694173, 1.80959105793, 238, 2019
E, 99.5, 0.8866522432572923, 443.213814067, 36.0328200104, 10.760935516, 0.973373489666, 0.761775299876, 238, 2019
Z, 99.5, 0.9921440884603211, 129.887499847, 116.164705591, 1.15168373018, -0.263604496332, 0.148859269428, 241, 2019
N, 99.5, 0.3816029508173881, 1346.22389445, 69.5124447477, 17.9826357183, 2.18239055207, 2.73941183554, 241, 2019
E, 99.5, 0.9763753872165881, 800.807286771, 50.4366685576, 14.4040796434, -0.268521410257, 0.201197627543, 241, 2019
Z, -82.5, 0.9971926095657289, 159.515142725, 134.007510174, 1.26282054994, -0.0648386450557, 0.0894568923321, 244, 2019
N, -99.5, 0.9295950546265807, 721.718758196, 80.5309910058, 10.3426453986, -0.40451195573, 0.303260146618, 244, 2019
E, -99.5, 0.6078715283124277, 400.049345754, 42.2036838675, 10.212713396, 0.510373980378, 0.259857393101, 244, 2019
Z, -99.5, 0.9932671912442699, 112.728380144, 97.7907121548, 1.15263479407, 0.0794380076218, 0.023292407506, 247, 2019
N, -99.5, 0.4154613938908307, 1507.08881405, 61.7276353255, 21.6847970223, 0.66194549225, 0.265715759215, 247, 2019
E, -99.5, 0.5366977512687069, 864.018386826, 13.1536083834, 54.1122226289, 1.10825184734, 0.671296543534, 247, 2019
Z, -99.5, 0.8830084228488785, 32.3646625829, 33.2987621898, 0.998367438361, 0.589930637948, 0.340654598646, 250, 2019
N, 99.5, -0.7423252810935747, 800.612208178, 30.4380004325, 22.7266150203, 1.49065303865, 1.17037816195, 250, 2019
E, 99.5, 0.8229906660934172, 500.107415114, 28.8002952377, 18.6968768909, 2.5389402214, 2.76483461779, 250, 2019
Z, 99.5, 0.950762259635058, 82.3739159437, 70.5840902096, 1.2262864009, -0.367506226698, 1.47980690147, 253, 2019
N, 99.5, 0.10332179118491759, 884.391966151, 44.9480017954, 16.2066089672, 1.85038877017, 2.77670181939, 253, 2019
E, -48.5, 0.9742243258778192, 593.842234159, 35.8096700907, 13.1968998909, -0.17415951317, 0.324157442551, 253, 2019
Z, -100, 0.9888474934861797, 120.953553165, 104.226650844, 1.06380885117, 0.360334441545, 0.256911708223, 256, 2019
N, 100, 0.7592975807767992, 848.206313505, 60.4547047955, 10.99142041, 2.39245201218, 2.41922161939, 256, 2019
E, -100, 0.9519048005945392, 495.315097344, 36.8208241608, 10.3088504933, 0.179958452631, 0.185458250674, 256, 2019
Z, -99.5, 0.9937766552927143, 123.409209292, 111.606974818, 1.01809203335, 0.193037996515, 0.143530088774, 259, 2019
N, -99.5, 0.8768713856296452, 988.509748974, 62.3081563475, 11.7996548027, -2.35706112135, 2.96957964993, 259, 2019
E, -99.5, 0.8158647058180734, 562.601622359, 33.5621320472, 11.645452038, 0.221684241913, 0.682691238589, 259, 2019
Z, -100, 0.9965194500060338, 96.5599507961, 88.7897639834, 1.01297332246, -0.37966752369, 1.30741192032, 262, 2019
N, -100, 0.6079023708223155, 1152.1078009, 49.8356426926, 19.2453263529, 0.441044632524, 0.206879079488, 262, 2019
E, -100, 0.7621251545082749, 675.092907317, 21.2900628345, 26.8594989667, 0.485646924056, 0.254937771562, 262, 2019
Z, 99.5, 0.8070552742757485, 40.7162465991, 42.2460621642, 1.0337373914, -0.899979217879, 0.392601434946, 265, 2019
N, 99.5, -0.6206777015181145, 531.650352876, 28.894483113, 15.4950966815, 1.13074538885, 1.31860688277, 265, 2019
E, 99.5, 0.6417879190539238, 333.190734357, 21.2210143133, 17.5743453792, -0.551013540764, 0.238380849661, 265, 2019
Z, 99.5, 0.9856850000465348, 99.8419749959, 83.9348056546, 1.19131868131, -0.164637624549, 0.017742531786, 268, 2019
N, -99.5, -0.2775527277183925, 1112.57527718, 51.3533274223, 21.7927689237, 1.27018546463, 2.83065873284, 268, 2019
E, 99.5, 0.8969376604049047, 705.209495707, 47.1268691612, 14.8581301317, 2.5822786476, 2.67658157322, 268, 2019
Z, 100, 0.9988352539900652, 159.123470153, 134.170290127, 1.16715022121, -0.0712146108566, 0.0396545478426, 271, 2019
N, 100, 0.5921515547791921, 714.025522116, 79.8136561217, 8.94989237856, 2.38400756861, 2.60133396719, 271, 2019
E, -100, 0.9719122392674788, 447.966970394, 52.7380919943, 8.07473020879, -0.224317083995, 0.242908504621, 271, 2019
Z, -89, 0.9988699979297682, 150.488073079, 128.970698195, 1.21162112082, -0.0202797427256, 0.0548217797148, 274, 2019
N, -100, 0.8604945829553564, 1029.14465912, 78.3081134655, 10.5290522779, -0.557978527344, 0.503848018611, 274, 2019
E, -100, 0.6859210796024408, 578.063156666, 32.2867436334, 14.114880222, 0.22791422386, 0.557062611691, 274, 2019
Z, -99.5, 0.9964985548961438, 81.1812355332, 73.8835560696, 1.08964849973, 0.128647717647, 0.0272806201254, 277, 2019
N, -99.5, 0.3135293016620681, 931.355354619, 49.268490374, 16.2163735741, 0.359590529477, 1.20332929497, 277, 2019
E, 99.5, 0.6777410387839843, 553.058774425, 18.5102911511, 34.3198527996, -0.416870333177, 0.519895504345, 277, 2019
Z, 99.5, 0.8973946439786455, 44.9931038564, 36.7426162144, 1.70439684541, -0.237318213141, 1.50255007148, 280, 2019
N, -99.5, -0.7008716681251, 857.0524691, 28.7483131806, 22.2397485933, 1.65080093386, 1.55741416473, 280, 2019
E, 99.5, 0.7693384346328125, 528.064729361, 31.6348600352, 13.0679769112, 2.37221538551, 2.49029503463, 280, 2019
Z, 99.5, 0.9982117498592926, 101.73780749, 82.8995522423, 1.18734458306, 0.177881716685, 1.35463853973, 283, 2019
N, 99.5, 0.09726170218027247, 1248.27779828, 50.0189503206, 23.629459042, 1.71840824746, 2.77135262913, 283, 2019
E, 99.5, 0.9244750688569938, 748.210591928, 36.8204077677, 18.7823642238, -0.668854147077, 0.251690809765, 283, 2019
Z, -81.5, 0.999267966373581, 128.97619155, 112.433288591, 1.18169867712, -0.040215838739, 0.0456156174632, 286, 2019
N, 99.5, 0.8225874435862419, 484.567209352, 63.5780938414, 8.65496103528, 2.73263938778, 2.70409696159, 286, 2019
E, -99.5, 0.9847427333760496, 306.010198866, 38.7345789638, 8.57543663605, -0.177464731717, 0.125386021369, 286, 2019
Z, -99.5, 0.9924870582979167, 117.03679417, 111.763232091, 0.929359118069, 0.196315397683, 0.208388636743, 289, 2019
N, -99.5, 0.9678263256626936, 811.4642555, 62.2246378269, 12.3228733767, -0.215451060752, 0.23067705362, 289, 2019
E, -99.5, 0.9102018211328665, 496.963700102, 32.150090231, 14.3242892414, 0.230186798951, 0.193969528654, 289, 2019
Z, 64.5, 0.9849664118982755, 75.9998087849, 78.1187301, 0.908028746163, -0.282188925928, 0.173646411652, 292, 2019
N, -99.5, 0.6508669816343231, 462.514572011, 45.9147560273, 9.48993325546, 0.423155955683, 0.200218289427, 292, 2019
E, -99.5, 0.8311142892730604, 283.447420306, 13.2781282098, 20.7990870214, 0.327094742391, 0.152867376044, 292, 2019
Z, -99.5, 0.874474530134377, 37.2861013667, 43.7169339252, 0.928846424033, 0.841905657335, 0.707070182446, 295, 2019
N, 38.5, -0.800455685408699, 979.72179919, 32.3432239643, 23.1581717199, 1.39507830236, 1.40145430632, 295, 2019
E, 99.5, 0.5923492858086191, 620.179894745, 31.8197367852, 17.731191343, 2.53370091319, 2.66234116566, 295, 2019
Z, 99.5, 0.979757109426402, 118.77656955, 104.395891639, 1.08800059601, -0.490083871758, 0.303144203814, 298, 2019
N, -99.5, -0.10243297264998145, 921.180476398, 63.2332430683, 13.737116564, 1.51051051194, 2.84225055605, 298, 2019
E, 99.5, 0.8738219020439928, 600.029584397, 50.2896211679, 11.2688270102, 2.63740943454, 2.74254912207, 298, 2019
Z, -58, 0.9993693957037568, 144.266491653, 133.372014303, 1.12360994479, -0.0303419350534, 0.0539528152078, 301, 2019
N, 100, 0.7850552680321791, 836.175134709, 80.2216262674, 8.01020774118, 0.361552791057, 2.14231482047, 301, 2019
E, -100, 0.7892177650642803, 500.676813035, 44.2725171168, 8.41527760471, 0.119595704169, 0.453749294835, 301, 2019
Z, -99.5, 0.9987774351973555, 121.818647551, 108.117557902, 1.11345371839, 0.0422346753977, 0.0232542069316, 304, 2019
N, -99.5, 0.8455175096719769, 1021.34397774, 67.3996953785, 13.6719089445, -0.0768790485174, 0.235730790208, 304, 2019
E, -99.5, 0.8310464853180083, 598.653889609, 17.4147523249, 31.7145587236, 0.478708413131, 0.266901129757, 304, 2019
Z, 99.5, 0.9832933938414878, 42.9509653734, 50.849985962, 0.797532234498, -0.33903650868, 0.108155122691, 307, 2019
N, 99.5, -0.4134727661499952, 300.050624699, 37.1638192666, 7.54710933985, 0.800050958088, 1.58700944932, 307, 2019
E, 99.5, 0.8019247390912368, 160.807870919, 19.7473659475, 9.21783095465, 2.29958499791, 2.91173445606, 307, 2019
Z, 99.5, 0.940959473146455, 51.1829632041, 46.5765707758, 1.51770182409, 1.43624651268, 2.64988226728, 310, 2019
N, -99.5, -0.7977169198482769, 1074.30738487, 32.6109299072, 27.604295479, 2.72270001812, 1.32372674933, 310, 2019
E, 99.5, 0.667862858075976, 673.490427552, 29.1177956933, 18.7266612107, 2.86139085794, 2.67060156543, 310, 2019
Z, -99.5, 0.987635400949032, 102.946991437, 89.3005752736, 1.20004042408, 0.384202105107, 0.228557511913, 313, 2019
N, -99.5, -0.021751168540931592, 903.561398148, 52.5001858835, 17.5530261944, 1.79900361774, 2.83483257645, 313, 2019
E, 99.5, 0.7897565807200524, 555.736586146, 35.7692504194, 15.5477017747, 2.37065263738, 2.88860522383, 313, 2019
Z, 65.5, 0.995942408481017, 121.703836627, 113.173232816, 1.04611171127, 0.193875519787, 0.169267836166, 316, 2019
N, 99.5, 0.3178466721355212, 1420.60971138, 63.8884783735, 17.0436767424, 2.60130152647, 2.67626779604, 316, 2019
E, 99.5, 0.7220533375611277, 837.767208516, 37.2681579711, 16.961518042, -0.641008739028, 0.549367909814, 316, 2019
Z, 100, 0.99824263691526, 127.262581643, 104.623612384, 1.2514885416, -0.0749800063653, 0.0573832779639, 319, 2019
N, 100, 0.8654363714140522, 1168.28997753, 59.9476262367, 19.747280237, -0.934402986251, 0.248190002528, 319, 2019
E, 100, 0.970431142352892, 670.857421082, 25.736677827, 27.0582331312, -0.524095580925, 0.26752786261, 319, 2019
Z, -99.5, 0.7522687108097663, 8706.94681959, 64.3900457039, 94.8415464926, -0.749677380436, 2.56786157857, 322, 2019
N, -99.5, 0.24953027244816792, 1173.07853747, 42.1460501629, 21.602108859, 0.142415809001, 1.30854564679, 322, 2019
E, -99.5, -0.27476056814661853, 718.68946266, 12.6081053129, 63.8212553373, 0.790962227223, 2.12322370791, 322, 2019
Z, -99.5, 0.13105870088867888, 8253.74867222, 61.8870617801, 136.85030628, 0.298910857725, 1.55209023212, 325, 2019
N, 99.5, -0.7705883844243829, 1350.69083901, 42.8038940551, 31.5007086622, 1.82542558056, 1.38053107601, 325, 2019
E, 99.5, 0.23072120425735512, 849.495770941, 35.6531372181, 23.8685594869, 1.81703695428, 2.61774706707, 325, 2019
Z, 100, 0.9889464851721811, 119.479147029, 106.494402107, 1.13294169505, -0.0555209757126, 1.40388038279, 328, 2019
N, 100, 0.1260296162862064, 596.993075653, 65.9678797915, 8.27758398344, 2.11382617485, 2.74325606479, 328, 2019
E, 100, 0.8734356140107576, 382.630943504, 43.4643080502, 8.28183041634, 2.45531505127, 2.81891787663, 328, 2019
Z, 91.5, 0.9995120665492785, 134.426417734, 116.617548458, 1.14922418118, -0.0280594419902, 0.01902582979, 331, 2019
N, 99.5, 0.8357474550595135, 1073.20518851, 71.7629864535, 14.0527459492, 2.39393212656, 2.65810715535, 331, 2019
E, -99.5, 0.9472546542661138, 642.438089993, 31.2432828927, 19.2109715641, -0.0719593586657, 0.142067098128, 331, 2019
Z, -99.5, 0.9897259386277922, 88.0579177475, 88.0577535246, 0.897703070855, 0.0126866744737, 0.199241628773, 334, 2019
N, -99.5, 0.849113064837847, 353.58113444, 56.2784315925, 6.42648505584, 0.0715087681075, 0.376012720478, 334, 2019
E, 99.5, 0.7664464367638515, 203.078698371, 8.72627978316, 24.0049072948, 0.310209126604, 0.617434442697, 334, 2019
Z, -99.5, 0.9663646520117013, 49.6702440375, 41.9816086164, 1.11570288777, -0.0510518640831, 0.0941452729956, 337, 2019
N, 99.5, -0.19550515819053785, 1318.30576878, 32.0868284382, 30.8114539865, 0.622719148996, 1.29513928772, 337, 2019
E, 99.5, 0.44016591762156043, 804.31966795, 14.6879066894, 44.089222563, 2.1089015958, 2.44810053502, 337, 2019
Z, 99.5, 0.960446832095591, 54.9412732064, 49.686150644, 0.965773216991, -0.832082191921, 2.16508724744, 340, 2019
N, -99.5, -0.7510664044964591, 1061.22353328, 33.9389046451, 29.2916905974, 1.08531761344, 2.75836323101, 340, 2019
E, 99.5, 0.5804029479179996, 662.413926791, 24.2664732395, 25.3313518919, 2.35416339237, 2.60030464791, 340, 2019
Z, 99.5, 0.9904029758820893, 97.9630254454, 88.2024240618, 1.15021637227, -0.0172087097192, 1.39411844189, 343, 2019
N, 99.5, 0.2456485488334709, 769.186553597, 51.936885472, 11.3528421119, 0.151299776166, 1.89486616234, 343, 2019
E, 99.5, 0.8316335631053693, 471.04047938, 34.1558947466, 10.6264206133, 1.23476856295, 1.96069433619, 343, 2019
Z, 99.5, 0.9976480713238708, 134.680331972, 109.69576038, 1.24867162443, -0.142350359678, 0.0637837694827, 346, 2019
N, 99.5, 0.7740179120331724, 1406.04109846, 63.268168836, 19.5432572749, 2.43197522749, 2.69256691428, 346, 2019
E, -63.5, 0.9729951599151793, 854.041566153, 34.8448228988, 21.5987468977, -0.207781176906, 0.187053066099, 346, 2019
Z, -99.5, 0.9989692255498092, 118.401458167, 98.932229965, 1.22093331252, 0.101039080471, 0.0626373644644, 349, 2019
N, -99.5, 0.8348162924401344, 688.249483018, 59.5902747296, 11.9564692813, -0.293716382215, 0.289595938211, 349, 2019
E, -99.5, 0.6259614804569905, 400.749381596, 20.2824307435, 21.9136580513, 0.152807623981, 0.269132822654, 349, 2019
Z, -99.5, 0.956329926543289, 65.8443976828, 61.5790395596, 1.10072881987, 0.356687454479, 0.132958916382, 352, 2019
N, 99.5, -0.6431697510617909, 1184.8338019, 44.0274662364, 22.3260935808, 1.02896890036, 1.18066166854, 352, 2019
E, 99.5, 0.20016355448294945, 792.632456892, 15.6570097838, 48.4126656361, 1.75183504416, 2.80197267401, 352, 2019
Z, -99.5, -0.4288253030918133, 1308.37922312, 64.3558674423, 18.781523194, 0.574683685008, 2.86677745302, 355, 2019
N, -99.5, -0.8036080995832764, 781.953707489, 45.8776748728, 16.3531926102, 2.38268665671, 1.31009359931, 355, 2019
E, 99.5, 0.454389377571565, 478.742285474, 32.051375958, 14.2595145971, 1.92584025544, 2.51657314709, 355, 2019
Z, 99.5, 0.7585869284285404, 9662.97465011, 95.257414185, 73.0649289021, -0.666016087585, 1.17904271933, 358, 2019
N, 99.5, 0.17001907059307828, 1320.31786468, 60.8557389196, 16.9017261338, 2.01881242769, 2.7205339733, 358, 2019
E, 99.5, 0.9038157309442907, 815.858221825, 35.2451527751, 18.0520566504, -0.282200141649, 0.345269205717, 358, 2019
Z, 99.5, 0.9959676694728937, 103.392379269, 102.848632161, 0.973867079963, 0.0215661518322, 0.105042164285, 361, 2019
N, 99.5, 0.8435564045338426, 1118.52555036, 63.7454069861, 16.7691424082, 2.28089972275, 2.79628845803, 361, 2019
E, -99.5, 0.9471069665451166, 625.421278095, 24.9489530385, 23.6964061516, -0.065105049183, 0.191983229634, 361, 2019
Z, -99.5, 0.9987002725278442, 84.1766109666, 82.2842962688, 1.02012926368, 0.0633573239177, 0.0222357408662, 364, 2019
N, 99.5, 0.5863622395558429, 330.072781255, 51.5984308876, 6.06028482337, -0.550324772501, 1.40705836367, 364, 2019
E, 99.5, 0.44920959017124534, 119.180279615, 10.2226964819, 13.5280037621, 0.218521736513, 1.25243507757, 364, 2019
