Chan, Phase Shift, Correlation, ptp-data, ptp-synthetic, rat, phasem, phasestd, DOY, Year
Z, -100, -0.31229158386510214, 767.291326516, 28.9236412262, 23.7205869698, -0.152678558454, 2.69610345438, 1, 2019
N, 100, 0.26714059929695444, 131.198730197, 33.0700820068, 3.77963316758, -1.82444254772, 0.930472443387, 1, 2019
E, 100, 0.6165456804786466, 46.0988511523, 38.92250035, 1.58182495272, 1.74441927863, 2.68853154128, 1, 2019
Z, -100, 0.036421141737553474, 200.826765596, 42.0308005707, 4.23620988041, -2.40016158258, 2.67740984314, 4, 2019
N, -100, 0.9041016027413932, 46.4220464796, 47.7525758046, 1.04739691436, 1.14738239034, 0.714611456099, 4, 2019
E, -100, 0.9883940995263549, 63.2094569467, 56.2515060048, 1.17349078682, 0.243774665412, 0.102906926319, 4, 2019
Z, 100, -0.26284795420646734, 584.817346614, 45.7815920895, 11.4926699361, -1.38098793462, 2.57947717859, 7, 2019
N, -100, 0.19209953101340596, 86.6534715133, 52.1546448999, 1.63357934917, 1.03702558943, 2.60480308841, 7, 2019
E, -100, 0.9450115613208089, 66.7766690906, 61.0505584056, 1.18182423629, 0.0780976519172, 1.37004222228, 7, 2019
Z, -100, 0.5698101239752418, 1067.13066133, 38.4503169461, 21.3333739082, -0.77965805585, 2.36517187, 10, 2019
N, 100, -0.19536930274190453, 215.85844712, 44.361788462, 3.65047752918, 0.813812389552, 0.461824258286, 10, 2019
E, -100, 0.5438857073273075, 180.257749619, 51.8111686153, 2.74809598119, 0.224670354878, 1.26625013157, 10, 2019
Z, 100, -0.20111479336144303, 1457.52121796, 24.0606802618, 56.3242091242, 1.28903005481, 1.4248609313, 13, 2019
N, 100, -0.5124328510047366, 243.194319981, 28.4656132672, 7.72061846298, -2.34250350093, 2.51333697428, 13, 2019
E, -100, 0.1468495428514751, 114.845828505, 33.7717117067, 3.37663011498, 1.42023546846, 0.338352279086, 13, 2019
Z, -100, -0.5226515818713434, 433.478614877, 24.4679835061, 18.1286987306, -1.33759927711, 2.64828827027, 16, 2019
N, 100, 0.31582532974258537, 72.4545656665, 27.2994406074, 2.797038908, -0.800157921395, 2.54616622148, 16, 2019
E, 100, 0.49636464454741525, 33.1038297109, 32.2238740288, 1.02049168521, 1.75769556429, 2.38027227875, 16, 2019
Z, -100, 0.3640214951964176, 392.860217104, 46.8657710875, 8.25865075641, -2.66175531435, 2.59230121017, 19, 2019
N, -100, 0.7451185398480892, 67.2909828371, 52.0595661111, 1.69930537076, 1.20914715102, 0.620011090903, 19, 2019
E, -100, 0.9882618123482971, 78.4805847272, 62.224991291, 1.34588919218, -2.22517648477, 2.96117097362, 19, 2019
Z, -100, 0.9346182657054143, 717.353152439, 58.8942719104, 10.4019000089, -0.253432937153, 0.310121526955, 22, 2019
N, -100, 0.6752422614269181, 154.946638112, 66.0761330517, 2.06393267804, -0.3565462897, 1.84186442346, 22, 2019
E, -100, 0.9503364976309614, 167.530472729, 77.4809455533, 1.89665363545, -0.128030809723, 1.31541175271, 22, 2019
Z, -100, 0.38682206450763995, 767.364523928, 48.3649690048, 16.0204672406, 0.887933634889, 0.349205126995, 25, 2019
N, -100, 0.10217033831437335, 146.201064804, 56.0942828779, 2.39985974922, -2.83922777234, 2.58690332615, 25, 2019
E, -100, 0.7520991520270276, 119.951088196, 65.1068741312, 1.98154517313, 0.420819814518, 0.198839636626, 25, 2019
Z, -100, -0.4390668934568113, 601.480544077, 24.8660521801, 20.1480550342, -0.451353213673, 0.923178939233, 28, 2019
N, 100, 0.07392092752535068, 120.028299109, 29.7218665469, 3.91261623936, 0.305138006824, 2.74940886767, 28, 2019
E, -100, -0.4211674880314283, 65.4572605731, 35.4399083673, 1.46021395045, 0.408590690286, 2.99725468971, 28, 2019
Z, 100, 0.017368567374664388, 1607.73896283, 26.5569404338, 65.8045141579, -0.823659699697, 2.27659339782, 31, 2019
N, 100, 0.6238637689005114, 260.020418289, 30.2335597725, 10.1169230296, -1.69264930214, 0.905479983347, 31, 2019
E, 100, 0.43052264863220774, 151.118434561, 36.2589971005, 4.28108069741, 1.32811918029, 2.7169730107, 31, 2019
Z, 100, 0.7559695019763993, 863.224992458, 42.6002931901, 21.1274486524, 0.487013353032, 2.6706630642, 34, 2019
N, -100, 0.8376876944747259, 151.951823708, 48.2201949715, 3.55978629431, -0.306420260815, 1.07474299852, 34, 2019
E, 100, 0.9505638482332117, 117.845240336, 56.9458754334, 2.51456886781, -0.432414552772, 0.268477448797, 34, 2019
Z, -100, 0.958061451194395, 918.097057898, 48.7641710915, 16.3750017035, 0.177055133395, 1.96686053906, 37, 2019
N, 100, -0.6710899368511081, 3216.29949299, 55.2006248993, 43.3218665808, -1.71067856713, 1.72582705087, 37, 2019
E, -100, 0.194292686496676, 3574.42444039, 64.7149843282, 41.0184897837, -1.01317073816, 2.80653425781, 37, 2019
Z, -100, 0.631958245486563, 1318.53191784, 42.6522165246, 28.9748691805, 0.692567799019, 0.433355535748, 40, 2019
N, -100, -0.8600426816235119, 4497.80775166, 48.6747584015, 78.2994804891, -1.35222714778, 2.86991011544, 40, 2019
E, 100, -0.22926580890941164, 4983.8774619, 56.9534676767, 77.2768993091, 1.07604706173, 1.32287505452, 40, 2019
Z, 100, -0.346635933911677, 647.376829602, 26.8871925826, 25.1743296833, -1.03428894256, 0.920923346702, 43, 2019
N, -100, -0.3072724535295403, 115.937040884, 31.053298928, 3.65533656072, -0.70736600341, 1.31048293845, 43, 2019
E, 100, -0.36467582564395956, 75.8052816781, 36.5487679479, 1.48728852329, 0.563043959634, 1.55003624824, 43, 2019
Z, -100, -0.2643989928174229, 1250.4195007, 27.0214176958, 48.4722499245, -1.86339566437, 2.0615765193, 46, 2019
N, 100, 0.3826709411483119, 174.377181825, 29.8097437134, 6.69626982407, -1.44074379294, 1.81565595867, 46, 2019
E, 100, 0.35983432657424297, 75.842496711, 36.2715532655, 2.51718861601, 1.44847490599, 2.68924607068, 46, 2019
Z, 100, 0.8984028181467489, 350.080159945, 54.1474534455, 7.67675027774, -0.716628679643, 0.388711270689, 49, 2019
N, -100, 0.8776992444892697, 100.862296054, 60.218226189, 1.87647076463, 0.166357724395, 0.266842479332, 49, 2019
E, -100, 0.98796967010882, 115.088299856, 71.3670936101, 1.68604530138, -0.283731178482, 0.218895986992, 49, 2019
Z, -100, 0.7930623955021309, 775.102606241, 63.1484901838, 12.8016315222, 0.191105968323, 0.382998193199, 52, 2019
N, -100, 0.6437363957607205, 147.462811464, 71.4014881467, 2.18473878398, -3.52744274913, 2.68475252473, 52, 2019
E, -100, 0.9338574814146063, 133.829013607, 83.367843866, 1.6608811296, -0.173598663094, 1.28813626886, 52, 2019
Z, -100, 0.3377386767474737, 292.3492391, 46.5052788845, 6.2143001377, 0.556930283486, 1.34697769012, 55, 2019
N, -100, 0.5765297012921898, 42.8424603167, 53.9958345173, 0.758318250538, -2.8688562439, 2.6296867064, 55, 2019
E, -100, 0.8430433733504981, 79.2438218578, 62.0256091408, 1.34695335591, 0.614138768283, 0.119395501564, 55, 2019
Z, -100, -0.5269673698964559, 277.332056799, 19.3020370511, 11.0624328809, 0.574445377901, 1.88891502637, 58, 2019
N, 100, 0.2521222466586814, 53.0222976085, 22.1457179268, 1.90599843367, -0.69669102404, 0.830875371823, 58, 2019
E, -100, -0.06388045258063543, 37.2471641909, 26.5235611522, 1.19888507083, -0.273646711686, 2.45924612892, 58, 2019
Z, 100, 0.49890600464803236, 328.185177312, 29.6666635499, 13.0853685746, -1.43113856269, 0.702973405205, 61, 2019
N, 0, 0.8864946298093719, 66.0651633266, 33.5212899642, 2.29119349331, -0.868597362334, 0.932660056633, 61, 2019
E, 100, 0.9161117798775926, 66.0853993565, 40.3872343265, 1.69390071195, 2.18677869821, 2.58888782038, 61, 2019
Z, -100, 0.7064543221847333, 105.255052335, 47.1483806876, 2.6549239174, 1.64093087854, 1.20515600219, 64, 2019
N, -100, 0.9941748389506039, 53.9723644648, 53.1955341008, 0.940815196582, 0.282197360655, 0.158427217785, 64, 2019
E, -100, 0.9922263269764975, 67.6962609606, 62.7217228907, 1.08662663667, 0.132165541084, 0.0449087847672, 64, 2019
Z, -100, 0.8721080858077594, 122.917088944, 53.0641824012, 2.11525247847, 0.454378839262, 1.90126405222, 67, 2019
N, -100, 0.9997309730526522, 59.9454065908, 59.9031535723, 0.982978196263, -0.0248174049062, 0.0351698374514, 67, 2019
E, -100, 0.9966573713106455, 83.2720179361, 70.2237147275, 1.19353874585, 0.0347772706389, 0.0265515840483, 67, 2019
Z, -100, 0.31119109922461835, 108.336459901, 44.7923701179, 2.21404128716, -1.70804693319, 1.1216994325, 70, 2019
N, 100, 0.9309554336305205, 43.3513469875, 50.6740607395, 0.8124353338, -0.635379973905, 0.341495093974, 70, 2019
E, -100, 0.9581780410052871, 70.7588049222, 58.9416859903, 1.18950318752, 0.175963598868, 0.056043286151, 70, 2019
Z, 100, -0.37542367300323226, 109.048181344, 25.4410019835, 4.24822748514, 1.16939293576, 0.385995957138, 73, 2019
N, 100, 0.46033339183098704, 22.0482452162, 28.1021049593, 0.711750908626, 0.442228387896, 1.60976942765, 73, 2019
E, -100, 0.9309198960069779, 31.4635218035, 32.9565638831, 0.984950180753, -0.934997289874, 2.86242293338, 73, 2019
Z, -100, 0.8984714297391877, 90.8368357564, 36.2801752537, 2.40053589167, -0.22180114464, 1.40967059771, 76, 2019
N, -100, 0.9323863079540118, 45.754622988, 40.0660651313, 1.3659319123, 0.279842536194, 0.266854484627, 76, 2019
E, -100, 0.977099287025593, 60.4145880036, 48.7853511584, 1.21040033459, 0.132522978671, 1.31738310666, 76, 2019
Z, -100, 0.7629068912325683, 221.713795855, 61.3994185551, 4.00635641853, 1.5109424223, 0.714693455883, 79, 2019
N, -100, 0.8743440822936923, 83.6004760989, 68.7936408609, 1.13582542926, 0.817542932254, 0.333168916011, 79, 2019
E, -100, 0.9845177624604726, 115.082955186, 80.981725302, 1.34901522718, 0.255581732084, 0.106770648273, 79, 2019
Z, -100, 0.6681824341314264, 432.435915377, 61.4591805197, 7.17806266474, -0.728265774984, 2.6663131086, 82, 2019
N, -100, 0.8709028396438665, 94.2386720562, 69.9730061538, 1.40816806162, -3.47905649739, 2.64111746895, 82, 2019
E, -100, 0.9646249905938814, 106.672912013, 81.3952880006, 1.34273202337, 0.216852990775, 0.124001918654, 82, 2019
Z, 100, -0.07535762639477851, 58.9040771378, 39.5924606336, 1.57983786977, 0.725349421871, 3.14975587132, 85, 2019
N, 100, 0.9838453038466083, 42.0028769311, 44.9467970802, 0.910108262403, -0.338408687644, 0.172919115405, 85, 2019
E, -100, 0.9711254388161649, 56.4532035525, 51.1531990836, 1.11159920952, 0.12021801396, 0.0696508641565, 85, 2019
Z, -100, -0.050848440952937314, 50.2498730741, 13.5818153102, 2.9299569265, 1.12239182715, 0.853325696862, 88, 2019
N, 100, 0.8964589008203107, 18.6826655492, 14.9373417216, 0.929760845988, 0.247135977672, 0.297391075647, 88, 2019
E, 100, 0.872913567034679, 20.9242436019, 17.5466093966, 0.939521979112, 0.273096286973, 0.273456875644, 88, 2019
Z, 100, 0.9839227624542939, 43.2438385459, 34.8477473712, 1.199736155, 0.243442140944, 0.340185977005, 91, 2019
N, 100, 0.9971518532609649, 36.7939719788, 39.3089425387, 0.990691069956, 0.0116844408984, 0.0580445717197, 91, 2019
E, 23, 0.9961863640586174, 51.3259750195, 47.0382771824, 1.07343645968, 0.351505012954, 1.75541310228, 91, 2019
Z, 100, 0.9621217262536137, 72.8089920934, 51.4850037879, 1.75678418455, -0.570512983154, 0.354873369383, 94, 2019
N, 100, 0.9992100350834743, 56.4088985551, 57.949775831, 0.974321844526, -0.125435635327, 0.0596979208847, 94, 2019
E, -100, 0.9904433344387779, 76.6425592859, 68.1725953563, 1.08568656747, 0.0369425218963, 0.0571252787763, 94, 2019
Z, 82, 0.9752291133751032, 67.1164298136, 54.6288819901, 1.04017234598, -0.195347032653, 1.50582645491, 97, 2019
N, 85, 0.9996211900899155, 59.6990073313, 61.4038002636, 0.945720444095, -0.0330122284515, 0.0300393839255, 97, 2019
E, -100, 0.9771432656530177, 76.2026030895, 71.976039652, 1.08744230916, 0.0782243958406, 0.090977454794, 97, 2019
Z, 100, 0.9113633135854156, 49.4186232232, 42.2929843743, 1.23255943165, -0.132154648343, 0.247901619788, 100, 2019
N, 100, 0.9994169025841011, 45.0819217398, 46.9696268133, 0.961923252868, -0.0471901320194, 0.014130028117, 100, 2019
E, -100, 0.9824639318120483, 56.8908700109, 54.2461996764, 1.04869335454, 0.167453527402, 0.0405730964903, 100, 2019
Z, 100, 0.8014246892432574, 25.8061906185, 20.9580385439, 1.25643771185, 0.399347612832, 0.599144802799, 103, 2019
N, 100, 0.9952572047405572, 23.3580273959, 21.4040577229, 1.07474730344, -0.143479328503, 0.0954573250903, 103, 2019
E, -100, 0.974474779384403, 34.2848705921, 25.5270758466, 1.16783743097, 0.235790922584, 0.185280653948, 103, 2019
Z, 100, 0.9003791203952439, 72.3235914122, 45.8236951517, 1.73014369572, -1.38206374662, 0.683811402248, 106, 2019
N, -100, 0.9949328929111175, 51.9331466384, 51.1703843093, 1.04022727908, 0.0920129996176, 0.0444350892742, 106, 2019
E, -100, 0.9566252729764826, 66.2547035035, 61.3403444363, 1.11946198427, -0.0585314464275, 1.32544210782, 106, 2019
Z, -100, 0.9453748682826306, 112.013779087, 61.132433724, 1.67457342944, 0.723358020631, 0.549059084966, 109, 2019
N, -100, 0.9978227516467914, 64.9923651213, 69.1686956651, 0.947221599035, -0.192507027033, 1.33428157724, 109, 2019
E, -100, 0.9829996862021382, 84.2676350121, 81.0303547862, 1.0260612568, 0.168468747996, 0.0259781861025, 109, 2019
Z, -100, 0.9195750866593493, 159.283705901, 53.0816304109, 2.97410558288, 0.537303777541, 1.25416380429, 112, 2019
N, -18, 0.999522328284777, 55.8759532715, 60.3026465516, 0.918693059466, 0.0458409260753, 0.0222471373218, 112, 2019
E, -100, 0.9972350802086624, 75.0063548207, 69.9362827004, 1.06934093611, 0.0749326645369, 0.0523241994912, 112, 2019
Z, 100, 0.8524836124009104, 39.6882946969, 31.4971018452, 1.27497829092, -0.7805273234, 0.401930408282, 115, 2019
N, 100, 0.9929330089611034, 32.7782326338, 34.0971614464, 0.955357021632, 0.131383501758, 1.35788838126, 115, 2019
E, 100, 0.998762158663596, 45.2403372712, 38.7178031361, 1.16690130403, -0.0728727341798, 0.0333195423946, 115, 2019
Z, 100, 0.4821383147455136, 29.0576013188, 18.0304477478, 2.02319884904, 2.12081579767, 0.887497840875, 118, 2019
N, -100, 0.9969563875491076, 19.8313226444, 20.4111413096, 1.02224346916, 0.089486894807, 0.156695560104, 118, 2019
E, -100, 0.9530509103503999, 31.4306135989, 23.9128588415, 1.33883145113, -0.0397865508385, 0.20030728315, 118, 2019
Z, -100, 0.938965576903553, 65.7742065232, 38.7568534388, 1.71669197816, 0.0260611090544, 0.259682907223, 121, 2019
N, -87, 0.9998864586228715, 42.5876143815, 43.6704627381, 0.974293847794, 0.0367807431487, 0.0242506717556, 121, 2019
E, -100, 0.9658345279464596, 58.4684094715, 52.1739487242, 1.11525603992, -2.55040138999, 2.98749434481, 121, 2019
Z, -100, 0.964207545795522, 74.1398671596, 52.9822985115, 1.71187056217, 0.272884837756, 0.123456069991, 124, 2019
N, -100, 0.9998723937721892, 56.9902824302, 59.4801054679, 0.964135760211, -0.263012451157, 1.32843894318, 124, 2019
E, -100, 0.9763022645800512, 76.0050242437, 70.1808995866, 1.08384070811, 0.172541973325, 0.0528762342005, 124, 2019
Z, -100, 0.9302949637284879, 76.6932204789, 52.2737625229, 1.37582650092, -0.0676605140821, 0.230761532565, 127, 2019
N, 75, 0.9995890606935783, 52.6200814754, 58.3632384664, 0.924882663852, -0.00622868253069, 0.00959800458285, 127, 2019
E, -100, 0.9873957093190973, 62.2617695115, 68.5211354052, 0.964030338734, 0.15556864113, 0.077022047805, 127, 2019
Z, -100, 0.7715248645194736, 51.0134379881, 37.6192087744, 1.31956922717, 0.765683182232, 0.127116816564, 130, 2019
N, 100, 0.9994464028544245, 40.1433020727, 40.0699440724, 1.00052159746, -0.019558290044, 0.00863407361262, 130, 2019
E, -100, 0.9942034460633475, 46.4392444499, 45.9921971086, 1.05734687744, 0.0608255613493, 0.111485418176, 130, 2019
Z, 100, 0.8792118690496658, 29.8882854899, 27.8459097983, 1.14002625505, -0.205944313227, 1.05619623696, 133, 2019
N, 100, 0.9989149784259378, 30.3473256567, 31.0556494658, 1.00701300611, -0.092156071294, 0.0493218725055, 133, 2019
E, -100, 0.9842752458665536, 40.0411923657, 36.3762179345, 1.30385826685, 0.00787726465426, 0.135973736918, 133, 2019
Z, 100, 0.9629064002299906, 61.5330270824, 48.1173275231, 1.21551770207, -0.477650288018, 0.207628978928, 136, 2019
N, 100, 0.999137813751209, 53.931093254, 54.408793448, 0.987477298807, -0.0545392681697, 0.0250895445916, 136, 2019
E, -100, 0.9960929078512696, 66.8491803022, 64.2878187734, 1.02732465236, -1.38219415009, 2.64937850113, 136, 2019
Z, -100, 0.9831649680291938, 79.2614469749, 53.9186465784, 1.66368354437, -0.132230617, 0.186131057917, 139, 2019
N, 100, 0.9998854732980271, 60.5398177586, 61.3360817561, 0.989139546336, -0.04861653026, 0.0170294766743, 139, 2019
E, -100, 0.9964568585179834, 82.1569669527, 71.9988608068, 1.13358702234, 0.0339916945502, 0.0359980060285, 139, 2019
Z, -100, 0.49857826090438156, 61.6673963018, 44.0870762726, 1.25089487796, -1.55779504504, 0.999802457909, 142, 2019
N, 100, 0.999844889831504, 50.1119371992, 49.2416138522, 1.01536784016, -0.028684613076, 0.00994431193708, 142, 2019
E, -100, 0.9906473661252397, 67.585210751, 57.2971313257, 1.18797999785, 0.124620288622, 0.0478833129167, 142, 2019
Z, 100, -0.06778243076558367, 154.68348547, 26.3798300283, 4.73600022414, 0.206672723519, 2.89449207968, 145, 2019
N, 100, 0.9988334164717975, 27.9304450986, 27.4743176699, 1.01911970046, -0.0473518105384, 0.0277610445319, 145, 2019
E, -100, 0.9821706308845122, 42.4285631939, 31.4418175445, 1.33331252017, 0.128443296118, 0.047399461974, 145, 2019
Z, 100, 0.7563564094973276, 68.9815690246, 21.8368207662, 3.22002333608, -0.916641305566, 1.51962959755, 148, 2019
N, 100, 0.9998117805369074, 23.3598290122, 24.7169942691, 0.951558992685, -0.0183724248889, 0.0145106488548, 148, 2019
E, -100, 0.9970942511370241, 33.2000597206, 28.8349089788, 1.14437046544, 0.18403839863, 0.0890238140031, 148, 2019
Z, 100, 0.9816495418610902, 41.7696283259, 40.5804291503, 1.073249643, -0.576374299133, 0.306048021954, 151, 2019
N, 100, 0.9993951691365899, 44.778311738, 45.5707861671, 0.977369801967, -0.0804163886293, 0.0439793581232, 151, 2019
E, -100, 0.9941208864339078, 60.554051578, 54.307320853, 1.10239889946, 0.0517368181715, 0.0441929778262, 151, 2019
Z, -100, 0.9972574204069812, 73.1508426757, 52.2112522447, 1.49902586988, 0.0779383554505, 0.100312975822, 154, 2019
N, 100, 0.9997039662357462, 58.6260411559, 58.4132762683, 1.00137307247, -0.02948112565, 0.0112574006158, 154, 2019
E, -100, 0.9942566256131256, 72.7346691555, 68.9079717808, 1.06233829012, 0.0901831312828, 0.0261105835798, 154, 2019
Z, -100, 0.9957373297409415, 65.4303902074, 49.3141507805, 1.37100332854, 0.155545164377, 0.0721690355571, 157, 2019
N, 100, 0.9995578658479902, 55.9601608843, 54.3153874272, 1.03188019853, -0.0494720993692, 0.0144010743408, 157, 2019
E, -100, 0.9978590455826438, 67.5409678648, 63.8517230839, 1.06678099373, 0.0430365149374, 0.0187257738652, 157, 2019
Z, 100, 0.9178340355138316, 50.4024112182, 34.6368256998, 1.41521984802, -0.601562843859, 0.284191966986, 160, 2019
N, 0, 0.9992664585595036, 37.6678514482, 36.1308197688, 1.03779982852, -0.0471635323836, 0.0332311925108, 160, 2019
E, -100, 0.9941577954616736, 46.7904147038, 41.8957835515, 1.14151358725, 0.138832659998, 0.0594622319464, 160, 2019
Z, 100, 0.9649576304552676, 44.6614146264, 31.0479138983, 1.34106821314, -0.764032867658, 2.14991824301, 163, 2019
N, -88, 0.9985751793914397, 31.8368490031, 35.3167797177, 0.941541814596, -0.259362858357, 1.34744340427, 163, 2019
E, -100, 0.9930032174832949, 43.513696374, 41.2246219094, 1.07994986451, 0.152549901189, 0.0811829104834, 163, 2019
Z, 33, 0.9926328142515365, 67.9943920448, 43.9454041934, 1.6176152966, -0.0840460231485, 0.164660828831, 166, 2019
N, 100, 0.9994784124301023, 48.428755732, 50.1089693709, 0.966936226063, -0.0398772393508, 0.0156348311049, 166, 2019
E, -100, 0.9959143007482556, 62.2399093927, 58.9476321144, 1.03732033027, 0.0885302757383, 0.026641561454, 166, 2019
Z, 100, -0.25903919857008073, 191.82970586, 46.971977274, 3.04699033321, 0.736021634987, 2.45148970106, 169, 2019
N, -100, 0.7760524561359664, 45.6380869338, 53.2995419801, 0.811718189681, 0.242898688613, 2.78593299027, 169, 2019
E, -100, 0.943039099794892, 64.0762242219, 62.8526498931, 0.99688918379, 0.0567969551909, 0.155097412557, 169, 2019
Z, 100, -0.8633806649840987, 254.042380536, 39.6318393404, 5.39136321491, 0.940648899984, 2.95288503025, 172, 2019
N, 100, 0.12350086028147139, 28.3051561715, 43.6255066527, 0.638311395535, -1.70834646037, 1.8061948139, 172, 2019
E, -100, 0.928413256161482, 36.330696862, 50.9050015256, 0.677187562312, 0.311005387867, 0.502703060023, 172, 2019
Z, -100, 0.6438847420095763, 37.2041357316, 25.5450839401, 1.33456702678, 0.801881570005, 0.200525181947, 175, 2019
N, 71, 0.9985770873233998, 26.9412476111, 26.9274616823, 0.989030197538, -0.049499908435, 0.0545228101721, 175, 2019
E, -100, 0.9933882397441359, 32.1577390381, 31.308214886, 1.06824281342, 0.207724386181, 0.101198128179, 175, 2019
Z, 100, 0.8963561279689352, 38.2794410961, 23.6267729573, 1.87019236133, -0.173097680303, 0.41317230116, 178, 2019
N, -100, 0.9993482457752768, 26.0095563684, 26.5928232406, 0.95724932522, -0.186142543811, 1.35686649354, 178, 2019
E, -46, 0.9824031557556694, 46.0047812298, 30.9254470079, 1.36790113553, 0.215987921163, 0.103942458513, 178, 2019
Z, 100, 0.9323477238349654, 49.2821457992, 41.3483237715, 1.38445282812, -0.819834174014, 0.410235640005, 181, 2019
N, 58, 0.9999332224105111, 45.5849967312, 46.1670319055, 0.981989712888, -0.0201282729744, 0.0107693576244, 181, 2019
E, -100, 0.9845932773713292, 58.5219568108, 55.1230957572, 1.12981542964, -1.88960885094, 2.91420842401, 181, 2019
Z, 100, 0.9844462999422807, 64.5990851212, 52.8111836833, 1.10623564975, -0.108186445711, 0.166652295299, 184, 2019
N, 100, 0.9992511720146455, 56.7824946228, 58.8077815868, 0.975426524207, 0.249327944984, 1.33881796661, 184, 2019
E, -100, 0.9926511898613605, 73.984414383, 69.5738150772, 1.06538611422, 0.085332965337, 0.0401147159121, 184, 2019
Z, -100, 0.9747198968414479, 65.3004704875, 50.0575616716, 1.29431955448, 0.20613321613, 0.0896720188393, 187, 2019
N, 100, 0.9994446062944471, 55.1772076491, 54.507765225, 1.01314815455, -0.0457216295512, 0.0089431771586, 187, 2019
E, -100, 0.9955318067322639, 69.1099937951, 63.754362515, 1.10326864055, 0.0516329150172, 0.0295080603179, 187, 2019
Z, 100, 0.9162326687898233, 26.2452391577, 33.1760433081, 0.738960163556, -0.557848106202, 0.215911661005, 190, 2019
N, 0, 0.9991389249452218, 37.0931860695, 35.9257645808, 1.02330060348, -0.049031652033, 0.0262826110168, 190, 2019
E, -100, 0.9808934888186919, 44.1944651531, 42.058064134, 1.03595499248, -0.697909456663, 2.24187938328, 190, 2019
Z, 100, 0.8565553477596557, 34.7691532832, 28.1959893443, 1.10103781441, -0.637238395877, 1.45528500944, 193, 2019
N, 70, 0.9994007753787317, 32.0383810578, 32.3990561931, 0.966935751988, -0.344255247977, 1.28603217105, 193, 2019
E, -10, 0.9953688067499756, 39.8383411462, 38.001134267, 0.997434219547, 0.257713135767, 1.22842954327, 193, 2019
Z, 100, 0.9833416532812634, 61.9441254627, 40.9954029093, 1.4711208565, -0.410655415836, 0.125554200504, 196, 2019
N, 40, 0.9999332544333931, 45.9066310635, 46.6267689831, 0.991307533698, -0.0227495204634, 0.010422341166, 196, 2019
E, -100, 0.9850360183134202, 59.486150584, 54.9980473944, 1.07286206002, 0.0610707367886, 0.0888829522833, 196, 2019
Z, -100, 0.9662053327573555, 86.8831486224, 45.6394370396, 2.01422946064, 0.125451984328, 0.2234577548, 199, 2019
N, 100, 0.9998582605733939, 51.1083603963, 51.4272107822, 1.00498659684, -0.0209951718789, 0.0184625242245, 199, 2019
E, -100, 0.9922038146935149, 67.4058457026, 60.6892660654, 1.09313998175, -0.260504292841, 1.31898534301, 199, 2019
Z, 0, 0.910776522167599, 44.0623288161, 40.248734076, 0.995952598629, -1.29519871429, 1.07824811029, 202, 2019
N, 100, 0.9996574140267561, 43.4557797985, 44.3618717907, 0.983324801833, -0.0454176554498, 0.0125678120379, 202, 2019
E, -100, 0.9900712099583607, 56.335569607, 51.7974033013, 1.11374753217, 0.0937348319616, 0.104213276926, 202, 2019
Z, -100, 0.7690622662116279, 41.5762602613, 26.6669478126, 1.72015691865, -0.320438061129, 0.353290789508, 205, 2019
N, 100, 0.9988841706967942, 28.8702085521, 28.9948835744, 0.995452751072, -0.012251917715, 0.0188617134417, 205, 2019
E, -100, 0.9944851224931253, 44.0091938565, 33.9615717834, 1.22310239563, 0.0513627438522, 0.0382124046672, 205, 2019
Z, -100, -0.2448861928036498, 52.8247091843, 24.095816166, 2.47557313247, 0.219163049674, 2.80078747531, 208, 2019
N, -100, 0.9994705222264986, 26.9944360632, 26.8853415856, 0.993814265259, -0.330554959004, 1.32959422292, 208, 2019
E, -100, 0.9433833742278456, 39.5256060675, 31.7670479704, 1.17622035794, 0.0277509860149, 0.460711112042, 208, 2019
Z, 100, 0.9426324091009556, 69.8293287759, 45.418344948, 1.80206232264, -0.600782151718, 0.305136021161, 211, 2019
N, 17, 0.9998623116158837, 50.1555359951, 50.4157710238, 0.997458689861, -0.0445949563697, 0.0340648702615, 211, 2019
E, -100, 0.9626945366137587, 51.4780479542, 60.2886864135, 0.788111042967, -2.86770419298, 2.69987933102, 211, 2019
Z, -100, 0.9089947978984861, 119.715387581, 58.0699119606, 1.66334090417, 0.490462218993, 0.675709925568, 214, 2019
N, 71, 0.9999478024725806, 64.7157268962, 64.6094539895, 1.0057312962, 0.000678585814287, 0.00650637324743, 214, 2019
E, -100, 0.9990041191452682, 79.2241511793, 76.4000658113, 1.05985873487, -0.0142221667828, 0.0395184756238, 214, 2019
Z, -100, 0.8193988522825989, 152.346110406, 51.6432406599, 2.71886972316, 0.422037225608, 0.160375535552, 217, 2019
N, 100, 0.9996847768141727, 56.7559457577, 56.7636573522, 1.00487372451, -0.0201052113099, 0.0113501551986, 217, 2019
E, -100, 0.9918412178312039, 78.266396019, 65.8106048202, 1.19575883337, 0.0527486659974, 0.084988372491, 217, 2019
Z, -100, 0.8641676182011682, 24.5570512824, 26.4544744975, 0.916352287651, 0.169452734963, 0.147508215693, 220, 2019
N, -100, 0.9979269047588273, 31.1357460353, 30.3578999358, 1.0144184816, 0.0105327441029, 0.0420169016524, 220, 2019
E, -100, 0.9623836141356186, 29.2171027331, 35.5719638131, 0.861244810122, 0.423504197642, 0.182729306383, 220, 2019
Z, 100, 0.9471668463023954, 39.5927579963, 27.931862483, 1.33852221988, -0.81444160348, 0.461386363311, 223, 2019
N, 100, 0.9985635047272136, 30.3221849654, 31.803174932, 0.932651218724, -0.00376693585639, 0.0478281559969, 223, 2019
E, -100, 0.9251624165302544, 40.0960666506, 38.0441874031, 1.01275878, 0.601065205462, 0.270806425879, 223, 2019
Z, 100, 0.9717014732309487, 67.0356293134, 43.5424063701, 1.81007297966, -0.29851774458, 0.240741140518, 226, 2019
N, 100, 0.9992271984280484, 47.4701305994, 49.2221890507, 0.977274605056, -0.0374127697443, 0.0131478641397, 226, 2019
E, -100, 0.9877568927245747, 56.9599850335, 58.1577844862, 0.980161909105, 0.228077520096, 0.0427033517119, 226, 2019
Z, -100, 0.9567966652868586, 63.6253713123, 48.8694399236, 1.39432472306, -0.692887757481, 2.27330957696, 229, 2019
N, 87, 0.9932642035898266, 52.9600072829, 54.8454874619, 0.956015508883, -0.0653198297819, 0.0993651671742, 229, 2019
E, -100, 0.993230241092462, 56.2356693998, 64.6018126777, 0.890519757678, 0.0686973151959, 0.0666957351198, 229, 2019
Z, -100, 0.9314642615756729, 26.2655924184, 42.3606267421, 0.683580215682, 0.000113726604934, 1.32080880993, 232, 2019
N, 100, 0.985605714233686, 32.9047549465, 47.0386524294, 0.735368812941, 0.0171815089509, 0.168704438817, 232, 2019
E, -100, 0.9423536454170588, 40.7304791513, 54.8889690229, 0.822100062173, 0.263089937575, 0.117145588165, 232, 2019
Z, -100, 0.8831715222353947, 22.4477555273, 25.2025938608, 0.865284623134, -0.29682274141, 0.265913840696, 235, 2019
N, 100, 0.9993011675286398, 28.4200822694, 28.231169658, 0.996194018849, -0.0289454737405, 0.0201893717212, 235, 2019
E, -100, 0.8231127545885053, 32.2544564698, 33.1647893708, 0.978993773657, 0.768517978348, 0.281011426028, 235, 2019
Z, 100, 0.6595420796818477, 40.8138958236, 28.5919493484, 1.84151926312, -1.54653840086, 1.81186921665, 238, 2019
N, 100, 0.9996269680952289, 30.8083507384, 31.5747247646, 0.969523774615, -0.0418418836718, 0.0196148781653, 238, 2019
E, -100, 0.9508673646510464, 46.0259743265, 38.3754467488, 1.17626556722, -0.322566746562, 1.29208413273, 238, 2019
Z, -58, 0.9996241217991211, 69.1046933461, 55.0218773427, 1.27291290728, 0.012329106867, 0.0365142334524, 241, 2019
N, 100, 0.9992669552959894, 60.6923281554, 61.1340632874, 0.990038671742, -0.0719246646233, 0.0187001993344, 241, 2019
E, -100, 0.9904825962505289, 102.787859032, 72.47852484, 1.32590873622, 0.42280277909, 0.252600217026, 241, 2019
Z, -100, 0.9735221110062915, 80.5975553046, 63.4573607798, 1.06190946968, -0.608792956139, 1.31206736533, 244, 2019
N, 100, 0.9999132104480277, 70.5482546619, 70.8816542873, 0.995781496245, -0.0449996077813, 0.0176709332125, 244, 2019
E, 100, 0.9804612439475832, 94.4562013578, 83.5599146061, 1.12131748272, -0.0390982331834, 0.189781612269, 244, 2019
Z, -100, 0.9120087741182773, 74.3259083654, 46.1620678592, 1.62774096244, 0.425271039462, 0.125019047517, 247, 2019
N, 0, 0.9998860346750853, 52.7745007149, 52.138319637, 1.01091090691, -0.00729275947388, 0.0110388301531, 247, 2019
E, 100, 0.9463648176123687, 60.3573672251, 59.8940651006, 0.979849738064, -0.58984801611, 0.224516151447, 247, 2019
Z, 100, 0.5309585915521794, 22.2794566033, 14.8897805392, 1.04667575927, 0.018386840748, 1.55414116106, 250, 2019
N, 0, 0.9953164355341713, 18.4511484229, 19.0099385539, 0.977747839228, 0.0557991861939, 0.0257491650481, 250, 2019
E, -100, 0.8438957357382872, 31.8806163929, 22.3465513901, 1.14063759056, -0.265906375499, 0.6992591837, 250, 2019
Z, -100, 0.8772713606887291, 54.9196198441, 33.082252431, 2.07152285672, 1.15615807738, 0.622831445229, 253, 2019
N, 100, 0.998101672749587, 37.0784333981, 37.3598534101, 1.00287649538, -0.150729140932, 0.0936593582529, 253, 2019
E, -100, 0.8797448593037422, 41.8484918568, 44.7242546416, 1.03194083341, -3.01154287853, 2.85864260189, 253, 2019
Z, -100, 0.8436679635218698, 145.954778811, 48.8385707921, 2.69659729809, -0.113674296911, 0.346271913118, 256, 2019
N, 100, 0.999534005886737, 55.1776407465, 55.0256543625, 1.01127502981, -0.0636991870121, 0.0231766986031, 256, 2019
E, -100, 0.985092913767976, 70.8860296739, 65.0554063187, 1.07433991781, 0.218460679088, 0.0397493118009, 256, 2019
Z, -100, 0.9690480952277453, 72.9918140094, 52.3182608744, 1.29325000046, -0.326440461826, 2.30989718078, 259, 2019
N, 100, 0.9998929680151725, 57.4667190627, 58.6794119756, 0.977903050556, -0.0361739609384, 0.015715443572, 259, 2019
E, -100, 0.9889484591401785, 68.1275135526, 69.0184399381, 1.02729252303, 0.108564144422, 0.0585382780316, 259, 2019
Z, -100, 0.9532284971256437, 41.4703823223, 41.5122409276, 0.983001475691, 0.0905722484781, 0.0973581132876, 262, 2019
N, 100, 0.9997207240600873, 47.1989742346, 46.5817433233, 1.02023129011, -0.00989435358705, 0.0135140573948, 262, 2019
E, -100, 0.9976245142844413, 58.2417510545, 54.2493156742, 1.07892401873, 0.0576327022328, 0.0363383478428, 262, 2019
Z, -100, 0.13392712177484276, 41.5383079288, 18.9956533031, 1.84362016084, 1.48201799408, 0.434244722932, 265, 2019
N, -100, 0.9956244418244504, 22.1601998493, 22.5529396481, 0.972123326214, 0.20916752627, 0.112631507991, 265, 2019
E, 100, 0.9920442076802934, 35.4295427043, 26.6926388489, 1.37634826599, -0.254374846344, 1.34766288673, 265, 2019
Z, 100, 0.9790809867957759, 52.8200095081, 39.4319587838, 1.62193958921, 0.251798642243, 0.278251019278, 268, 2019
N, 100, 0.9993878141674594, 44.2867477076, 43.6290527547, 1.01188479306, -0.0220821134066, 0.0316102162064, 268, 2019
E, -100, 0.9819200445748735, 55.6201304562, 52.8304472666, 1.11607132134, -0.17893050033, 1.31113036651, 268, 2019
Z, -100, 0.9985570368822712, 77.5078851937, 63.29021439, 1.23699033097, -0.110938658255, 0.0742071109752, 271, 2019
N, 74, 0.9998390788581397, 70.4222695638, 70.8093704664, 1.00998290722, -0.0395963278935, 0.0245493051529, 271, 2019
E, -100, 0.9952714359986394, 88.7193125804, 83.5845859125, 1.0531193089, 0.039297368564, 0.0412013079845, 271, 2019
Z, -100, 0.9486353108613197, 98.0938136328, 60.8361891473, 1.67082738988, -0.790197017071, 2.61832750615, 274, 2019
N, -87, 0.9999258035947223, 69.0331109845, 68.7855956309, 1.00597724639, 0.0183418625196, 0.0111082806364, 274, 2019
E, -100, 0.996206066209544, 84.7597822981, 80.4385332856, 1.05947256826, 0.0796870721392, 0.0341176661754, 274, 2019
Z, -100, 0.6779485631629785, 36.0861998857, 33.5598211744, 0.95228760491, 0.365175947058, 0.190849931022, 277, 2019
N, -100, 0.9976144192786056, 38.3891032825, 39.965364689, 0.959138361117, 0.0594727403765, 0.0215665149033, 277, 2019
E, -100, 0.9937476211549395, 48.4260491807, 45.5293515632, 1.0632675145, 0.139676086752, 0.0362520026555, 277, 2019
Z, 100, 0.7564060183295876, 26.1109648907, 17.1546042008, 1.37220470749, 0.567098834245, 2.568733929, 280, 2019
N, 100, 0.9925383421722221, 20.5758485442, 19.5920261141, 1.01461081869, -0.152404878181, 0.0494704428897, 280, 2019
E, -100, 0.9842116477703043, 22.3201532409, 23.2232785781, 0.989126067513, 0.1502403446, 0.0695579380532, 280, 2019
Z, 100, 0.8605926471044901, 70.6478680027, 38.8741320709, 2.08794346035, -0.813396457613, 0.415719855905, 283, 2019
N, 100, 0.9986574827210205, 44.3837176606, 43.781941736, 1.0294597824, -0.119440677939, 0.0707541254211, 283, 2019
E, -100, 0.9900751892970353, 52.2208770086, 52.3108305365, 0.989627649878, 0.165221330727, 0.0654295320913, 283, 2019
Z, -100, 0.9921210067917853, 61.3295340426, 52.6931208453, 1.0613349846, 0.204603876159, 0.151466357747, 286, 2019
N, 100, 0.9998183195285386, 59.9899443694, 59.1944336169, 1.01587527408, -0.046710992269, 0.0178586654502, 286, 2019
E, -100, 0.991779238520005, 74.971975039, 70.030777344, 1.0657290424, 0.0942739465143, 0.030304571586, 286, 2019
Z, -100, 0.9848420311783121, 62.1213209389, 52.3334448191, 1.07924077158, 0.556126410785, 2.30020111882, 289, 2019
N, -52, 0.9999833461667106, 58.3542206049, 58.7908743964, 0.9926714684, 0.00650420839764, 0.00332045189379, 289, 2019
E, -100, 0.9829048958020645, 77.59858219, 69.0373131485, 1.10235455053, -0.151509627674, 1.3284812539, 289, 2019
Z, -100, 0.9230619207935894, 47.1984397127, 35.9814921321, 1.35637385328, 0.226658818433, 0.148687779234, 292, 2019
N, -100, 0.9995709900706677, 40.5280530841, 41.3193217868, 0.983680756089, 0.0505188130157, 0.0119882529837, 292, 2019
E, -100, 0.9790699266249614, 47.555775816, 47.6994599505, 0.989693538317, 0.319592226691, 0.0694340102339, 292, 2019
Z, 100, 0.4461558569490597, 22.2134714169, 20.6500888264, 1.411149972, 0.41694653578, 2.7448074163, 295, 2019
N, 100, 0.9981374242526745, 22.5702510416, 22.8903736645, 0.937721379713, -0.00340032181751, 0.113910373451, 295, 2019
E, -100, 0.9920377904196583, 24.2681014331, 26.5400382849, 0.908283179549, 0.0455934005051, 0.0626733782348, 295, 2019
Z, -100, 0.7563090967361945, 79.4436003578, 49.067569955, 1.85577410973, 0.561574500691, 1.23981408566, 298, 2019
N, 100, 0.9995046615750561, 54.0962309732, 54.7788569746, 0.990319483426, -0.0553013481837, 0.0221745862373, 298, 2019
E, -100, 0.9877088554741321, 74.8635680662, 65.4988580762, 1.11976341366, -0.460507469982, 1.84090807827, 298, 2019
Z, 100, 0.9451613482891038, 89.6826638939, 62.6114315949, 1.58118268139, -0.679184925838, 0.302427925424, 301, 2019
N, 100, 0.999879368578037, 71.7104107684, 70.7175993263, 1.01984983177, -0.0404714664334, 0.0160564108394, 301, 2019
E, -100, 0.9921278166380895, 81.1017041177, 83.2475630789, 1.00213900602, 0.131915033688, 0.0525674271867, 301, 2019
Z, -100, 0.8791377492460063, 129.195607847, 50.2522346417, 2.50522383609, -0.480935581592, 3.01468123446, 304, 2019
N, 0, 0.9999677045952992, 58.1985699173, 58.0505727449, 1.00291935165, -0.0102318419788, 0.00820235068236, 304, 2019
E, -100, 0.9977372811503095, 65.0220871882, 67.0770821882, 0.976338680623, 0.00575478420121, 0.0346604632774, 304, 2019
Z, 100, 0.11603757993973889, 73.2257839302, 22.0834139695, 2.90958158653, -1.75440708513, 0.424177360754, 307, 2019
N, 100, 0.9995131318890954, 27.3857407654, 28.1385566342, 0.975405675636, -0.032051680431, 0.0116930452185, 307, 2019
E, -100, 0.9838321263083986, 34.1770641212, 32.2267685762, 1.03280740422, 0.136938895928, 0.0607431364993, 307, 2019
Z, 100, 0.8594210160211584, 27.0390243387, 21.7091902746, 1.5324647874, -1.04220884338, 0.736304621322, 310, 2019
N, 100, 0.9992248301201313, 23.8078578826, 24.6951147846, 0.969033408053, -0.0630032057646, 0.0516906418341, 310, 2019
E, 0, 0.996158505341486, 33.0227633551, 29.167966289, 1.10167720093, 0.0781171719748, 0.0613236698417, 310, 2019
Z, 100, 0.9406705190614929, 101.760492388, 41.8735158491, 2.02167530727, 0.485530978594, 0.423769224457, 313, 2019
N, 24, 0.9972731593144094, 46.2570990567, 47.0752113617, 0.959760069331, 0.159060087212, 0.143728718041, 313, 2019
E, -100, 0.9932819511524993, 61.4307288834, 55.997735303, 1.11155751038, 0.0573820671149, 0.0467029258077, 313, 2019
Z, 100, 0.7303020533711915, 189.252874115, 53.1346737735, 3.18521602874, 0.878504308907, 1.68641666766, 316, 2019
N, -100, 0.908847597330696, 95.8417777609, 59.5522269803, 1.36967808686, 1.47047642514, 1.1940854012, 316, 2019
E, 88, 0.9876472664316127, 88.3903002135, 70.218695706, 1.23705585649, 0.0893203516119, 0.186553853292, 316, 2019
Z, -100, 0.9280109173251775, 445.018479408, 48.8407415951, 9.8650226102, 1.6521845599, 2.74103166131, 319, 2019
N, -100, 0.8541429478297182, 146.836283983, 55.1407678943, 2.78093604924, -0.0582151752379, 1.15563375552, 319, 2019
E, -100, 0.9856628995014244, 118.066752385, 64.4374846279, 1.73266396152, -0.143446555393, 0.126957896732, 319, 2019
Z, -100, 0.23947381874961957, 148.590780551, 29.0415273863, 4.44614962986, -1.6176489679, 0.996797852082, 322, 2019
N, -100, 0.266868079776344, 28.4928107859, 34.6088390773, 0.659967595674, -0.325118425471, 1.78731850447, 322, 2019
E, -100, 0.8936993944014835, 52.8408075952, 40.0957128622, 1.35767664365, 0.437327969551, 0.233220782637, 322, 2019
Z, -100, -0.8888780612582102, 302.117454926, 29.1278198034, 12.9098608164, -1.53154629369, 2.87662231676, 325, 2019
N, -100, -0.24779746684990323, 72.8783879141, 32.6435005822, 2.85228792607, -1.04749309827, 3.20038238189, 325, 2019
E, 100, 0.013587850922228185, 18.7585746508, 38.188782806, 0.604367609581, 0.112329082393, 2.99603145985, 325, 2019
Z, 100, 0.11979578468669091, 298.805311709, 50.0472797756, 6.8928290584, -0.754463977543, 2.57772568288, 328, 2019
N, 100, 0.8307031584687689, 121.580233513, 56.4379743208, 1.96944637812, -0.762977255713, 0.428282958893, 328, 2019
E, 100, 0.9105757871202971, 88.0668912346, 66.7706431696, 1.20988806634, -0.203066800944, 1.76113757853, 328, 2019
Z, 100, 0.8409279549692686, 739.884275482, 54.4966052635, 12.5607701721, -0.0157778307443, 2.74075923559, 331, 2019
N, -100, 0.9139666214352717, 233.743010785, 62.1580403597, 3.58139760767, -0.484694413672, 1.27341673093, 331, 2019
E, 100, 0.9774644567992279, 174.320350027, 72.6837593929, 2.18779514571, -0.158396733113, 0.0834565274305, 331, 2019
Z, -100, 0.7716797849074881, 822.980777157, 40.3108030021, 19.642077055, 0.571318669712, 1.19273539061, 334, 2019
N, -100, 0.5588453349601373, 177.85055836, 47.3515486903, 3.58376055036, -3.18397078692, 2.59685120174, 334, 2019
E, -100, 0.9147146649398215, 122.889981537, 54.4801688534, 2.31447209576, 0.196565400379, 0.187145592222, 334, 2019
Z, -100, 0.1289394514932449, 445.048761922, 18.0794002489, 22.0237772484, -1.02191156256, 0.924799619351, 337, 2019
N, 100, -0.5477441081169302, 93.9061833922, 23.2817921905, 3.02192934082, -0.434977227202, 1.18023806368, 337, 2019
E, -100, 0.33312025894393693, 68.6705376557, 27.3379519911, 1.98950321335, 0.623260496241, 0.402949228777, 337, 2019
Z, -100, -0.7785204548354365, 485.361020304, 23.3168686042, 21.3785681828, -0.75168993399, 2.74613005947, 340, 2019
N, -100, -0.07421398592767854, 118.354531412, 26.4684321676, 4.9004135211, -1.91309236896, 1.29444319802, 340, 2019
E, -100, -0.0209634870439962, 32.0076332214, 30.8998564576, 1.4109148622, 0.882367464157, 2.99955753462, 340, 2019
Z, 100, 0.19403310569484014, 689.754108841, 41.4797817705, 16.3136620021, -0.57463789111, 2.74155731397, 343, 2019
N, 100, 0.8689293831315206, 199.609059657, 46.4360903235, 4.05886852624, -1.00612478285, 0.40172927032, 343, 2019
E, 100, 0.7472601560512439, 128.316923444, 55.2582927016, 2.12041014451, -1.08384295545, 0.269082402598, 343, 2019
Z, 100, 0.7769340091082423, 1732.55187205, 51.6027980188, 36.2648564375, 0.851976192427, 2.89471833349, 346, 2019
N, -100, 0.8516496339093862, 403.773158103, 57.7050646821, 7.68278171182, -0.938054270498, 1.54909323681, 346, 2019
E, 100, 0.9257965194216508, 216.506325335, 67.927238188, 3.19685728004, -0.63324438179, 0.333594699097, 346, 2019
Z, -100, 0.8154870211295935, 1094.71572921, 45.9898934897, 23.7267054934, 0.550490712603, 1.22368232561, 349, 2019
N, -100, 0.49790211413537744, 188.506008154, 52.252115367, 3.55992897405, -3.04505437464, 2.57634207837, 349, 2019
E, -100, 0.905466682448501, 154.652983906, 61.0852749014, 2.66507227387, 0.228546745042, 0.257733185807, 349, 2019
Z, 100, -0.059106860946858034, 1008.05751874, 27.9936613222, 36.6260443466, -1.07377391695, 0.871960476598, 352, 2019
N, 100, -0.6380626040857604, 224.622702295, 33.3926703206, 5.23098633177, -0.211570773506, 1.93541540404, 352, 2019
E, 100, -0.13267847223624846, 171.949380506, 39.4958444178, 3.36501633565, 1.07986765456, 0.519510707791, 352, 2019
Z, -100, -0.6657831368157673, 1780.45334167, 30.3165509892, 58.9071877373, -0.755996550664, 2.8214784348, 355, 2019
N, -100, -0.07977722306343862, 342.811038923, 34.4946104092, 10.5274094967, -2.20132622532, 1.39849291665, 355, 2019
E, -100, -0.360743347250164, 168.278072567, 40.2703070282, 4.51883465463, 0.715086777407, 3.0415651686, 355, 2019
Z, 100, 0.2745101343387258, 1029.0073623, 44.7632724374, 25.9544459299, -2.38459655812, 2.48131299964, 358, 2019
N, -100, 0.8835910550175813, 286.918978475, 50.8433544764, 5.1729304087, 1.31724021279, 0.618569404794, 358, 2019
E, 100, 0.8359626001826232, 234.004204541, 59.8856632498, 3.40499512655, -0.206383341731, 0.24091073792, 358, 2019
Z, 100, 0.8704493247833243, 1848.83363837, 47.8669980441, 41.9659452805, 1.11950054463, 2.88374312485, 361, 2019
N, -100, 0.7547758911899483, 414.257982361, 54.837696538, 8.14515970364, -0.739644861453, 1.96572309496, 361, 2019
E, -100, 0.9474003669654238, 297.588205777, 63.9419935705, 4.64203385465, -0.390769267779, 0.298588239599, 361, 2019
Z, -100, 0.6839410240307728, 1020.23433767, 37.4702992255, 27.2170667527, 0.535482179404, 0.362868589934, 364, 2019
N, -100, 0.05442207256028535, 206.805309469, 44.0181272287, 4.57751925851, -2.79629181894, 2.51690558975, 364, 2019
E, -100, 0.6543553064438756, 149.799025939, 50.9874514312, 3.36709417828, 0.359022755166, 1.31330502644, 364, 2019
