Chan, Phase Shift, Correlation, ptp-data, ptp-synthetic, rat, phasem, phasestd, DOY, Year
Z, -99.5, -0.040515941820063885, 492.157480298, 99.296769327, 4.60420279073, -2.11638123497, 0.66245932052, 1, 2019
N, -99.5, 0.07609057614352198, 298.063121242, 3.58820390248, 70.4375923476, 1.39450859077, 0.296924990148, 1, 2019
E, -0.5, 0.8030436223101605, 449.439858313, 55.8906566133, 8.80595232047, -0.723013469914, 0.696371577843, 1, 2019
Z, -99.5, 0.8325662856558447, 214.290282201, 163.313280926, 1.44831583731, 0.306827770795, 0.16924136476, 4, 2019
N, -99.5, -0.8316023580686376, 85.6913633771, 9.07227050028, 10.5902212428, -2.82860629618, 0.387136409798, 4, 2019
E, -99.5, 0.8627861915320357, 115.250197305, 117.432385311, 0.965702875188, 0.393822474444, 0.0761393791447, 4, 2019
Z, -99.5, 0.957661465043926, 202.846510697, 176.986532233, 1.17780011235, 0.22624550184, 0.0634282938025, 7, 2019
N, -99.5, -0.5066043053360828, 444.677821645, 7.35650824082, 69.442094521, -2.14712226524, 0.77751190963, 7, 2019
E, -99.5, 0.5732728996852038, 321.64908785, 142.113091804, 2.08108901966, 1.17852370633, 0.439280447669, 7, 2019
Z, 0, 0.9933612138846182, 166.468420032, 140.829215916, 1.18628949752, 0.0314332290896, 0.0561596047825, 10, 2019
N, -100, -0.5998315221298589, 1052.19243412, 6.6539047134, 207.545223387, 1.26895149426, 2.53943993576, 10, 2019
E, -100, 0.5597786193055051, 715.467072882, 123.323926712, 5.08038593469, 1.00979974851, 0.0436969081259, 10, 2019
Z, -99.5, 0.9949021096313408, 71.4355238296, 74.6346158985, 0.932423052398, 0.0756473105022, 0.0341554697222, 13, 2019
N, 99.5, 0.14209431099224215, 545.55699783, 6.68095056538, 125.535123344, -0.406414175874, 0.94391651563, 13, 2019
E, 99.5, -0.03199324459844862, 283.324859364, 76.016701023, 3.34794723631, -2.29196931889, 2.30971291238, 13, 2019
Z, -99.5, 0.27496151744716973, 10699.7116416, 93.7601314312, 110.477988319, -1.84423873175, 3.14753141595, 16, 2019
N, 99.5, 0.2373476120864964, 1184.10191594, 2.10882326006, 833.589043023, -1.30140987432, 0.100918557468, 16, 2019
E, 99.5, -0.3786617376865228, 712.572281694, 53.7905826849, 12.3684181279, -3.4872612944, 0.846179611617, 16, 2019
Z, -99.5, 0.6197486668549941, 7094.31718147, 184.575350163, 23.4786321009, -0.00300072615246, 0.687475112156, 19, 2019
N, -99.5, -0.8174348826939277, 2053.65694554, 6.05761053247, 334.842610488, -2.57723382852, 0.109079626857, 19, 2019
E, -99.5, 0.02970355627814854, 1302.1890595, 131.460113076, 8.11267236742, -1.81291683293, 2.57450644055, 19, 2019
Z, -99.5, 0.998515128258411, 215.730807945, 205.412379244, 1.04406745432, 0.0657258220365, 0.0212099538282, 22, 2019
N, -99.5, -0.6891995712787692, 1218.13009653, 8.93167088515, 172.049374258, -2.41150967652, 0.549122951886, 22, 2019
E, -99.5, 0.37112055367404745, 743.535045814, 170.323701831, 3.80616967252, -1.82662848104, 3.31910072669, 22, 2019
Z, -99.5, 0.9975460444442636, 126.208520097, 118.698488564, 1.05549348651, 0.0703627031304, 0.00184236872919, 25, 2019
N, -99.5, -0.13218743690466386, 1060.0711308, 7.83682464122, 236.298886984, -1.29006577679, 0.85466156756, 25, 2019
E, -99.5, 0.034846401120838186, 637.603892025, 121.188519381, 4.93027935894, -1.59892912722, 3.15773685829, 25, 2019
Z, -0.5, 0.9988657525536256, 71.4434081025, 67.6120233548, 1.06850076758, 3.11548731655, 3.10544371433, 28, 2019
N, 99.5, -0.2971275157114435, 819.005882919, 6.56006147823, 245.861492265, 0.243025263607, 1.86094670318, 28, 2019
E, -99.5, 0.2895788339645051, 448.502126984, 38.8100255289, 12.1799232628, -3.21359607468, 1.67116297443, 28, 2019
Z, 99.5, 0.8335579209421407, 539.646226948, 134.774590428, 4.33158965654, -0.23176025413, 0.0382027886067, 31, 2019
N, 99.5, -0.8874017415047322, 1718.62443088, 4.44279358761, 336.098563225, -0.306835522977, 3.28058981236, 31, 2019
E, -99.5, 0.8345139012589604, 1366.03185519, 91.9707190283, 14.8616688821, -2.62650073414, 3.04313916551, 31, 2019
Z, 99.5, 0.13111084651642774, 674.109057983, 159.392672178, 2.52645658918, -1.96082140795, 0.830971853798, 34, 2019
N, 99.5, -0.6644907676342845, 650.763408041, 8.37158657781, 77.0920000744, -1.74681417612, 1.59395245579, 34, 2019
E, -99.5, 0.6884667420815475, 759.8633202, 125.498556655, 4.06807014354, -0.77882727758, 1.07546034741, 34, 2019
Z, 99.5, 0.7514431952024105, 228.256257281, 136.456322363, 1.55563149463, -0.866143121861, 0.24882071334, 37, 2019
N, -99.5, -0.803539327760602, 1490.30919216, 6.22703338441, 289.32819591, -2.37682720495, 0.354380735368, 37, 2019
E, -99.5, 0.2845312279188652, 981.023322862, 116.87135875, 7.81003663388, -1.8475798849, 3.1397168947, 37, 2019
Z, 99.5, 0.7319804861661297, 129.065665595, 75.4046877641, 1.71646047407, -0.802145396283, 0.062825137532, 40, 2019
N, -99.5, -0.5354466584342052, 1154.37869609, 6.40854489206, 328.755821578, 0.550951684561, 2.29240388184, 40, 2019
E, -99.5, 0.8719671591706264, 934.039994263, 75.2009845928, 13.682200424, 0.344835407856, 0.246183782181, 40, 2019
Z, -99.5, -0.7838006852589982, 48.8006575206, 56.0891155148, 1.20225626964, 0.0787898313205, 2.77815576091, 43, 2019
N, 99.5, -0.43014243384660855, 430.143845142, 6.32379936422, 94.2527664577, 0.285742809472, 1.72555933973, 43, 2019
E, 99.5, 0.21238859293016074, 451.658775354, 26.3037382462, 12.7776554843, -1.89879215874, 1.63408293085, 43, 2019
Z, -99.5, 0.4684940645947012, 66.7149837384, 140.266907171, 0.425372831781, -2.25224930589, 2.860178375, 46, 2019
N, 99.5, -0.37045643117161636, 863.958916768, 2.42886524146, 361.047346659, -1.20066937891, 2.69950769526, 46, 2019
E, 99.5, 0.9380371952061628, 645.384824023, 93.7891362947, 6.42474592667, -3.39085206213, 2.8669709461, 46, 2019
Z, 99.5, 0.9836942602098661, 157.748095445, 182.748022495, 0.870443381392, -0.108494718699, 0.0873167701898, 49, 2019
N, 99.5, -0.5675954239620083, 621.612623946, 7.7664675155, 84.755463323, -2.95874628812, 0.806100694633, 49, 2019
E, -99.5, 0.7992224943504134, 407.743505842, 145.837057964, 2.26635337005, 0.754399145496, 0.320637410921, 49, 2019
Z, 99.5, 0.818880941062461, 135.266909177, 124.517652458, 1.1644731728, -0.539233568824, 0.124820149552, 52, 2019
N, 99.5, -0.7328787622306755, 1010.881346, 7.57150591018, 190.850990328, -2.70541913061, 0.703152547458, 52, 2019
E, -99.5, 0.5077890094457289, 609.950444808, 120.050221706, 4.6090978367, 1.11230531706, 0.112376597189, 52, 2019
Z, -99.5, 0.1555766369242699, 44.4924798015, 41.4700802609, 1.40747761185, 1.33498424, 0.879279455502, 55, 2019
N, -99.5, 0.19115256858286228, 1391.6932221, 7.52430324002, 357.405749368, 2.21502275693, 1.44286741017, 55, 2019
E, -99.5, 0.20621868286877812, 919.914589308, 36.2749352065, 28.1758417671, -1.18296137012, 1.69107144149, 55, 2019
Z, 100, 0.5645949598242077, 106.321654784, 107.752348138, 0.998760775615, 2.32788481424, 3.37619956712, 58, 2019
N, 0, 0.23633532216608336, 1955.71993052, 4.40719036826, 536.372419076, 0.482210840628, 0.760739502845, 58, 2019
E, 100, 0.255819647320896, 1210.54834028, 69.2262493803, 12.8787949911, 1.35017064091, 4.0243676055, 58, 2019
Z, 100, 0.1418730477199356, 125.9596247, 130.670392339, 0.770733607585, -1.74865013233, 0.498470548543, 61, 2019
N, 100, -0.18143259418021002, 576.30448025, 4.89006849113, 93.4216209745, -1.49534814103, 3.42491545918, 61, 2019
E, -100, 0.8220738674028556, 351.419734414, 102.165793469, 3.04330027032, -2.87978668404, 2.88073086837, 61, 2019
Z, -99.5, -0.18170677571352734, 473.952131481, 112.111401988, 4.45676845325, -1.84132711531, 0.153922849656, 64, 2019
N, 99.5, -0.7520364840351599, 590.043459391, 7.61337297812, 92.3797614427, -3.28658317609, 0.465528329727, 64, 2019
E, 99.5, 0.9456427172546035, 503.866434489, 97.3331459729, 4.6473445489, -0.12159702831, 0.139762844875, 64, 2019
Z, 100, -0.30181828915757936, 374.706249082, 60.2036895777, 4.16330937404, 1.79172540323, 0.386141684063, 67, 2019
N, -100, -0.9047247559114133, 300.170674397, 5.47754737118, 67.9406438222, -2.83397264089, 0.146041413408, 67, 2019
E, -100, 0.6529337370187721, 166.60083585, 60.6626736165, 2.70238062145, 0.253830450153, 0.392175001637, 67, 2019
Z, -75.5, 0.7521835117295884, 82.2913919169, 46.0601015659, 1.69752944258, -0.476461103528, 0.662787981949, 70, 2019
N, -99.5, -0.08058077872308897, 807.614127777, 6.03765592727, 231.117766092, -0.311732750147, 1.45895931299, 70, 2019
E, 99.5, 0.5523257375264463, 435.60412206, 21.487958182, 21.6038114702, -1.03128980357, 0.339932699742, 70, 2019
Z, 99.5, 0.9745837011822794, 144.561774559, 114.348471025, 1.3309584217, -0.250056739685, 0.160881266646, 73, 2019
N, 99.5, 0.2557651568929035, 1720.67974988, 5.60552800454, 636.93216717, -0.436891825132, 1.00903119945, 73, 2019
E, 99.5, 0.7779922593160508, 1146.1078998, 76.4488787143, 14.1302405508, -0.763187401114, 0.14899571064, 73, 2019
Z, -99.5, 0.9987224487499372, 160.012136696, 149.732720443, 1.08993037171, -0.00985675196468, 0.041017968404, 76, 2019
N, 99.5, -0.5667842355073043, 477.446558094, 2.6843122822, 145.189839347, -0.74304795689, 3.15700959809, 76, 2019
E, -99.5, 0.9165632523637472, 343.630253897, 118.525281692, 2.51858811585, -0.0535514086924, 0.228331888044, 76, 2019
Z, -99.5, 0.9891127409314872, 149.467680745, 107.242016753, 1.44123612785, 0.122115820663, 0.109212441305, 79, 2019
N, 99.5, -0.6225357144202175, 1124.19145669, 8.85403353967, 192.030398798, -3.14975660283, 0.706525991411, 79, 2019
E, -99.5, 0.6470135776446259, 794.270337958, 104.913880121, 7.43899995625, -2.16505276726, 3.3178329927, 79, 2019
Z, 100, 0.8970406678038965, 42.5579542765, 45.1283618662, 0.892501500832, -0.442628626119, 0.240602321179, 82, 2019
N, 100, -0.5482242912312758, 1004.36103998, 5.53624697761, 305.994943398, -2.84712585438, 1.16007338915, 82, 2019
E, -100, 0.2088352782816058, 696.769836682, 28.958176528, 29.9582343534, -1.91734557955, 3.69112503471, 82, 2019
Z, 99.5, 0.992703847606489, 102.811999126, 110.865509304, 0.946044160204, -0.0549999906079, 0.0165212694717, 85, 2019
N, -99.5, 0.14155724008454829, 1630.78195067, 6.7220970867, 480.412872395, 0.733347741521, 0.412709545003, 85, 2019
E, 99.5, 0.586833693492838, 1068.00949824, 74.3404426374, 13.2333062575, -0.873615123572, 0.114048779749, 85, 2019
Z, 70.5, 0.996133265668018, 145.600086218, 122.869203342, 1.18749993496, -0.0116667178566, 0.00198006993883, 88, 2019
N, -99.5, 0.3061376544067394, 1555.27070057, 3.15796982454, 464.609973884, -2.05872389044, 2.62498521582, 88, 2019
E, 99.5, 0.6329903939057852, 1127.14876814, 97.6246246514, 10.2258408684, 2.17064609728, 3.32218667473, 88, 2019
Z, 99.5, 0.997470711520224, 111.044120214, 94.1380787302, 1.21609391844, -0.0245661133129, 0.000913316077546, 91, 2019
N, 99.5, -0.662642116924276, 894.691133462, 5.20309745074, 179.613531814, -2.80798721949, 0.787555902489, 91, 2019
E, 99.5, 0.6029834852240379, 431.511371409, 85.6678787804, 3.75099778147, 4.01835418214, 2.15468198738, 91, 2019
Z, -0.5, 0.9863582519808329, 55.9499246545, 39.0342044907, 1.5530943866, -0.00164442115175, 0.117761116097, 94, 2019
N, 99.5, -0.8172928582797955, 1503.81129073, 7.16137649165, 286.112948895, -3.22070006502, 0.414531288259, 94, 2019
E, -99.5, 0.819365779146418, 824.626898991, 46.5332288268, 18.0894208476, -2.45358848502, 3.28645748647, 94, 2019
Z, 99.5, 0.9982184314518835, 62.9225919984, 64.7375796004, 0.993513294757, -0.0388875852054, 0.0262993709791, 97, 2019
N, -0.5, -0.7804158147995114, 494.107453504, 4.82718735796, 176.748878383, -2.20603886022, 0.866841500705, 97, 2019
E, -99.5, -0.030529600001063396, 327.270931512, 36.8909711444, 8.56069604986, -1.85924918396, 0.24775022097, 97, 2019
Z, 99.5, 0.9943459103131325, 121.748328154, 128.516947744, 0.964466714246, -0.122652448176, 0.0330537454888, 100, 2019
N, 99.5, 0.15771349624282985, 1064.43419745, 5.57662575132, 398.893161667, -0.591766960945, 0.948826317796, 100, 2019
E, 99.5, 0.3824901075944162, 829.908359518, 90.9009517331, 8.76508020443, -1.26767495782, 0.119564563955, 100, 2019
Z, 99.5, 0.9963003175194506, 152.281684081, 147.882163865, 1.04259255881, -0.0792478929897, 0.0137549699744, 103, 2019
N, -99.5, 0.4977877513469306, 823.594639311, 4.69738438723, 307.063003712, 0.379352529033, 0.0772590621734, 103, 2019
E, 99.5, 0.6714113254606225, 597.846941401, 119.231042414, 3.86593138459, -1.05726021066, 0.451818518444, 103, 2019
Z, -99.5, 0.01290322763654346, 4634.71567353, 100.611993065, 39.4799644977, -0.418634126755, 1.85169883127, 106, 2019
N, 99.5, -0.2807211377444735, 1119.38552031, 4.40484494621, 323.575649842, -3.754579434, 0.698650746425, 106, 2019
E, -99.5, 0.882833803676829, 886.301192857, 99.715115358, 9.35002925103, 0.507656061825, 0.117638204343, 106, 2019
Z, 99.5, 0.20047587934296518, 13205.0864113, 55.2972157267, 253.313880569, -1.52072083125, 0.699348392349, 109, 2019
N, 99.5, -0.4326066848840277, 1220.36510012, 8.52814398732, 232.377475937, -3.49093813012, 0.843272624542, 109, 2019
E, -99.5, 0.3525468989041311, 937.471070667, 29.1146978716, 38.7169530807, 0.584002976456, 1.2675273185, 109, 2019
Z, -99.5, 0.7722423468805387, 138.75402259, 135.482951068, 1.1024711539, 0.545257429577, 0.0634663180868, 112, 2019
N, 99.5, -0.09370637164327486, 958.639239593, 3.73517917678, 308.572857569, -1.60297828069, 2.60328891037, 112, 2019
E, 99.5, 0.4636201480777525, 612.570427872, 93.1039719821, 5.62499309061, -0.914306009136, 0.234998805258, 112, 2019
Z, -99.5, 0.9857639946846022, 150.696751312, 147.734494349, 1.02248525397, 0.166090801876, 0.0137576540218, 115, 2019
N, -99.5, 0.37151317410458906, 1066.24789954, 5.7975190005, 302.989615855, 0.626179580357, 0.109650210846, 115, 2019
E, 99.5, 0.6888672265881739, 785.705700752, 117.470656405, 6.23599861951, -0.845523053194, 0.0546848111847, 115, 2019
Z, -99.5, 0.9931976187608562, 88.6022923891, 110.37335648, 0.772833883086, -0.0504543238341, 0.0794692228436, 118, 2019
N, -99.5, 0.5538426357774486, 655.998997111, 2.41885758724, 276.12450703, 0.897302212902, 0.0794082192006, 118, 2019
E, 99.5, 0.7699218462017109, 392.11746154, 98.7529335425, 4.25497958826, -0.683114293859, 0.0103614368416, 118, 2019
Z, -100, 0.9093650399860359, 76.5075543205, 46.6187138309, 1.30557684604, -0.143674848177, 0.283920445845, 121, 2019
N, -100, 0.03156858649916413, 597.802011583, 5.32775456697, 116.603828354, -1.34730423798, 2.97663883358, 121, 2019
E, 100, 0.8813803102962556, 377.060496404, 54.4008518607, 5.82909342852, -0.321390603608, 0.0103066425905, 121, 2019
Z, -99.5, 0.8973194671452216, 79.8330808474, 77.9714129678, 0.902283311805, 0.493013742167, 0.271168301413, 124, 2019
N, 99.5, -0.33841683238318926, 202.833279055, 6.81661660558, 40.4460298903, -1.98621116553, 1.44805924313, 124, 2019
E, 99.5, 0.819823415734503, 208.145151163, 44.802305804, 5.10535693566, -0.641813929412, 0.107557602985, 124, 2019
Z, -99.5, 0.9831616653621068, 164.889496534, 153.796260796, 1.06685407941, 0.134164638871, 0.0315612791376, 127, 2019
N, 99.5, -0.22046991638817975, 901.315194964, 3.9881021325, 453.78488151, -1.98107801067, 1.63649070866, 127, 2019
E, 99.5, 0.47391278149968824, 665.876894356, 109.530739744, 5.83886431771, -1.15200449258, 0.126606086085, 127, 2019
Z, -99.5, 0.9648497641097595, 184.873835664, 174.413309097, 1.05814013837, 0.26638869829, 0.00244277016494, 130, 2019
N, 99.5, 0.5666863116598703, 428.512815995, 5.74321618929, 132.414030221, -0.273272527357, 0.322825646836, 130, 2019
E, 99.5, 0.6779830171912232, 305.841817747, 140.355286197, 1.9057223993, -0.912311576963, 0.161127237824, 130, 2019
Z, 99.5, -0.7332111253548064, 2285.00718022, 124.789957482, 11.4874249777, -0.553074355145, 2.72096941352, 133, 2019
N, -99.5, 0.33956010634317524, 775.10839688, 4.50358006732, 204.819596798, 1.30729138081, 0.960880901626, 133, 2019
E, 99.5, 0.8278238649205986, 528.372966657, 116.687413527, 3.91436122854, 0.362915992901, 0.623171260296, 133, 2019
Z, 99.5, -0.8041023337437552, 19154.495954, 54.1337872271, 400.799523496, -0.560919727759, 2.4922714329, 136, 2019
N, -99.5, 0.028518369520412905, 1223.20477648, 6.16949469592, 332.508583636, -3.93390006969, 0.960091529935, 136, 2019
E, 99.5, 0.7683534125931781, 770.952917382, 44.6855749532, 22.0756841288, 0.181078507725, 0.783606977533, 136, 2019
Z, 99.5, 0.9612634503399548, 167.069198866, 147.859327508, 1.05539053435, -0.0852857361911, 0.00371528193164, 139, 2019
N, 99.5, -0.12356892796160811, 627.900684321, 6.7841340533, 145.328598362, -2.84779570755, 1.62665224699, 139, 2019
E, 99.5, 0.2520242620389345, 373.916615196, 98.0336691443, 3.4914874716, -1.16732272239, 0.17837127439, 139, 2019
Z, -99.5, 0.986717299477099, 177.7929862, 177.003762131, 0.982384717092, 0.0976108661637, 0.0281310504048, 142, 2019
N, -99.5, 0.23805672059166508, 1225.2293931, 3.34052952225, 453.450244036, -2.30582277894, 2.62379561183, 142, 2019
E, 99.5, 0.24804345425341265, 737.125615491, 138.072353545, 4.96366661288, -1.42784583748, 0.155677043577, 142, 2019
Z, 99.5, -0.16516535561951312, 161.152914055, 143.702737601, 1.10034920837, -1.36186407609, 3.21035156463, 145, 2019
N, 99.5, 0.7111322037023762, 747.012482997, 5.34631829836, 191.118932918, -0.00259764383073, 0.0558530969925, 145, 2019
E, 99.5, 0.4472465164766835, 436.983274719, 124.258073431, 2.97023233059, -1.19765203836, 0.155683260443, 145, 2019
Z, 99.5, -0.6209783179888273, 3564.3518399, 80.6278157212, 38.6651129868, 1.27304123294, 4.49743789114, 148, 2019
N, 99.5, -0.005187365846607091, 768.030492149, 2.67994926138, 276.369130981, -1.35244280574, 3.67525239321, 148, 2019
E, 99.5, 0.8181223673768395, 489.165262397, 78.9172687817, 5.96738385303, 0.179202352624, 0.543881179239, 148, 2019
Z, -99.5, 0.1934317823406196, 11045.5236672, 72.8798156317, 155.98889965, -2.11318060319, 2.70112018293, 151, 2019
N, -99.5, 0.19722914855321944, 945.354152007, 5.22490371086, 293.50638822, -2.14499544797, 2.19207959085, 151, 2019
E, 99.5, -0.32575411609468935, 557.663341521, 40.5622974354, 16.0228308955, -0.907846962468, 3.51177987394, 151, 2019
Z, -0.5, 0.9996170976929455, 149.30185839, 161.581852338, 0.94015016804, -0.011628259537, 0.00618177934814, 154, 2019
N, 99.5, 0.5639506159863421, 1171.85951532, 6.2553933249, 187.986542692, -1.32079569768, 0.686330258107, 154, 2019
E, 99.5, 0.5617603437545221, 793.222018051, 111.201990302, 5.21005964465, -0.285311711709, 0.425636042064, 154, 2019
Z, -0.5, 0.9998792348468951, 201.253905178, 202.981893122, 0.990646428984, -0.00830458372906, 0.0023013496053, 157, 2019
N, -99.5, 0.047168036344124094, 518.282211192, 3.19164207839, 260.931391974, -2.84266235366, 2.04932705973, 157, 2019
E, 99.5, 0.518704421555744, 301.353176198, 159.237699429, 1.7786868806, -1.10201401405, 0.133273920399, 157, 2019
Z, -99.5, 0.9939289088628056, 149.88446073, 157.762806802, 0.961661824116, 0.0881599126521, 0.0812403833678, 160, 2019
N, -99.5, 0.3973604933650855, 524.492657682, 7.28304167411, 93.170736656, 0.906995936747, 1.04062630358, 160, 2019
E, 99.5, 0.8984392962590371, 427.727617558, 142.354752876, 2.89052891038, 0.0378384399864, 0.404346663915, 160, 2019
Z, 100, 0.9464154741352819, 59.3425209703, 62.2417975595, 1.00819341748, -2.9422806761, 2.61588727458, 163, 2019
N, -100, 0.9287142171109782, 959.023712935, 5.22942302815, 219.737664839, 0.441904158099, 0.219826691147, 163, 2019
E, 100, 0.7911604794491889, 638.855577985, 68.9099594639, 10.2166660734, -0.373183082033, 0.301195079251, 163, 2019
Z, -99.5, 0.9846310049888563, 130.857094984, 136.829093058, 0.925883889239, 0.185830369348, 0.147010609095, 166, 2019
N, -99.5, 0.27885966265416356, 831.675402378, 6.42579794361, 202.676148106, -4.20283630082, 1.052196477, 166, 2019
E, -99.5, -0.19408285892673457, 519.207261521, 85.9426712184, 5.49682197738, -2.24418140287, 0.556745337361, 166, 2019
Z, 99.5, 0.9950948431161272, 184.090400038, 187.651966656, 0.981130885263, -0.121192830085, 0.0417207058804, 169, 2019
N, -99.5, 0.08089137516702584, 676.306147727, 4.39905827325, 237.469518868, -2.8799144135, 1.82253882195, 169, 2019
E, 99.5, 0.33965899149995116, 432.123732671, 141.14304279, 2.84067372099, -1.24898184072, 0.0462167152625, 169, 2019
Z, 99.5, 0.9854362710717159, 168.826848886, 169.280305951, 0.987389770155, -0.182940113777, 0.0690659583565, 172, 2019
N, -99.5, 0.6195137758619197, 756.106005798, 3.43802718883, 252.703921493, 0.383433219954, 0.0193093972634, 172, 2019
E, 99.5, 0.6287971507710436, 537.173562956, 141.147917841, 3.53192387725, -0.905083905329, 0.033629011843, 172, 2019
Z, 99.5, 0.9650378208692694, 155.463900061, 111.553215511, 1.281186972, -0.319213930902, 0.167476971773, 175, 2019
N, -99.5, 0.23807165754147633, 707.217594861, 5.62388818066, 156.535364645, 1.11833385919, 0.806650193896, 175, 2019
E, 99.5, 0.8562211182999134, 536.316408773, 101.692495192, 5.21593924344, 0.0326245279817, 0.44509380252, 175, 2019
Z, 99.5, 0.9204186221015114, 73.0058647338, 56.2383874413, 1.15354635026, 1.59642966796, 1.93924605991, 178, 2019
N, -99.5, 0.651751998891614, 1205.67676593, 3.31729763876, 431.457966911, -2.14183660515, 3.44194442887, 178, 2019
E, 99.5, 0.3174806139925463, 871.641218962, 46.4145672431, 21.5637863887, -0.916193864773, 0.411100104546, 178, 2019
Z, -99.5, 0.9910389018896362, 147.613782835, 141.429943638, 1.08304343087, -3.07790015581, 3.10782785537, 181, 2019
N, -99.5, 0.32634564855984877, 391.843331372, 4.82587350177, 124.074280874, -4.49232311652, 0.87167213209, 181, 2019
E, -99.5, -0.04037865919134198, 174.435172663, 92.1858428398, 1.25406937734, -2.59792360132, 0.995927620004, 181, 2019
Z, -100, 0.9926312349853598, 217.05066656, 209.82282229, 1.05283806263, 0.0585825401203, 0.0163760655419, 184, 2019
N, -100, 0.17489319482043444, 529.941094416, 5.49305219073, 164.944591532, -3.28299090258, 1.60084088788, 184, 2019
E, 100, 0.2347953351036358, 310.435005806, 158.041180553, 1.76276553465, -1.20724350866, 0.188092118547, 184, 2019
Z, -0.5, 0.9996389041365681, 178.947609077, 185.621673302, 0.958862941952, 0.0199874000951, 0.0222965047812, 187, 2019
N, -99.5, -0.08106059962465241, 447.68998517, 3.93432828914, 145.578373423, 1.68428737453, 3.33993770747, 187, 2019
E, 99.5, 0.46108438858870204, 238.779724921, 161.752720269, 1.01309763102, -1.82988102542, 0.956111254295, 187, 2019
Z, 100, 0.975038033292564, 112.712484852, 90.2699775609, 1.1321600008, 2.86539788679, 3.00275891645, 190, 2019
N, 100, 0.6736524090910402, 340.491965496, 9.7682622569, 48.4033649254, -0.112600409634, 0.591440999901, 190, 2019
E, 100, 0.8756124925152412, 267.247046836, 91.5428028974, 3.32329478112, -0.250476259294, 0.274589015864, 190, 2019
Z, -99.5, 0.9762023196764363, 107.212542428, 109.61441792, 0.89414478097, 0.196482450079, 0.221838441416, 193, 2019
N, 99.5, 0.37881025720199235, 600.046889202, 5.35556611498, 139.726104257, 2.38807273046, 2.61500436358, 193, 2019
E, 99.5, -0.48784548463655736, 305.057563739, 64.8541406057, 4.81747138213, -0.658342264792, 3.1171117682, 193, 2019
Z, 99.5, -0.33130612363710477, 17354.6362835, 173.365675791, 87.5951915967, -1.1282913757, 3.31802799071, 196, 2019
N, 99.5, 0.6136827029302874, 810.988343236, 5.43712147808, 203.633641272, 0.0974110430261, 1.02176249024, 196, 2019
E, -99.5, 0.26007613971181026, 447.814319317, 126.267496103, 2.80878353394, 1.04319289514, 0.433315994078, 196, 2019
Z, -99.5, 0.2339434224270242, 10820.832551, 173.547266611, 36.6983312654, -2.15315141664, 2.5291734838, 199, 2019
N, -99.5, 0.6583989961801254, 602.672183268, 2.62103848805, 267.769592287, -3.12944547197, 2.40243003106, 199, 2019
E, 99.5, 0.28574756992886885, 328.498716765, 141.430960324, 2.19995396747, -1.27872311484, 0.0175190591543, 199, 2019
Z, 99.5, 0.9748868694569185, 126.505344733, 125.996085499, 0.963724530531, -0.271526654061, 0.115706491455, 202, 2019
N, 99.5, 0.8651434256967698, 431.151585449, 4.54138490213, 70.3426924672, -0.136928738521, 0.315014755184, 202, 2019
E, 99.5, 0.8794558827852682, 332.284866901, 112.306902565, 2.06008544358, -0.596491292788, 0.445080449485, 202, 2019
Z, 99.5, 0.8801451752638483, 70.0826665407, 60.5128822912, 0.971622061651, 2.44746720706, 2.5073417356, 205, 2019
N, -99.5, -0.29745621608422745, 78.5050525645, 6.41442367282, 15.3960343294, 1.28224223066, 3.07123868986, 205, 2019
E, 99.5, 0.8987206572264499, 156.028592602, 58.4095995348, 3.18427347233, -0.199601406822, 0.230239278445, 205, 2019
Z, -100, 0.943508119918349, 115.219078828, 103.604348135, 1.27828637785, -0.0597608937454, 0.294623985285, 208, 2019
N, -100, -0.7510292879706368, 118.493918686, 3.98659356006, 29.2248694212, 3.7667915057, 0.00241333694559, 208, 2019
E, 100, 0.5845362229832941, 111.091935935, 63.2869035394, 1.49670122624, -0.391374958414, 0.0502506976877, 208, 2019
Z, -99.5, 0.997696018186313, 158.977886918, 184.42373819, 0.865345791197, 0.0275381359297, 0.0121984135891, 211, 2019
N, -69.5, 0.5344794750579345, 1109.69658602, 4.46973510189, 389.538501106, -1.14132541318, 1.41033028507, 211, 2019
E, -99.5, -0.8576319008515455, 526.598050791, 135.569200354, 3.30974827298, 0.469425981615, 3.05472322004, 211, 2019
Z, 99.5, 0.9944716807859412, 176.763515497, 193.225046153, 0.904205313683, -0.0534012030429, 0.0262916227382, 214, 2019
N, 99.5, -0.13113175824927492, 582.861139203, 4.79768500821, 207.956393479, -1.58419782424, 2.18469848091, 214, 2019
E, -0.5, -0.1607533734174272, 222.019137848, 161.497185697, 0.515467736697, -2.31972511088, 1.50210148734, 214, 2019
Z, 99.5, 0.9957196894511953, 107.138644776, 103.805950029, 1.01737864043, -0.104863579238, 0.0388205789769, 217, 2019
N, 99.5, -0.28954755516660613, 1336.83590163, 7.52090316655, 235.172377595, 2.18538734349, 0.784372465325, 217, 2019
E, -99.5, 0.038404757113044106, 1029.59432962, 107.399671985, 9.63731050781, 1.77041679786, 0.601102037362, 217, 2019
Z, 99.5, 0.9890515190491839, 77.8174921633, 80.2586245125, 1.01488164998, -0.204594843085, 0.122749386321, 220, 2019
N, -99.5, 0.3965404502080533, 1590.70581309, 11.0612028679, 148.545534238, 1.07224244041, 0.0386498717459, 220, 2019
E, 99.5, 0.3938200169570311, 1038.33274974, 40.5264086819, 25.1188666435, 1.05098315444, 1.7922020408, 220, 2019
Z, 99.5, 0.9994069624469902, 134.921185651, 143.271585951, 0.945709759089, -0.0217927785614, 0.0123589297176, 223, 2019
N, -99.5, -0.15678249563713775, 70.0642754092, 4.13336735397, 18.3080979655, 1.40550380608, 3.20258713636, 223, 2019
E, -99.5, 0.9879993768273498, 168.104491681, 103.478476165, 1.62015030876, 0.158385030521, 0.0105891170588, 223, 2019
Z, -100, 0.9933759003901329, 150.829740889, 157.877082223, 0.972769587109, 0.0792618654165, 0.0131541081717, 226, 2019
N, -100, 0.44860589706420645, 570.150230025, 4.30867219634, 197.734629692, -2.96641696244, 2.08460586216, 226, 2019
E, 100, 0.4010077103092416, 345.82278161, 127.170337944, 2.59230146939, -1.02676653438, 0.206689872306, 226, 2019
Z, 100, 0.9959800844913845, 129.18667363, 122.101478081, 1.09144620482, -0.00600216207988, 0.0751014761681, 229, 2019
N, -100, 0.34066488051880645, 534.173887748, 2.35959863755, 330.981280276, -0.344381816418, 0.729725151369, 229, 2019
E, 100, 0.2925107723786924, 301.589614464, 107.242206579, 2.44329529054, -1.4346911874, 0.246271850549, 229, 2019
Z, 99.5, 0.9571882928027688, 61.2996079924, 58.1370816448, 1.04714233272, -0.291963658051, 0.0265966156932, 232, 2019
N, 99.5, 0.6725085270543417, 893.105797047, 5.63028286214, 203.355807591, -0.00835777446248, 0.55809673356, 232, 2019
E, 99.5, 0.4967696366992449, 535.113225036, 58.4350785578, 9.59950471355, -0.659792573195, 0.456765221152, 232, 2019
Z, 99.5, 0.9956385884546256, 70.9052713207, 71.6771748069, 0.984078436713, 0.0127177985097, 0.0641862863917, 235, 2019
N, 99.5, 0.8438024047090883, 766.069435167, 7.2530542331, 136.429113698, -0.108568058244, 0.304465142217, 235, 2019
E, -99.5, -0.6674192340332085, 437.85011598, 38.615276537, 12.9513332665, -0.662795895617, 2.33684439706, 235, 2019
Z, 99.5, 0.9972497414970856, 139.970739942, 145.32933318, 0.985985231223, -0.0594358416022, 0.0684943659233, 238, 2019
N, -99.5, 0.7769451558550701, 667.092636365, 4.24430303115, 166.159672414, 0.719027085605, 0.631994047134, 238, 2019
E, -99.5, -0.4192457064536263, 281.078876821, 104.121421063, 2.10763529253, -1.94080508598, 0.688324040168, 238, 2019
Z, 99.5, 0.996631563601562, 152.044770687, 173.209898396, 0.868416954587, -0.0489614728196, 0.0333944927194, 241, 2019
N, -99.5, 0.2037816808187809, 1470.58536158, 4.8655909129, 593.650801211, -3.89604546951, 1.34925518922, 241, 2019
E, -99.5, -0.6212086429159931, 777.315018814, 143.328693374, 5.06403284569, -2.22818079699, 0.00027685852023, 241, 2019
Z, 99.5, 0.9341290579967538, 112.27817414, 105.948995152, 1.00674203286, -0.377650776665, 0.0742537991656, 244, 2019
N, -99.5, -0.5827322479672039, 882.086908337, 4.95253873882, 216.634141603, -2.35744868876, 0.0769653462902, 244, 2019
E, 99.5, 0.2642559661998719, 479.816051552, 106.721416489, 3.82192828743, -1.26554213644, 0.00716825195709, 244, 2019
Z, -99.5, 0.8896816811947293, 72.437532858, 64.4701901981, 1.20994802181, 0.390902540167, 0.137045233064, 247, 2019
N, 99.5, 0.4375371187581183, 1499.8052209, 11.0262103073, 181.181517531, -0.676695241429, 0.485479354813, 247, 2019
E, 99.5, -0.26849897142942303, 862.250324356, 29.7193406043, 35.2743454101, -1.21849320087, 2.0144422375, 247, 2019
Z, -99.5, 0.9821351496425266, 130.460931092, 120.230196909, 1.08344626141, 0.174886254169, 0.129917290968, 250, 2019
N, 99.5, 0.7694792922307833, 806.000538682, 9.67262352079, 92.9818086439, -0.618096682647, 0.100335356451, 250, 2019
E, 99.5, -0.7443819205208309, 416.584695349, 86.6589420206, 3.73470064488, -0.723829221668, 2.60446075659, 250, 2019
Z, 99.5, 0.7895115962193346, 129.396515168, 131.399515716, 0.900527104529, 2.40323666331, 3.29602187291, 253, 2019
N, -99.5, 0.8686937589047289, 754.513212392, 2.83952616719, 303.002209424, -0.111853260304, 0.36398497375, 253, 2019
E, -99.5, -0.591643934061688, 251.431723546, 108.303126371, 1.82808273358, -2.26429194253, 0.0778943798945, 253, 2019
Z, -100, 0.9136851575420831, 76.9408286152, 102.357859108, 0.774170733575, -2.89166885018, 3.08697568221, 256, 2019
N, -100, 0.027516121946106992, 731.706481029, 3.90418389483, 359.309361245, -3.37504252826, 1.49323186165, 256, 2019
E, 100, 0.2635059722996261, 284.911705221, 90.9090287195, 2.80492791647, -1.24425574407, 0.13573895885, 256, 2019
Z, -99.5, 0.2064529133824888, 53.515914137, 43.5119845395, 1.01120701537, -1.81532480872, 2.84882680091, 259, 2019
N, 99.5, 0.5217011076884788, 820.258302387, 3.15602270838, 367.328454527, -0.637554885845, 0.605513233032, 259, 2019
E, 99.5, 0.3314253621249233, 488.590697173, 46.2200132205, 10.0601383781, -0.674514325501, 0.722134192285, 259, 2019
Z, 100, 0.9234442845612767, 75.0861842305, 66.5344685217, 1.21459405979, -0.47920804598, 0.278120902533, 262, 2019
N, 100, 0.5627353378868447, 1110.20052972, 6.50513391131, 227.163871041, -0.497808057389, 0.494340475148, 262, 2019
E, 100, -0.19147067857282823, 679.1818639, 39.0291589397, 18.8886510368, -1.62817983701, 2.61313516489, 262, 2019
Z, 99.5, 0.9688416367180741, 133.705098797, 123.242873255, 1.12961511797, -0.195297500778, 0.223751259434, 265, 2019
N, 99.5, 0.6430098185867068, 454.23620308, 7.72520692456, 70.0920703262, 0.153190687319, 0.784165548114, 265, 2019
E, -99.5, 0.16671854929390592, 177.710885841, 89.3978348178, 1.5899161497, 3.73328611764, 1.93163520691, 265, 2019
Z, -99.5, 0.9936720042272357, 132.333453754, 143.375333339, 0.944559776107, 0.073186250229, 0.021869725963, 268, 2019
N, 99.5, 0.9278252030956352, 1091.31188862, 3.27284317786, 397.423102516, 0.191215948228, 0.304835516187, 268, 2019
E, -99.5, -0.9062681239783503, 487.667152422, 121.378064285, 3.64414375293, -2.73257504367, 0.0379451145685, 268, 2019
Z, 100, 0.9914366856231843, 90.2290089236, 95.3604997274, 0.941315095072, 3.00977296052, 3.17777286967, 271, 2019
N, 100, -0.5612082402528445, 648.067428002, 6.75191372176, 161.097010315, -3.49465355665, 0.386531327281, 271, 2019
E, -100, -0.7785566193618947, 284.720179233, 94.9019784941, 2.82564120469, -2.46439105635, 0.0122801543481, 271, 2019
Z, -100, 0.972511041690393, 83.7911863861, 73.4623435252, 1.18789705285, 0.0824495555261, 0.0918550818746, 274, 2019
N, -100, -0.30537425372788113, 892.988322141, 7.22270460954, 129.9937287, -1.62481922765, 0.455185419963, 274, 2019
E, -100, 0.09038422181403742, 508.799931499, 38.340350893, 14.2241239627, -2.00575532169, 2.61504125163, 274, 2019
Z, 99.5, 0.9985766906377427, 135.335284745, 128.822902058, 1.06206230956, -0.0264767261124, 0.0170189907294, 277, 2019
N, 99.5, 0.4548026206673899, 935.093423062, 11.7103218206, 104.169432591, -0.785862791934, 0.389872867532, 277, 2019
E, 99.5, -0.33324478818126146, 530.288587894, 94.6034348957, 5.27846834108, -1.34163548198, 2.93051573386, 277, 2019
Z, 99.5, 0.9616751158244539, 160.341285755, 122.154948492, 1.23778190888, -0.276931660552, 0.203494418466, 280, 2019
N, 99.5, 0.6537295734086992, 789.479399832, 6.78151248666, 134.017375683, 0.430221470949, 0.828543318105, 280, 2019
E, -99.5, -0.6907208921898464, 334.366805044, 106.594838303, 2.5023055095, -2.49448175183, 0.666161410266, 280, 2019
Z, -99.5, 0.9442815462548216, 61.5486107103, 84.841010312, 0.73911210728, 0.363717539258, 0.0494099092789, 283, 2019
N, -99.5, 0.3858477443229092, 1260.95878648, 2.65560213714, 821.074565821, -0.942334508243, 1.33834654932, 283, 2019
E, -99.5, -0.8927627055918508, 612.05953223, 81.4586937157, 7.3081440029, -2.61300436777, 0.119596633896, 283, 2019
Z, 99.5, 0.8215294905846431, 38.9713793104, 31.9724729369, 1.37089998757, -0.146784187596, 0.523827551116, 286, 2019
N, 63.5, -0.44733631863861256, 471.67630328, 4.55061168196, 208.727135237, -2.61112345997, 0.689958101971, 286, 2019
E, -99.5, -0.5092258619846305, 227.710835472, 33.6384817299, 9.01860510607, -1.82529068764, 0.694668176542, 286, 2019
Z, 99.5, 0.813156933113899, 95.3493761758, 86.8622007032, 0.964505655226, -0.720065051666, 0.264979075343, 289, 2019
N, -99.5, -0.47557117297490986, 1160.06570245, 4.33655896459, 343.379457868, -1.97430575343, 0.260557749249, 289, 2019
E, -99.5, 0.530986119448193, 683.670534189, 56.0279087001, 11.9091202397, 0.666687298585, 0.40995275884, 289, 2019
Z, 99.5, 0.9786137184711629, 151.496321856, 139.277852187, 1.08888701886, -0.203146603409, 0.0975439185783, 292, 2019
N, 99.5, 0.28193085326666606, 436.940663045, 7.33675195731, 64.2013902912, -1.2312889189, 0.0254254167004, 292, 2019
E, -99.5, 0.12192391179708756, 257.382637026, 103.635325027, 1.78723371791, -2.23061447243, 2.39083353011, 292, 2019
Z, -99.5, 0.9945696787473033, 137.088732152, 140.763823119, 0.945333918563, 0.109243452287, 0.0504988734665, 295, 2019
N, 99.5, 0.6400212231994125, 987.634269841, 7.3671992484, 176.501849962, 0.0216804579555, 0.692713916512, 295, 2019
E, 99.5, -0.9072944354331036, 465.898151983, 122.252516291, 3.42958478669, -0.220885166845, 3.33955482999, 295, 2019
Z, -99.5, 0.9686497570251908, 63.8316087758, 87.1936338075, 0.671130676957, 0.136301730009, 0.0493746682846, 298, 2019
N, 99.5, -0.13794209660420972, 955.578949444, 2.71215775516, 883.421014463, -0.92664616789, 3.60030007016, 298, 2019
E, -99.5, -0.9923464839387779, 488.416113702, 93.963850912, 5.11497364956, -3.0844342331, 0.0507306983509, 298, 2019
Z, -100, 0.9596091762011271, 104.49920559, 84.6073116468, 1.35322787218, 0.0175637149464, 0.220656509601, 301, 2019
N, -100, -0.4423600576329091, 718.586673594, 9.47559685862, 87.9794996979, -2.17522474896, 0.680903994826, 301, 2019
E, -100, 0.12631423251772114, 358.874641569, 43.7102584201, 8.55656093251, -1.73391644053, 2.72861636256, 301, 2019
Z, -44.5, 0.9993913068593123, 164.276469866, 159.308004885, 1.03649758067, 0.00891778207089, 0.00207100569014, 304, 2019
N, -99.5, -0.3983689584185255, 1096.20759658, 8.48411738553, 156.229611385, -1.8066228692, 0.321954786629, 304, 2019
E, -99.5, 0.3328868883585211, 610.491636363, 115.821043094, 5.39807324526, -1.96997308341, 3.03941387401, 304, 2019
Z, 99.5, 0.9931799000153908, 176.274830794, 150.537343231, 1.15463046122, -0.107417908965, 0.0882971404626, 307, 2019
N, -99.5, -0.418008640568338, 497.370220581, 10.1549365502, 51.8734188607, 1.03188648329, 3.37336883171, 307, 2019
E, -99.5, 0.787820965587271, 398.169450183, 129.076449241, 2.50664644615, 0.136971167783, 0.467572283796, 307, 2019
Z, -99.5, 0.9678687714456197, 143.780284282, 97.0563429718, 1.30242854597, -0.0665724339189, 0.22514579376, 310, 2019
N, 99.5, 0.6473401999510353, 1156.63123367, 4.12176181298, 363.158082773, 0.0105761941608, 0.684888783137, 310, 2019
E, 99.5, -0.8384299844121704, 623.845396329, 97.3893660492, 6.00128175796, -3.21067475006, 0.41560921875, 310, 2019
Z, 99.5, 0.9085090743501222, 118.477450887, 39.6568428974, 2.65590063584, 0.0951982430154, 0.304945798084, 313, 2019
N, 99.5, -0.637068831212591, 1052.94376913, 3.56019693026, 516.24889295, -3.36995254625, 0.285003087526, 313, 2019
E, 99.5, -0.856848282693748, 582.768750531, 43.2840411006, 15.0474544714, -3.49107803777, 0.270994331166, 313, 2019
Z, -99.5, 0.9817202049449567, 130.392436919, 103.658397742, 1.18694945138, 0.0114953585432, 0.0190448181765, 316, 2019
N, -99.5, -0.62038375324654, 1899.48244173, 5.79683724242, 427.73053521, -2.7233596821, 0.581958896419, 316, 2019
E, -99.5, 0.6190062136879616, 1241.00795856, 66.2757690563, 18.0282983432, -2.34174485719, 2.98579521887, 316, 2019
Z, -100, 0.9678680752657477, 221.258961734, 168.036849234, 1.33382758542, 0.236933617973, 0.00130011102466, 319, 2019
N, -100, -0.7353739573286842, 1547.52135182, 5.58942145515, 336.864603212, -2.319245381, 0.138430832252, 319, 2019
E, -100, 0.4833866819653528, 988.054838626, 124.349697407, 7.81643845514, 0.894926555754, 0.233663274184, 319, 2019
Z, 99.5, -0.799759547698312, 14917.8778122, 170.78897352, 76.5515694798, -0.430378449527, 2.90707876953, 322, 2019
N, 99.5, 0.39713543318024086, 1120.40399551, 8.16825771283, 193.168401204, -0.471932321073, 0.756265189942, 322, 2019
E, 99.5, -0.37080514509387824, 592.748501121, 143.542416875, 3.69614647344, -1.00746651307, 3.3639473444, 322, 2019
Z, 99.5, -0.1783743092269806, 10439.7822132, 106.084382387, 64.946135606, 1.54477505757, 0.332967459801, 325, 2019
N, 99.5, 0.438573892399982, 1432.49151016, 5.59291513213, 408.784143047, -0.514082063729, 0.681926415395, 325, 2019
E, 99.5, -0.6307638012469622, 832.207134321, 113.108093489, 6.99298728923, -4.00120859704, 0.0546931585861, 325, 2019
Z, -100, 0.9211983786951801, 88.1870074048, 81.5361363605, 1.16764764421, 0.132845336939, 0.156020985882, 328, 2019
N, 100, -0.6838719057447533, 516.478450177, 5.98989801928, 90.1306715437, -2.86862663443, 0.531878571943, 328, 2019
E, 100, -0.1355402013202459, 318.740254142, 41.4347085255, 8.11872129399, -2.72863720146, 1.80117725139, 328, 2019
Z, -99.5, 0.9986891805764322, 195.69228112, 174.818889456, 1.11812477133, 0.0268097564121, 0.0112479393189, 331, 2019
N, -99.5, -0.8531177849517355, 1012.06670902, 10.5326129613, 112.661090414, -2.77986706872, 0.216854104178, 331, 2019
E, -99.5, 0.5368298182231249, 722.445364256, 123.294961564, 5.77926370566, -2.32407365139, 2.88632298215, 331, 2019
Z, 99.5, 0.983701137676997, 208.275182399, 188.64150163, 1.10687562613, -0.167395396103, 0.0495405524269, 334, 2019
N, -99.5, -0.4342426570595296, 321.463460283, 8.14406540619, 43.6686094183, -1.96136245374, 0.0570980775997, 334, 2019
E, -99.5, 0.6574776219487953, 293.867667189, 153.529918572, 1.6899789744, 0.451761438432, 0.466695213547, 334, 2019
Z, 99.5, 0.9856351586952209, 159.334483299, 135.459481113, 1.12829124607, -0.22079185101, 0.126571570792, 337, 2019
N, 99.5, 0.3373753881827437, 1325.10483704, 8.31205992341, 223.552957313, -0.43946822736, 0.779650560116, 337, 2019
E, 99.5, -0.4493836447685603, 796.795123398, 125.645057822, 5.75303534136, -0.87451345608, 3.41833147887, 337, 2019
Z, -99.5, 0.9884485479259434, 68.5194211713, 65.977510029, 1.03420853708, -0.00316822756534, 0.000639592859808, 340, 2019
N, 99.5, 0.4436870070886603, 1133.8094164, 2.42070738511, 759.392685731, -0.320193941361, 0.851154924817, 340, 2019
E, 99.5, -0.494767973542034, 735.72878992, 69.8304489276, 10.8967739207, -4.0948728669, 0.191242918357, 340, 2019
Z, -99.5, 0.944460483995129, 120.195877694, 99.3431636689, 1.26065184698, 0.231361161226, 0.0163568242252, 343, 2019
N, -99.5, -0.5147217362918564, 690.467981402, 4.47761713081, 183.550325686, -2.45299122714, 0.736147667078, 343, 2019
E, -99.5, 0.38050048161869643, 490.916257223, 60.4810444945, 7.86424193876, -1.89954128454, 3.1702991317, 343, 2019
Z, -99.5, 0.992891858891022, 240.878934059, 178.920877695, 1.34284517598, 0.0767913581798, 0.0137034814587, 346, 2019
N, -99.5, -0.7853354798905469, 1428.0616096, 7.04721345298, 244.49313656, -2.64203860824, 0.393131658804, 346, 2019
E, -99.5, 0.5193478404791194, 1021.59766193, 129.186160803, 7.67741378717, -2.16160250667, 3.06636078131, 346, 2019
Z, 99.5, 0.9985239595303358, 219.124833168, 204.132188257, 1.08046171277, -0.043361674136, 0.02995665714, 349, 2019
N, -99.5, -0.8400908392796169, 703.947179191, 6.56641504436, 115.101834398, -2.51600378385, 0.0679231581417, 349, 2019
E, -99.5, 0.6927461924428959, 579.833201954, 165.129939429, 3.11683122846, 0.603468474624, 0.218217841258, 349, 2019
Z, -99.5, 0.9904591738429753, 157.488297844, 141.668696893, 1.09978090256, 0.0646876264762, 0.0395127946981, 352, 2019
N, -99.5, 0.21231984708483134, 1230.81879265, 8.5274048685, 230.106513224, 0.970036538065, 1.22517044623, 352, 2019
E, -99.5, -0.625097653894336, 634.864572178, 137.535348919, 4.16049046483, 0.71742310523, 3.82387488565, 352, 2019
Z, 99.5, -0.12381856777426718, 2294.91094846, 67.3960933829, 25.7427227705, 0.67154124038, 0.964201140329, 355, 2019
N, 99.5, -0.04707803085401241, 890.251908309, 3.00093876179, 355.978304306, -1.21503606952, 2.18397180763, 355, 2019
E, -99.5, 0.03189085970439484, 665.578470595, 64.1978583568, 11.2621841283, -1.39520679275, 2.79382060507, 355, 2019
Z, 99.5, -0.6108258353950112, 16891.7409364, 163.237357006, 93.9474677414, -0.839780320064, 3.0565816738, 358, 2019
N, 99.5, -0.7860824213907844, 1404.51126594, 8.80792868589, 170.323003487, -2.94073907105, 0.472434875703, 358, 2019
E, -99.5, 0.7258390750757235, 1032.33544555, 107.809094546, 9.08771167791, -2.39921390351, 3.1039348971, 358, 2019
Z, -99.5, 0.9954157238706154, 258.660880217, 203.068154668, 1.25769996841, 0.109639959466, 0.0393101208014, 361, 2019
N, -99.5, -0.9148935985549599, 1467.17208509, 9.2473393678, 206.058264512, -2.94362886601, 0.328105700075, 361, 2019
E, -99.5, 0.8378739711246276, 1111.61487148, 158.504623015, 7.50235311801, 0.578225457823, 0.0513402958225, 361, 2019
Z, 99.5, 0.9949406409121753, 183.550472558, 167.231878895, 1.08312913749, -0.127554829126, 0.0553451786745, 364, 2019
N, 99.5, -0.8458673696423737, 834.509733631, 7.46793266697, 125.439694405, -0.517898909378, 3.10607943502, 364, 2019
E, 99.5, 0.9105097235538117, 843.223493637, 145.727393564, 5.06642151478, -0.324516662337, 0.300547422379, 364, 2019
